Date,Open,High,Low,Close,Adj Close,Volume
2015-11-10,26.200001,27.709999,26.200001,27.709999,27.081560,1100
2015-11-11,27.709999,27.709999,27.709999,27.709999,27.081560,0
2015-11-12,27.709999,27.709999,27.709999,27.709999,27.081560,0
2015-11-13,27.709999,27.709999,27.709999,27.709999,27.081560,0
2015-11-16,26.799999,26.799999,26.799999,26.799999,26.192196,300
2015-11-17,26.799999,26.799999,26.799999,26.799999,26.192196,0
2015-11-18,26.799999,26.799999,26.799999,26.799999,26.192196,0
2015-11-19,28.000000,28.000000,28.000000,28.000000,27.364983,1000
2015-11-20,28.000000,28.000000,28.000000,28.000000,27.364983,0
2015-11-23,28.000000,28.000000,28.000000,28.000000,27.364983,0
2015-11-24,28.000000,28.000000,28.000000,28.000000,27.364983,0
2015-11-25,29.309999,30.230000,29.309999,30.230000,29.544409,300
2015-11-27,30.230000,30.230000,30.230000,30.230000,29.544409,0
2015-11-30,30.230000,30.230000,30.230000,30.230000,29.544409,0
2015-12-01,29.500000,34.060001,29.500000,33.200001,32.447048,24600
2015-12-02,33.330002,35.529999,33.330002,35.209999,34.411472,35100
2015-12-03,36.509998,36.509998,33.869999,33.910000,33.140949,9300
2015-12-04,33.900002,34.490002,33.900002,33.990002,33.219135,7600
2015-12-07,33.740002,34.750000,33.740002,34.480000,33.698017,20200
2015-12-08,34.430000,35.209999,33.000000,33.009998,32.261356,9700
2015-12-09,32.259998,32.419998,32.000000,32.099998,31.371998,12500
2015-12-10,31.870001,31.870001,31.000000,31.209999,30.502182,15300
2015-12-11,29.750000,30.910000,29.750000,30.080000,29.397812,30400
2015-12-14,30.000000,30.490000,28.049999,28.270000,27.628860,74800
2015-12-15,29.010000,29.900000,29.000000,29.000000,28.342304,23600
2015-12-16,29.059999,30.277000,29.059999,30.049999,29.368492,15400
2015-12-17,31.200001,31.410000,30.480000,30.760000,30.062391,33000
2015-12-18,30.780001,31.030001,30.379999,30.570000,29.876699,44200
2015-12-21,30.610001,31.723000,30.559999,31.080000,30.375132,12300
2015-12-22,31.100000,31.850000,31.000000,31.260000,30.551048,12200
2015-12-23,30.584999,31.090000,30.219999,30.400000,29.710552,8200
2015-12-24,29.900000,30.709999,29.900000,30.559999,29.866926,3600
2015-12-28,30.340000,30.959999,30.110001,30.240000,29.554182,5100
2015-12-29,30.110001,30.756001,30.110001,30.500000,29.808285,5500
2015-12-30,30.457001,31.190001,29.469999,30.500000,29.808285,15700
2015-12-31,30.010000,30.938000,29.490000,30.500000,29.808285,17300
2016-01-04,29.990000,30.000000,29.110001,29.459999,28.791870,10200
2016-01-05,30.240000,30.389000,29.701000,30.100000,29.417358,36700
2016-01-06,29.820000,30.209999,29.219999,30.010000,29.329401,8300
2016-01-07,29.580000,30.125000,29.299999,29.730000,29.055746,30000
2016-01-08,29.820000,30.400000,29.110001,29.690001,29.016655,27800
2016-01-11,29.826000,29.826000,29.100000,29.370001,28.703913,12800
2016-01-12,29.430000,30.059999,29.430000,29.879999,29.202345,14000
2016-01-13,29.879999,30.350000,28.100000,28.750000,28.097973,18500
2016-01-14,28.750000,29.780001,28.750000,29.030001,28.371624,12100
2016-01-15,28.330000,28.820000,27.500000,28.100000,27.462713,26900
2016-01-19,28.139999,28.964001,27.040001,27.290001,26.671087,15400
2016-01-20,26.700001,27.299999,26.059999,26.469999,25.869682,31800
2016-01-21,26.430000,27.549999,26.430000,27.120001,26.504942,10400
2016-01-22,27.650000,27.860001,26.299999,26.980000,26.368114,24400
2016-01-25,26.510000,26.719999,26.510000,26.549999,25.947866,8200
2016-01-26,25.760000,27.059999,25.520000,26.530001,25.928326,19600
2016-01-27,26.309999,26.620001,25.870001,26.020000,25.429888,11100
2016-01-28,26.309999,26.709999,25.980000,26.580000,25.977192,3900
2016-01-29,26.450001,27.670000,26.450001,27.080000,26.465851,19500
2016-02-01,27.792000,27.879999,26.290001,26.400000,25.801270,10800
2016-02-02,26.340000,26.340000,25.990000,26.049999,25.459208,13400
2016-02-03,26.330000,26.350000,25.520000,25.840000,25.253971,25800
2016-02-04,25.790001,26.459999,25.250000,25.590000,25.009642,8000
2016-02-05,25.299999,25.990000,25.299999,25.299999,24.726217,18100
2016-02-08,25.400000,26.400000,25.400000,25.889999,25.302835,54300
2016-02-09,25.740000,26.660000,24.830000,25.500000,24.921679,31200
2016-02-10,25.480000,26.000000,24.670000,25.500000,24.921679,38100
2016-02-11,25.080000,27.320000,25.080000,26.879999,26.270382,13500
2016-02-12,27.030001,27.339001,26.198000,27.000000,26.387661,62700
2016-02-16,27.000000,27.450001,26.080000,27.150000,26.534262,53600
2016-02-17,27.160000,28.900000,27.160000,28.200001,27.560450,23700
2016-02-18,28.590000,29.090000,28.100000,28.230000,27.589767,15100
2016-02-19,28.330000,28.430000,27.100000,28.030001,27.394304,24500
2016-02-22,28.170000,29.459999,27.760000,28.010000,27.374760,18100
2016-02-23,28.110001,28.740000,27.990000,27.990000,27.355207,23900
2016-02-24,28.000000,28.250000,27.650000,27.850000,27.218388,9700
2016-02-25,28.030001,28.040001,27.490000,27.620001,26.993601,13100
2016-02-26,27.750000,28.420000,27.350000,27.580000,26.954510,9200
2016-02-29,28.000000,28.629999,27.330000,27.330000,26.710176,12600
2016-03-01,27.430000,28.799999,27.430000,27.690001,27.062012,20600
2016-03-02,27.999001,28.000000,27.510000,27.580000,26.954510,9100
2016-03-03,27.900000,28.250000,27.610001,27.860001,27.228157,11700
2016-03-04,27.895000,28.250000,27.545000,27.770000,27.140202,11000
2016-03-07,28.120001,28.430000,27.790001,27.889999,27.257479,23600
2016-03-08,27.860001,28.190001,27.500000,27.620001,26.993601,8900
2016-03-09,27.690001,27.950001,27.150000,27.230000,26.612446,14600
2016-03-10,28.000000,28.000000,27.250000,27.360001,26.739496,12000
2016-03-11,27.629999,28.389999,27.360001,28.280001,27.638634,13600
2016-03-14,27.820000,28.750000,27.820000,28.520000,27.873188,22500
2016-03-15,28.400000,28.480000,27.760000,27.940001,27.306345,14500
2016-03-16,27.959999,28.065001,27.450001,27.820000,27.189066,8300
2016-03-17,27.959999,28.299999,27.900000,27.910000,27.277021,9100
2016-03-18,28.180000,28.360001,28.080000,28.170000,27.531126,23900
2016-03-21,28.180000,28.330000,27.980000,28.170000,27.531126,6600
2016-03-22,27.760000,28.129999,27.760000,28.110001,27.472490,4000
2016-03-23,27.990000,28.200001,27.520000,27.610001,26.983828,10400
2016-03-24,28.136999,28.170000,27.620001,27.639999,27.013147,5300
2016-03-28,27.700001,28.049999,27.700001,27.889999,27.257479,6000
2016-03-29,27.770000,28.000000,27.530001,27.889999,27.257479,56500
2016-03-30,28.219999,28.500000,27.980000,28.240000,27.599537,19200
2016-03-31,28.020000,28.420000,28.020000,28.020000,27.384529,18600
2016-04-01,27.750000,28.299999,27.580000,28.240000,27.599537,16800
2016-04-04,28.600000,28.969999,28.250000,28.520000,27.873188,26000
2016-04-05,28.650000,28.650000,28.100000,28.500000,27.853643,15000
2016-04-06,28.600000,29.101000,28.500000,28.510000,27.863419,8000
2016-04-07,28.510000,29.021000,28.219999,28.690001,28.039333,12200
2016-04-08,28.840000,28.840000,28.510000,28.750000,28.097973,14300
2016-04-11,29.000000,30.150000,29.000000,29.990000,29.309851,70800
2016-04-12,30.010000,30.700001,30.010000,30.219999,29.534634,36700
2016-04-13,30.500000,30.740000,30.270000,30.719999,30.023294,38900
2016-04-14,30.639999,30.730000,30.219999,30.330000,29.642139,22000
2016-04-15,30.309999,30.688000,30.290001,30.500000,29.808285,19400
2016-04-18,30.469999,30.879999,30.230000,30.420000,29.730101,22600
2016-04-19,30.410000,30.559999,30.020000,30.190001,29.505318,24500
2016-04-20,30.040001,30.799999,29.820000,30.530001,29.837606,63900
2016-04-21,30.540001,30.540001,29.980000,30.340000,29.651915,14500
2016-04-22,30.299999,30.389999,30.129999,30.340000,29.651915,19500
2016-04-25,30.500000,30.500000,30.000000,30.260000,29.573727,15200
2016-04-26,30.330000,30.629999,30.180000,30.600000,29.906019,13100
2016-04-27,30.139999,30.400000,30.000000,30.040001,29.358719,20700
2016-04-28,30.040001,30.190001,30.000000,30.000000,29.319624,15600
2016-04-29,30.120001,30.709999,30.000000,30.469999,29.778963,17100
2016-05-02,30.770000,30.770000,30.030001,30.299999,29.612820,19100
2016-05-03,30.190001,30.670000,30.190001,30.219999,29.534634,16600
2016-05-04,30.190001,30.770000,30.190001,30.490000,29.798513,11200
2016-05-05,30.420000,30.500000,30.190001,30.420000,29.730101,14600
2016-05-06,30.400000,30.590000,30.215000,30.290001,29.603050,13900
2016-05-09,30.250000,30.490000,30.200001,30.260000,29.573727,15200
2016-05-10,30.410000,30.700001,30.190001,30.450001,29.759418,27000
2016-05-11,30.309999,30.459999,30.219999,30.230000,29.544409,16500
2016-05-12,30.230000,30.590000,30.230000,30.299999,29.612820,53700
2016-05-13,30.889999,30.889999,30.190001,30.309999,29.622595,25300
2016-05-16,30.420000,30.879999,30.370001,30.459999,29.769194,15400
2016-05-17,30.650000,30.650000,30.040001,30.180000,29.495543,41400
2016-05-18,30.049999,30.240000,29.700001,30.170000,29.485767,12000
2016-05-19,30.070000,30.070000,29.660000,29.889999,29.212120,20500
2016-05-20,29.860001,30.230000,29.860001,30.110001,29.427130,10400
2016-05-23,30.000000,30.219999,29.850000,29.990000,29.309851,7000
2016-05-24,30.000000,30.450001,29.930000,30.129999,29.446678,20500
2016-05-25,30.030001,30.350000,30.010000,30.059999,29.378262,21300
2016-05-26,30.059999,30.280001,29.959999,29.959999,29.280529,12200
2016-05-27,29.959999,30.240000,29.950001,29.990000,29.309851,32400
2016-05-31,29.900000,30.405001,29.900000,29.950001,29.270758,16800
2016-06-01,29.809999,30.090000,29.809999,29.889999,29.212120,12400
2016-06-02,29.820000,29.950001,29.219999,29.730000,29.055746,14200
2016-06-03,29.680000,29.809999,29.320000,29.559999,28.889603,30000
2016-06-06,29.657000,30.020000,29.570000,29.709999,29.036200,29500
2016-06-07,29.760000,30.219999,29.760000,30.059999,29.378262,19600
2016-06-08,29.973000,30.330000,29.830000,30.219999,29.534634,23300
2016-06-09,30.180000,30.200001,29.690001,29.690001,29.016655,26600
2016-06-10,29.549999,30.040001,29.400000,29.410000,28.840141,22200
2016-06-13,29.340000,29.530001,28.219999,28.500000,27.947775,38900
2016-06-14,28.540001,29.240000,28.389999,29.010000,28.447895,32400
2016-06-15,29.070000,29.510000,28.549999,28.969999,28.408669,30600
2016-06-16,28.840000,29.440001,28.709999,28.879999,28.320412,35800
2016-06-17,28.969999,29.780001,28.969999,29.400000,28.830338,39800
2016-06-20,29.590000,30.000000,29.240000,29.430000,28.859755,39200
2016-06-21,29.520000,29.520000,29.010000,29.360001,28.791115,32800
2016-06-22,29.360001,29.605000,29.290001,29.400000,28.830338,15200
2016-06-23,29.440001,29.889999,29.370001,29.780001,29.202974,22100
2016-06-24,29.110001,29.490000,28.500000,29.490000,28.918592,292600
2016-06-27,29.180000,29.180000,28.070000,28.250000,27.702620,44500
2016-06-28,28.400000,28.400000,27.934999,28.059999,27.516300,27300
2016-06-29,28.200001,28.669001,27.839001,28.200001,27.653589,17500
2016-06-30,28.270000,28.879999,28.100000,28.680000,28.124289,24200
2016-07-01,28.600000,29.500000,28.510000,29.309999,28.742081,13600
2016-07-05,29.110001,29.700001,29.000000,29.260000,28.693050,24100
2016-07-06,29.160000,29.430000,29.000000,29.070000,28.506729,18600
2016-07-07,29.090000,29.149000,28.510000,28.969999,28.408669,29100
2016-07-08,28.990000,29.464001,28.930000,29.260000,28.693050,37700
2016-07-11,29.610001,29.950001,29.415001,29.930000,29.350067,32600
2016-07-12,30.100000,30.790001,29.900000,30.570000,29.977667,28400
2016-07-13,30.610001,30.910000,30.290001,30.490000,29.899218,28100
2016-07-14,30.690001,30.690001,30.110001,30.469999,29.879602,18300
2016-07-15,30.580000,30.760000,30.240000,30.280001,29.693285,17700
2016-07-18,29.420000,30.350000,29.420000,30.230000,29.644255,19600
2016-07-19,30.260000,30.629999,29.889999,30.350000,29.761930,22100
2016-07-20,30.540001,31.105000,30.235001,30.400000,29.810959,15200
2016-07-21,30.459999,30.809999,29.959999,29.980000,29.399099,15100
2016-07-22,30.100000,30.100000,29.850000,30.000000,29.418713,8100
2016-07-25,29.900000,29.969999,29.309999,29.350000,28.781307,13700
2016-07-26,29.480000,29.660000,29.330000,29.490000,28.918592,8200
2016-07-27,29.549999,29.959999,29.350000,29.600000,29.026463,21500
2016-07-28,29.670000,29.990000,29.540001,29.860001,29.281425,8400
2016-07-29,29.719999,29.940001,29.660000,29.889999,29.310844,17500
2016-08-01,29.809999,29.920000,29.700001,29.799999,29.222584,9700
2016-08-02,29.730000,29.889999,29.650000,29.690001,29.114717,8100
2016-08-03,29.624001,29.680000,29.389999,29.450001,28.879368,4600
2016-08-04,29.410000,30.010000,29.410000,29.809999,29.232393,39800
2016-08-05,29.879999,31.190001,29.790001,31.120001,30.517012,18800
2016-08-08,31.080000,31.510000,30.980000,31.059999,30.458172,14300
2016-08-09,31.020000,31.020000,30.330000,30.430000,29.840378,10900
2016-08-10,30.360001,30.660000,30.010000,30.459999,29.869799,7900
2016-08-11,30.440001,30.590000,29.799999,30.260000,29.673672,9500
2016-08-12,30.350000,30.830000,30.350000,30.600000,30.007086,9900
2016-08-15,30.700001,31.500000,30.700001,31.290001,30.683716,11100
2016-08-16,31.120001,31.650000,31.120001,31.620001,31.007322,15800
2016-08-17,31.639999,31.775000,31.350000,31.719999,31.105385,8400
2016-08-18,31.629999,31.830000,31.320000,31.500000,30.889647,12600
2016-08-19,31.469999,31.860001,31.340000,31.469999,30.860226,32700
2016-08-22,31.379999,31.920000,31.379999,31.820000,31.203445,11100
2016-08-23,31.910000,32.200001,31.650000,31.790001,31.174028,9500
2016-08-24,32.000000,32.000000,31.500000,31.580000,30.968096,37500
2016-08-25,31.700001,31.900000,31.520000,31.590000,30.977905,10200
2016-08-26,31.780001,32.000000,31.520000,32.000000,31.379957,11400
2016-08-29,32.000000,32.974998,32.000000,32.580002,31.948719,9500
2016-08-30,32.639999,32.869999,32.500000,32.799999,32.164459,12700
2016-08-31,32.689999,33.080002,32.509998,32.900002,32.262524,16600
2016-09-01,33.070000,33.230000,33.049999,33.049999,32.409611,11700
2016-09-02,33.279999,34.160000,32.820999,34.160000,33.498100,10400
2016-09-06,34.049999,34.099998,33.910000,34.029999,33.370625,12600
2016-09-07,34.049999,34.056999,33.349998,33.509998,32.860699,24400
2016-09-08,33.430000,33.580002,33.299999,33.459999,32.811672,10700
2016-09-09,33.279999,33.500000,32.950001,33.000000,32.360580,21400
2016-09-12,33.020000,33.380001,32.779999,33.139999,32.497871,23400
2016-09-13,32.889999,33.380001,32.689999,32.950001,32.311554,22000
2016-09-14,32.860001,33.480000,32.860001,33.139999,32.497871,14700
2016-09-15,33.150002,33.560001,33.150002,33.349998,32.703796,7500
2016-09-16,33.430000,33.490002,32.445000,33.080002,32.439037,58700
2016-09-19,33.040001,33.500000,32.830002,33.439999,32.792057,10100
2016-09-20,33.330002,33.950001,33.119999,33.840000,33.184307,19300
2016-09-21,33.980000,34.200001,33.919998,34.099998,33.439262,15400
2016-09-22,34.240002,34.680000,34.240002,34.680000,34.008030,17000
2016-09-23,34.490002,35.119999,34.490002,34.610001,33.939384,13700
2016-09-26,34.549999,34.790001,34.169998,34.410000,33.743263,10100
2016-09-27,34.349998,34.990002,33.970001,34.660000,33.988422,6800
2016-09-28,34.830002,35.259998,34.549999,34.970001,34.292412,15900
2016-09-29,34.880001,35.259998,34.639999,34.790001,34.115902,16100
2016-09-30,34.840000,35.514999,34.455002,35.459999,34.772915,33000
2016-10-03,35.459999,35.849998,35.220001,35.490002,34.802338,12200
2016-10-04,35.650002,35.959999,34.799999,34.950001,34.272797,24700
2016-10-05,35.000000,35.200001,34.820000,35.049999,34.370861,31600
2016-10-06,34.980000,35.270000,34.889999,35.139999,34.459118,13000
2016-10-07,35.000000,35.209999,34.599998,34.930000,34.253185,14900
2016-10-10,34.939999,35.250000,34.500000,34.919998,34.243374,13600
2016-10-11,34.709999,34.709999,33.959999,34.110001,33.449081,28000
2016-10-12,34.250000,34.639999,34.090000,34.400002,33.733456,34300
2016-10-13,34.250000,34.814999,34.220001,34.389999,33.723652,16600
2016-10-14,34.580002,35.369999,34.580002,34.880001,34.204155,12700
2016-10-17,34.799999,35.099998,34.650002,34.950001,34.272797,9900
2016-10-18,35.250000,35.950001,35.000000,35.400002,34.714081,12600
2016-10-19,35.599998,35.750000,35.250000,35.450001,34.763111,22100
2016-10-20,35.500000,35.575001,35.000000,35.000000,34.321831,34600
2016-10-21,34.750000,34.750000,34.400002,34.549999,33.880547,6600
2016-10-24,34.650002,34.950001,34.349998,34.549999,33.880547,3600
2016-10-25,34.599998,34.950001,34.200001,34.200001,33.537331,7200
2016-10-26,34.200001,34.400002,34.049999,34.150002,33.488304,7100
2016-10-27,34.250000,34.450001,33.849998,33.950001,33.292175,45800
2016-10-28,33.650002,33.849998,33.650002,33.849998,33.194111,2300
2016-10-31,33.849998,34.099998,33.799999,33.950001,33.292175,24200
2016-11-01,34.000000,34.750000,33.250000,33.250000,32.605736,11800
2016-11-02,33.450001,33.450001,33.000000,33.200001,32.556702,8700
2016-11-03,33.099998,33.549999,33.099998,33.299999,32.654766,12200
2016-11-04,33.299999,33.599998,32.799999,33.099998,32.458645,25500
2016-11-07,33.450001,34.299999,33.200001,33.849998,33.194111,15800
2016-11-08,33.849998,34.349998,33.349998,33.400002,32.752834,20200
2016-11-09,33.799999,34.375000,33.549999,34.099998,33.439262,28300
2016-11-10,34.250000,34.299999,33.500000,34.000000,33.341209,45200
2016-11-11,34.000000,34.325001,34.000000,34.250000,33.586361,45900
2016-11-14,34.400002,34.950001,34.349998,34.700001,34.027649,34000
2016-11-15,34.599998,34.650002,34.299999,34.349998,33.684422,22800
2016-11-16,33.950001,34.599998,33.900002,34.250000,33.586361,29200
2016-11-17,34.250000,34.700001,33.825001,34.250000,33.586361,51000
2016-11-18,34.099998,34.250000,33.500000,34.000000,33.341209,46100
2016-11-21,34.000000,34.400002,33.849998,34.049999,33.390240,47200
2016-11-22,33.900002,34.049999,33.799999,34.049999,33.390240,37900
2016-11-23,34.099998,34.099998,33.599998,33.900002,33.243145,36400
2016-11-25,33.950001,34.250000,33.900002,33.950001,33.292175,11700
2016-11-28,33.849998,34.049999,33.700001,33.849998,33.194111,21600
2016-11-29,34.150002,34.150002,33.500000,33.599998,32.948959,29400
2016-11-30,33.650002,33.950001,33.650002,33.849998,33.194111,21900
2016-12-01,33.849998,34.000000,33.549999,33.750000,33.096050,23500
2016-12-02,33.849998,34.000000,33.200001,33.650002,32.997986,18500
2016-12-05,33.599998,34.200001,33.599998,33.750000,33.096050,36300
2016-12-06,33.900002,34.250000,33.650002,34.000000,33.341209,41300
2016-12-07,33.950001,34.700001,33.904999,34.549999,33.880547,48800
2016-12-08,34.500000,35.750000,34.200001,34.549999,33.880547,50500
2016-12-09,34.599998,34.599998,33.900002,34.000000,33.341209,27500
2016-12-12,34.000000,34.099998,33.849998,33.950001,33.292175,16900
2016-12-13,34.049999,34.500000,33.849998,33.950001,33.292175,31500
2016-12-14,34.200001,34.200001,33.650002,33.700001,33.047028,14300
2016-12-15,33.750000,34.150002,33.750000,33.799999,33.145081,26600
2016-12-16,33.950001,34.099998,33.549999,33.799999,33.145081,45600
2016-12-19,34.000000,34.000000,33.500000,33.700001,33.047028,16500
2016-12-20,33.900002,33.950001,33.349998,33.750000,33.096050,24000
2016-12-21,33.700001,33.900002,33.500000,33.549999,32.899929,8900
2016-12-22,33.599998,33.700001,32.549999,32.650002,32.017365,901100
2016-12-23,32.700001,33.349998,32.250000,33.000000,32.360580,17000
2016-12-27,33.200001,34.000000,33.150002,33.750000,33.096050,22900
2016-12-28,33.799999,33.900002,33.150002,33.700001,33.047028,22400
2016-12-29,33.650002,33.700001,33.400002,33.700001,33.047028,14200
2016-12-30,33.750000,33.750000,32.799999,32.849998,32.213490,20400
2017-01-03,33.250000,33.750000,32.750000,33.700001,33.047028,42200
2017-01-04,33.849998,34.049999,33.599998,34.000000,33.341209,69500
2017-01-05,33.900002,34.099998,33.549999,34.000000,33.341209,16300
2017-01-06,34.049999,34.099998,33.650002,33.900002,33.243145,19500
2017-01-09,33.799999,33.910999,33.349998,33.650002,33.095615,12400
2017-01-10,33.099998,34.500000,32.200001,34.400002,33.833260,29000
2017-01-11,33.500000,34.299999,33.500000,34.049999,33.489025,15000
2017-01-12,33.650002,34.099998,33.099998,33.900002,33.341496,18700
2017-01-13,33.950001,34.750000,33.950001,34.299999,33.734905,18000
2017-01-17,34.349998,34.400002,33.750000,34.099998,33.538193,23300
2017-01-18,34.349998,34.549999,33.799999,34.000000,33.439850,12900
2017-01-19,33.950001,34.700001,33.549999,34.250000,33.685726,17300
2017-01-20,34.200001,34.349998,33.849998,34.349998,33.784081,10100
2017-01-23,34.200001,34.500000,33.950001,34.400002,33.833260,11400
2017-01-24,34.299999,35.250000,34.299999,35.099998,34.521725,13700
2017-01-25,35.650002,35.750000,34.806000,35.650002,35.062664,25600
2017-01-26,35.549999,35.700001,35.450001,35.500000,34.915134,14600
2017-01-27,35.700001,35.750000,35.000000,35.200001,34.620075,7800
2017-01-30,34.900002,34.950001,34.450001,34.849998,34.275841,15800
2017-01-31,34.799999,35.200001,34.549999,35.200001,34.620075,13700
2017-02-01,35.200001,36.250000,35.200001,36.049999,35.456078,21900
2017-02-02,35.900002,35.945000,35.500000,35.650002,35.062664,13500
2017-02-03,35.599998,36.700001,35.599998,36.700001,36.095367,7400
2017-02-06,36.500000,36.945000,36.150002,36.299999,35.701950,20500
2017-02-07,36.200001,36.599998,36.099998,36.250000,35.652782,9000
2017-02-08,36.200001,36.400002,35.700001,36.000000,35.406902,10500
2017-02-09,36.115002,36.115002,35.805000,36.099998,35.505249,8100
2017-02-10,36.200001,36.299999,35.950001,36.250000,35.652782,21800
2017-02-13,36.349998,36.900002,36.349998,36.799999,36.193722,16800
2017-02-14,36.700001,37.700001,36.150002,37.650002,37.029709,33700
2017-02-15,37.400002,37.750000,37.400002,37.750000,37.128063,11000
2017-02-16,37.150002,37.750000,36.924999,37.450001,36.833012,13700
2017-02-17,37.500000,37.950001,37.000000,37.549999,36.931362,14300
2017-02-21,37.750000,38.200001,37.700001,38.200001,37.570652,10200
2017-02-22,38.000000,38.049999,37.650002,38.000000,37.373947,15900
2017-02-23,38.049999,38.500000,37.700001,38.500000,37.865707,11400
2017-02-24,38.299999,38.349998,37.750000,38.000000,37.373947,5700
2017-02-27,37.900002,38.599998,37.700001,38.150002,37.521477,21000
2017-02-28,38.049999,38.099998,37.150002,37.299999,36.685478,19200
2017-03-01,37.799999,38.599998,37.500000,38.450001,37.816536,12400
2017-03-02,38.250000,38.250000,37.450001,37.700001,37.078896,8800
2017-03-03,37.599998,37.799999,36.549999,37.450001,36.833012,23200
2017-03-06,37.049999,38.849998,37.049999,38.700001,38.062416,22300
2017-03-07,38.549999,38.700001,37.799999,38.049999,37.423126,21300
2017-03-08,38.200001,38.299999,37.599998,38.049999,37.423126,14400
2017-03-09,37.950001,38.150002,37.599998,38.099998,37.472301,14400
2017-03-10,38.275002,38.299999,38.000000,38.250000,37.619831,12100
2017-03-13,38.375000,38.450001,38.049999,38.250000,37.619831,16100
2017-03-14,38.400002,38.875000,37.700001,38.099998,37.472301,24200
2017-03-15,37.150002,39.025002,37.150002,38.799999,38.160774,23500
2017-03-16,38.799999,39.349998,38.400002,39.250000,38.603355,26400
2017-03-17,39.250000,39.250000,38.049999,38.150002,37.521477,94000
2017-03-20,38.549999,38.549999,37.849998,37.900002,37.275604,9800
2017-03-21,38.099998,38.099998,37.349998,37.500000,36.882183,24600
2017-03-22,37.450001,37.750000,37.200001,37.299999,36.685478,21500
2017-03-23,37.299999,37.700001,37.000000,37.000000,36.390427,9500
2017-03-24,37.299999,37.549999,36.450001,36.650002,36.046188,9800
2017-03-27,36.299999,37.150002,36.200001,36.950001,36.341251,6400
2017-03-28,36.950001,37.000000,36.700001,36.799999,36.193722,10100
2017-03-29,36.750000,36.799999,36.549999,36.650002,36.046188,6200
2017-03-30,36.599998,36.650002,36.400002,36.549999,35.947834,13600
2017-03-31,36.450001,36.700001,36.150002,36.150002,35.554432,19500
2017-04-03,36.299999,36.299999,35.900002,35.950001,35.357719,9200
2017-04-04,35.950001,35.950001,34.650002,34.799999,34.226665,10500
2017-04-05,34.900002,35.330002,34.250000,34.400002,33.833260,12800
2017-04-06,34.334999,34.525002,34.000000,34.099998,33.538193,31400
2017-04-07,34.650002,34.650002,34.150002,34.400002,33.833260,37300
2017-04-10,34.450001,34.799999,34.349998,34.750000,34.177490,26600
2017-04-11,34.700001,35.400002,34.700001,35.200001,34.620075,25000
2017-04-12,35.250000,36.049999,34.250000,34.250000,33.685726,90600
2017-04-13,34.400002,34.400002,33.700001,33.700001,33.144794,47000
2017-04-17,33.849998,34.000000,33.549999,33.750000,33.193966,30600
2017-04-18,33.650002,34.049999,33.650002,33.900002,33.341496,26700
2017-04-19,33.950001,34.450001,33.950001,34.250000,33.685726,23600
2017-04-20,34.400002,34.450001,34.000000,34.400002,33.833260,20000
2017-04-21,34.450001,34.549999,33.750000,33.849998,33.292320,16100
2017-04-24,34.299999,34.349998,33.950001,34.099998,33.538193,14500
2017-04-25,34.299999,34.849998,34.200001,34.549999,33.980785,14500
2017-04-26,34.900002,35.250000,34.549999,34.549999,33.980785,12300
2017-04-27,34.549999,34.549999,33.849998,33.900002,33.341496,13100
2017-04-28,33.900002,34.049999,33.599998,33.650002,33.095615,15000
2017-05-01,33.650002,34.049999,33.650002,33.849998,33.292320,36100
2017-05-02,33.849998,34.099998,33.849998,33.900002,33.341496,14700
2017-05-03,33.750000,33.750000,33.500000,33.549999,32.997265,13800
2017-05-04,33.599998,33.650002,32.799999,33.349998,32.800552,23100
2017-05-05,33.349998,33.500000,32.924999,33.099998,32.554672,24500
2017-05-08,33.150002,33.400002,32.950001,33.099998,32.554672,21100
2017-05-09,33.099998,33.900002,33.099998,33.450001,32.898911,37500
2017-05-10,33.400002,33.750000,33.349998,33.650002,33.095615,18500
2017-05-11,33.549999,34.049999,33.500000,33.750000,33.193966,28900
2017-05-12,33.799999,34.244999,33.700001,33.900002,33.341496,24000
2017-05-15,33.950001,34.599998,33.849998,34.599998,34.029964,7900
2017-05-16,34.700001,34.700001,34.150002,34.500000,33.931610,9900
2017-05-17,34.049999,34.049999,33.849998,33.950001,33.390671,14800
2017-05-18,33.650002,34.099998,33.650002,33.900002,33.341496,13800
2017-05-19,33.950001,34.450001,33.900002,34.049999,33.489025,12700
2017-05-22,34.099998,34.349998,34.000000,34.200001,33.636555,11600
2017-05-23,34.250000,34.849998,33.849998,34.150002,33.587383,14600
2017-05-24,34.200001,34.250000,34.049999,34.150002,33.587383,8400
2017-05-25,34.200001,34.650002,33.799999,33.849998,33.292320,12100
2017-05-26,33.849998,34.599998,33.849998,34.200001,33.636555,12600
2017-05-30,34.200001,34.400002,33.849998,34.049999,33.489025,17300
2017-05-31,33.900002,34.099998,33.900002,33.900002,33.341496,11300
2017-06-01,34.049999,34.349998,33.900002,34.049999,33.489025,10500
2017-06-02,34.200001,34.599998,34.000000,34.099998,33.538193,16400
2017-06-05,34.200001,34.349998,33.950001,33.950001,33.390671,12500
2017-06-06,33.849998,34.299999,33.799999,34.299999,33.734905,11100
2017-06-07,34.299999,34.299999,33.950001,34.099998,33.538193,11800
2017-06-08,34.099998,34.599998,34.000000,34.099998,33.538193,15700
2017-06-09,34.299999,34.750000,34.049999,34.250000,33.685726,16700
2017-06-12,34.299999,34.849998,34.049999,34.799999,34.226665,12200
2017-06-13,34.849998,35.099998,34.599998,34.599998,34.029964,16000
2017-06-14,34.500000,34.900002,34.500000,34.750000,34.177490,20400
2017-06-15,34.500000,34.599998,34.150002,34.349998,33.784081,6800
2017-06-16,34.150002,34.500000,33.150002,33.200001,32.653023,117400
2017-06-19,33.349998,34.250000,33.349998,34.000000,33.439850,13800
2017-06-20,33.950001,34.549999,33.950001,34.400002,33.833260,9200
2017-06-21,34.250000,34.549999,33.450001,33.450001,32.898911,12800
2017-06-22,33.450001,33.849998,33.450001,33.650002,33.095615,7400
2017-06-23,33.599998,33.799999,32.599998,32.599998,32.158482,49800
2017-06-26,32.799999,33.400002,32.799999,33.049999,32.602383,19800
2017-06-27,33.000000,33.599998,32.750000,32.849998,32.405094,13300
2017-06-28,33.000000,34.500000,33.000000,34.400002,33.934101,11700
2017-06-29,34.400002,34.400002,33.849998,34.049999,33.588840,15700
2017-06-30,33.750000,34.000000,33.700001,34.000000,33.539516,5500
2017-07-03,34.599998,34.750000,34.000000,34.599998,34.131390,15300
2017-07-05,34.500000,34.500000,34.099998,34.099998,33.638165,4000
2017-07-06,33.400002,34.099998,33.299999,33.900002,33.440876,13200
2017-07-07,33.699001,34.000000,33.699001,34.000000,33.539516,8700
2017-07-10,33.900002,34.000000,33.700001,33.799999,33.342228,4500
2017-07-11,33.799999,33.799999,33.200001,33.500000,33.046291,14000
2017-07-12,33.650002,34.150002,33.650002,33.950001,33.490200,10600
2017-07-13,33.724998,34.049999,33.650002,33.950001,33.490200,5800
2017-07-14,33.849998,33.849998,33.849998,33.849998,33.391552,1800
2017-07-17,33.675999,33.750000,33.549999,33.700001,33.243584,7500
2017-07-18,33.250000,33.700001,33.250000,33.450001,32.996967,8200
2017-07-19,33.599998,33.849998,33.299999,33.349998,32.898319,12200
2017-07-20,33.450001,33.549999,33.400002,33.500000,33.046291,2700
2017-07-21,33.750000,33.900002,33.650002,33.799999,33.342228,11300
2017-07-24,33.750000,33.750000,33.549999,33.599998,33.144936,5000
2017-07-25,33.799999,34.049999,33.500000,33.599998,33.144936,5900
2017-07-26,33.799999,33.799999,33.450001,33.500000,33.046291,12400
2017-07-27,33.599998,33.599998,32.400002,32.500000,32.059837,9800
2017-07-28,32.549999,33.025002,32.549999,32.750000,32.306454,4600
2017-07-31,32.950001,33.599998,32.645000,33.549999,33.095612,14000
2017-08-01,33.099998,33.400002,33.099998,33.299999,32.848999,4300
2017-08-02,33.599998,33.599998,32.849998,33.200001,32.750355,11900
2017-08-03,32.200001,33.049999,32.200001,32.950001,32.503742,16700
2017-08-04,33.924999,33.924999,33.750000,33.750000,33.292904,5000
2017-08-07,33.700001,33.756001,33.349998,33.349998,32.898319,10800
2017-08-08,33.299999,33.400002,33.099998,33.250000,32.799675,7200
2017-08-09,33.000000,33.450001,32.750000,32.750000,32.306454,12600
2017-08-10,32.650002,32.700001,32.500000,32.500000,32.059837,14500
2017-08-11,32.450001,32.450001,32.294998,32.400002,31.961189,13300
2017-08-14,32.700001,33.299999,32.700001,33.200001,32.750355,9300
2017-08-15,32.799999,33.500000,32.750000,33.150002,32.701035,12400
2017-08-16,33.349998,33.400002,32.799999,32.849998,32.405094,7500
2017-08-17,32.700001,32.950001,32.500000,32.750000,32.306454,21700
2017-08-18,32.450001,33.000000,32.450001,32.599998,32.158482,12000
2017-08-21,32.700001,33.000000,32.650002,32.750000,32.306454,8700
2017-08-22,32.650002,33.200001,32.650002,33.150002,32.701035,9000
2017-08-23,32.900002,33.349998,32.900002,33.299999,32.848999,11500
2017-08-24,33.400002,33.876999,33.349998,33.700001,33.243584,9600
2017-08-25,33.849998,34.200001,33.849998,34.049999,33.588840,12000
2017-08-28,34.099998,34.349998,33.799999,34.250000,33.786133,13200
2017-08-29,34.099998,34.250000,33.500000,33.599998,33.144936,12100
2017-08-30,33.750000,34.174999,32.799999,33.200001,32.750355,23600
2017-08-31,33.000000,34.400002,33.000000,34.349998,33.884781,15500
2017-09-01,34.299999,34.450001,34.000000,34.450001,33.983421,14500
2017-09-05,34.450001,34.450001,33.400002,33.599998,33.144936,13500
2017-09-06,33.650002,34.349998,33.400002,34.150002,33.687485,14600
2017-09-07,34.049999,34.599998,33.950001,34.599998,34.131390,26000
2017-09-08,34.400002,34.750000,34.299999,34.400002,33.934101,21700
2017-09-11,34.799999,35.025002,34.750000,35.000000,34.525978,17800
2017-09-12,34.849998,35.349998,34.849998,35.000000,34.525978,52800
2017-09-13,35.049999,36.599998,35.000000,36.500000,36.005657,22100
2017-09-14,36.250000,36.799999,36.000000,36.549999,36.054985,38600
2017-09-15,36.599998,36.599998,34.450001,34.599998,34.131390,69100
2017-09-18,34.750000,35.450001,34.750000,35.150002,34.673943,27100
2017-09-19,35.250000,35.799999,34.950001,35.250000,34.772591,17700
2017-09-20,34.599998,35.650002,34.150002,35.549999,35.068527,12900
2017-09-21,35.450001,36.250000,34.450001,34.500000,34.032753,26300
2017-09-22,34.450001,35.250000,34.150002,34.849998,34.378006,18400
2017-09-25,34.900002,35.250000,34.900002,35.200001,34.723263,10200
2017-09-26,35.400002,35.900002,35.224998,35.750000,35.265816,8500
2017-09-27,35.099998,36.849998,34.950001,36.700001,36.202953,11700
2017-09-28,36.700001,37.450001,36.099998,36.799999,36.301598,19200
2017-09-29,36.349998,36.349998,35.700001,35.700001,35.216499,10800
2017-10-02,35.599998,36.799999,35.599998,36.750000,36.252277,11800
2017-10-03,36.700001,36.700001,36.099998,36.599998,36.104305,11400
2017-10-04,35.900002,37.549999,35.900002,37.400002,36.893471,19100
2017-10-05,37.000000,37.000000,36.750000,36.849998,36.350922,23300
2017-10-06,35.950001,37.700001,35.900002,37.150002,36.646858,31700
2017-10-09,37.349998,38.349998,37.349998,37.450001,36.942799,21400
2017-10-10,37.500000,38.818001,37.349998,37.950001,37.436024,20300
2017-10-11,38.150002,38.150002,37.250000,37.349998,36.844147,19500
2017-10-12,37.299999,37.700001,36.650002,37.500000,36.992115,15100
2017-10-13,37.599998,37.950001,37.349998,37.599998,37.090763,21300
2017-10-16,37.900002,37.900002,37.250000,37.650002,37.140087,15200
2017-10-17,37.400002,37.900002,37.400002,37.849998,37.337379,10000
2017-10-18,38.000000,38.799999,37.750000,37.950001,37.436024,27000
2017-10-19,37.349998,38.049999,37.299999,37.650002,37.140087,8500
2017-10-20,38.049999,38.500000,37.700001,37.750000,37.238735,15100
2017-10-23,37.849998,37.849998,37.400002,37.500000,36.992115,9400
2017-10-24,37.599998,37.750000,37.250000,37.299999,36.794827,9500
2017-10-25,37.500000,37.500000,36.900002,36.900002,36.400246,10400
2017-10-26,37.000000,37.150002,36.750000,36.900002,36.400246,10700
2017-10-27,37.450001,38.049999,37.450001,37.549999,37.041439,2500
2017-10-30,37.450001,37.450001,36.650002,36.849998,36.350922,12200
2017-10-31,37.200001,37.549999,36.450001,37.099998,36.597530,12900
2017-11-01,37.549999,37.900002,37.000000,37.099998,36.597530,15000
2017-11-02,37.599998,37.599998,36.599998,36.900002,36.400246,7600
2017-11-03,36.599998,37.450001,36.450001,36.849998,36.350922,13100
2017-11-06,37.599998,37.599998,37.099998,37.450001,36.942799,9600
2017-11-07,36.250000,36.500000,34.299999,34.349998,33.884781,20000
2017-11-08,34.200001,34.700001,34.150002,34.400002,33.934101,12900
2017-11-09,34.099998,34.349998,33.799999,34.250000,33.786133,9100
2017-11-10,33.630001,34.500000,33.630001,34.250000,33.786133,7500
2017-11-13,34.000000,34.500000,33.950001,34.150002,33.687485,7200
2017-11-14,34.950001,35.150002,33.900002,34.049999,33.588840,9800
2017-11-15,33.950001,34.000000,33.650002,33.750000,33.292904,9700
2017-11-16,34.599998,34.599998,34.200001,34.400002,33.934101,9000
2017-11-17,34.150002,34.700001,33.750000,34.450001,33.983421,9300
2017-11-20,35.200001,35.200001,34.200001,34.650002,34.180721,6600
2017-11-21,34.500000,35.250000,34.500000,35.000000,34.525978,10700
2017-11-22,34.950001,35.500000,34.549999,34.650002,34.180721,7800
2017-11-24,34.049999,34.549999,33.900002,33.950001,33.490200,4500
2017-11-27,34.000000,34.400002,33.950001,34.049999,33.588840,10700
2017-11-28,34.049999,34.799999,34.049999,34.700001,34.230038,8600
2017-11-29,34.799999,35.549999,34.799999,35.400002,34.920563,10600
2017-11-30,35.220001,35.349998,34.799999,34.849998,34.378006,15100
2017-12-01,34.150002,34.200001,33.549999,33.650002,33.194263,20800
2017-12-04,34.049999,34.750000,33.900002,34.400002,33.934101,12700
2017-12-05,34.400002,34.400002,33.700001,33.700001,33.243584,24800
2017-12-06,33.150002,34.827999,33.099998,33.549999,33.095612,23900
2017-12-07,33.599998,34.150002,33.599998,33.750000,33.292904,17600
2017-12-08,33.750000,34.150002,33.500000,33.950001,33.490200,12700
2017-12-11,33.750000,34.450001,33.500000,33.750000,33.292904,23000
2017-12-12,33.700001,34.099998,33.599998,33.849998,33.391552,17000
2017-12-13,33.799999,34.900002,33.650002,33.849998,33.391552,19100
2017-12-14,33.549999,34.250000,33.549999,34.000000,33.539516,24500
2017-12-15,34.049999,35.950001,34.049999,35.900002,35.413788,71000
2017-12-18,35.950001,36.450001,34.950001,35.650002,35.167179,29300
2017-12-19,35.650002,35.650002,34.150002,34.700001,34.230038,18700
2017-12-20,34.799999,34.799999,33.900002,34.049999,33.588840,9600
2017-12-21,34.325001,34.549999,33.900002,34.000000,33.539516,14000
2017-12-22,34.049999,34.299999,33.650002,33.900002,33.440876,9700
2017-12-26,34.450001,34.450001,33.799999,33.799999,33.440872,13100
2017-12-27,33.750000,34.450001,33.695000,34.200001,33.836620,27700
2017-12-28,34.250000,34.750000,34.250000,34.349998,33.985027,10500
2017-12-29,34.450001,34.750000,34.000000,34.099998,33.737686,13800
2018-01-02,34.200001,34.450001,33.900002,34.150002,33.787159,14200
2018-01-03,34.150002,34.200001,33.950001,34.200001,33.836620,8900
2018-01-04,34.400002,34.650002,34.200001,34.299999,33.935558,10300
2018-01-05,34.700001,34.700001,34.000000,34.150002,33.787159,10400
2018-01-08,33.950001,34.150002,33.950001,34.099998,33.737686,11700
2018-01-09,34.049999,34.599998,34.049999,34.599998,34.232372,5600
2018-01-10,34.599998,35.049999,34.400002,34.900002,34.529190,12400
2018-01-11,35.000000,35.750000,34.799999,35.750000,35.370159,5600
2018-01-12,35.900002,36.599998,35.750000,36.049999,35.666965,11900
2018-01-16,35.150002,36.000000,35.150002,35.150002,34.776527,9300
2018-01-17,35.200001,35.500000,35.049999,35.500000,35.122807,4000
2018-01-18,35.250000,35.500000,35.150002,35.250000,34.875465,6600
2018-01-19,35.200001,35.750000,35.200001,35.750000,35.370159,8900
2018-01-22,35.750000,36.049999,35.400002,35.700001,35.320686,19100
2018-01-23,35.650002,36.450001,35.650002,36.400002,36.013252,7100
2018-01-24,36.450001,36.950001,36.299999,36.349998,35.963776,9600
2018-01-25,36.400002,36.400002,35.599998,35.900002,35.518559,10000
2018-01-26,35.849998,35.849998,35.400002,35.500000,35.122807,3800
2018-01-29,35.349998,35.500000,35.200001,35.400002,35.023876,7100
2018-01-30,35.150002,35.799999,34.900002,35.099998,34.727062,7100
2018-01-31,35.299999,35.299999,34.549999,34.650002,34.281841,10100
2018-02-01,34.650002,37.349998,34.650002,36.900002,36.507938,60400
2018-02-02,36.549999,36.549999,36.099998,36.250000,35.864841,16200
2018-02-05,36.000000,36.000000,35.000000,35.150002,34.776527,33700
2018-02-06,34.650002,35.099998,34.200001,35.000000,34.628124,21600
2018-02-07,34.849998,35.349998,34.849998,34.900002,34.529190,7600
2018-02-08,35.000000,35.049999,34.400002,34.400002,34.034500,9700
2018-02-09,34.599998,34.849998,34.099998,34.750000,34.380779,14800
2018-02-12,34.849998,34.900002,34.549999,34.700001,34.331314,8500
2018-02-13,34.599998,34.750000,34.349998,34.599998,34.232372,14300
2018-02-14,34.299999,34.500000,34.250000,34.349998,33.985027,8300
2018-02-15,34.500000,34.650002,33.500000,33.750000,33.391407,30400
2018-02-16,33.750000,34.250000,33.549999,34.200001,33.836620,28200
2018-02-20,33.950001,34.000000,33.400002,33.700001,33.341938,11600
2018-02-21,34.000000,34.950001,33.950001,34.250000,33.886093,11400
2018-02-22,34.500000,35.000000,33.849998,34.900002,34.529190,6500
2018-02-23,34.950001,35.349998,34.709999,35.150002,34.776527,13400
2018-02-26,35.099998,36.049999,35.099998,35.650002,35.271217,17000
2018-02-27,35.650002,36.200001,35.650002,35.799999,35.419624,10200
2018-02-28,35.650002,35.650002,34.500000,34.500000,34.133438,21900
2018-03-01,34.500000,35.500000,34.299999,35.299999,34.924938,19400
2018-03-02,35.150002,36.200001,34.799999,35.950001,35.568031,9900
2018-03-05,35.900002,36.150002,35.349998,35.500000,35.122807,20100
2018-03-06,35.700001,36.549999,35.450001,36.400002,36.013252,17900
2018-03-07,36.250000,37.099998,35.849998,36.200001,35.815376,16700
2018-03-08,37.799999,37.799999,36.849998,37.450001,37.052094,5000
2018-03-09,37.400002,37.700001,36.750000,37.299999,36.903687,24200
2018-03-12,37.400002,37.400002,35.150002,35.299999,34.924938,22200
2018-03-13,35.599998,36.349998,35.299999,36.150002,35.765907,12400
2018-03-14,36.099998,36.700001,35.549999,36.299999,35.914310,9400
2018-03-15,36.299999,36.599998,35.900002,36.500000,36.112186,11900
2018-03-16,36.450001,37.450001,35.700001,37.450001,37.052094,81700
2018-03-19,37.299999,37.299999,36.950001,37.000000,36.606876,25500
2018-03-20,37.049999,37.200001,36.500000,37.000000,36.606876,16800
2018-03-21,37.099998,37.099998,36.700001,36.799999,36.408997,14500
2018-03-22,36.400002,37.000000,36.400002,36.400002,36.013252,11100
2018-03-23,36.549999,36.849998,36.049999,36.049999,35.666965,12600
2018-03-26,36.299999,37.049999,35.849998,37.000000,36.606876,9900
2018-03-27,37.049999,37.450001,36.549999,36.799999,36.408997,13000
2018-03-28,35.049999,36.250000,34.849998,36.099998,35.716438,6200
2018-03-29,36.250000,37.450001,36.250000,37.450001,37.052094,9600
2018-04-02,37.049999,37.049999,36.299999,36.400002,36.013252,15000
2018-04-03,36.650002,37.650002,36.400002,37.650002,37.249969,12600
2018-04-04,37.299999,37.299999,36.950001,36.950001,36.557407,6900
2018-04-05,35.049999,37.500000,35.049999,37.500000,37.101559,8200
2018-04-06,37.000000,37.250000,36.450001,36.950001,36.557407,6600
2018-04-09,36.799999,37.299999,36.799999,37.000000,36.606876,10000
2018-04-10,37.299999,37.450001,36.900002,37.200001,36.804749,5300
2018-04-11,36.599998,37.349998,36.599998,37.299999,36.903687,5700
2018-04-12,37.500000,37.500000,36.599998,37.250000,36.854218,3400
2018-04-13,37.299999,37.299999,35.750000,36.049999,35.666965,18600
2018-04-16,36.400002,36.900002,36.200001,36.549999,36.161652,16400
2018-04-17,36.750000,36.799999,36.349998,36.500000,36.112186,11000
2018-04-18,35.750000,36.750000,35.750000,36.250000,35.864841,7200
2018-04-19,36.299999,37.349998,35.750000,35.900002,35.518559,23600
2018-04-20,36.099998,36.650002,36.099998,36.549999,36.161652,14200
2018-04-23,36.599998,36.599998,35.950001,36.349998,35.963776,10600
2018-04-24,36.650002,36.650002,35.900002,36.099998,35.716438,8500
2018-04-25,35.599998,36.500000,35.549999,36.150002,35.765907,10900
2018-04-26,36.250000,37.000000,36.250000,36.549999,36.161652,10600
2018-04-27,36.599998,36.849998,36.349998,36.400002,36.013252,12100
2018-04-30,36.400002,37.150002,36.049999,36.150002,35.765907,14900
2018-05-01,36.200001,37.000000,35.555000,36.750000,36.359528,8000
2018-05-02,36.750000,37.250000,36.450001,36.500000,36.112186,7900
2018-05-03,36.500000,36.650002,36.099998,36.349998,35.963776,9300
2018-05-04,36.299999,38.845001,36.299999,37.500000,37.101559,20200
2018-05-07,37.000000,37.849998,37.000000,37.599998,37.200493,4500
2018-05-08,37.400002,37.849998,37.099998,37.799999,37.398373,14200
2018-05-09,37.299999,37.400002,36.808998,37.049999,36.656345,34600
2018-05-10,37.299999,38.500000,36.950001,37.150002,36.755280,49000
2018-05-11,37.349998,37.529999,36.500000,37.000000,36.606876,27600
2018-05-14,36.950001,37.900002,36.841000,36.950001,36.557407,17600
2018-05-15,36.950001,37.125000,36.849998,36.900002,36.507938,16700
2018-05-16,37.000000,38.099998,37.000000,38.049999,37.645718,46000
2018-05-17,38.000000,38.450001,37.700001,38.200001,37.794125,26700
2018-05-18,38.450001,38.650002,38.150002,38.400002,37.992001,13100
2018-05-21,38.750000,39.099998,38.349998,38.549999,38.140404,11700
2018-05-22,38.450001,38.700001,37.250000,38.099998,37.695183,31600
2018-05-23,38.200001,39.049999,37.900002,38.750000,38.338280,11300
2018-05-24,38.700001,39.450001,38.250000,39.200001,38.783497,13500
2018-05-25,39.450001,39.799999,39.049999,39.450001,39.030842,17900
2018-05-29,39.049999,39.599998,38.200001,38.349998,37.942528,10900
2018-05-30,38.549999,39.000000,38.400002,38.700001,38.288815,16600
2018-05-31,38.750000,39.049999,38.750000,38.799999,38.387745,8100
2018-06-01,39.049999,39.099998,38.299999,38.500000,38.090935,8500
2018-06-04,38.500000,38.849998,38.099998,38.450001,38.041462,60000
2018-06-05,38.400002,38.825001,38.150002,38.349998,37.942528,16900
2018-06-06,38.500000,38.599998,38.049999,38.450001,38.041462,16900
2018-06-07,38.599998,38.750000,38.150002,38.299999,37.893063,14900
2018-06-08,38.299999,38.599998,38.049999,38.250000,37.843590,12300
2018-06-11,38.299999,38.575001,37.849998,38.099998,37.695183,19800
2018-06-12,38.200001,38.450001,37.799999,38.000000,37.596249,37600
2018-06-13,38.000000,38.750000,38.000000,38.599998,38.189873,21900
2018-06-14,38.650002,39.200001,38.250000,38.950001,38.536160,22500
2018-06-15,38.650002,39.049999,38.650002,38.900002,38.585754,22700
2018-06-18,38.500000,39.500000,38.299999,38.549999,38.238579,24200
2018-06-19,38.500000,38.700001,38.099998,38.599998,38.288174,20800
2018-06-20,38.549999,38.849998,37.799999,38.000000,37.693020,26100
2018-06-21,38.049999,38.700001,37.849998,38.700001,38.387371,20700
2018-06-22,38.750000,40.900002,38.750000,40.900002,40.569595,92800
2018-06-25,40.099998,42.250000,38.950001,41.000000,40.668785,52500
2018-06-26,41.150002,41.894001,39.450001,39.750000,39.428886,20100
2018-06-27,39.700001,39.799999,38.799999,38.900002,38.585754,9300
2018-06-28,38.700001,39.349998,38.049999,38.200001,37.891407,17800
2018-06-29,38.349998,38.700001,37.799999,37.950001,37.643425,21100
2018-07-02,37.849998,38.650002,37.700001,38.549999,38.238579,11800
2018-07-03,38.950001,39.200001,38.950001,39.000000,38.684944,3100
2018-07-05,39.049999,40.150002,38.700001,39.900002,39.577675,10700
2018-07-06,42.000000,42.150002,39.700001,40.000000,39.676865,20000
2018-07-09,40.200001,40.349998,39.500000,39.700001,39.379288,13300
2018-07-10,39.750000,40.200001,39.400002,40.099998,39.776054,10200
2018-07-11,40.049999,40.650002,40.000000,40.349998,40.024036,10800
2018-07-12,40.500000,41.500000,40.500000,41.349998,41.015957,19900
2018-07-13,41.450001,41.849998,41.299999,41.650002,41.313534,11600
2018-07-16,41.599998,42.500000,41.150002,41.250000,40.916767,14200
2018-07-17,41.150002,41.650002,40.150002,40.200001,39.875252,32900
2018-07-18,40.099998,40.450001,39.849998,40.000000,39.676865,18700
2018-07-19,39.900002,40.450001,39.799999,40.049999,39.726460,12400
2018-07-20,40.049999,40.200001,39.000000,39.099998,38.784134,18000
2018-07-23,39.200001,40.000000,38.299999,38.599998,38.288174,32200
2018-07-24,38.849998,38.950001,37.799999,38.049999,37.742619,13900
2018-07-25,38.049999,38.900002,38.000000,38.099998,37.792213,8700
2018-07-26,38.384998,38.650002,38.299999,38.549999,38.238579,3800
2018-07-27,38.650002,38.650002,37.250000,37.799999,37.494637,15100
2018-07-30,37.900002,38.200001,37.549999,37.700001,37.395443,8700
2018-07-31,37.799999,37.799999,37.150002,37.250000,36.949081,9500
2018-08-01,37.349998,37.349998,36.000000,36.349998,36.056347,11400
2018-08-02,36.250000,37.250000,36.250000,36.799999,36.502716,13900
2018-08-03,36.750000,37.150002,35.650002,35.700001,35.411602,12600
2018-08-06,35.650002,36.250000,35.150002,35.450001,35.163620,10200
2018-08-07,35.450001,35.849998,35.299999,35.299999,35.014835,6700
2018-08-08,35.599998,37.000000,35.599998,37.000000,36.701103,15200
2018-08-09,37.099998,39.000000,37.099998,38.799999,38.486557,13800
2018-08-10,38.700001,39.599998,38.299999,39.299999,38.982517,6700
2018-08-13,39.200001,39.200001,37.900002,38.500000,38.188984,21200
2018-08-14,38.150002,39.299999,37.650002,37.950001,37.643425,10800
2018-08-15,37.799999,37.799999,36.900002,37.099998,36.800289,5200
2018-08-16,37.400002,37.400002,37.000000,37.299999,36.998676,5300
2018-08-17,37.000000,37.900002,36.650002,37.150002,36.849888,9400
2018-08-20,37.250000,37.849998,37.075001,37.799999,37.494637,7800
2018-08-21,37.750000,38.150002,37.150002,37.700001,37.395443,9900
2018-08-22,37.700001,38.299999,37.450001,37.950001,37.643425,4400
2018-08-23,37.950001,38.400002,37.700001,37.900002,37.593834,6800
2018-08-24,37.900002,38.500000,37.900002,38.150002,37.841812,4000
2018-08-27,38.450001,39.099998,37.849998,37.900002,37.593834,5500
2018-08-28,38.000000,38.099998,37.400002,37.750000,37.445042,6100
2018-08-29,37.700001,37.919998,37.370998,37.500000,37.197060,11200
2018-08-30,37.200001,37.549999,37.000000,37.099998,36.800289,8100
2018-08-31,36.950001,37.400002,36.650002,37.400002,37.097870,6200
2018-09-04,37.700001,37.700001,36.750000,37.200001,36.899487,10000
2018-09-05,37.049999,37.450001,37.049999,37.150002,36.849888,3100
2018-09-06,37.349998,37.349998,36.500000,36.700001,36.403522,6300
2018-09-07,36.700001,37.150002,36.558998,37.150002,36.849888,8100
2018-09-10,37.450001,37.500000,36.549999,36.900002,36.601910,7100
2018-09-11,36.599998,37.549999,36.599998,36.900002,36.601910,3900
2018-09-12,36.799999,37.349998,36.450001,37.349998,37.048271,6200
2018-09-13,37.700001,37.700001,36.700001,36.700001,36.403522,3100
2018-09-14,36.900002,37.900002,36.900002,37.500000,37.197060,9800
2018-09-17,37.650002,37.849998,37.200001,37.299999,36.998676,6100
2018-09-18,37.750000,39.200001,37.750000,38.750000,38.436962,13500
2018-09-19,38.750000,39.599998,37.900002,39.450001,39.131310,8500
2018-09-20,38.250000,39.750000,38.250000,39.500000,39.180904,4900
2018-09-21,39.450001,40.549999,39.099998,40.349998,40.024036,33600
2018-09-24,39.900002,41.299999,39.900002,40.549999,40.222420,16700
2018-09-25,40.799999,40.799999,39.750000,39.750000,39.428886,13000
2018-09-26,39.200001,39.950001,39.000000,39.250000,38.932922,6900
2018-09-27,39.400002,39.400002,38.250000,38.400002,38.089790,16400
2018-09-28,40.000000,43.450001,40.000000,42.549999,42.206264,32100
2018-10-01,42.960999,42.960999,41.189999,41.599998,41.263935,24500
2018-10-02,41.660000,42.349998,41.599998,41.900002,41.561520,13000
2018-10-03,42.150002,43.349998,42.150002,42.840000,42.493923,31200
2018-10-04,42.952999,43.320000,42.810001,42.990002,42.642712,14900
2018-10-05,43.220001,43.500000,42.810001,43.220001,42.870853,16200
2018-10-08,42.980000,44.220001,42.980000,44.200001,43.842937,11400
2018-10-09,44.209999,44.250000,41.230000,43.790001,43.436249,40000
2018-10-10,43.840000,44.250000,42.060001,42.540001,42.196346,26900
2018-10-11,42.259998,42.549999,41.220001,41.810001,41.472244,12400
2018-10-12,41.830002,41.869999,40.580002,41.169998,40.837410,18400
2018-10-15,41.000000,41.880001,41.000000,41.299999,40.966362,8200
2018-10-16,41.590000,41.869999,41.520000,41.529999,41.194504,10100
2018-10-17,41.419998,41.419998,40.730000,40.889999,40.559673,14300
2018-10-18,40.750000,41.310001,39.200001,39.500000,39.180904,20400
2018-10-19,39.459999,39.459999,38.750000,39.189999,38.873405,11900
2018-10-22,39.299999,39.560001,38.599998,39.259998,38.942844,24600
2018-10-23,38.750000,38.790001,38.209999,38.389999,38.079872,27400
2018-10-24,38.290001,38.700001,37.400002,37.830002,37.524395,13700
2018-10-25,38.040001,39.150002,38.000000,38.759998,38.446877,25700
2018-10-26,38.639999,39.730000,38.000000,38.060001,37.752541,21100
2018-10-29,38.500000,39.169998,38.330002,38.720001,38.407207,18300
2018-10-30,38.849998,39.410000,38.320000,38.950001,38.635349,16200
2018-10-31,38.709999,39.150002,38.000000,38.759998,38.446877,7700
2018-11-01,38.919998,39.360001,38.020000,39.299999,38.982517,21900
2018-11-02,39.549999,41.400002,39.549999,41.189999,40.857250,30200
2018-11-05,41.299999,43.570000,41.063000,42.529999,42.186424,25100
2018-11-06,42.419998,44.259998,42.027000,44.060001,43.704067,13400
2018-11-07,44.453999,44.470001,43.990002,44.270000,43.912369,15200
2018-11-08,44.189999,45.840000,44.185001,45.840000,45.469688,8800
2018-11-09,45.680000,46.049999,45.369999,45.480000,45.112595,11300
2018-11-12,45.459999,46.860001,45.200001,46.330002,45.955727,17000
2018-11-13,45.919998,45.919998,44.529999,44.799999,44.438087,6800
2018-11-14,45.139999,45.139999,44.020000,44.360001,44.001644,5400
2018-11-15,44.070000,44.605000,43.049999,43.759998,43.406490,10700
2018-11-16,43.419998,43.889999,42.930000,43.630001,43.277546,7200
2018-11-19,43.599998,43.599998,42.820000,43.369999,43.019642,4900
2018-11-20,42.930000,42.930000,42.110001,42.110001,41.769821,3600
2018-11-21,42.360001,42.810001,42.040001,42.810001,42.464169,1800
2018-11-23,42.509998,43.500000,42.009998,43.220001,42.870853,4500
2018-11-26,43.360001,43.360001,41.660000,42.509998,42.166584,6400
2018-11-27,42.299999,43.194000,40.970001,41.450001,41.115154,6900
2018-11-28,41.630001,42.150002,41.500000,41.860001,41.521839,5200
2018-11-29,41.700001,42.779999,41.240002,41.840000,41.501999,7600
2018-11-30,41.650002,42.490002,41.320000,42.490002,42.146751,19100
2018-12-03,43.189999,43.189999,41.770000,42.400002,42.057480,20600
2018-12-04,42.250000,42.974998,41.259998,41.349998,41.015957,10400
2018-12-06,41.529999,41.529999,40.310001,41.360001,41.025883,14300
2018-12-07,41.349998,41.680000,40.290001,40.470001,40.143070,11200
2018-12-10,40.509998,40.509998,35.230000,35.580002,35.292576,19400
2018-12-11,35.950001,36.000000,33.119999,33.669998,33.397999,22500
2018-12-12,34.110001,34.320000,32.590000,33.169998,32.902042,24700
2018-12-13,33.250000,34.630001,33.250000,34.090000,33.814606,17500
2018-12-14,34.139999,35.230000,33.910000,34.540001,34.260975,19000
2018-12-17,33.889999,35.470001,33.634998,34.720001,34.439522,43000
2018-12-18,34.889999,35.264999,33.470001,34.150002,33.874126,49500
2018-12-19,34.220001,34.509998,33.419998,33.980000,33.705498,42200
2018-12-20,33.840000,35.590000,33.779999,35.410000,35.123947,40200
2018-12-21,35.439999,36.014999,35.169998,35.560001,35.272732,40700
2018-12-24,35.349998,36.169998,35.250000,35.470001,35.282681,6300
2018-12-26,35.669998,36.470001,35.518002,36.080002,35.889462,7000
2018-12-27,35.680000,35.970001,34.130001,34.500000,34.317802,19100
2018-12-28,34.560001,34.560001,33.330002,33.689999,33.512077,14900
2018-12-31,33.590000,36.169998,33.590000,35.230000,35.043945,17300
2019-01-02,34.849998,35.820000,34.849998,35.639999,35.451782,7600
2019-01-03,35.520000,36.500000,35.520000,36.160000,35.969036,8500
2019-01-04,36.520000,36.520000,35.959999,36.000000,35.809879,7600
2019-01-07,36.090000,38.049999,35.020000,38.049999,37.849052,10900
2019-01-08,38.040001,39.200001,38.040001,38.250000,38.048000,9500
2019-01-09,38.450001,39.318001,37.619999,37.990002,37.789375,5600
2019-01-10,37.799999,38.273998,36.154999,38.080002,37.878899,10900
2019-01-11,37.930000,38.580002,37.294998,38.169998,37.968418,9000
2019-01-14,37.700001,39.020000,37.414001,39.020000,38.813931,10200
2019-01-15,39.099998,39.265999,37.959999,38.650002,38.445889,4900
2019-01-16,38.730000,39.880001,38.599998,39.340000,39.132240,11400
2019-01-17,39.320000,40.189999,38.950001,40.110001,39.898178,7700
2019-01-18,40.080002,41.169998,39.224998,40.619999,40.405483,19900
2019-01-22,40.700001,40.700001,38.689999,39.070000,38.863667,14200
2019-01-23,39.139999,40.009998,38.160000,40.009998,39.798702,2700
2019-01-24,39.930000,41.094002,38.650002,39.939999,39.729073,7600
2019-01-25,40.040001,41.004002,39.990002,40.349998,40.136906,3600
2019-01-28,40.099998,40.950001,39.713001,40.950001,40.733738,4600
2019-01-29,40.919998,41.480000,40.209999,41.110001,40.892895,7500
2019-01-30,41.299999,41.939999,40.368000,40.639999,40.425373,10600
2019-01-31,40.650002,42.389999,40.321999,42.389999,42.166134,8100
2019-02-01,42.500000,43.080002,40.542999,41.759998,41.539463,15200
2019-02-04,41.417000,43.330002,41.393002,42.259998,42.036819,8800
2019-02-05,42.840000,43.250000,42.168999,42.730000,42.504337,6000
2019-02-06,42.500000,43.430000,42.011002,43.430000,43.200642,6800
2019-02-07,43.450001,43.450001,42.849998,42.849998,42.623703,3500
2019-02-08,43.029999,43.046001,42.160000,42.160000,41.937351,8200
2019-02-11,42.360001,43.209999,41.369999,41.939999,41.718510,6900
2019-02-12,42.000000,42.799999,41.410000,42.599998,42.375027,4700
2019-02-13,42.500000,42.500000,41.560001,42.279999,42.056713,4600
2019-02-14,41.860001,42.240002,41.064999,42.200001,41.977142,6900
2019-02-15,42.250000,42.480000,41.417000,42.130001,41.907509,5500
2019-02-19,42.340000,42.430000,41.669998,41.680000,41.459885,12500
2019-02-20,41.709999,42.290001,40.970001,41.840000,41.619038,7800
2019-02-21,41.400002,42.200001,41.028000,41.730000,41.509621,8800
2019-02-22,42.250000,42.919998,42.000000,42.700001,42.474499,6300
2019-02-25,42.560001,42.639999,42.540001,42.540001,42.315342,3400
2019-02-26,42.730000,43.020000,41.770000,42.400002,42.176083,4500
2019-02-27,42.619999,43.000000,42.009998,43.000000,42.772911,2700
2019-02-28,43.009998,43.009998,42.529999,42.529999,42.305393,3200
2019-03-01,42.990002,42.990002,41.599998,41.939999,41.718510,6000
2019-03-04,41.650002,44.459999,41.419998,44.459999,44.225201,12200
2019-03-05,44.380001,45.580002,44.380001,45.430000,45.190083,4700
2019-03-06,45.560001,45.575001,44.480000,44.959999,44.722561,8300
2019-03-07,44.520000,44.520000,44.209999,44.259998,44.026260,3400
2019-03-08,44.250000,45.139999,44.240002,44.299999,44.066048,3000
2019-03-11,44.200001,44.205002,43.169998,43.169998,42.942013,4300
2019-03-12,42.939999,44.500000,42.939999,44.310001,44.075996,8500
2019-03-13,44.299999,44.299999,43.426998,44.270000,44.036205,4300
2019-03-14,43.750000,44.419998,43.750000,44.310001,44.075996,8000
2019-03-15,44.180000,44.180000,42.941002,43.020000,42.792809,28200
2019-03-18,42.869999,42.869999,38.750000,38.840000,38.634884,17500
2019-03-19,39.209999,40.279999,39.202999,40.279999,40.067276,11200
2019-03-20,41.340000,41.340000,39.959999,39.959999,39.748966,6000
2019-03-21,40.000000,41.002998,39.970001,40.110001,39.898178,6400
2019-03-22,39.830002,40.299000,38.575001,38.790001,38.585148,10800
2019-03-25,38.900002,39.310001,38.716000,38.869999,38.664726,6800
2019-03-26,39.009998,40.669998,39.009998,39.830002,39.619656,16300
2019-03-27,39.570000,40.067001,39.150002,39.750000,39.540077,7300
2019-03-28,39.540001,39.880001,39.040001,39.700001,39.490341,6800
2019-03-29,39.630001,40.320000,39.560001,39.560001,39.351082,6200
2019-04-01,40.369999,40.369999,40.040001,40.040001,39.828545,1000
2019-04-02,40.035000,40.299999,39.439999,39.910000,39.699230,10100
2019-04-03,39.910000,40.720001,39.139999,39.250000,39.042717,5800
2019-04-04,39.110001,39.540001,38.779999,38.779999,38.575199,6900
2019-04-05,38.939999,39.150002,38.630001,38.630001,38.425991,5700
2019-04-08,38.665001,38.860001,38.320000,38.830002,38.624939,5700
2019-04-09,38.750000,39.680000,38.750000,39.279999,39.072559,3200
2019-04-10,39.090000,40.860001,38.720001,40.360001,40.146854,8300
2019-04-11,40.110001,40.639000,38.919998,40.110001,39.898178,10500
2019-04-12,39.939999,40.500000,38.978001,39.509998,39.301342,18700
2019-04-15,39.570000,39.880001,38.700001,39.330002,39.122295,9300
2019-04-16,39.520000,39.750000,39.380001,39.509998,39.301342,4700
2019-04-17,38.955002,39.900002,38.955002,39.590000,39.380924,7700
2019-04-18,39.500000,40.810001,39.500000,40.810001,40.594479,7500
2019-04-22,40.810001,40.810001,40.169998,40.169998,39.957859,1800
2019-04-23,40.240002,40.240002,39.509998,39.669998,39.460499,4800
2019-04-24,40.009998,40.264999,39.840000,40.020000,39.808655,3400
2019-04-25,39.680000,40.279999,39.680000,40.279999,40.067276,2100
2019-04-26,40.009998,40.520000,40.009998,40.520000,40.306011,1400
2019-04-29,41.549999,41.549999,40.570000,40.570000,40.355747,2000
2019-04-30,41.240002,41.610001,40.410000,41.310001,41.091843,5700
2019-05-01,40.849998,40.946999,40.000000,40.000000,39.788757,4000
2019-05-02,39.810001,40.419998,39.810001,40.419998,40.206539,3000
2019-05-03,40.169998,40.910000,40.049999,40.200001,39.987701,1700
2019-05-06,40.029999,40.638000,39.490002,39.490002,39.281452,2000
2019-05-07,43.439999,43.439999,40.500000,40.560001,40.345802,4000
2019-05-08,41.200001,41.200001,40.040001,40.099998,39.888226,3300
2019-05-09,39.905998,39.905998,39.040001,39.770000,39.559971,2400
2019-05-10,39.400002,39.660000,39.400002,39.410000,39.201874,4600
2019-05-13,39.111000,39.155998,38.680000,38.680000,38.475727,3900
2019-05-14,37.120998,38.439999,37.120998,38.439999,38.236992,5300
2019-05-15,38.279999,38.560001,38.250000,38.500000,38.296677,3000
2019-05-16,38.950001,39.869999,38.950001,39.869999,39.659443,1800
2019-05-17,39.610001,40.680000,39.480000,39.480000,39.271500,4200
2019-05-20,39.844002,39.844002,39.169998,39.650002,39.440605,2700
2019-05-21,39.570000,39.907001,39.240002,39.650002,39.440605,3300
2019-05-22,39.720001,39.720001,38.919998,39.490002,39.281452,3800
2019-05-23,38.950001,38.950001,38.279999,38.400002,38.197208,2000
2019-05-24,38.310001,38.930000,38.310001,38.930000,38.724407,2300
2019-05-28,38.619999,38.619999,37.310001,38.029999,37.829159,7200
2019-05-29,37.599998,38.245998,37.240002,37.939999,37.739635,6000
2019-05-30,37.740002,38.200001,37.310001,37.669998,37.471062,2100
2019-05-31,37.320000,37.578999,37.020000,37.310001,37.112965,3300
2019-06-03,37.160000,38.000000,36.696999,37.139999,36.943859,9500
2019-06-04,37.349998,37.599998,37.150002,37.200001,37.003544,3200
2019-06-05,37.419998,38.340000,37.134998,38.340000,38.137524,4200
2019-06-06,38.360001,38.360001,37.630001,38.290001,38.087788,3200
2019-06-07,38.150002,38.639999,37.540001,37.799999,37.600376,2300
2019-06-10,37.709999,38.240002,36.910000,37.000000,36.804600,6000
2019-06-11,37.340000,37.660000,36.695000,37.310001,37.112965,5100
2019-06-12,37.180000,37.730000,37.070000,37.070000,36.874229,5600
2019-06-13,37.279999,37.279999,36.750000,37.080002,36.884182,4600
2019-06-14,36.680000,37.115002,36.380001,36.990002,36.794655,4800
2019-06-17,36.799999,37.310001,36.799999,37.009998,36.914341,3600
2019-06-18,35.380001,36.410000,34.590000,35.669998,35.577805,14200
2019-06-19,36.064999,36.226002,35.000000,35.000000,34.909538,8000
2019-06-20,35.000000,35.904999,35.000000,35.110001,35.019253,14300
2019-06-21,35.020000,38.590000,34.869999,35.259998,35.168865,16200
2019-06-24,34.490002,35.849998,34.490002,35.180000,35.089073,18800
2019-06-25,35.000000,35.846001,35.000000,35.240002,35.148918,10900
2019-06-26,35.330002,35.560001,34.430000,34.430000,34.341011,6800
2019-06-27,34.750000,35.695000,34.150002,35.220001,35.128971,16600
2019-06-28,35.400002,37.419998,35.400002,37.400002,37.303337,262400
2019-07-01,37.419998,39.000000,37.419998,38.540001,38.440388,9100
2019-07-02,38.700001,39.869999,38.650002,39.619999,39.517597,3200
2019-07-03,39.900002,40.200001,38.060001,39.290001,39.188450,11800
2019-07-05,39.169998,40.486000,38.622002,39.270000,39.168503,3600
2019-07-08,39.369999,39.369999,38.639999,38.639999,38.540131,2600
2019-07-09,38.150002,40.139999,37.637001,39.349998,39.248295,2600
2019-07-10,39.299999,39.580002,39.060001,39.310001,39.208401,4100
2019-07-11,38.676998,39.480000,38.676998,39.450001,39.348038,2600
2019-07-12,39.400002,39.700001,38.500000,38.500000,38.400490,3200
2019-07-15,38.869999,38.869999,38.250000,38.549999,38.450363,2200
2019-07-16,38.259998,38.680000,38.259998,38.680000,38.580025,1600
2019-07-17,38.349998,38.349998,37.889999,37.889999,37.792068,2900
2019-07-18,38.500000,38.500000,38.310001,38.310001,38.210983,800
2019-07-19,38.240002,38.849998,38.240002,38.650002,38.550106,1800
2019-07-22,38.599998,38.599998,38.250000,38.389999,38.290775,1600
2019-07-23,37.790001,37.790001,37.790001,37.790001,37.692329,700
2019-07-24,37.599998,38.040001,37.599998,37.660000,37.562664,7400
2019-07-25,37.980000,38.130001,37.310001,37.310001,37.213570,9600
2019-07-26,37.959999,38.450001,36.549999,36.830002,36.734810,12200
2019-07-29,36.930000,37.180000,36.419998,37.000000,36.904369,5200
2019-07-30,37.139999,37.580002,37.110001,37.279999,37.183643,3200
2019-07-31,37.330002,37.759998,37.330002,37.369999,37.273411,5300
2019-08-01,37.520000,37.720001,37.099998,37.099998,37.004108,4100
2019-08-02,37.160000,37.410000,36.605000,36.669998,36.575218,3700
2019-08-05,35.869999,35.869999,35.750000,35.770000,35.677547,3400
2019-08-06,35.650002,36.250000,34.910000,36.250000,36.156307,4100
2019-08-07,36.119999,36.889999,36.119999,36.849998,36.754753,1600
2019-08-08,36.430000,36.980000,36.200001,36.200001,36.106438,5600
2019-08-09,36.650002,36.669998,36.360001,36.669998,36.575218,1800
2019-08-12,34.200001,36.480000,33.119999,35.669998,35.577805,500
2019-08-13,35.610001,36.380001,35.610001,36.340000,36.246075,2500
2019-08-14,35.209000,35.799999,35.000000,35.000000,34.909538,2400
2019-08-15,34.180000,35.619999,34.180000,35.619999,35.527935,1000
2019-08-16,35.849998,36.320000,35.849998,36.320000,36.226124,1300
2019-08-19,35.361000,36.560001,35.361000,36.389999,36.295944,4800
2019-08-20,34.099998,35.389999,34.099998,35.389999,35.298531,1000
2019-08-21,35.419998,35.419998,35.070000,35.070000,34.979355,1400
2019-08-22,35.310001,35.459999,34.939999,34.939999,34.849693,2200
2019-08-23,33.709999,34.520000,33.709999,34.470001,34.380909,6300
2019-08-26,34.610001,34.610001,33.660000,33.889999,33.802406,6100
2019-08-27,34.799999,34.810001,34.599998,34.720001,34.630264,2600
2019-08-28,34.619999,34.959999,34.310001,34.849998,34.759922,4600
2019-08-29,34.860001,35.555000,34.860001,34.970001,34.879616,1600
2019-08-30,34.709999,35.130001,34.709999,34.759998,34.670155,2800
2019-09-03,34.639999,35.063000,34.310001,34.599998,34.510571,5500
2019-09-04,34.880001,35.220001,33.840000,34.700001,34.610313,4200
2019-09-05,35.130001,35.320000,34.049999,34.349998,34.261215,8900
2019-09-06,33.990002,35.000000,32.119999,34.599998,34.510571,64700
2019-09-09,34.770000,35.240002,34.680000,34.900002,34.809799,2400
2019-09-10,35.000000,35.790001,35.000000,35.480000,35.388298,10200
2019-09-11,35.820000,36.900002,35.820000,36.349998,36.256046,4300
2019-09-12,36.369999,37.389999,35.931999,37.180000,37.083904,6700
2019-09-13,36.509998,37.500000,36.500000,36.500000,36.405663,6900
2019-09-16,36.619999,36.709999,35.869999,36.500000,36.405663,6400
2019-09-17,36.866001,36.866001,36.340000,36.340000,36.246075,4200
2019-09-18,36.630001,36.630001,35.849998,36.500000,36.405663,5700
2019-09-19,35.660000,36.810001,35.660000,36.810001,36.714859,4200
2019-09-20,36.750000,36.750000,35.810001,35.990002,35.896980,12000
2019-09-23,35.970001,36.450001,35.970001,36.040001,35.946850,4400
2019-09-24,36.310001,36.310001,35.619999,35.730000,35.637650,2600
2019-09-25,35.830002,36.810001,35.799999,36.000000,35.906952,6200
2019-09-26,36.270000,36.270000,35.750000,36.000000,35.906952,4600
2019-09-27,35.900002,35.900002,35.470001,35.470001,35.378323,4700
2019-09-30,34.991001,35.740002,34.939999,35.590000,35.498013,7000
2019-10-01,35.950001,37.349998,35.950001,37.349998,37.253464,8700
2019-10-02,37.360001,37.680000,36.910000,37.240002,37.143749,5400
2019-10-03,37.439999,38.570000,37.439999,38.570000,38.470310,5500
2019-10-04,40.638000,40.638000,39.139999,39.540001,39.437805,7000
2019-10-07,39.189999,39.959999,38.810001,39.599998,39.497646,4000
2019-10-08,39.700001,41.220001,39.360001,39.419998,39.318111,23400
2019-10-09,39.840000,40.139999,38.660000,39.240002,39.138580,24300
2019-10-10,39.500000,39.790001,38.560001,38.639999,38.540131,4600
2019-10-11,39.130001,39.130001,37.500000,37.790001,37.692329,6000
2019-10-14,37.580002,37.790001,36.650002,36.650002,36.555275,1600
2019-10-15,36.980000,36.980000,36.101002,36.740002,36.645042,4800
2019-10-16,36.209999,36.424000,35.880001,35.880001,35.787266,3500
2019-10-17,35.869999,36.630001,35.619999,36.240002,36.146336,4700
2019-10-18,36.139999,36.150002,35.930000,36.020000,35.926903,2400
2019-10-21,35.540001,36.990002,35.430000,36.430000,36.335842,15000
2019-10-22,36.580002,37.250000,36.580002,37.250000,37.153721,3100
2019-10-23,37.400002,38.590000,37.400002,38.590000,38.490257,2500
2019-10-24,38.700001,39.235001,38.459999,38.459999,38.360596,3000
2019-10-25,37.826000,39.950001,37.826000,39.950001,39.846745,3400
2019-10-28,40.020000,40.115002,39.450001,39.450001,39.348038,4300
2019-10-29,39.639999,39.990002,39.242001,39.950001,39.846745,2800
2019-10-30,39.919998,40.025002,38.200001,39.889999,39.786900,4700
2019-10-31,39.549999,40.599998,38.570000,40.599998,40.495064,6800
2019-11-01,40.799999,40.799999,40.189999,40.700001,40.594807,3400
2019-11-04,40.790001,41.049999,40.509998,40.509998,40.405296,6700
2019-11-05,40.439999,40.549999,39.740002,39.930000,39.826797,4700
2019-11-06,39.669998,39.669998,38.639999,39.290001,39.188450,3200
2019-11-07,38.610001,38.930000,38.610001,38.930000,38.829380,1500
2019-11-08,38.790001,38.959999,38.790001,38.959999,38.859303,1600
2019-11-11,38.680000,39.160000,38.680000,39.160000,39.058784,1000
2019-11-12,39.500000,39.500000,38.500000,38.500000,38.400490,1200
2019-11-13,38.200001,38.200001,37.500000,37.799999,37.702301,2300
2019-11-14,37.610001,38.610001,37.490002,38.610001,38.510208,1900
2019-11-15,38.619999,38.619999,37.689999,37.689999,37.592583,3500
2019-11-18,37.799999,37.799999,33.919998,35.459999,35.368347,10900
2019-11-19,35.881001,36.000000,35.509998,36.000000,35.906952,3500
2019-11-20,35.549999,36.419998,35.549999,35.770000,35.677547,4400
2019-11-21,35.830002,36.060001,35.369999,35.790001,35.697498,6100
2019-11-22,35.029999,36.180000,35.029999,36.180000,36.086487,4100
2019-11-25,36.794998,37.660000,36.389999,36.549999,36.455532,5200
2019-11-26,36.570000,36.570000,35.610001,36.090000,35.996719,31000
2019-11-27,35.430000,36.490002,35.430000,36.180000,36.086487,4800
2019-11-29,34.759998,36.099998,34.759998,36.099998,36.006695,700
2019-12-02,35.709999,36.270000,35.709999,36.270000,36.176254,4200
2019-12-03,35.520000,36.500000,35.520000,36.500000,36.405663,2900
2019-12-04,36.540001,36.540001,35.590000,36.020000,35.926903,8800
2019-12-05,34.224998,36.790001,34.224998,36.689999,36.595169,4000
2019-12-06,36.590000,36.590000,36.009998,36.130001,36.036617,5500
2019-12-09,36.279999,36.349998,35.650002,36.000000,35.906952,3200
2019-12-10,35.160000,36.020000,35.160000,35.930000,35.837135,6300
2019-12-11,35.900002,36.580002,35.900002,36.470001,36.375740,2200
2019-12-12,36.779999,36.779999,36.160000,36.160000,36.066540,3900
2019-12-13,36.340000,36.410999,35.029999,35.560001,35.468090,7800
2019-12-16,35.419998,36.630001,35.419998,36.439999,36.345814,22500
2019-12-17,36.480000,36.799999,36.080002,36.799999,36.704884,10900
2019-12-18,36.669998,37.860001,36.410000,37.500000,37.403076,17200
2019-12-19,37.750000,38.849998,37.689999,38.849998,38.749584,15200
2019-12-20,39.049999,39.049999,38.279999,38.709999,38.609947,17400
2019-12-23,38.709999,39.320000,38.650002,38.689999,38.590000,16600
2019-12-24,38.590000,38.889999,38.439999,38.439999,38.439999,1700
2019-12-26,38.849998,39.610001,38.849998,39.299999,39.299999,6400
2019-12-27,39.200001,39.730000,39.200001,39.730000,39.730000,3000
2019-12-30,39.610001,39.750000,39.060001,39.290001,39.290001,8000
2019-12-31,39.360001,39.389999,39.049000,39.200001,39.200001,4100
2020-01-02,39.166000,39.740002,39.070000,39.490002,39.490002,2400
2020-01-03,39.299999,39.779999,38.958000,39.500000,39.500000,2500
2020-01-06,38.490002,39.790001,38.490002,39.790001,39.790001,3300
2020-01-07,39.540001,39.669998,38.590000,39.160000,39.160000,6200
2020-01-08,38.889999,39.790001,38.560001,39.790001,39.790001,6400
2020-01-09,39.830002,39.830002,39.750000,39.750000,39.750000,1800
2020-01-10,39.520000,39.520000,39.099998,39.500000,39.500000,5100
2020-01-13,39.250000,42.759998,39.250000,42.759998,42.759998,23000
2020-01-14,43.160000,47.779999,43.029999,47.770000,47.770000,13000
2020-01-15,48.299999,48.501999,47.049999,48.419998,48.419998,21400
2020-01-16,48.160000,52.820000,48.134998,50.410000,50.410000,10200
2020-01-17,51.200001,52.595001,50.160000,51.080002,51.080002,21400
2020-01-21,50.709999,65.459999,50.549999,63.580002,63.580002,42700
2020-01-22,64.900002,64.900002,56.000000,57.220001,57.220001,30700
2020-01-23,57.480000,57.480000,46.959999,47.340000,47.340000,26100
2020-01-24,47.340000,47.779999,42.299999,42.349998,42.349998,30000
2020-01-27,42.500000,48.540001,42.500000,43.759998,43.759998,28100
2020-01-28,43.349998,45.000000,43.040001,43.880001,43.880001,11700
2020-01-29,43.689999,43.689999,41.099998,41.459999,41.459999,15200
2020-01-30,42.110001,43.700001,41.730000,42.790001,42.790001,21900
2020-01-31,42.299999,42.730000,41.189999,41.770000,41.770000,20300
2020-02-03,42.320000,43.410000,42.020000,42.279999,42.279999,10900
2020-02-04,42.490002,43.299999,41.799999,41.799999,41.799999,16300
2020-02-05,42.160000,44.299999,41.730000,43.889999,43.889999,15200
2020-02-06,43.937000,45.430000,43.590000,43.720001,43.720001,19700
2020-02-07,43.700001,44.158001,41.290001,41.290001,41.290001,12600
2020-02-10,41.700001,42.730000,41.090000,41.119999,41.119999,12400
2020-02-11,41.860001,43.400002,41.799999,42.549999,42.549999,11100
2020-02-12,42.320999,43.889999,42.110001,42.709999,42.709999,17600
2020-02-13,43.020000,44.000000,42.310001,42.709999,42.709999,16100
2020-02-14,42.169998,44.299999,42.169998,43.450001,43.450001,18200
2020-02-18,43.660000,44.500000,42.980000,42.980000,42.980000,9800
2020-02-19,43.080002,44.910000,43.080002,43.799999,43.799999,9900
2020-02-20,44.200001,45.500000,43.484001,44.750000,44.750000,11200
2020-02-21,44.599998,45.299999,43.099998,43.470001,43.470001,13300
2020-02-24,42.470001,42.580002,39.255001,39.470001,39.470001,25700
2020-02-25,39.830002,40.799999,37.985001,39.000000,39.000000,17800
2020-02-26,38.415001,40.509998,38.130001,40.000000,40.000000,9500
2020-02-27,38.778999,39.220001,38.349998,38.349998,38.349998,8100
2020-02-28,38.439999,41.150002,38.439999,41.150002,41.150002,10600
2020-03-02,40.009998,42.630001,40.009998,42.630001,42.630001,5500
2020-03-03,42.549999,44.830002,41.500000,42.779999,42.779999,16300
2020-03-04,43.400002,44.000000,42.575001,43.099998,43.099998,14900
2020-03-05,41.700001,41.900002,39.619999,40.369999,40.369999,11300
2020-03-06,38.000000,40.689999,38.000000,39.130001,39.130001,12900
2020-03-09,39.702999,39.775002,38.330002,39.209999,39.209999,7600
2020-03-10,40.209999,40.939999,38.410000,40.020000,40.020000,19500
2020-03-11,43.020000,43.020000,36.509998,36.509998,36.509998,19100
2020-03-12,35.509998,36.950001,33.500000,34.310001,34.310001,39200
2020-03-13,35.310001,36.775002,33.619999,35.590000,35.590000,19900
2020-03-16,34.590000,34.590000,31.840000,31.860001,31.860001,19800
2020-03-17,31.980000,35.959999,31.980000,35.959999,35.959999,10600
2020-03-18,34.959999,35.720001,30.420000,31.100000,31.100000,20100
2020-03-19,30.400000,34.189999,29.920000,32.889999,32.889999,17700
2020-03-20,32.590000,33.374001,26.340000,27.480000,27.480000,34900
2020-03-23,27.059999,27.490000,25.565001,26.180000,26.180000,19000
2020-03-24,27.100000,28.950001,26.920000,28.410000,28.410000,26200
2020-03-25,28.250000,29.570000,27.590000,28.250000,28.250000,14400
2020-03-26,28.160000,31.000000,28.160000,29.719999,29.719999,10300
2020-03-27,29.299999,30.650000,28.910000,28.910000,28.910000,6900
2020-03-30,28.950001,30.860001,28.950001,30.860001,30.860001,6300
2020-03-31,30.160000,31.020000,28.590000,30.600000,30.600000,20600
2020-04-01,30.010000,30.920000,24.830000,26.180000,26.180000,41400
2020-04-02,25.990000,27.309999,24.330000,27.170000,27.170000,14600
2020-04-03,27.320000,28.190001,25.990000,26.650000,26.650000,24500
2020-04-06,27.799999,39.660000,26.700001,39.660000,39.660000,32200
2020-04-07,40.900002,40.990002,35.639999,36.439999,36.439999,33200
2020-04-08,36.049999,37.950001,34.869999,35.689999,35.689999,11800
2020-04-09,36.099998,36.709999,34.770000,36.150002,36.150002,10800
2020-04-13,35.730000,35.810001,32.430000,34.590000,34.590000,12700
2020-04-14,35.000000,35.610001,34.060001,34.799999,34.799999,15000
2020-04-15,33.799999,34.900002,33.299999,33.880001,33.880001,12800
2020-04-16,34.509998,34.674999,32.700001,33.320000,33.320000,25200
2020-04-17,33.900002,37.410000,33.759998,36.590000,36.590000,17000
2020-04-20,35.419998,36.709999,34.189999,35.430000,35.430000,15600
2020-04-21,34.939999,35.180000,33.439999,33.930000,33.930000,18100
2020-04-22,34.490002,36.630001,34.490002,36.110001,36.110001,15300
2020-04-23,35.950001,37.700001,35.480000,36.000000,36.000000,11900
2020-04-24,35.939999,36.709999,35.000000,36.080002,36.080002,12300
2020-04-27,36.049999,37.669998,35.790001,36.250000,36.250000,22700
2020-04-28,36.790001,38.799999,36.470001,38.570000,38.570000,23600
2020-04-29,39.700001,41.110001,39.299999,39.480000,39.480000,17500
2020-04-30,38.830002,40.130001,37.689999,38.270000,38.270000,10300
2020-05-01,36.689999,38.162998,35.570000,35.980000,35.980000,14300
2020-05-04,35.735001,36.325001,33.910000,36.279999,36.279999,10200
2020-05-05,37.250000,37.849998,35.939999,36.200001,36.200001,11500
2020-05-06,36.910000,37.930000,34.485001,34.590000,34.590000,22100
2020-05-07,35.000000,37.619999,34.689999,36.720001,36.720001,15000