Date,Open,High,Low,Close,Adj Close,Volume
2018-11-05,28.389999,30.070000,28.070000,29.129999,28.838936,1963500
2018-11-06,29.209999,29.500000,28.330000,28.330000,28.046930,1883400
2018-11-07,28.450001,30.360001,27.570000,29.490000,29.195337,1640200
2018-11-08,29.500000,34.915001,29.280001,32.930000,32.600971,2718900
2018-11-09,32.889999,33.514000,31.549999,32.580002,32.254463,1394200
2018-11-12,32.599998,32.599998,30.049999,30.309999,30.007149,586400
2018-11-13,31.180000,31.600000,30.500000,30.879999,30.571449,854800
2018-11-14,30.530001,31.840000,30.309999,30.850000,30.541754,766600
2018-11-15,30.309999,31.740000,30.309999,31.330000,31.016954,529100
2018-11-16,31.799999,31.799999,30.719999,31.299999,30.987253,583200
2018-11-19,31.299999,32.250000,30.100000,30.299999,29.997248,340600
2018-11-20,29.879999,30.000000,28.459999,29.600000,29.304241,531300
2018-11-21,29.719999,29.940001,28.709999,28.790001,28.502335,132300
2018-11-23,28.740000,28.780001,27.580000,27.799999,27.522226,142200
2018-11-26,28.420000,28.860001,26.980000,27.180000,26.908424,446800
2018-11-27,27.530001,28.254999,26.980000,27.820000,27.542027,319600
2018-11-28,27.650000,28.000000,26.760000,27.850000,27.571728,399800
2018-11-29,27.920000,28.261999,26.000000,26.270000,26.007513,382800
2018-11-30,26.010000,27.639999,26.010000,27.340000,27.066826,428800
2018-12-03,28.000000,29.820000,27.280001,29.330000,29.036942,486200
2018-12-04,29.120001,29.389999,26.760000,26.820000,26.552021,331300
2018-12-06,26.389999,27.370001,26.202999,26.520000,26.255018,458500
2018-12-07,28.020000,28.809999,26.299999,26.330000,26.066916,396200
2018-12-10,25.860001,26.440001,25.000000,25.120001,24.869007,519000
2018-12-11,25.520000,25.650000,23.969999,23.969999,23.730495,417900
2018-12-12,24.080000,24.639999,23.402000,24.510000,24.265102,649000
2018-12-13,24.940001,25.150000,24.485001,24.770000,24.522503,546500
2018-12-14,24.600000,25.170000,24.209999,24.370001,24.126499,533300
2018-12-17,24.299999,24.309999,23.650000,23.750000,23.512695,541500
2018-12-18,23.799999,24.219999,23.110001,23.270000,23.037491,470000
2018-12-19,23.240000,24.150000,22.990000,23.120001,22.888990,651300
2018-12-20,23.070000,24.690001,22.940001,24.459999,24.215599,697500
2018-12-21,24.430000,24.700001,23.629999,24.490000,24.245302,1197500
2018-12-24,24.490000,24.830000,24.400000,24.700001,24.453203,180900
2018-12-26,24.629999,26.000000,24.629999,25.719999,25.463011,222600
2018-12-27,25.480000,26.480000,24.379999,26.459999,26.195614,481500
2018-12-28,26.540001,27.875000,26.381001,27.450001,27.175724,226300
2018-12-31,27.620001,28.160000,26.910999,27.690001,27.413328,207900
2019-01-02,27.480000,28.270000,26.569000,28.260000,27.977631,334500
2019-01-03,28.049999,28.600000,27.959999,28.280001,27.997431,309600
2019-01-04,28.500000,29.350000,28.389999,29.010000,28.720137,223000
2019-01-07,29.000000,30.510000,28.629999,30.450001,30.145748,723600
2019-01-08,30.790001,31.000000,29.990000,30.219999,29.918045,598200
2019-01-09,30.170000,30.170000,29.219999,29.250000,28.957739,198700
2019-01-10,29.110001,29.549999,28.520000,28.709999,28.423136,134600
2019-01-11,28.440001,29.360001,28.250000,29.280001,28.987438,192400
2019-01-14,29.190001,30.250000,29.190001,29.660000,29.413872,145200
2019-01-15,29.600000,29.870001,28.290001,29.570000,29.324617,209900
2019-01-16,29.389999,30.020000,29.240000,29.660000,29.413872,229900
2019-01-17,29.410000,29.870001,29.360001,29.780001,29.532877,262100
2019-01-18,29.969999,30.240000,29.400000,29.809999,29.562628,459300
2019-01-22,29.360001,29.610001,28.750000,29.000000,28.759348,343800
2019-01-23,29.170000,29.240000,28.180000,28.670000,28.432085,167200
2019-01-24,28.660000,29.250000,28.639999,29.000000,28.759348,268300
2019-01-25,29.139999,29.620001,28.780001,29.350000,29.106445,237400
2019-01-28,28.980000,29.070000,28.370001,28.530001,28.293251,284600
2019-01-29,28.670000,29.480000,28.590000,29.120001,28.878355,137600
2019-01-30,29.290001,29.680000,28.219999,29.059999,28.818851,148000
2019-01-31,28.969999,29.910000,28.930000,29.430000,29.185780,291200
2019-02-01,29.389999,29.650000,28.760000,29.000000,28.759348,96400
2019-02-04,28.940001,29.530001,28.700001,29.500000,29.255199,132800
2019-02-05,29.610001,30.097000,29.000000,29.629999,29.384119,228500
2019-02-06,29.520000,29.650000,29.073000,29.360001,29.116360,209000
2019-02-07,29.360001,29.895000,29.120001,29.420000,29.175863,209400
2019-02-08,29.410000,29.709999,28.950001,29.530001,29.284950,93600
2019-02-11,29.490000,29.650000,29.309000,29.600000,29.354370,145200
2019-02-12,29.740000,31.580000,29.660000,29.930000,29.681631,460800
2019-02-13,29.809999,30.459999,28.510000,29.750000,29.503124,260300
2019-02-14,29.690001,30.580000,29.590000,30.389999,30.137814,282000
2019-02-15,30.500000,31.600000,30.245001,31.459999,31.198936,374600
2019-02-19,31.320000,32.500000,30.799999,31.590000,31.327854,321600
2019-02-20,31.650000,32.380001,31.370001,32.209999,31.942709,413300
2019-02-21,32.130001,32.179001,31.110001,31.520000,31.258436,265800
2019-02-22,31.570000,31.780001,30.959999,31.000000,30.742750,221300
2019-02-25,31.170000,31.639999,31.025000,31.420000,31.159266,315900
2019-02-26,31.480000,32.230000,30.959999,31.549999,31.288187,179600
2019-02-27,31.490000,31.930000,31.309999,31.889999,31.625366,145900
2019-02-28,33.650002,34.990002,32.810001,33.490002,33.212090,485900
2019-03-01,33.610001,34.389999,32.799999,33.930000,33.648441,314000
2019-03-04,34.160000,34.924999,33.700001,34.880001,34.590553,361900
2019-03-05,35.000000,35.150002,34.250000,34.650002,34.362469,351600
2019-03-06,34.770000,34.799999,34.139999,34.200001,33.916195,176300
2019-03-07,34.119999,34.279999,33.060001,33.200001,32.924496,400700
2019-03-08,33.060001,33.939999,32.270000,33.720001,33.440182,120600
2019-03-11,33.650002,34.290001,33.570000,34.099998,33.817028,133400
2019-03-12,34.169998,34.630001,33.610001,33.930000,33.648441,116500
2019-03-13,34.029999,34.330002,32.930000,32.950001,32.676575,372700
2019-03-14,32.950001,33.264999,31.700001,32.099998,31.833620,316000
2019-03-15,32.320000,32.880001,31.549999,31.930000,31.665033,1034400
2019-03-18,31.670000,32.279999,31.450001,31.520000,31.258436,364700
2019-03-19,31.500000,31.690001,29.830000,29.959999,29.711380,511300
2019-03-20,30.000000,30.650999,28.910000,29.889999,29.641962,449700
2019-03-21,29.770000,30.400000,29.730000,29.740000,29.493208,538000
2019-03-22,29.930000,30.780001,29.000000,29.040001,28.799017,385300
2019-03-25,29.139999,29.809999,28.340000,28.840000,28.600677,658400
2019-03-26,28.940001,29.680000,28.940001,29.250000,29.007273,459400
2019-03-27,29.240000,29.530001,28.340000,28.760000,28.521341,468900
2019-03-28,28.889999,30.570000,28.889999,29.750000,29.503124,435600
2019-03-29,29.770000,30.840000,29.700001,30.549999,30.296486,401500
2019-04-01,30.799999,31.980000,30.480000,30.719999,30.465075,312300
2019-04-02,30.709999,31.490000,30.059999,30.900000,30.643583,151300
2019-04-03,31.160000,32.250000,31.160000,31.510000,31.248518,364900
2019-04-04,31.480000,32.310001,31.459999,31.590000,31.327854,229800
2019-04-05,31.540001,31.680000,30.920000,31.299999,31.040260,155200
2019-04-08,31.270000,31.584999,30.950001,31.110001,30.851839,106400
2019-04-09,30.840000,31.059999,30.580000,30.820000,30.564245,132800
2019-04-10,30.730000,31.170000,30.440001,30.870001,30.613834,179400
2019-04-11,30.850000,31.090000,30.671000,30.870001,30.613834,110700
2019-04-12,30.930000,31.475000,30.245001,30.600000,30.395304,124300
2019-04-15,30.490000,31.010000,30.400999,30.709999,30.504566,81200
2019-04-16,30.709999,30.920000,30.355000,30.530001,30.325771,85100
2019-04-17,30.490000,30.730000,30.110001,30.250000,30.047646,182900
2019-04-18,30.270000,30.270000,29.520000,29.910000,29.709919,324800
2019-04-22,29.719999,31.059999,29.450001,30.959999,30.752893,363100
2019-04-23,30.840000,31.530001,30.770000,30.809999,30.603897,872200
2019-04-24,30.809999,31.549999,30.709999,31.059999,30.852224,202300
2019-04-25,30.889999,30.934000,30.020000,30.590000,30.385370,99700
2019-04-26,30.450001,31.170000,30.290001,30.860001,30.653563,94700
2019-04-29,30.809999,31.200001,30.580000,30.870001,30.663498,90800
2019-04-30,30.840000,31.420000,30.690001,31.129999,30.921755,243100
2019-05-01,31.090000,31.709999,30.770000,31.020000,30.812492,413800
2019-05-02,30.799999,30.990000,29.750000,30.290001,30.087378,291900
2019-05-03,33.590000,38.650002,32.500000,37.430000,37.179615,1383300
2019-05-06,36.189999,38.000000,36.099998,37.619999,37.368343,624300
2019-05-07,37.130001,37.130001,36.029999,36.599998,36.355167,338700
2019-05-08,36.560001,36.599998,36.009998,36.290001,36.047241,238900
2019-05-09,35.919998,36.349998,35.130001,36.060001,35.818783,159200
2019-05-10,35.630001,35.910000,35.200001,35.880001,35.639988,174000
2019-05-13,35.169998,35.939999,35.119999,35.610001,35.371792,216800
2019-05-14,35.480000,36.450001,35.419998,36.110001,35.868446,303300
2019-05-15,35.799999,37.060001,35.740002,36.160000,35.918110,159700
2019-05-16,36.099998,36.980000,36.090000,36.270000,36.027374,123800
2019-05-17,35.799999,36.230000,35.240002,35.580002,35.341991,388500
2019-05-20,35.400002,35.900002,34.901001,35.389999,35.153263,459000
2019-05-21,35.560001,36.529999,35.360001,36.369999,36.126705,465700
2019-05-22,36.080002,36.686001,35.750000,36.029999,35.788979,293600
2019-05-23,35.639999,35.750000,34.750000,35.380001,35.143326,252500
2019-05-24,35.360001,36.000000,34.270000,34.419998,34.189751,395400
2019-05-28,34.360001,34.900002,34.259998,34.549999,34.318874,202600
2019-05-29,34.230000,34.709999,33.689999,34.240002,34.010960,135800
2019-05-30,34.259998,35.665001,34.259998,35.000000,34.765869,247000
2019-05-31,34.590000,34.660000,33.660000,33.889999,33.663296,303300
2019-06-03,33.869999,34.849998,33.610001,34.630001,34.398346,342000
2019-06-04,35.000000,35.709999,34.290001,35.520000,35.282391,237700
2019-06-05,35.509998,36.630001,35.230000,36.200001,35.957840,364300
2019-06-06,36.240002,37.419998,36.049999,37.060001,36.812088,434400
2019-06-07,37.240002,39.139999,37.150002,38.340000,38.083527,758200
2019-06-10,38.480000,39.740002,38.400002,38.689999,38.431179,687000
2019-06-11,39.060001,39.060001,36.720001,36.860001,36.613430,284900
2019-06-12,36.950001,37.459999,35.639999,35.980000,35.739311,1141400
2019-06-13,36.180000,37.090000,36.020000,37.000000,36.752495,516800
2019-06-14,37.020000,37.044998,36.320000,36.340000,36.096901,333800
2019-06-17,36.549999,36.919998,35.439999,35.459999,35.222790,406000
2019-06-18,35.759998,36.680000,35.759998,36.209999,35.967770,349700
2019-06-19,36.240002,36.380001,35.660000,36.029999,35.788979,501700
2019-06-20,36.590000,37.200001,36.049999,36.389999,36.146568,451000
2019-06-21,36.410000,37.240002,36.132999,36.570000,36.325363,751700
2019-06-24,36.560001,37.000000,35.880001,36.349998,36.106834,311000
2019-06-25,36.189999,36.540001,35.610001,35.900002,35.659851,372100
2019-06-26,35.930000,36.840000,35.930000,36.500000,36.255833,582300
2019-06-27,36.480000,37.849998,36.480000,36.980000,36.732624,472400
2019-06-28,37.060001,37.930000,36.880001,37.630001,37.378277,5586000
2019-07-01,38.150002,38.680000,37.250000,37.680000,37.427940,414800
2019-07-02,37.709999,38.099998,37.459999,37.880001,37.626606,415200
2019-07-03,37.970001,38.029999,36.290001,36.389999,36.146568,219200
2019-07-05,36.259998,37.480000,36.259998,37.290001,37.040550,360900
2019-07-08,37.099998,37.759998,36.540001,37.310001,37.060421,603900
2019-07-09,37.209999,37.639999,36.830002,37.130001,36.881622,529600
2019-07-10,37.240002,37.340000,36.020000,36.410000,36.166435,908600
2019-07-11,36.450001,36.689999,35.870998,36.689999,36.444565,292800
2019-07-12,36.680000,36.799999,36.029999,36.029999,35.837814,222000
2019-07-15,36.029999,36.119999,35.130001,35.500000,35.310642,237600
2019-07-16,35.490002,36.830002,35.439999,36.660000,36.464455,282600
2019-07-17,36.410000,36.919998,36.279999,36.680000,36.484348,224300
2019-07-18,36.560001,36.799999,36.009998,36.720001,36.524139,249100
2019-07-19,36.619999,37.020000,36.410000,36.439999,36.245628,328400
2019-07-22,36.340000,36.599998,35.509998,35.740002,35.549366,204600
2019-07-23,35.880001,36.849998,35.869999,36.750000,36.553974,195800
2019-07-24,36.450001,37.720001,36.450001,37.349998,37.150776,214200
2019-07-25,37.290001,37.900002,36.160000,36.299999,36.106377,161300
2019-07-26,36.389999,36.820000,36.169998,36.450001,36.255577,350000
2019-07-29,36.369999,36.580002,35.470001,35.709999,35.519524,337400
2019-07-30,35.500000,37.299999,35.500000,37.259998,37.061253,502200
2019-07-31,37.220001,37.990002,37.220001,37.500000,37.299976,497300
2019-08-01,37.320000,37.349998,35.680000,35.830002,35.638885,263100
2019-08-02,36.000000,36.779999,34.549999,35.160000,34.972458,840100
2019-08-05,34.700001,35.000000,33.500000,34.389999,34.206558,639600
2019-08-06,34.500000,34.810001,33.889999,34.450001,34.266247,376300
2019-08-07,34.099998,34.119999,32.959999,33.580002,33.400890,288000
2019-08-08,33.889999,34.360001,33.889999,34.029999,33.848484,446000
2019-08-09,34.029999,34.029999,32.799999,33.110001,32.933392,347900
2019-08-12,32.880001,33.080002,32.389999,32.730000,32.555416,504400
2019-08-13,32.360001,33.720001,32.360001,32.919998,32.744404,373600
2019-08-14,32.310001,32.500000,31.340000,31.770000,31.600538,388100
2019-08-15,31.820000,32.130001,30.721001,31.010000,30.844593,300100
2019-08-16,31.250000,32.419998,31.250000,32.029999,31.859150,388700
2019-08-19,32.549999,33.429001,32.270000,32.459999,32.286861,253200
2019-08-20,32.340000,32.950001,32.255001,32.660000,32.485790,251300
2019-08-21,33.049999,33.599998,32.939999,33.500000,33.321312,625300
2019-08-22,33.520000,33.810001,33.110001,33.369999,33.192005,237700
2019-08-23,33.189999,33.360001,31.520000,31.820000,31.650274,301600
2019-08-26,32.330002,32.840000,31.650000,32.020000,31.849207,213200
2019-08-27,32.259998,32.259998,30.840000,31.180000,31.013689,230400
2019-08-28,31.000000,31.730000,30.709999,31.510000,31.341927,174400
2019-08-29,31.870001,32.270000,31.660000,32.009998,31.839256,203600
2019-08-30,32.180000,32.840000,31.879999,32.490002,32.316700,241400
2019-09-03,32.090000,32.360001,31.620001,32.040001,31.869102,569000
2019-09-04,32.419998,33.529999,32.419998,33.419998,33.241734,337000
2019-09-05,33.770000,34.310001,33.750000,33.900002,33.719181,381000
2019-09-06,33.950001,33.950001,33.500000,33.830002,33.649551,213300
2019-09-09,33.970001,34.540001,33.910000,34.439999,34.256294,326700
2019-09-10,34.500000,35.049999,34.270000,34.520000,34.335873,696000
2019-09-11,34.549999,34.794998,34.320000,34.680000,34.495018,532500
2019-09-12,34.580002,34.820000,33.880001,34.490002,34.306034,495100
2019-09-13,34.500000,35.110001,34.470001,34.930000,34.743683,718300
2019-09-16,34.750000,35.000000,34.459999,34.639999,34.455231,213800
2019-09-17,34.430000,34.730000,34.060001,34.599998,34.415443,253400
2019-09-18,34.500000,34.790001,34.020000,34.730000,34.544750,417700
2019-09-19,34.849998,35.044998,34.250000,34.250000,34.067314,444000
2019-09-20,34.439999,34.639999,34.080002,34.349998,34.166775,647900
2019-09-23,34.090000,34.950001,33.970001,34.500000,34.315979,473200
2019-09-24,34.459999,34.639999,33.720001,33.810001,33.629662,485000
2019-09-25,33.849998,34.750000,33.709999,34.470001,34.286140,202600
2019-09-26,34.410000,34.459999,33.759998,34.090000,33.908165,107400
2019-09-27,34.200001,34.549999,33.990002,34.049999,33.868378,213300
2019-09-30,34.090000,34.590000,33.730000,34.209999,34.027523,453600
2019-10-01,34.450001,34.570000,33.529999,33.750000,33.569977,271400
2019-10-02,33.750000,33.759998,32.939999,33.430000,33.251682,310100
2019-10-03,33.230000,33.880001,32.919998,33.619999,33.440670,251900
2019-10-04,33.590000,33.950001,33.485001,33.889999,33.709232,355500
2019-10-07,33.770000,33.770000,33.200001,33.349998,33.172112,361900
2019-10-08,32.939999,33.200001,32.470001,32.560001,32.386326,240500
2019-10-09,32.889999,33.060001,32.549999,32.669998,32.495739,195100
2019-10-10,32.830002,33.400002,32.830002,33.189999,33.012966,429200
2019-10-11,33.500000,34.180000,32.959999,33.009998,32.883461,339300
2019-10-14,32.860001,33.514999,32.509998,33.369999,33.292511,238700
2019-10-15,33.470001,33.900002,33.160000,33.450001,33.372326,262400
2019-10-16,33.450001,33.990002,33.410000,33.689999,33.611767,256400
2019-10-17,33.689999,34.200001,33.389999,33.889999,33.811302,1566300
2019-10-18,33.730000,34.070000,33.224998,33.330002,33.252605,644300
2019-10-21,33.669998,35.689999,33.349998,34.590000,34.509678,699500
2019-10-22,34.650002,35.889999,34.369999,35.820000,35.736824,418000
2019-10-23,35.820000,36.220001,35.529999,35.669998,35.587170,285200
2019-10-24,35.610001,35.750000,35.009998,35.320000,35.237984,233000
2019-10-25,35.230000,36.180000,35.025002,35.860001,35.776730,161200
2019-10-28,36.000000,36.369999,35.669998,36.259998,36.175800,297800
2019-10-29,36.080002,37.099998,36.077000,37.000000,36.914085,297100
2019-10-30,37.080002,37.685001,36.845001,37.410000,37.323128,353000
2019-10-31,36.900002,38.480000,35.700001,38.410000,38.320808,671100
2019-11-01,38.560001,38.950001,37.439999,37.880001,37.792038,349400
2019-11-04,38.389999,39.430000,37.900002,39.220001,39.128925,797100
2019-11-05,39.360001,40.290001,39.285000,40.160000,40.066746,421200
2019-11-06,40.160000,40.160000,39.070000,39.110001,39.019184,484300
2019-11-07,39.480000,39.584999,38.320000,38.680000,38.590183,336800
2019-11-08,38.650002,39.169998,38.419998,38.869999,38.779739,173300
2019-11-11,38.660000,38.840000,38.470001,38.619999,38.530319,195600
2019-11-12,38.630001,38.720001,38.110001,38.340000,38.250973,161900
2019-11-13,38.070000,38.240002,37.410000,38.029999,37.941689,148000
2019-11-14,37.889999,38.490002,37.333000,38.290001,38.201088,208200
2019-11-15,38.310001,38.395000,38.080002,38.220001,38.131248,151200
2019-11-18,38.139999,38.514999,37.785000,38.279999,38.191109,250000
2019-11-19,38.389999,38.439999,38.139999,38.209999,38.121273,220500
2019-11-20,38.060001,38.619999,38.029999,38.419998,38.330784,523600
2019-11-21,38.509998,38.509998,37.990002,38.220001,38.131248,295200
2019-11-22,38.480000,38.570000,38.130001,38.279999,38.191109,210800
2019-11-25,38.240002,39.610001,38.049999,38.939999,38.849575,329400
2019-11-26,39.020000,39.660000,39.000000,39.520000,39.428234,228100
2019-11-27,39.650002,39.919998,39.290001,39.439999,39.348412,138300
2019-11-29,39.299999,39.395000,38.959999,39.209999,39.118950,218000
2019-12-02,39.299999,39.310001,38.720001,38.799999,38.709900,226900
2019-12-03,38.500000,38.790001,37.779999,38.680000,38.590183,192600
2019-12-04,38.740002,39.209999,38.490002,38.790001,38.699924,319300
2019-12-05,38.980000,39.330002,38.740002,39.310001,39.218719,401600
2019-12-06,39.820000,40.959999,39.590000,40.490002,40.395981,637600
2019-12-09,40.349998,40.639999,39.910000,40.029999,39.937046,313200
2019-12-10,40.049999,40.119999,39.759998,40.000000,39.907112,375200
2019-12-11,40.000000,40.419998,39.638000,40.070000,39.976955,209800
2019-12-12,40.070000,40.740002,40.005001,40.490002,40.395981,206800
2019-12-13,41.040001,43.630001,41.040001,43.330002,43.229385,648400
2019-12-16,43.520000,44.950001,43.500000,44.000000,43.897827,605400
2019-12-17,43.930000,44.654999,43.619999,44.340000,44.237038,371400
2019-12-18,44.529999,45.020000,44.240002,44.980000,44.875553,519300
2019-12-19,45.040001,45.849998,44.869999,45.759998,45.653740,556500
2019-12-20,45.910000,46.330002,44.430000,45.220001,45.114994,1106100
2019-12-23,45.369999,45.369999,44.860001,45.119999,45.015228,288200
2019-12-24,45.320000,45.380001,44.970001,45.250000,45.144928,76100
2019-12-26,45.209999,45.459999,44.764999,45.090000,44.985294,186400
2019-12-27,45.279999,45.306000,44.880001,44.900002,44.795742,208300
2019-12-30,44.810001,44.840000,44.180000,44.639999,44.536343,344400
2019-12-31,44.470001,45.000000,44.400002,44.549999,44.446552,371800
2020-01-02,44.779999,45.869999,44.520000,45.810001,45.703629,625100
2020-01-03,45.540001,45.980000,45.130001,45.700001,45.593880,317200
2020-01-06,45.259998,45.610001,45.119999,45.459999,45.354439,241400
2020-01-07,45.279999,45.619999,44.709999,45.049999,44.945389,199700
2020-01-08,45.020000,45.740002,44.990002,45.610001,45.504089,459300
2020-01-09,45.750000,46.330002,45.669998,46.160000,46.052814,327100
2020-01-10,45.990002,46.099998,44.790001,45.549999,45.444229,368600
2020-01-13,45.930000,46.130001,45.119999,45.880001,45.773464,204500
2020-01-14,45.610001,46.285000,45.250000,46.080002,46.023155,244400
2020-01-15,45.880001,47.000000,45.849998,46.570000,46.512550,268200
2020-01-16,46.970001,47.279999,46.700001,47.070000,47.011932,260100
2020-01-17,47.290001,47.470001,46.240002,46.520000,46.462612,243000
2020-01-21,46.209999,46.376999,45.770000,46.139999,46.083080,406600
2020-01-22,46.150002,46.450001,45.400002,45.450001,45.393932,228000
2020-01-23,45.290001,45.810001,44.451000,45.619999,45.563721,266000
2020-01-24,45.490002,45.619999,44.209999,44.770000,44.714771,215000
2020-01-27,44.029999,45.130001,43.990002,44.500000,44.445103,401000
2020-01-28,44.950001,45.490002,44.645000,45.150002,45.094303,321700
2020-01-29,45.150002,45.254002,44.520000,44.759998,44.704781,342200
2020-01-30,44.320000,44.854000,43.959999,44.810001,44.754723,181400
2020-01-31,44.470001,44.990002,43.689999,43.750000,43.696030,387900
2020-02-03,43.930000,44.529999,43.720001,43.880001,43.825871,264100
2020-02-04,44.520000,44.799999,43.779999,44.630001,44.574944,458600
2020-02-05,45.240002,46.869999,44.994999,46.660000,46.602440,310900
2020-02-06,46.779999,46.799999,45.700001,45.730000,45.673584,205700
2020-02-07,45.799999,45.799999,45.029999,45.240002,45.184193,134200
2020-02-10,45.020000,45.919998,44.872002,45.910000,45.853363,162500
2020-02-11,46.330002,47.125000,46.181000,46.389999,46.332771,175600
2020-02-12,46.759998,46.849998,46.084999,46.759998,46.702312,196300
2020-02-13,46.919998,47.849998,46.779999,47.669998,47.611191,252800
2020-02-14,47.730000,47.730000,46.740002,46.990002,46.932034,240800
2020-02-18,46.830002,47.160000,46.330002,46.650002,46.592453,148600
2020-02-19,46.820000,46.820000,44.560001,44.759998,44.704781,383800
2020-02-20,44.639999,46.099998,44.570000,45.599998,45.543743,291500
2020-02-21,45.549999,45.599998,44.200001,44.389999,44.335239,165400
2020-02-24,42.990002,43.612999,42.560001,43.360001,43.306511,219600
2020-02-25,43.580002,43.580002,40.830002,41.020000,40.969398,280900
2020-02-26,41.189999,41.555000,39.430000,39.430000,39.381359,281500
2020-02-27,39.299999,44.230000,38.220001,42.549999,42.497509,653000
2020-02-28,41.189999,43.189999,40.549999,42.959999,42.907001,747600
2020-03-02,43.000000,44.029999,41.570000,43.889999,43.835854,406700
2020-03-03,44.040001,44.849998,41.584999,42.480000,42.427593,440600
2020-03-04,43.160000,43.799999,42.185001,43.799999,43.745964,451100
2020-03-05,42.830002,43.965000,42.580002,43.360001,43.306511,318400
2020-03-06,41.939999,42.939999,40.209999,41.470001,41.418842,278300
2020-03-09,36.230000,39.070000,36.230000,36.750000,36.704662,335100
2020-03-10,37.619999,38.924999,36.669998,38.660000,38.612309,339000
2020-03-11,37.520000,37.705002,36.430000,37.040001,36.994308,285900
2020-03-12,34.779999,36.125000,32.720001,32.930000,32.889378,431500
2020-03-13,34.430000,37.180000,34.020000,37.180000,37.134132,445100
2020-03-16,32.450001,35.790001,32.450001,33.099998,33.059166,306200
2020-03-17,33.830002,37.049999,31.209999,36.980000,36.934380,457700
2020-03-18,34.009998,34.740002,28.820000,30.129999,30.092829,382100
2020-03-19,30.520000,32.105000,28.139999,30.340000,30.302572,477200
2020-03-20,30.080000,32.990002,29.389999,31.160000,31.121559,759600
2020-03-23,31.790001,32.345001,29.209999,30.440001,30.402449,369600
2020-03-24,31.910000,35.590000,31.230000,35.270000,35.226490,513400
2020-03-25,35.040001,37.730000,34.520000,35.169998,35.126610,540800
2020-03-26,35.939999,39.250000,35.009998,39.099998,39.051762,474300
2020-03-27,37.419998,39.400002,36.080002,36.380001,36.335121,270700
2020-03-30,36.480000,38.825001,35.770000,38.660000,38.612309,346200
2020-03-31,38.810001,39.900002,38.009998,39.740002,39.690975,517400
2020-04-01,37.630001,38.549999,36.439999,37.400002,37.353863,496400
2020-04-02,37.349998,38.200001,36.000000,36.599998,36.554848,354500
2020-04-03,36.040001,37.880001,36.040001,37.500000,37.453739,348500
2020-04-06,39.110001,40.637001,38.119999,40.259998,40.210331,344600
2020-04-07,41.580002,42.470001,36.430000,37.810001,37.763359,531600
2020-04-08,38.500000,40.549999,37.639999,39.750000,39.700962,371100
2020-04-09,40.759998,42.099998,40.250000,41.500000,41.448803,402900
2020-04-13,41.500000,41.500000,40.020000,40.529999,40.480000,302200
2020-04-14,41.610001,42.360001,40.070000,41.000000,41.000000,330200
2020-04-15,39.290001,40.209999,38.709999,39.220001,39.220001,315900
2020-04-16,39.009998,39.840000,37.189999,37.939999,37.939999,379800
2020-04-17,38.799999,41.410000,38.799999,41.380001,41.380001,378800
2020-04-20,38.860001,40.900002,38.784000,39.939999,39.939999,360300
2020-04-21,38.919998,39.959999,37.509998,37.599998,37.599998,390200
2020-04-22,38.900002,39.250000,37.709999,37.900002,37.900002,265300
2020-04-23,38.080002,39.360001,37.770000,38.320000,38.320000,374300
2020-04-24,38.750000,38.750000,37.610001,38.290001,38.290001,256000
2020-04-27,38.299999,39.680000,38.299999,39.360001,39.360001,269200
2020-04-28,40.590000,40.950001,39.500000,39.720001,39.720001,324700
2020-04-29,42.169998,42.779999,37.119999,38.070000,38.070000,774200
2020-04-30,37.340000,38.419998,36.720001,37.270000,37.270000,383400
2020-05-01,36.369999,36.500000,33.250000,35.230000,35.230000,541900
2020-05-04,34.610001,34.950001,34.049999,34.799999,34.799999,437400
2020-05-05,35.450001,36.335999,34.209999,34.320000,34.320000,287700
2020-05-06,34.299999,34.820000,32.459999,32.840000,32.840000,257600
2020-05-07,33.009998,34.130001,31.850000,32.450001,32.450001,534100