Date,Open,High,Low,Close,Adj Close,Volume
2018-06-29,25.260000,25.270000,25.080000,25.209999,24.613100,298200
2018-07-02,25.309999,25.309999,25.200001,25.209999,24.613100,3200
2018-07-03,25.350000,25.350000,25.304001,25.304001,24.704878,6800
2018-07-05,25.200001,25.497999,25.200001,25.497999,24.894285,2300
2018-07-06,25.690001,25.690001,25.690001,25.690001,25.081738,100
2018-07-09,26.190001,26.190001,25.667000,25.670000,25.062212,11100
2018-07-10,25.806000,25.948999,25.740000,25.740000,25.130554,18700
2018-07-11,26.309999,26.309999,25.639999,25.719000,25.110050,18500
2018-07-12,25.700001,25.700001,25.600000,25.608000,25.001678,2500
2018-07-13,25.540001,25.559999,25.455000,25.540001,24.935287,900
2018-07-16,25.600000,25.600000,25.430000,25.430000,24.827892,12300
2018-07-17,25.870001,25.870001,25.306000,25.309999,24.710735,900
2018-07-18,25.195000,25.360001,25.170000,25.360001,24.759552,9000
2018-07-19,25.440001,25.440001,25.420000,25.420000,24.818132,800
2018-07-20,25.296000,25.296000,25.290001,25.290001,24.691208,6300
2018-07-23,25.400000,25.400000,24.990000,25.209999,24.613100,16700
2018-07-24,25.600000,25.600000,25.000000,25.000000,24.408073,14200
2018-07-25,25.250000,25.250000,25.250000,25.250000,24.652157,4800
2018-07-26,25.250000,25.250000,25.250000,25.250000,24.652157,100
2018-07-27,25.555000,25.555000,25.555000,25.555000,24.949936,100
2018-07-30,24.919001,24.919001,24.919001,24.919001,24.328993,500
2018-07-31,25.379999,25.379999,25.371000,25.377001,24.776150,2400
2018-08-01,25.377001,25.377001,25.377001,25.377001,24.776150,0
2018-08-02,25.860001,25.860001,25.426001,25.642000,25.034874,2100
2018-08-03,25.600000,25.650000,25.600000,25.650000,25.042685,700
2018-08-06,25.834999,25.834999,25.834999,25.834999,25.223303,600
2018-08-07,25.920000,25.920000,25.910000,25.910000,25.296530,2600
2018-08-08,25.930000,26.010000,25.930000,26.010000,25.394159,5100
2018-08-09,26.011000,26.011000,26.011000,26.011000,25.395136,500
2018-08-10,25.860001,26.219999,25.840000,25.930000,25.316055,12800
2018-08-13,25.969999,25.980000,25.969999,25.969999,25.355108,2000
2018-08-14,25.969999,25.969999,25.969999,25.969999,25.355108,100
2018-08-15,25.549999,25.549999,25.370001,25.370001,24.769316,4500
2018-08-16,25.600000,25.660000,25.600000,25.660000,25.052446,1000
2018-08-17,25.660000,25.660000,25.600000,25.600000,24.993870,2200
2018-08-20,25.940001,26.000000,25.926001,25.958000,25.343391,6500
2018-08-21,26.410000,26.410000,26.400000,26.400000,25.774927,3100
2018-08-22,26.490000,26.490000,26.490000,26.490000,25.862797,100
2018-08-23,26.820000,26.820000,26.430000,26.430000,25.804216,900
2018-08-24,26.500000,26.500000,26.385000,26.385000,25.760283,400
2018-08-27,26.840000,26.900000,26.840000,26.900000,26.263088,500
2018-08-28,26.959999,26.959999,26.200001,26.200001,25.579664,39400
2018-08-29,26.379999,26.400000,26.315001,26.329000,25.705610,4400
2018-08-30,26.750000,26.750000,26.190001,26.209999,25.589424,9000
2018-08-31,26.209999,26.240000,26.209999,26.240000,25.618715,900
2018-09-04,26.160000,26.160000,26.120001,26.120001,25.501556,1100
2018-09-05,26.350000,26.350000,25.830000,26.049999,25.433214,5500
2018-09-06,26.100000,26.110001,25.870001,25.870001,25.257477,2100
2018-09-07,25.695000,25.695000,25.695000,25.695000,25.086620,400
2018-09-10,26.200001,26.200001,25.740999,25.792999,25.182299,6900
2018-09-11,25.830000,25.830000,25.830000,25.830000,25.218426,8800
2018-09-12,26.180000,26.240000,26.180000,26.198999,25.578684,2700
2018-09-13,26.559999,26.559999,26.097000,26.230000,25.608950,4100
2018-09-14,25.840000,26.090000,25.840000,26.080000,25.462505,15100
2018-09-17,25.930000,25.969999,25.930000,25.969999,25.355108,400
2018-09-18,26.136999,26.136999,26.094999,26.094999,25.477146,700
2018-09-19,26.049999,26.049999,26.049999,26.049999,25.433214,700
2018-09-20,26.245001,26.245001,26.245001,26.245001,25.623596,200
2018-09-21,26.219999,26.400000,26.219999,26.400000,25.774927,3000
2018-09-24,26.230000,26.230000,25.987000,25.987000,25.371704,4300
2018-09-25,26.219999,26.219999,25.750000,25.770000,25.159842,6200
2018-09-26,25.709999,25.760000,25.667000,25.667000,25.059280,5600
2018-09-27,25.610001,25.610001,25.610001,25.610001,25.003633,200
2018-09-28,24.809999,25.730000,24.809999,25.730000,25.120790,1800
2018-10-01,25.912001,25.912001,25.780001,25.780001,25.169605,5900
2018-10-02,25.860001,25.990000,25.860001,25.969999,25.355108,1900
2018-10-03,26.070000,26.070000,25.740999,25.740999,25.131529,300
2018-10-04,25.316000,25.316000,25.000000,25.000000,24.408073,7400
2018-10-05,24.990000,24.990000,24.670000,24.670000,24.085890,500
2018-10-08,24.629999,24.629999,24.629999,24.629999,24.046835,100
2018-10-09,24.629999,24.629999,24.629999,24.629999,24.046835,100
2018-10-10,24.389999,24.389999,24.389999,24.389999,23.812515,200
2018-10-11,23.577000,23.577000,23.577000,23.577000,23.018768,600
2018-10-12,23.520000,23.730000,23.520000,23.620001,23.060751,1900
2018-10-15,24.120001,24.120001,24.120001,24.120001,23.548912,200
2018-10-16,24.120001,24.120001,24.120001,24.120001,23.548912,100
2018-10-17,24.610001,24.610001,24.610001,24.610001,24.027309,400
2018-10-18,24.830000,24.830000,24.360001,24.389999,23.812515,6000
2018-10-19,24.311001,24.311001,24.311001,24.311001,23.735390,200
2018-10-22,23.969999,24.270000,23.969999,24.270000,23.695360,6900
2018-10-23,23.898001,24.059000,23.898001,24.059000,23.489355,1100
2018-10-24,23.863001,23.863001,23.863001,23.863001,23.297998,500
2018-10-25,23.559999,23.959999,23.559999,23.959999,23.392698,1900
2018-10-26,23.570000,23.780001,23.570000,23.780001,23.216963,3500
2018-10-29,24.010000,24.010000,23.459999,23.459999,22.904539,600
2018-10-30,23.709999,24.049999,23.709999,23.990000,23.421988,32200
2018-10-31,24.360001,24.360001,24.190001,24.270000,23.695360,13000
2018-11-01,24.379999,24.379999,24.379999,24.379999,23.802755,100
2018-11-02,24.351999,24.351999,24.351999,24.351999,23.775415,200
2018-11-05,24.780001,24.780001,24.780001,24.780001,24.193283,300
2018-11-06,24.735001,24.735001,24.629999,24.650000,24.066362,5100
2018-11-07,24.650000,24.650000,24.650000,24.650000,24.066362,0
2018-11-08,24.959999,24.959999,24.900000,24.900000,24.310446,9300
2018-11-09,24.900000,24.900000,24.900000,24.900000,24.310446,100
2018-11-12,24.600000,24.600000,24.600000,24.600000,24.017548,1300
2018-11-13,24.490000,24.600000,24.330000,24.340000,23.763702,6600
2018-11-14,24.040001,24.040001,24.040001,24.040001,23.470808,100
2018-11-15,24.180000,24.180000,24.180000,24.180000,23.607491,100
2018-11-16,24.410000,24.719999,24.400000,24.719999,24.134705,2100
2018-11-19,24.670000,24.670000,24.320000,24.535000,23.954084,7200
2018-11-20,24.030001,24.030001,23.896999,24.020000,23.451279,2100
2018-11-21,24.219999,24.219999,24.219999,24.219999,23.646542,100
2018-11-23,24.260000,24.540001,24.260000,24.361000,23.784206,1100
2018-11-26,23.940001,24.730000,23.940001,24.728001,24.142515,2800
2018-11-27,24.920000,24.990000,24.916000,24.990000,24.398314,2600
2018-11-28,24.969999,24.995001,24.969999,24.990000,24.398314,1700
2018-11-29,25.280001,25.287001,25.270000,25.287001,24.688282,1000
2018-11-30,25.110001,25.260000,24.985001,25.260000,24.661922,5800
2018-12-03,25.290001,25.500000,25.290001,25.500000,24.896235,1700
2018-12-04,25.568001,25.600000,25.305000,25.305000,24.705854,7800
2018-12-06,24.778000,25.209999,24.590000,25.150000,24.554525,11300
2018-12-07,25.240000,25.240000,24.742001,24.742001,24.156185,3200
2018-12-10,25.200001,25.200001,24.690001,24.749001,24.163015,1800
2018-12-11,24.724001,24.740999,24.670000,24.723000,24.137632,4600
2018-12-12,24.898001,24.898001,24.864000,24.864000,24.275293,400
2018-12-13,24.950001,24.950001,24.862000,24.862000,24.273342,6200
2018-12-14,24.670000,24.740000,24.391001,24.391001,23.813496,3300
2018-12-17,23.834999,23.834999,23.511999,23.511999,22.955305,700
2018-12-18,23.375000,23.480000,23.356001,23.356001,22.803001,1100
2018-12-19,23.450001,23.450001,22.980000,23.011999,22.467142,3300
2018-12-20,22.950001,22.950001,22.000000,22.365999,21.909752,14400
2018-12-21,22.299999,22.299999,22.010000,22.010000,21.561014,1400
2018-12-24,22.570000,22.570000,21.360001,21.360001,20.924276,1200
2018-12-26,21.900000,22.368000,21.889999,22.368000,21.911711,27000
2018-12-27,22.110001,22.313000,21.980000,22.313000,21.857832,13200
2018-12-28,23.170000,23.170000,22.430000,22.660000,22.197758,35200
2018-12-31,23.450001,23.450001,22.530001,22.705000,22.241837,27800
2019-01-02,22.840000,22.920000,22.698999,22.789000,22.324123,7700
2019-01-03,22.730000,22.760000,22.468000,22.518000,22.058651,5700
2019-01-04,23.049999,23.290001,23.049999,23.218000,22.744373,25200
2019-01-07,23.690001,23.690001,23.573999,23.573999,23.093109,2700
2019-01-08,23.563000,23.818001,23.563000,23.818001,23.332132,2500
2019-01-09,24.049999,24.156000,24.049999,24.135000,23.642666,6000
2019-01-10,24.389999,24.478001,24.320000,24.478001,23.978668,6000
2019-01-11,24.410000,24.610001,24.410000,24.469999,23.970833,12200
2019-01-14,25.139999,25.139999,24.059999,24.188999,23.695562,1800
2019-01-15,24.346001,24.346001,24.200001,24.240000,23.745523,7500
2019-01-16,24.604000,24.604000,24.370001,24.447001,23.948301,14300
2019-01-17,24.520000,24.790001,24.520000,24.684000,24.180466,5100
2019-01-18,24.750000,24.820000,24.677000,24.677000,24.173609,8900
2019-01-22,24.500000,24.500000,24.245001,24.245001,23.750423,600
2019-01-23,24.639999,24.639999,24.139999,24.270000,23.774912,3700
2019-01-24,24.600000,24.688000,24.556999,24.688000,24.184385,700
2019-01-25,24.936001,25.040001,24.936001,25.025000,24.514511,6300
2019-01-28,26.270000,26.270000,24.809999,24.882999,24.375408,3200
2019-01-29,24.930000,24.930000,24.896999,24.896999,24.389120,1500
2019-01-30,25.049999,25.099001,24.978001,25.075001,24.563492,8400
2019-01-31,25.099001,25.580000,25.099001,25.549999,25.028801,20500
2019-02-01,25.580000,25.580000,25.500000,25.500000,24.979820,15800
2019-02-04,25.514999,25.650000,25.490000,25.650000,25.126759,4100
2019-02-05,26.420000,26.420000,25.719999,25.820000,25.293295,7400
2019-02-06,25.879999,25.940001,25.860001,25.893000,25.364803,900
2019-02-07,25.850000,25.850000,25.590000,25.743999,25.218843,10100
2019-02-08,25.670000,25.705000,25.587999,25.681999,25.158108,4300
2019-02-11,25.795000,25.950001,25.795000,25.950001,25.420643,17000
2019-02-12,26.190001,26.200001,26.128000,26.128000,25.595011,5100
2019-02-13,26.120001,26.159000,26.120001,26.120001,25.587173,5900
2019-02-14,25.709999,26.407000,25.709999,26.222000,25.687094,6200
2019-02-15,26.270000,26.350000,26.260000,26.273001,25.737051,3700
2019-02-19,26.290001,26.510000,26.290001,26.420000,25.881052,13300
2019-02-20,26.530001,26.549999,26.372000,26.372000,25.834032,3400
2019-02-21,26.340000,26.580000,26.340000,26.447001,25.907503,4200
2019-02-22,26.700001,27.051001,26.700001,27.051001,26.499184,5800
2019-02-25,27.260000,27.260000,27.094000,27.094000,26.541306,1100
2019-02-26,27.039000,27.104000,27.039000,27.104000,26.551100,3500
2019-02-27,27.129999,27.340000,27.129999,27.284000,26.727430,5800
2019-02-28,27.194000,27.299999,27.194000,27.238001,26.682369,8100
2019-03-01,27.030001,27.030001,26.870001,26.997999,26.447262,9300
2019-03-04,27.150000,27.150000,26.806000,26.989000,26.438446,7400
2019-03-05,27.040001,27.040001,26.874001,26.874001,26.325792,300
2019-03-06,27.690001,27.690001,26.580000,26.638000,26.094606,2700
2019-03-07,26.410000,26.709999,26.406000,26.452999,25.913382,6500
2019-03-08,26.160000,26.448000,26.160000,26.448000,25.908484,3500
2019-03-11,26.490000,26.969999,26.490000,26.969999,26.419832,10600
2019-03-12,27.195999,27.195999,27.125999,27.125999,26.572651,400
2019-03-13,27.340000,27.340000,27.280001,27.330999,26.773468,2200
2019-03-14,27.469999,27.469999,27.275000,27.275000,26.718613,5200
2019-03-15,27.330000,27.520000,27.204000,27.204000,26.649061,10400
2019-03-18,27.400000,27.469999,27.266001,27.295000,26.738205,7900
2019-03-19,27.306000,27.330000,27.306000,27.330000,26.772490,15200
2019-03-20,27.379999,27.540001,27.120001,27.346001,26.788162,8400
2019-03-21,27.420000,27.459999,27.420000,27.434999,26.993803,6200
2019-03-22,27.129999,27.129999,26.781000,26.781000,26.350319,2200
2019-03-25,26.799999,26.809999,26.540001,26.780001,26.349339,20500
2019-03-26,26.948999,27.040001,26.775000,26.870001,26.437891,6600
2019-03-27,26.930000,26.989000,26.750000,26.896000,26.463470,11200
2019-03-28,27.010000,27.052000,26.945000,26.971001,26.537266,1500
2019-03-29,26.973000,26.973000,26.973000,26.973000,26.539230,300
2019-04-01,27.160000,27.280001,27.129999,27.260000,26.821619,2800
2019-04-02,27.400000,27.400000,27.200001,27.349001,26.909187,3700
2019-04-03,27.580000,27.711000,27.580000,27.711000,27.265364,4400
2019-04-04,27.680000,27.740000,27.680000,27.733999,27.287994,4800
2019-04-05,27.820000,28.033001,27.700001,28.033001,27.582188,2400
2019-04-08,28.110001,28.110001,28.030001,28.084999,27.633350,700
2019-04-09,28.110001,28.250000,27.902000,27.902000,27.453295,6500
2019-04-10,28.099001,28.332001,28.080000,28.275999,27.821278,2500
2019-04-11,28.340000,28.340000,28.200001,28.233000,27.778971,552000
2019-04-12,28.399000,28.399000,28.270000,28.357000,27.900976,4300
2019-04-15,28.430000,28.488001,28.371000,28.410999,27.954107,7500
2019-04-16,28.540001,28.600000,28.487000,28.487000,28.028885,14200
2019-04-17,28.563999,28.563999,28.400000,28.465000,28.007238,12200
2019-04-18,29.340000,29.340000,28.391001,28.497000,28.038723,15300
2019-04-22,28.490000,28.490000,28.350000,28.423000,27.965914,2900
2019-04-23,28.415001,28.690001,28.370001,28.639000,28.178440,26400
2019-04-24,28.670000,28.760000,28.622000,28.625000,28.164667,2300
2019-04-25,28.570000,28.570000,28.330000,28.344999,27.889168,10200
2019-04-26,28.348000,28.568001,28.348000,28.566000,28.106615,352400
2019-04-29,28.600000,28.629999,28.480000,28.570000,28.110550,9800
2019-04-30,28.629999,28.629999,28.320999,28.379999,27.923607,32000
2019-05-01,28.809999,28.809999,28.285999,28.285999,27.831118,4900
2019-05-02,28.363001,28.363001,28.030001,28.139999,27.687468,4100
2019-05-03,28.552999,28.690001,28.528999,28.645000,28.184345,6500
2019-05-06,28.340000,28.660000,28.299999,28.618000,28.157778,7800
2019-05-07,28.500000,33.514999,28.500000,28.778000,28.315207,5900
2019-05-08,28.799999,28.809000,28.525000,28.525000,28.066275,11500
2019-05-09,28.309999,28.337000,27.969999,28.195000,27.741581,16400
2019-05-10,28.280001,28.299999,28.058001,28.254999,27.800615,5100
2019-05-13,28.830000,28.830000,27.613001,27.715000,27.269300,6900
2019-05-14,27.660000,28.100000,27.660000,28.028000,27.577267,7800
2019-05-15,27.809999,28.090000,27.809999,28.089001,27.637285,3500
2019-05-16,28.278999,28.424999,28.278999,28.309000,27.853746,4300
2019-05-17,28.200001,28.200001,28.020000,28.025999,27.575296,2600
2019-05-20,27.980000,27.980000,27.629999,27.660000,27.215185,3100
2019-05-21,27.889999,28.150000,27.889999,28.129999,27.677624,4000
2019-05-22,28.110001,28.125999,28.020000,28.049000,27.597929,11800
2019-05-23,27.889999,27.889999,27.440001,27.489000,27.046934,2100
2019-05-24,27.750000,27.750000,27.620001,27.656000,27.211250,5500
2019-05-28,27.834000,27.834000,27.670000,27.687000,27.241751,4500
2019-05-29,27.500000,27.629999,27.379000,27.433001,26.991837,6600
2019-05-30,27.549999,27.660000,27.340000,27.355000,26.915089,3500
2019-05-31,27.100000,27.100000,26.802000,26.993999,26.559893,20200
2019-06-03,27.059999,27.340000,27.059999,27.224001,26.786198,7700
2019-06-04,27.530001,27.785000,27.530001,27.785000,27.338173,2300
2019-06-05,27.990000,27.990000,27.830000,27.848000,27.400162,2500
2019-06-06,27.980000,27.980000,27.790001,27.944000,27.494617,2200
2019-06-07,28.297001,28.320000,28.247000,28.247000,27.792744,2300
2019-06-10,29.000000,29.000000,28.440001,28.559999,28.100712,27800
2019-06-11,28.701000,28.733999,28.500000,28.572001,28.112518,4800
2019-06-12,28.510000,28.596001,28.302000,28.309000,27.853746,12100
2019-06-13,28.598000,28.695000,28.520000,28.650000,28.189264,2400
2019-06-14,28.525000,28.610001,28.436001,28.504000,28.045612,1800
2019-06-17,28.559999,28.639999,28.500000,28.594999,28.135147,13500
2019-06-18,28.629999,29.410000,28.629999,29.246000,28.775681,7300
2019-06-19,29.309999,29.309999,29.115000,29.299000,28.827827,6600
2019-06-20,29.423000,29.423000,29.313999,29.414000,28.962727,3700
2019-06-21,29.240000,29.360001,29.240000,29.285999,28.836691,15400
2019-06-24,29.350000,29.500000,29.280001,29.280001,28.830782,2900
2019-06-25,29.080999,29.139000,28.882000,28.882000,28.438889,13600
2019-06-26,29.129999,29.129999,28.858000,28.858000,28.415255,15500
2019-06-27,29.070000,29.384001,29.070000,29.367001,28.916447,5700
2019-06-28,29.594999,29.650000,29.500000,29.632000,29.177380,1500
2019-07-01,30.180000,33.470001,29.830000,29.877001,29.418623,4400
2019-07-02,29.709999,29.930000,29.709999,29.930000,29.470810,17700
2019-07-03,30.225000,30.302999,30.188000,30.188000,29.724852,4000
2019-07-05,30.090000,30.259001,29.860001,30.205000,29.741590,5600
2019-07-08,30.219999,30.274000,30.129999,30.165001,29.702206,8600
2019-07-09,30.100000,30.270000,30.100000,30.233999,29.770144,7700
2019-07-10,30.500000,30.500000,30.129999,30.280001,29.815441,6500
2019-07-11,30.309999,30.330000,30.180000,30.180000,29.716974,4700
2019-07-12,30.379999,30.379999,30.254999,30.333000,29.867628,4300
2019-07-15,30.510000,30.510000,30.219999,30.370001,29.904058,9700
2019-07-16,30.480000,30.523001,30.413000,30.450001,29.982832,22200
2019-07-17,30.510000,30.559000,30.400999,30.420000,29.953293,7100
2019-07-18,30.450001,30.520000,30.350000,30.518000,30.049788,2000
2019-07-19,30.610001,30.700001,30.510000,30.511000,30.042894,3800
2019-07-22,30.570000,30.570000,30.430000,30.520000,30.051758,5700
2019-07-23,30.660000,30.660000,30.320999,30.441999,29.974955,5600
2019-07-24,30.450001,30.660000,30.450001,30.660000,30.189610,2800
2019-07-25,30.600000,30.600000,30.139999,30.172001,29.709097,6800
2019-07-26,30.340000,30.830000,30.131001,30.344000,29.878456,10200
2019-07-29,30.440001,30.990000,30.326000,30.490000,30.022219,7700
2019-07-30,30.340000,30.667999,30.340000,30.667999,30.197485,3900
2019-07-31,32.150002,32.150002,30.865999,30.865999,30.392448,8200
2019-08-01,31.100000,31.809999,31.045000,31.059999,30.583473,9400
2019-08-02,31.030001,31.030001,30.770000,30.992001,30.516518,12600
2019-08-05,32.490002,32.490002,29.530001,29.851000,29.393023,23900
2019-08-06,30.290001,30.530001,30.200001,30.475000,30.007446,43000
2019-08-07,30.252001,31.040001,30.250000,30.979000,30.503716,6700
2019-08-08,32.500000,32.500000,31.132999,31.530001,31.046263,5700
2019-08-09,31.510000,31.510000,30.940001,30.940001,30.465315,8400
2019-08-12,30.775000,30.775000,30.441000,30.617001,30.147270,4300
2019-08-13,30.617001,31.080000,30.570000,31.054001,30.577566,6800
2019-08-14,30.719999,30.719999,30.090000,30.165001,29.702206,13600
2019-08-15,30.490000,30.490000,30.000000,30.129999,29.667740,8300
2019-08-16,30.639999,30.865000,30.434999,30.830000,30.357002,5300
2019-08-19,31.770000,33.000000,31.040001,31.193001,30.714432,327200
2019-08-20,31.170000,31.250000,31.000000,31.070000,30.593319,6400
2019-08-21,31.209999,31.209999,30.947001,30.955000,30.480083,23400
2019-08-22,31.120001,31.120001,30.830000,30.871000,30.397373,3200
2019-08-23,30.691999,30.969999,30.260000,30.268999,29.804609,3600
2019-08-26,30.309999,30.510000,30.299999,30.474001,30.006466,13200
2019-08-27,30.809999,30.809999,30.264999,30.283001,29.818394,4100
2019-08-28,30.280001,30.535000,30.250000,30.469000,30.001541,22200
2019-08-29,30.750000,30.750000,30.587000,30.683001,30.212259,2100
2019-08-30,30.959999,30.990000,30.495001,30.610001,30.140377,12900
2019-09-03,30.440001,30.549999,30.230000,30.264999,29.800669,10700
2019-09-04,30.510000,30.691999,30.510000,30.691999,30.221117,7500
2019-09-05,31.049999,31.070000,30.716000,30.806000,30.333370,11100
2019-09-06,30.930000,30.930000,30.759001,30.759001,30.287090,8000
2019-09-09,30.969999,30.969999,30.686001,30.686001,30.215212,4600
2019-09-10,30.600000,30.600000,30.344999,30.475000,30.007446,5600
2019-09-11,30.750000,31.110001,30.750000,31.091000,30.613997,18800
2019-09-12,32.000000,32.000000,30.789000,30.886000,30.412142,5000
2019-09-13,31.090000,31.090000,31.009001,31.009001,30.533255,600
2019-09-16,31.080000,31.237000,31.080000,31.180000,30.701632,7200
2019-09-17,31.280001,31.615000,31.280001,31.573999,31.089586,8400
2019-09-18,31.799999,31.799999,31.450001,31.624001,31.138821,10500
2019-09-19,31.600000,31.959999,31.600000,31.782000,31.451534,12100
2019-09-20,31.700001,31.781000,31.635000,31.781000,31.450544,6500
2019-09-23,31.799999,32.129002,31.674000,32.110001,31.776123,14100
2019-09-24,32.139999,32.139999,31.216000,31.240000,30.915169,6100
2019-09-25,31.309999,31.438999,30.969999,31.400000,31.073505,15300
2019-09-26,31.480000,31.610001,31.139999,31.142000,30.818188,15800
2019-09-27,31.250000,31.250000,30.660000,30.740000,30.420368,13900
2019-09-30,30.870001,31.138000,30.799999,30.966000,30.644018,4600
2019-10-01,31.172001,31.172001,30.580000,30.625000,30.306564,12300
2019-10-02,30.110001,30.190001,29.971001,30.075001,29.762283,30300
2019-10-03,30.040001,30.264999,29.840000,30.260000,29.945358,17800
2019-10-04,30.400000,30.764999,30.330000,30.764999,30.445108,40500
2019-10-07,31.010000,31.010000,30.719999,30.771000,30.451046,5500
2019-10-08,30.590000,30.658001,30.500000,30.532000,30.214529,3900
2019-10-09,30.740000,30.740000,30.635000,30.688999,30.369896,25100
2019-10-10,30.719999,31.030001,30.719999,30.808001,30.487661,11200
2019-10-11,31.350000,31.350000,30.961000,30.961000,30.639071,9500
2019-10-14,30.940001,30.968000,30.719999,30.750000,30.430264,6400
2019-10-15,30.730000,30.889999,30.730000,30.864000,30.543079,4600
2019-10-16,30.850000,30.950001,30.730000,30.820000,30.499535,8600
2019-10-17,30.959999,31.260000,30.950001,31.049999,30.727144,8900
2019-10-18,31.360001,31.360001,31.059999,31.209999,30.885481,4500
2019-10-21,31.379999,31.570000,31.379999,31.445000,31.118036,2700
2019-10-22,31.510000,31.530001,31.014000,31.014000,30.691519,14200
2019-10-23,30.969999,31.274000,30.969999,31.209999,30.885481,8500
2019-10-24,31.660000,31.690001,31.350000,31.385000,31.058662,7400
2019-10-25,31.500000,31.509001,31.093000,31.493000,31.165539,6500
2019-10-28,31.750000,31.750000,31.490000,31.503000,31.175434,27500
2019-10-29,31.719999,31.719999,31.500000,31.540001,31.212051,20400
2019-10-30,31.340000,31.459999,31.020000,31.105000,30.781572,15100
2019-10-31,31.285000,31.299000,31.070000,31.226999,30.902304,8100
2019-11-01,31.430000,31.430000,31.219000,31.302000,30.976524,4800
2019-11-04,31.480000,31.639999,31.370001,31.429001,31.102205,7700
2019-11-05,31.520000,31.665001,31.420000,31.639999,31.311010,12900
2019-11-06,31.680000,31.784000,31.493000,31.559999,31.231840,13500
2019-11-07,31.840000,31.840000,31.450001,31.485001,31.157621,4700
2019-11-08,31.370001,31.620001,31.350000,31.424000,31.097256,5200
2019-11-11,31.430000,31.674000,31.430000,31.645000,31.315958,6400
2019-11-12,31.709999,31.790001,31.590000,31.632000,31.303093,6800
2019-11-13,31.584999,31.584999,31.440001,31.517000,31.189289,8500
2019-11-14,31.620001,31.780001,31.500000,31.780001,31.449554,20000
2019-11-15,31.940001,32.028000,31.930000,32.021999,31.689037,6000
2019-11-18,32.090000,32.090000,32.000000,32.028000,31.694977,14000
2019-11-19,32.180000,32.180000,31.840000,32.035000,31.701902,15300
2019-11-20,31.959999,32.009998,31.650000,31.715000,31.385229,13600
2019-11-21,31.700001,31.790001,31.650000,31.716000,31.386219,11400
2019-11-22,31.700001,31.809999,31.520000,31.718000,31.388199,8300
2019-11-25,32.290001,33.490002,31.975000,32.126999,31.792946,19800
2019-11-26,32.169998,32.189999,32.130001,32.160000,31.825603,24600
2019-11-27,32.279999,32.514999,32.279999,32.514999,32.176910,9400
2019-11-29,32.540001,32.540001,32.259998,32.369999,32.033421,15400
2019-12-02,32.105000,32.200001,32.099998,32.183998,31.849350,11000
2019-12-03,31.959999,32.161999,31.910000,32.161999,31.827583,19200
2019-12-04,32.290001,32.450001,32.287998,32.349998,32.013626,30300
2019-12-05,32.400002,32.400002,32.099998,32.119999,31.786018,3300
2019-12-06,32.369999,32.480000,32.369999,32.450001,32.112587,6700
2019-12-09,32.480000,32.480000,32.196999,32.196999,31.862217,9200
2019-12-10,32.230000,32.328999,32.180000,32.277000,31.941389,8600
2019-12-11,32.580002,32.580002,32.331001,32.480999,32.143265,13600
2019-12-12,32.520000,32.626999,32.396999,32.589001,32.250145,7500
2019-12-13,32.779999,32.910000,32.560001,32.560001,32.221447,15100
2019-12-16,32.849998,33.306999,32.849998,33.158001,32.813225,11000
2019-12-17,33.230000,33.365002,33.230000,33.360001,33.013126,18000
2019-12-18,35.000000,35.000000,33.258999,33.500000,33.151672,46600
2019-12-19,34.099998,34.099998,33.380001,33.500000,33.290794,34400
2019-12-20,33.660000,33.669998,33.594002,33.640999,33.430916,8800
2019-12-23,33.759998,33.779999,33.639999,33.764999,33.554142,10700
2019-12-24,33.830002,33.926998,33.759998,33.926998,33.715126,5800
2019-12-26,33.959999,34.307999,33.959999,34.205002,33.991394,17000
2019-12-27,34.349998,34.349998,33.950001,34.036999,33.824440,10700
2019-12-30,34.029999,34.029999,33.500000,33.714001,33.503460,21700
2019-12-31,33.700001,33.869999,33.700001,33.759998,33.549171,13000
2020-01-02,34.340000,34.340000,33.810001,34.228001,34.014252,19600
2020-01-03,34.200001,34.419998,34.150002,34.291000,34.076855,12500
2020-01-06,34.389999,34.567001,34.150002,34.564999,34.349144,15600
2020-01-07,34.720001,34.805000,34.599998,34.750000,34.532990,27800
2020-01-08,34.799999,35.103001,34.750000,34.994999,34.776459,12400
2020-01-09,35.070000,35.160000,34.856998,34.990002,34.771492,48900
2020-01-10,35.130001,35.250000,34.950001,35.049999,34.831116,34900
2020-01-13,35.580002,35.973000,35.465000,35.747002,35.523766,31000
2020-01-14,35.990002,36.080002,35.700001,35.994999,35.770214,20200
2020-01-15,36.150002,36.151001,35.799999,36.060001,35.834812,28100
2020-01-16,36.320000,36.424000,36.130001,36.360001,36.132935,21000
2020-01-17,36.459999,36.630001,36.459999,36.604000,36.375412,10600
2020-01-21,38.020000,38.020000,36.410000,36.820000,36.590061,133800
2020-01-22,37.130001,37.130001,36.599998,36.625000,36.396282,34100
2020-01-23,36.459999,36.758999,36.250000,36.705002,36.475784,23300
2020-01-24,36.840000,37.049999,36.471001,36.525002,36.296906,19900
2020-01-27,36.000000,36.049999,35.689999,35.853001,35.629101,45300
2020-01-28,36.369999,36.660000,36.062000,36.630001,36.401249,26300
2020-01-29,38.459999,38.459999,36.501999,36.630001,36.401249,89700
2020-01-30,36.658001,36.910000,36.619999,36.910000,36.679501,18300
2020-01-31,37.099998,37.099998,36.250000,36.403000,36.175667,40900
2020-02-03,36.669998,37.435001,36.669998,37.419998,37.186314,25000
2020-02-04,38.680000,39.169998,38.250000,38.779999,38.537823,62500
2020-02-05,38.849998,39.021000,38.040001,38.389999,38.150257,34600
2020-02-06,38.500000,39.389999,38.500000,39.049999,38.806137,50600
2020-02-07,38.849998,38.936001,38.535999,38.709999,38.468258,27600
2020-02-10,38.919998,39.419998,38.919998,39.389999,39.144012,43000
2020-02-11,39.830002,39.919998,39.470001,39.775002,39.526611,38700
2020-02-12,40.070000,40.490002,39.930000,40.439999,40.187454,126500
2020-02-13,40.020000,40.590000,39.464001,40.430000,40.177521,66400
2020-02-14,40.480000,40.650002,40.301998,40.380001,40.127831,33800
2020-02-18,40.669998,41.216000,40.669998,41.150002,40.893024,88800
2020-02-19,42.560001,43.528999,42.520000,43.520000,43.248222,196000
2020-02-20,43.580002,43.737000,42.410000,43.509998,43.238281,163500
2020-02-21,43.480000,43.480000,42.509998,42.997002,42.728489,69700
2020-02-24,40.560001,41.783001,40.509998,41.490002,41.230900,107400
2020-02-25,42.470001,42.470001,39.840000,39.919998,39.670700,99900
2020-02-26,39.340000,40.394001,39.221001,39.255001,39.009857,99600
2020-02-27,38.160000,38.679001,36.771999,37.189999,36.957752,90200
2020-02-28,35.459999,37.160000,35.259998,37.160000,36.927940,77400
2020-03-02,37.689999,38.808998,37.200001,38.750000,38.508011,90600
2020-03-03,39.000000,40.320000,38.312000,38.680000,38.438446,100100
2020-03-04,39.619999,39.709999,39.000000,39.689999,39.442139,44400
2020-03-05,38.970001,39.669998,38.680000,39.349998,39.104263,29000
2020-03-06,37.910000,38.610001,37.549999,38.230999,37.992249,57700
2020-03-09,36.430000,38.000000,33.830002,34.020000,33.807549,71200
2020-03-10,35.889999,35.889999,34.020000,35.026001,34.807266,180100
2020-03-11,34.389999,34.869999,32.419998,32.930000,32.724358,77300
2020-03-12,29.990000,30.389999,28.490000,28.520000,28.341896,122700
2020-03-13,29.200001,32.119999,28.260000,29.750000,29.564215,45700
2020-03-16,28.799999,28.799999,26.000000,26.250000,26.086071,58600
2020-03-17,26.389999,27.795000,25.320000,27.780001,27.606518,29100
2020-03-18,26.500000,26.785000,23.573999,24.500000,24.347000,49400
2020-03-19,23.990000,26.110001,23.155001,25.690001,25.690001,40900
2020-03-20,26.900000,27.660000,25.709999,25.709999,25.709999,218800
2020-03-23,25.719999,25.760000,24.063999,24.459999,24.459999,53800
2020-03-24,25.370001,27.530001,25.370001,27.530001,27.530001,82300
2020-03-25,28.520000,29.760000,27.219999,29.010000,29.010000,88100
2020-03-26,29.440001,30.420000,29.280001,29.879999,29.879999,42600
2020-03-27,29.559999,29.559999,28.280001,28.379999,28.379999,38000
2020-03-30,28.350000,28.610001,27.799999,28.525000,28.525000,57100
2020-03-31,28.670000,29.415001,28.469999,28.709999,28.709999,36000
2020-04-01,27.950001,28.340000,26.660000,26.910000,26.910000,26800
2020-04-02,26.980000,28.080000,26.730000,27.200001,27.200001,20900
2020-04-03,27.459999,27.459999,26.379999,26.650999,26.650999,37600
2020-04-06,27.900000,29.139999,27.900000,29.139999,29.139999,18400
2020-04-07,30.240000,30.760000,29.459999,29.530001,29.530001,49200
2020-04-08,29.860001,30.680000,29.500000,30.490000,30.490000,36000
2020-04-09,31.420000,31.969999,30.811001,31.290001,31.290001,51600
2020-04-13,32.000000,32.000000,30.500000,31.243000,31.243000,36900
2020-04-14,32.029999,32.730000,31.652000,32.200001,32.200001,37000
2020-04-15,31.549999,31.990000,30.700001,30.930000,30.930000,22800
2020-04-16,31.070000,31.440001,30.705000,31.059999,31.059999,73000
2020-04-17,31.930000,32.070000,31.459999,31.799999,31.799999,15200
2020-04-20,31.590000,31.799999,31.221001,31.379999,31.379999,22600
2020-04-21,30.870001,30.930000,29.950001,30.280001,30.280001,23300
2020-04-22,30.559999,31.350000,30.559999,31.219999,31.219999,19200
2020-04-23,31.750000,32.055000,31.466000,31.639999,31.639999,28200
2020-04-24,31.750000,32.099998,31.261000,31.570000,31.570000,16600
2020-04-27,31.990000,32.831001,31.990000,32.770000,32.770000,34800
2020-04-28,33.410000,33.709999,32.870998,33.200001,33.200001,26400
2020-04-29,33.970001,34.889999,33.959999,34.799999,34.799999,39700
2020-04-30,35.000000,35.000000,33.535999,33.681000,33.681000,30000
2020-05-01,33.000000,33.279999,31.832001,32.020000,32.020000,33600
2020-05-04,31.889999,32.590000,31.700001,32.549999,32.549999,25800
2020-05-05,32.590000,33.330002,32.590000,32.705002,32.705002,22900
2020-05-06,33.049999,33.599998,32.849998,33.220001,33.220001,34200
2020-05-07,33.599998,33.849998,33.355000,33.790001,33.790001,24100