Date,Open,High,Low,Close,Adj Close,Volume
2019-07-10,25.120001,25.160000,25.040001,25.115999,24.822029,170000
2019-07-11,25.049999,25.110001,24.990000,25.110001,24.816103,385700
2019-07-12,25.150000,25.219999,25.150000,25.219999,24.924814,229600
2019-07-15,25.160000,25.200001,25.160000,25.166000,24.871447,292600
2019-07-16,25.035000,25.129999,25.035000,25.124001,24.829937,167100
2019-07-17,25.129999,25.129999,24.940001,24.981001,24.688612,106300
2019-07-18,25.059999,25.070000,24.975000,25.070000,24.776567,18400
2019-07-19,25.120001,25.180000,25.110001,25.110001,24.816103,106900
2019-07-22,25.040001,25.110001,25.040001,25.084000,24.790403,27200
2019-07-23,25.150000,25.219999,25.150000,25.211000,24.915918,508000
2019-07-24,25.236000,25.320000,25.236000,25.320000,25.023642,28600
2019-07-25,25.285000,25.320000,25.240999,25.268000,24.972250,255700
2019-07-26,25.379999,25.400000,25.379999,25.400000,25.102705,51600
2019-07-29,25.325001,25.389999,25.299000,25.299000,25.002888,37700
2019-07-30,25.160000,25.240000,25.160000,25.240000,24.944580,77400
2019-07-31,25.171000,25.280001,24.933001,24.933001,24.641172,29400
2019-08-01,25.030001,25.110001,24.780001,24.780001,24.489964,57400
2019-08-02,24.700001,24.700001,24.538000,24.631001,24.342709,54200
2019-08-05,24.290001,24.290001,24.194000,24.240000,23.956284,42700
2019-08-06,24.379999,24.430000,24.198999,24.340000,24.055113,43100
2019-08-07,24.320000,24.320000,24.094999,24.297001,24.012619,10900
2019-08-08,24.348000,24.530001,24.348000,24.530001,24.242889,10000
2019-08-09,24.385000,24.400000,24.285000,24.400000,24.114410,15100
2019-08-12,24.235001,24.235001,24.070000,24.188000,23.904892,2000
2019-08-13,24.415001,24.459999,24.365000,24.386999,24.101561,4700
2019-08-14,24.152000,24.170000,24.020000,24.110001,23.827805,21800
2019-08-15,24.110001,24.120001,24.020000,24.049999,23.768507,13500
2019-08-16,24.219999,24.219999,24.219999,24.219999,23.936516,7900
2019-08-19,24.290001,24.459999,24.290001,24.340000,24.055113,4900
2019-08-20,24.347000,24.378000,24.347000,24.360001,24.074881,15500
2019-08-21,23.650000,24.403999,23.650000,24.403999,24.118362,2600
2019-08-22,24.440001,24.500000,24.430000,24.450001,24.163826,3400
2019-08-23,24.413000,24.413000,24.091999,24.091999,23.810015,3400
2019-08-26,24.209999,24.270000,24.167999,24.188999,23.905880,6000
2019-08-27,24.120001,24.150000,24.118999,24.121000,23.838676,1400
2019-08-28,24.260000,24.270000,24.233999,24.233999,23.950354,31000
2019-08-29,24.385000,24.445000,24.370001,24.427999,24.142084,17200
2019-08-30,24.520000,24.520000,24.389999,24.472000,24.185568,43200
2019-09-03,24.340000,24.379999,24.340000,24.358000,24.072903,7900
2019-09-04,24.540001,24.600000,24.490000,24.549999,24.262653,12200
2019-09-05,24.889999,24.899000,24.740000,24.782000,24.491940,13400
2019-09-06,24.820000,24.900000,24.794001,24.850000,24.559145,6700
2019-09-09,24.830000,25.799999,24.830000,24.947001,24.655010,27700
2019-09-10,25.007999,25.020000,24.968000,25.016001,24.723202,14900
2019-09-11,25.114000,25.180000,25.114000,25.163000,24.868481,23600
2019-09-12,25.160000,25.330000,25.160000,25.247999,24.952484,14900
2019-09-13,25.240000,25.240000,25.222000,25.230000,24.934696,700
2019-09-16,25.179001,25.179001,25.146000,25.156000,24.861563,2800
2019-09-17,25.020000,25.020000,24.992001,24.992001,24.699482,30300
2019-09-18,24.900000,24.954000,24.900000,24.954000,24.661926,100
2019-09-19,25.000000,25.010000,24.909000,24.909000,24.617455,2000
2019-09-20,25.020000,25.020000,24.878000,24.878000,24.586817,31000
2019-09-23,24.870001,24.920000,24.811001,24.857000,24.566063,28000
2019-09-24,24.698000,24.733999,24.698000,24.730000,24.440548,3600
2019-09-25,24.639999,24.850000,24.629999,24.805000,24.514671,30400
2019-09-26,24.760000,24.760000,24.676001,24.709999,24.420782,69800
2019-09-27,24.719999,24.730000,24.625000,24.679001,24.390146,10600
2019-09-30,24.750000,24.750000,24.674000,24.693001,24.403982,10500
2019-10-01,24.680000,24.680000,24.419001,24.540001,24.252773,32900
2019-10-02,24.275999,24.275999,24.209999,24.230000,23.946400,4100
2019-10-03,24.222000,24.309999,24.222000,24.309999,24.025463,17300
2019-10-04,24.336000,24.410000,24.336000,24.410000,24.124294,3500
2019-10-07,24.410000,24.410000,24.360001,24.360001,24.074881,10600
2019-10-08,24.230000,24.240000,24.170000,24.190001,23.906870,11800
2019-10-09,24.219999,24.290001,24.209999,24.290001,24.005699,10600
2019-10-10,24.419001,24.420000,24.370001,24.420000,24.134176,20800
2019-10-11,24.590000,24.618000,24.540001,24.540001,24.252773,13300
2019-10-14,24.490999,24.540001,24.490999,24.493999,24.207310,6500
2019-10-15,24.615000,24.650000,24.604000,24.604000,24.316023,15200
2019-10-16,24.629999,24.629999,24.610001,24.610001,24.321955,15800
2019-10-17,24.670000,24.670000,24.660000,24.670000,24.381250,6200
2019-10-18,24.669001,24.670000,24.638000,24.645000,24.356543,11800
2019-10-21,24.730000,24.740000,24.712999,24.719000,24.429676,11600
2019-10-22,24.724001,24.770000,24.721001,24.728001,24.438572,9900
2019-10-23,24.730000,24.780001,24.730000,24.777000,24.487000,24900
2019-10-24,24.879999,24.879999,24.731001,24.743000,24.453398,1500
2019-10-25,24.844000,24.844000,24.837000,24.837000,24.546297,300
2019-10-28,24.950001,24.950001,24.920000,24.924999,24.633266,4300
2019-10-29,24.927999,24.927999,24.864000,24.864000,24.572979,4900
2019-10-30,24.950001,24.969999,24.950001,24.958000,24.665880,17300
2019-10-31,24.882000,24.882000,24.882000,24.882000,24.590769,0
2019-11-01,25.039000,25.063999,25.039000,25.063999,24.770638,500
2019-11-04,25.200001,25.209999,25.164000,25.164000,24.869469,7800
2019-11-05,25.129999,25.190001,25.120001,25.138000,24.843773,17100
2019-11-06,25.170000,25.174999,25.142000,25.142000,24.847725,4000
2019-11-07,25.243999,25.280001,25.180000,25.180000,24.885281,4800
2019-11-08,25.184999,25.184999,25.184999,25.184999,24.890223,0
2019-11-11,25.120001,25.219999,25.120001,25.172001,24.877377,9100
2019-11-12,25.195000,25.219999,25.160000,25.181000,24.886269,10300
2019-11-13,25.184999,25.200001,25.160000,25.176001,24.881329,63900
2019-11-14,24.200001,25.200001,24.200001,25.176001,24.881329,20800
2019-11-15,25.260000,25.340000,25.260000,25.340000,25.043409,57100
2019-11-18,25.295000,25.320000,25.295000,25.296000,24.999924,53600
2019-11-19,25.240000,25.250000,25.233999,25.233999,24.938648,26200
2019-11-20,25.139999,25.180000,25.100000,25.113001,24.819067,217800
2019-11-21,25.149000,25.170000,25.120001,25.143999,24.849701,14500
2019-11-22,25.219999,25.219999,25.195999,25.198999,24.904058,6100
2019-11-25,25.270000,25.337000,25.270000,25.337000,25.040443,13300
2019-11-26,25.288000,25.344000,25.282000,25.344000,25.047361,25400
2019-11-27,25.420000,25.430000,25.408001,25.408001,25.110615,14700
2019-11-29,25.400000,25.400000,25.337999,25.337999,25.041431,2300
2019-12-02,25.309999,25.309999,25.238001,25.261999,24.966322,6800
2019-12-03,25.110001,25.110001,25.049999,25.091999,24.798311,14500
2019-12-04,25.226000,25.270000,25.200001,25.230000,24.934696,12200
2019-12-05,25.250000,25.250000,25.187000,25.187000,24.892200,4400
2019-12-06,25.379999,25.410000,25.379000,25.385000,25.087883,19000
2019-12-09,25.400000,25.400000,25.320000,25.350000,25.053293,12800
2019-12-10,25.360001,25.400000,25.326000,25.350000,25.053293,6200
2019-12-11,25.430000,25.430000,25.370001,25.374001,25.077011,1700
2019-12-12,25.558001,25.566999,25.540001,25.554001,25.254906,8400
2019-12-13,25.521000,25.521999,25.513000,25.521999,25.223278,600
2019-12-16,25.636999,25.670000,25.600000,25.631001,25.331003,19000
2019-12-17,25.670000,25.700001,25.662001,25.690001,25.389313,5500
2019-12-18,25.670000,25.690001,25.649000,25.660000,25.359663,16600
2019-12-19,25.646999,25.709999,25.646999,25.681000,25.380419,13600
2019-12-20,25.767000,25.820000,25.730000,25.784000,25.482212,10200
2019-12-23,26.400000,26.400000,25.785999,25.823000,25.520756,21000
2019-12-24,25.773001,25.773001,25.773001,25.773001,25.471342,100
2019-12-26,26.230000,26.230000,25.822001,25.850000,25.547440,5900
2019-12-27,25.924999,25.924999,25.820000,25.910000,25.606737,6400
2019-12-30,25.600000,25.600000,25.549999,25.570000,25.462347,13500
2019-12-31,25.600000,25.607000,25.555000,25.607000,25.499191,10600
2020-01-02,25.709999,25.709999,25.631001,25.705000,25.596779,10000
2020-01-03,25.620001,25.660000,25.590000,25.614000,25.506163,14800
2020-01-06,25.309999,25.586000,25.309999,25.586000,25.478281,9400
2020-01-07,26.059999,26.059999,25.504999,25.525000,25.417536,7700
2020-01-08,25.643999,25.690001,25.608999,25.608999,25.501183,11300
2020-01-09,25.629999,25.670000,25.620001,25.667000,25.558939,29900
2020-01-10,25.584000,25.620001,25.554001,25.573999,25.466330,25600
2020-01-13,25.632000,25.670000,25.611000,25.657000,25.548981,11600
2020-01-14,25.670000,25.690001,25.629999,25.655001,25.546989,13700
2020-01-15,25.639999,25.639999,25.590000,25.615999,25.508152,13800
2020-01-16,25.707001,25.763000,25.707001,25.763000,25.654535,17500
2020-01-17,25.791000,25.809999,25.760000,25.808001,25.699347,3200
2020-01-21,25.740000,25.750000,25.688000,25.712000,25.603750,9300
2020-01-22,25.780001,25.780001,25.737000,25.754000,25.645573,27900
2020-01-23,25.655001,25.760000,25.645000,25.733999,25.625656,68300
2020-01-24,25.690001,25.690001,25.521000,25.603001,25.495209,9200
2020-01-27,25.434999,25.469000,25.421000,25.421000,25.313974,5600
2020-01-28,25.370001,25.469999,25.370001,25.450001,25.342854,38800
2020-01-29,25.389999,25.389999,25.315001,25.315001,25.208422,18500
2020-01-30,25.223000,25.223000,25.223000,25.223000,25.116808,100
2020-01-31,25.075001,25.090000,25.049999,25.075001,24.969433,6600
2020-02-03,25.180000,25.180000,25.059000,25.059000,24.953499,2600
2020-02-04,25.250999,25.253000,25.216999,25.216999,25.110832,3900
2020-02-05,25.319000,25.379999,25.315001,25.332001,25.225349,13400
2020-02-06,25.350000,25.402000,25.330000,25.386999,25.280117,79500
2020-02-07,25.334999,25.334999,25.270000,25.297001,25.190498,31700
2020-02-10,25.270000,25.360001,25.270000,25.347000,25.240286,13600
2020-02-11,25.466000,25.466000,25.430000,25.438000,25.330902,12900
2020-02-12,25.521999,25.521999,25.511999,25.511999,25.404591,300
2020-02-13,25.417999,25.450001,25.389999,25.412001,25.305014,28500
2020-02-14,25.299999,25.320000,25.240000,25.313999,25.207424,42500
2020-02-18,25.190001,25.250000,25.110001,25.160000,25.054073,18800
2020-02-19,25.284000,25.296000,25.250000,25.250000,25.143694,2800
2020-02-20,25.135000,25.209999,25.135000,25.188999,25.082951,9100
2020-02-21,25.077999,25.110001,25.042000,25.082001,24.976402,13100
2020-02-24,24.770000,24.820000,24.480000,24.745001,24.640821,110300
2020-02-25,24.510000,24.533001,24.400000,24.465000,24.362000,26500
2020-02-26,24.520000,24.530001,24.399000,24.399000,24.296278,12200
2020-02-27,24.250000,24.440001,24.040001,24.306999,24.204664,13000
2020-02-28,23.980000,24.320000,23.799999,24.191999,24.090149,26400
2020-03-02,24.285000,24.840000,24.285000,24.670000,24.566137,46100
2020-03-03,24.900000,24.910000,24.190001,24.200001,24.098116,106700
2020-03-04,24.469999,24.870001,24.440001,24.863001,24.758326,186500
2020-03-05,24.379999,24.780001,24.379999,24.780001,24.675674,47000
2020-03-06,24.340000,24.379999,24.090000,24.379999,24.277357,48600
2020-03-09,23.969999,24.260000,23.670000,23.955999,23.855143,51300
2020-03-10,23.865999,24.150999,23.780001,24.125999,24.024426,18800
2020-03-11,23.965000,23.980000,23.830000,23.926001,23.825270,11400
2020-03-12,23.100000,25.219999,22.780001,24.480000,24.376936,45300
2020-03-13,23.350000,24.361000,23.281000,24.361000,24.258438,24500
2020-03-16,24.150000,27.059999,22.920000,23.990000,23.889000,38500
2020-03-17,22.670000,23.250000,22.670000,23.209000,23.209000,14000
2020-03-18,22.629999,22.830000,21.860001,22.549999,22.549999,13200
2020-03-19,22.700001,22.885000,22.568001,22.860001,22.860001,10100
2020-03-20,22.230000,22.420000,22.000000,22.420000,22.420000,17700
2020-03-23,21.290001,22.260000,21.290001,22.052999,22.052999,18700
2020-03-24,21.270000,22.610001,21.240000,22.200001,22.200001,147100
2020-03-25,22.275000,22.530001,22.275000,22.368000,22.368000,7200
2020-03-26,22.632999,22.799999,22.570000,22.570000,22.570000,132100
2020-03-27,22.570999,22.780001,22.514999,22.650000,22.650000,137500
2020-03-30,22.669001,22.889999,22.559999,22.660000,22.660000,55000
2020-03-31,22.730000,24.010000,22.617001,24.010000,24.010000,46100
2020-04-01,22.209999,22.600000,22.209999,22.480000,22.480000,20400
2020-04-02,22.320999,22.719999,22.180000,22.700001,22.700001,21500
2020-04-03,22.405001,22.462999,22.405001,22.462999,22.462999,3400
2020-04-06,22.815001,23.120001,22.740000,23.120001,23.120001,9000
2020-04-07,23.299999,23.299999,23.010000,23.063000,23.063000,6400
2020-04-08,23.148001,23.480000,23.030001,23.260000,23.260000,14600
2020-04-09,23.549999,23.690001,23.395000,23.507999,23.507999,7800
2020-04-13,23.150000,23.520000,23.150000,23.520000,23.520000,11700
2020-04-14,23.590000,23.910000,23.590000,23.747000,23.747000,9500
2020-04-15,23.780001,23.780001,23.648001,23.695000,23.695000,7800
2020-04-16,23.799999,23.870001,23.686001,23.870001,23.870001,5200
2020-04-17,23.889999,24.030001,23.889999,23.982000,23.982000,8200
2020-04-20,23.920000,23.920000,23.756001,23.771000,23.771000,6400
2020-04-21,23.379999,23.409000,23.299000,23.299000,23.299000,4200
2020-04-22,23.650000,23.825001,23.600000,23.721001,23.721001,12100
2020-04-23,23.889999,23.889999,23.646000,23.646000,23.646000,13100
2020-04-24,23.790001,23.892000,23.790001,23.892000,23.892000,9200
2020-04-27,24.080000,24.129999,24.010000,24.113001,24.113001,5800
2020-04-28,24.090000,24.090000,23.931999,23.931999,23.931999,300
2020-04-29,24.160000,24.309999,24.160000,24.209999,24.209999,10100
2020-04-30,24.040001,24.077999,24.000000,24.077999,24.077999,4900
2020-05-01,23.756001,23.756001,23.670000,23.750000,23.750000,9300
2020-05-04,23.656000,23.709999,23.639999,23.709999,23.709999,7300
2020-05-05,24.004000,24.110001,23.920000,23.959999,23.959999,54100
2020-05-06,24.350000,24.350000,23.841000,23.841000,23.841000,33000
2020-05-07,23.959999,24.010000,23.900000,23.900000,23.900000,12900