Date,Open,High,Low,Close,Adj Close,Volume
2016-11-07,24.889999,25.010000,24.889999,24.990000,23.870943,62300
2016-11-08,27.010000,27.010000,25.010000,25.200001,24.071539,20300
2016-11-09,25.120001,25.430000,25.120001,25.430000,24.291239,18600
2016-11-10,25.590000,25.590000,25.480000,25.549999,24.405865,19000
2016-11-11,25.540001,25.700001,25.540001,25.700001,24.549152,18400
2016-11-14,25.920000,25.940001,25.836000,25.940001,24.778402,20100
2016-11-15,25.959999,26.120001,25.959999,26.120001,24.950342,20400
2016-11-16,26.059999,26.080000,26.010000,26.010000,24.845268,18400
2016-11-17,26.131001,26.230000,26.110001,26.230000,25.055416,12400
2016-11-18,26.280001,26.280001,26.219999,26.240000,25.064968,12500
2016-11-21,26.309999,26.360001,26.285000,26.340000,25.160490,14400
2016-11-22,26.559999,26.590000,26.520000,26.590000,25.399294,13100
2016-11-23,26.590000,26.629999,26.559000,26.590000,25.399294,15300
2016-11-25,26.750000,26.750000,26.750000,26.750000,25.552130,10000
2016-11-28,26.690001,26.690001,26.590000,26.620001,25.427952,13500
2016-11-29,26.629999,26.730000,26.618999,26.700001,25.504370,12800
2016-11-30,28.030001,28.030001,26.500000,26.500000,25.313326,9800
2016-12-01,26.559999,26.577999,26.480000,26.507999,25.320967,8500
2016-12-02,26.650000,26.650000,26.530001,26.559999,25.370638,8600
2016-12-05,26.680000,26.690001,26.620001,26.680000,25.485266,8700
2016-12-06,26.690001,26.770000,26.657000,26.760000,25.561682,9400
2016-12-07,26.860001,27.260000,26.848000,27.240000,26.020187,10800
2016-12-08,27.600000,27.600000,27.240000,27.360001,26.134815,7300
2016-12-09,27.389999,27.420000,27.379999,27.420000,26.192127,6500
2016-12-12,27.389999,27.430000,27.299000,27.360001,26.134815,9800
2016-12-13,27.549999,27.549999,27.379999,27.510000,26.278097,8900
2016-12-14,27.430000,27.500000,27.240000,27.260000,26.039291,10700
2016-12-15,27.450001,27.466999,27.370001,27.370001,26.144365,5500
2016-12-16,27.430000,27.430000,27.309999,27.309999,26.087051,5700
2016-12-19,27.379999,27.430000,27.341000,27.430000,26.201681,9200
2016-12-20,27.480000,27.570000,27.480000,27.540001,26.306755,16700
2016-12-21,27.590000,27.590000,27.500000,27.504999,26.273319,7200
2016-12-22,27.400000,27.420000,27.299999,27.309999,26.087051,7000
2016-12-23,27.350000,27.350000,27.320000,27.320000,26.096605,4100
2016-12-27,27.429001,27.469999,27.400000,27.440001,26.211233,11100
2016-12-28,27.350000,27.350000,27.150000,27.150000,25.980608,4700
2016-12-29,27.200001,27.200001,27.090000,27.150000,25.980608,3800
2016-12-30,27.129999,27.129999,26.969999,26.969999,25.808363,4100
2017-01-03,27.160000,27.160000,26.973000,27.110001,25.942333,6700
2017-01-04,27.209999,27.389999,27.209999,27.389999,26.210274,5800
2017-01-05,27.440001,27.440001,27.139999,27.250000,26.076305,9200
2017-01-06,27.208000,27.290001,27.150000,27.219999,26.047596,4900
2017-01-09,27.100000,27.139999,27.100000,27.100000,25.932764,5400
2017-01-10,27.131001,27.280001,27.131001,27.209999,26.038027,5800
2017-01-11,27.170000,27.260000,27.128000,27.260000,26.085873,5600
2017-01-12,27.146000,27.209999,27.049999,27.209999,26.038027,4100
2017-01-13,27.280001,27.280001,27.209999,27.250000,26.076305,4800
2017-01-17,27.270000,27.270000,27.100000,27.110001,25.942333,5300
2017-01-18,27.113001,27.129999,27.090000,27.129999,25.961470,4600
2017-01-19,27.129999,27.139999,27.049999,27.049999,25.884916,5200
2017-01-20,27.150000,27.160000,27.070000,27.120001,25.951904,10900
2017-01-23,27.059999,27.059999,26.959999,27.030001,25.865780,10800
2017-01-24,27.080000,27.219999,27.063000,27.219999,26.047596,7700
2017-01-25,27.250000,27.360001,27.230000,27.360001,26.181568,5000
2017-01-26,27.480000,27.480000,27.350000,27.350000,26.171997,4600
2017-01-27,27.290001,27.290001,27.219999,27.230000,26.057165,22000
2017-01-30,27.070000,27.080000,26.969999,27.080000,25.913626,5100
2017-01-31,26.990000,27.139999,26.950001,27.139999,25.971041,4100
2017-02-01,27.090000,27.090000,27.023001,27.023001,25.859083,2500
2017-02-02,27.046000,27.049999,27.020000,27.020000,25.856209,2300
2017-02-03,27.209999,27.209999,27.200001,27.200001,26.028460,3500
2017-02-06,27.170000,27.170000,27.070000,27.070000,25.904055,4300
2017-02-07,27.129999,27.129999,27.027000,27.059999,25.894487,5500
2017-02-08,27.080000,27.219999,27.080000,27.219999,26.047596,4200
2017-02-09,27.370001,27.520000,27.344999,27.479000,26.295441,5900
2017-02-10,27.590000,27.670000,27.590000,27.639999,26.449505,4000
2017-02-13,27.719999,27.770000,27.690001,27.770000,26.573906,4300
2017-02-14,27.790001,27.830000,27.700001,27.830000,26.631321,4100
2017-02-15,27.840000,27.973000,27.840000,27.938999,26.735626,6900
2017-02-16,27.920000,27.920000,27.850000,27.850000,26.650459,6300
2017-02-17,27.830000,27.950001,27.830000,27.950001,26.746155,2800
2017-02-21,28.009001,28.120001,28.009001,28.120001,26.908833,2500
2017-02-22,28.030001,28.070000,28.010000,28.070000,26.860985,3800
2017-02-23,28.040001,28.052999,28.010000,28.010000,26.803570,2900
2017-02-24,27.930000,28.090000,27.930000,28.059999,26.851416,5600
2017-02-27,28.110001,28.160000,28.110001,28.160000,26.947109,1800
2017-02-28,28.059999,28.059999,27.957001,28.000000,26.794003,4500
2017-03-01,28.360001,28.360001,28.299999,28.299999,27.081078,2300
2017-03-02,28.260000,28.260000,28.160000,28.160000,26.947109,1800
2017-03-03,28.070000,28.150000,28.040001,28.120001,26.908833,2900
2017-03-06,28.090000,28.090000,27.891001,27.959999,26.755722,1500
2017-03-07,27.920000,27.920000,27.830000,27.830000,26.631321,2000
2017-03-08,27.840000,27.870001,27.784000,27.784000,26.587305,9700
2017-03-09,27.840000,27.879999,27.783001,27.783001,26.586348,2700
2017-03-10,27.924999,27.924999,27.854000,27.870001,26.669600,4600
2017-03-13,27.940001,27.940001,27.870001,27.910000,26.707878,4000
2017-03-14,27.747999,27.802999,27.747999,27.802999,26.605484,200
2017-03-15,27.910000,28.070000,27.910000,28.070000,26.860985,3800
2017-03-16,28.070000,28.100000,28.058001,28.058001,26.849503,2900
2017-03-17,28.108000,28.120001,28.108000,28.120001,26.908833,1200
2017-03-20,28.007000,28.007000,27.959999,27.959999,26.755722,200
2017-03-21,27.906000,27.906000,27.610001,27.610001,26.420797,1200
2017-03-22,27.620001,27.650000,27.620001,27.650000,26.459076,1100
2017-03-23,27.650000,27.799999,27.610001,27.610001,26.420797,2400
2017-03-24,27.700001,27.700001,27.610001,27.610001,26.420797,2600
2017-03-27,27.490000,27.590000,27.462000,27.570000,26.382521,2800
2017-03-28,27.559999,27.850000,27.559999,27.850000,26.650459,2400
2017-03-29,27.889999,27.920000,27.809999,27.920000,26.717447,3500
2017-03-30,27.920000,27.992001,27.920000,27.992001,26.786346,4500
2017-03-31,28.020000,28.040001,28.020000,28.040001,26.832279,200
2017-04-03,27.719999,27.719999,27.719999,27.719999,26.526058,1000
2017-04-04,27.830000,27.830000,27.830000,27.830000,26.631321,200
2017-04-05,28.040001,28.040001,27.764000,27.764000,26.568167,700
2017-04-06,27.820000,27.940001,27.820000,27.910000,26.707878,1500
2017-04-07,27.870001,27.870001,27.870001,27.870001,26.669600,100
2017-04-10,28.009001,28.009001,27.927999,27.959999,26.755722,1500
2017-04-11,27.780001,27.920000,27.780001,27.920000,26.717447,700
2017-04-12,27.940001,27.958000,27.889999,27.920000,26.717447,500
2017-04-13,27.889999,27.889999,27.830000,27.830000,26.631321,1200
2017-04-17,27.801001,27.830000,27.801001,27.830000,26.631321,300
2017-04-18,27.980000,27.980000,27.809999,27.903000,26.701180,300
2017-04-19,27.940001,27.940001,27.940001,27.940001,26.736586,100
2017-04-20,27.980000,28.129999,27.980000,28.129999,26.918402,1300
2017-04-21,28.080000,28.080000,28.049999,28.049999,26.841846,200
2017-04-24,28.250999,28.330000,28.250999,28.330000,27.109787,1600
2017-04-25,28.520000,28.520000,28.459999,28.459999,27.234186,200
2017-04-26,28.545000,28.545000,28.480000,28.480000,27.253326,200
2017-04-27,28.330000,28.500000,28.330000,28.450001,27.224619,700
2017-04-28,28.340000,28.340000,28.340000,28.340000,27.119356,100
2017-05-01,28.370001,28.370001,28.370001,28.370001,27.148066,200
2017-05-02,28.400000,28.450001,28.379999,28.450001,27.224619,1400
2017-05-03,28.410000,28.459999,28.410000,28.459999,27.234186,600
2017-05-04,28.447001,28.450001,28.447001,28.450001,27.224619,100
2017-05-05,28.510000,28.559999,28.490000,28.559999,27.329880,1500
2017-05-08,28.540001,28.590000,28.497000,28.570000,27.339449,1800
2017-05-09,28.660000,28.670000,28.620001,28.620001,27.387295,1100
2017-05-10,28.580000,28.639999,28.580000,28.639999,27.406433,1200
2017-05-11,28.440001,28.450001,28.330000,28.450001,27.224619,600
2017-05-12,28.309999,28.309999,28.309999,28.309999,27.090647,400
2017-05-15,28.480000,28.480000,28.430000,28.430000,27.205481,3400
2017-05-16,28.400000,28.408001,28.340000,28.370001,27.148066,1200
2017-05-17,28.129999,28.129999,27.990000,28.000000,26.794003,2000
2017-05-18,27.920000,28.010000,27.920000,28.010000,26.803570,10800
2017-05-19,28.010000,28.131001,27.889999,28.131001,26.919359,2100
2017-05-22,28.291000,28.330000,28.291000,28.330000,27.109787,1100
2017-05-23,28.379999,28.420000,28.350000,28.420000,27.195910,2100
2017-05-24,28.368000,28.450001,28.368000,28.440001,27.215048,11000
2017-05-25,28.610001,28.700001,28.610001,28.691999,27.456194,1100
2017-05-26,28.646000,28.646000,28.618000,28.618000,27.385384,1400
2017-05-30,28.590000,28.620001,28.590000,28.600000,27.368156,900
2017-05-31,28.510000,28.580000,28.510000,28.565001,27.334663,1700
2017-06-01,28.714001,28.850000,28.700001,28.850000,27.607391,3200
2017-06-02,28.959999,28.959999,28.959999,28.959999,27.712652,900
2017-06-05,29.129999,29.129999,28.909000,28.909000,27.663849,1400
2017-06-06,28.860001,28.860001,28.760000,28.760000,27.521267,2400
2017-06-07,28.854000,28.900000,28.854000,28.857000,27.614088,900
2017-06-08,28.879999,28.950001,28.865000,28.889999,27.645666,9000
2017-06-09,28.980000,28.990000,28.790001,28.889999,27.645666,5000
2017-06-12,28.860001,28.879999,28.820000,28.879999,27.636097,7700
2017-06-13,28.969999,29.010000,28.930000,29.010000,27.760498,10600
2017-06-14,28.969999,29.049999,28.950001,29.049999,27.798775,6700
2017-06-15,28.889999,28.906000,28.809999,28.900000,27.655235,3200
2017-06-16,28.809999,28.870001,28.799999,28.870001,27.626530,10800
2017-06-19,28.980000,28.980000,28.950001,28.950001,27.703083,11000
2017-06-20,28.920000,28.930000,28.809999,28.809999,27.569113,9600
2017-06-21,28.719000,28.719000,28.608999,28.660000,27.425573,10700
2017-06-22,28.700001,28.750000,28.660000,28.700001,27.463852,64700
2017-06-23,28.730000,28.730000,28.629999,28.670000,27.435144,29400
2017-06-26,28.860001,28.860001,28.740000,28.799999,27.559544,21700
2017-06-27,28.830000,28.860001,28.664000,28.664000,27.429401,13600
2017-06-28,28.840000,28.860001,28.840000,28.840000,27.597820,15600
2017-06-29,28.790001,28.850000,28.590000,28.690001,27.454283,12200
2017-06-30,28.770000,28.770000,28.700001,28.730000,27.492558,3200
2017-07-03,28.860001,28.860001,28.690001,28.770000,27.530836,4400
2017-07-05,28.700001,28.719999,28.639999,28.719999,27.482990,5900
2017-07-06,28.719999,28.719999,28.459999,28.459999,27.234186,5900
2017-07-07,28.590000,28.590000,28.570000,28.580000,27.349018,3100
2017-07-10,28.500000,28.559999,28.469999,28.469999,27.243755,22100
2017-07-11,28.480000,28.480000,28.358000,28.440001,27.215048,15500
2017-07-12,28.590000,28.600000,28.580000,28.580000,27.349018,10900
2017-07-13,28.650000,28.700001,28.650000,28.700001,27.463852,12100
2017-07-14,28.700001,28.780001,28.700001,28.780001,27.540405,19200
2017-07-17,28.830000,28.870001,28.830000,28.830000,27.588253,16200
2017-07-18,28.738001,28.770000,28.738001,28.770000,27.530836,15300
2017-07-19,28.870001,28.910000,28.870001,28.910000,27.664806,15600
2017-07-20,28.922001,29.000000,28.922001,29.000000,27.750929,13400
2017-07-21,29.000000,29.030001,28.850000,29.030001,27.779638,3300
2017-07-24,28.959999,28.959999,28.902000,28.910000,27.664806,7100
2017-07-25,29.080000,29.195000,29.080000,29.120001,27.865761,8200
2017-07-26,29.090000,29.100000,29.040001,29.040001,27.789207,21000
2017-07-27,29.070000,29.120001,28.999001,29.059999,27.808344,11000
2017-07-28,29.010000,29.014999,28.950001,29.014999,27.765284,29200
2017-07-31,29.280001,29.280001,28.950001,28.969999,27.722219,12700
2017-08-01,29.070000,29.100000,29.070000,29.100000,27.846621,20800
2017-08-02,29.200001,29.200001,29.030001,29.129999,27.875328,11300
2017-08-03,29.340000,29.340000,29.170000,29.170000,27.913607,31200
2017-08-04,29.299999,29.330000,29.280001,29.330000,28.066715,11300
2017-08-07,29.379999,29.410000,29.280001,29.400000,28.133701,4800
2017-08-08,29.440001,29.540001,29.370001,29.370001,28.104992,12900
2017-08-09,29.219999,29.289000,29.139999,29.260000,27.999729,22400
2017-08-10,29.030001,29.030001,28.858999,28.860001,27.616959,13100
2017-08-11,28.700001,28.867001,28.700001,28.840000,27.597820,14800
2017-08-14,29.020000,29.059999,29.004999,29.040001,27.789207,14400
2017-08-15,28.980000,28.980000,28.940001,28.950001,27.703083,11000
2017-08-16,29.049999,29.059999,28.966000,28.979000,27.730833,4200
2017-08-17,28.889999,28.889999,28.670000,28.670000,27.435144,14100
2017-08-18,28.600000,28.649000,28.570000,28.570000,27.339449,6300
2017-08-21,28.559999,28.563999,28.559999,28.563999,27.333708,12100
2017-08-22,28.705999,28.797001,28.705999,28.797001,27.556671,11000
2017-08-23,28.740000,28.780001,28.724001,28.780001,27.540405,14500
2017-08-24,28.830000,28.830000,28.660000,28.660000,27.425573,11000
2017-08-25,28.820000,28.820000,28.750000,28.780001,27.540405,11200
2017-08-28,28.750000,28.750000,28.677000,28.709000,27.472462,1600
2017-08-29,28.639999,28.639999,28.590000,28.594999,27.363371,600
2017-08-30,28.650000,28.730000,28.650000,28.730000,27.492558,1200
2017-08-31,28.750000,28.799999,28.750000,28.799999,27.559544,1500
2017-09-01,28.870001,28.882999,28.870001,28.882999,27.638968,1100
2017-09-05,28.780001,28.780001,28.650000,28.690001,27.454283,13600
2017-09-06,28.750000,28.778000,28.730000,28.778000,27.538490,15400
2017-09-07,28.531000,28.629999,28.531000,28.629000,27.395908,32900
2017-09-08,28.649000,28.649000,28.580000,28.632000,27.398781,25600
2017-09-11,28.850000,28.930000,28.850000,28.879999,27.636097,21700
2017-09-12,28.990000,29.000000,28.975000,28.990000,27.741360,1500
2017-09-13,29.073999,29.100000,29.040001,29.100000,27.846621,2200
2017-09-14,29.040001,29.049999,29.030001,29.040001,27.789207,2900
2017-09-15,28.891001,29.129999,28.891001,29.129999,27.875328,8300
2017-09-18,29.180000,29.180000,29.056999,29.056999,27.805475,900
2017-09-19,29.059999,29.100000,29.020000,29.020000,27.770067,3000
2017-09-20,28.860001,28.938999,28.860001,28.938999,27.692556,3000
2017-09-21,28.863001,28.870001,28.863001,28.870001,27.626530,1100
2017-09-22,28.850000,28.860001,28.799000,28.809999,27.569113,1200
2017-09-25,28.861000,28.889999,28.799999,28.889999,27.645666,2900
2017-09-26,28.990000,29.020000,28.910000,29.000000,27.750929,3600
2017-09-27,29.195000,29.195000,29.010000,29.160000,27.904037,2300
2017-09-28,29.080000,29.159000,29.080000,29.159000,27.903080,2400
2017-09-29,29.200001,29.230000,29.200001,29.230000,27.971022,1500
2017-10-02,29.219000,29.250000,29.219000,29.250000,27.990160,600
2017-10-03,29.320000,29.358999,29.247000,29.347000,28.082983,3400
2017-10-04,29.420000,29.430000,29.360001,29.370001,28.104992,3300
2017-10-05,29.459999,29.520000,29.459999,29.500000,28.229393,4600
2017-10-06,29.510000,29.520000,29.450001,29.520000,28.248533,1400
2017-10-09,29.360001,29.360001,29.360001,29.360001,28.095423,1200
2017-10-10,29.488001,29.488001,29.403999,29.403999,28.137527,2500
2017-10-11,29.440001,29.490000,29.440001,29.448999,28.180590,2300
2017-10-12,29.360001,29.430000,29.320999,29.389999,28.124130,5500
2017-10-13,29.490000,29.490000,29.450001,29.450001,28.181547,1800
2017-10-16,29.450001,29.450001,29.330000,29.400000,28.133701,1000
2017-10-17,29.430000,29.469000,29.430000,29.450001,28.181547,2700
2017-10-18,29.482000,29.518000,29.482000,29.490000,28.219824,2600
2017-10-19,29.410000,29.485001,29.400000,29.485001,28.215040,38300
2017-10-20,29.575001,29.669001,29.575001,29.650000,28.372932,1400
2017-10-23,29.659000,29.659000,29.570000,29.570000,28.296379,1800
2017-10-24,29.600000,29.639999,29.600000,29.629999,28.353794,2700
2017-10-25,29.440001,29.440001,29.280001,29.440001,28.171980,3100
2017-10-26,29.572001,29.580000,29.555000,29.580000,28.305946,2800
2017-10-27,29.620001,29.673000,29.620001,29.673000,28.394941,500
2017-10-30,29.521999,29.540001,29.513000,29.513000,28.241833,1000
2017-10-31,29.510000,29.600000,29.510000,29.599001,28.324131,1700
2017-11-01,29.639999,29.639999,29.520000,29.559999,28.286808,2100
2017-11-02,29.479000,29.569000,29.479000,29.510000,28.238964,1200
2017-11-03,29.389999,29.620001,29.389999,29.620001,28.344227,1100
2017-11-06,29.615000,29.615000,29.570000,29.570000,28.296379,3200
2017-11-07,29.490000,29.490000,29.455000,29.455000,28.186333,1600
2017-11-08,29.489000,29.530001,29.433001,29.530001,28.258102,3700
2017-11-09,29.389000,29.549999,29.372000,29.530001,28.258102,1600
2017-11-10,29.572001,29.572001,29.572001,29.572001,28.298292,1100
2017-11-13,29.600000,29.600000,29.510000,29.570000,28.296379,7400
2017-11-14,29.700001,29.700001,29.600000,29.650000,28.372932,1800
2017-11-15,29.610001,29.639999,29.549999,29.549999,28.277241,2200
2017-11-16,29.760000,29.879999,29.760000,29.879999,28.593025,1800
2017-11-17,29.826000,29.844999,29.791000,29.791000,28.507860,1700
2017-11-20,29.868999,29.868999,29.868999,29.868999,28.582499,1000
2017-11-21,29.910000,29.940001,29.910000,29.940001,28.650442,11200
2017-11-22,29.952999,30.000000,29.952999,30.000000,28.707857,1300
2017-11-24,30.190001,30.190001,30.010000,30.030001,28.736567,8700
2017-11-27,30.059999,30.090000,30.059999,30.090000,28.793980,1200
2017-11-28,30.176001,30.407000,30.176001,30.407000,29.097326,1100
2017-11-29,30.679001,30.770000,30.679001,30.745001,29.420771,1800
2017-11-30,30.889999,31.010000,30.889999,30.969999,29.636078,2700
2017-12-01,30.639999,30.920000,30.535000,30.820000,29.492538,2500
2017-12-04,31.281000,31.299999,31.139000,31.139000,29.797798,2600
2017-12-05,31.059999,31.080000,30.889999,30.920000,29.588232,1400
2017-12-06,30.889999,30.889999,30.820000,30.820000,29.492538,1300
2017-12-07,30.860001,30.910000,30.844999,30.875000,29.545170,1200
2017-12-08,30.959999,31.045000,30.959999,31.045000,29.707850,1200
2017-12-11,31.077000,31.080000,31.077000,31.079000,29.740385,1400
2017-12-12,31.090000,31.129999,31.039000,31.039000,29.702106,1600
2017-12-13,31.111000,31.125000,31.090000,31.090000,29.750910,1100
2017-12-14,31.020000,31.020000,30.950001,30.950001,29.616941,3600
2017-12-15,31.129000,31.200001,31.129000,31.164000,29.821722,1400
2017-12-18,31.430000,31.490000,31.430000,31.450001,30.095404,1200
2017-12-19,31.410000,31.440001,31.309000,31.309000,29.960476,1800
2017-12-20,31.316999,31.316999,31.290001,31.290001,29.942295,2800
2017-12-21,31.305000,31.400000,31.305000,31.400000,30.047556,800
2017-12-22,31.330000,31.350000,31.299999,31.350000,29.999710,1500
2017-12-26,31.440001,31.440001,31.399000,31.399000,30.046600,1000
2017-12-27,31.350000,31.370001,31.295000,31.295000,29.947079,1800
2017-12-28,31.129999,31.129999,30.900000,31.010000,30.029394,5800
2017-12-29,30.969999,30.969999,30.855000,30.855000,29.879293,400
2018-01-02,30.940001,30.940001,30.940001,30.940001,29.961607,900
2018-01-03,31.090000,31.090000,31.090000,31.090000,30.106863,600
2018-01-04,31.100000,31.129999,31.100000,31.129999,30.145597,700
2018-01-05,31.202999,31.256001,31.202999,31.256001,30.267614,700
2018-01-08,31.270000,31.370001,31.270000,31.370001,30.378010,1900
2018-01-09,31.402000,31.448999,31.384001,31.384001,30.391567,900
2018-01-10,31.365999,31.410000,31.330000,31.340000,30.348959,800
2018-01-11,31.510000,31.650000,31.510000,31.650000,30.649155,1500
2018-01-12,31.920000,31.940001,31.877001,31.940001,30.929985,2400
2018-01-16,32.230000,32.230000,31.809000,31.809000,30.803125,12300
2018-01-17,31.839001,32.054001,31.839001,31.995001,30.983246,600
2018-01-18,31.929001,31.929001,31.912001,31.912001,30.902870,500
2018-01-19,32.014999,32.129002,32.014999,32.129002,31.113010,600
2018-01-22,31.879999,32.250000,31.879999,32.250000,31.230181,1400
2018-01-23,32.450001,32.529999,32.450001,32.520000,31.491644,900
2018-01-24,32.554001,32.554001,32.365002,32.400002,31.375441,1900
2018-01-25,32.299999,32.369999,32.299999,32.310001,31.288286,1100
2018-01-26,32.325001,32.400002,32.299999,32.400002,31.375441,1800
2018-01-29,32.400002,32.467999,32.400002,32.467999,31.441286,700
2018-01-30,32.180000,32.200001,32.169998,32.169998,31.152710,600
2018-01-31,32.320000,32.320000,32.290001,32.290001,31.268917,400
2018-02-01,32.098999,32.180000,32.075001,32.180000,31.162395,600
2018-02-02,31.948999,31.948999,31.844999,31.844999,30.837988,800
2018-02-05,31.422001,31.440001,30.549999,30.549999,29.583939,2700
2018-02-06,29.788000,30.500000,29.788000,30.420000,29.458050,3900
2018-02-07,30.790001,30.969999,30.790001,30.910000,29.932554,800
2018-02-08,30.709999,30.709999,30.219000,30.219000,29.263405,800
2018-02-09,29.260000,29.750000,29.260000,29.750000,28.809237,300
2018-02-12,30.260000,30.499001,30.260000,30.499001,29.534552,300
2018-02-13,30.379999,30.539000,30.379999,30.539000,29.573286,1000
2018-02-14,30.700001,30.700001,30.670000,30.670000,29.700144,400
2018-02-15,31.020000,31.209999,30.850000,31.209999,30.223066,2400
2018-02-16,31.280001,31.340000,31.260000,31.260000,30.271488,5600
2018-02-20,31.059999,31.230000,31.040001,31.040001,30.058445,1700
2018-02-21,31.129999,31.160000,31.059999,31.059999,30.077812,600
2018-02-22,31.135000,31.135000,31.111000,31.111000,30.127199,800
2018-02-23,31.049999,31.410000,31.025000,31.410000,30.416742,1200
2018-02-26,31.490000,31.490000,31.490000,31.490000,30.494213,100
2018-02-27,31.820000,31.820000,31.590000,31.590000,30.591053,500
2018-02-28,31.549999,31.549999,31.549999,31.549999,30.552315,100
2018-03-01,31.195000,31.195000,30.785000,30.785000,29.811506,400
2018-03-02,30.870001,30.985001,30.870001,30.985001,30.005184,400
2018-03-05,30.910000,31.322001,30.910000,31.322001,30.331528,500
2018-03-06,31.406000,31.406000,31.406000,31.406000,30.412870,100
2018-03-07,31.280001,31.389999,31.226999,31.389999,30.397375,600
2018-03-08,31.420000,31.420000,31.370001,31.370001,30.378010,400
2018-03-09,31.679001,31.679001,31.631001,31.631001,30.630756,400
2018-03-12,31.930000,31.930000,31.930000,31.930000,30.920301,300
2018-03-13,32.049000,32.080002,31.969999,31.969999,30.959034,1900
2018-03-14,31.827000,31.827000,31.690001,31.690001,30.687889,1600
2018-03-15,31.740000,31.740000,31.620001,31.620001,30.620104,400
2018-03-16,31.705999,31.790001,31.705999,31.790001,30.784729,1400
2018-03-19,31.410000,31.540001,31.320000,31.320000,30.329590,600
2018-03-20,31.457001,31.457001,31.434999,31.455000,30.460321,1100
2018-03-21,31.438999,31.438999,31.399000,31.399000,30.406092,1100
2018-03-22,31.132000,31.145000,30.799999,30.799999,29.826033,6000
2018-03-23,30.681000,30.770000,30.643000,30.660000,29.690460,1800
2018-03-26,30.195000,30.680000,30.195000,30.680000,29.709829,800
2018-03-27,30.816999,30.816999,30.480000,30.480000,29.516153,1500
2018-03-28,30.320000,30.440001,30.320000,30.440001,29.477417,600
2018-03-29,30.579000,30.760000,30.579000,30.650000,29.680777,600
2018-04-02,30.650000,30.650000,29.815001,29.945000,28.998072,700
2018-04-03,30.209000,30.490000,30.153000,30.379999,29.419313,900
2018-04-04,30.270000,30.868999,30.260000,30.868999,29.892851,1100
2018-04-05,30.846001,31.139000,30.846001,31.139000,30.154312,2000
2018-04-06,31.000000,31.010000,30.469999,30.469999,29.506468,1600
2018-04-09,30.639999,30.908001,30.559999,30.559999,29.593622,700
2018-04-10,30.745001,30.790001,30.745001,30.790001,29.816351,500
2018-04-11,30.813999,30.813999,30.813999,30.813999,29.839590,600
2018-04-12,30.900999,30.900999,30.840000,30.840000,29.864769,1400
2018-04-13,30.920000,30.920000,30.715000,30.715000,29.743721,500
2018-04-16,30.870001,31.080000,30.870001,31.080000,30.097179,400
2018-04-17,31.209999,31.309999,31.209999,31.309999,30.319906,400
2018-04-18,31.339001,31.434999,31.339001,31.434999,30.440952,1000
2018-04-19,31.209999,31.209999,31.105000,31.200001,30.213387,3600
2018-04-20,31.320000,31.320000,30.860001,30.870001,29.893822,3300
2018-04-23,30.910999,30.910999,30.910999,30.910999,29.933523,800
2018-04-24,30.980000,30.980000,30.605000,30.700001,29.729197,1100
2018-04-25,30.620001,30.790001,30.620001,30.790001,29.816351,1300
2018-04-26,30.879999,31.084999,30.879999,31.084999,30.102020,2000
2018-04-27,30.879999,31.299999,30.879999,31.299999,30.310221,2700
2018-04-30,31.341000,31.341000,31.059999,31.059999,30.077812,1300
2018-05-01,30.860001,30.920000,30.860001,30.920000,29.942240,900
2018-05-02,30.860001,31.118999,30.860001,30.903999,29.926744,800
2018-05-03,30.690001,30.719999,30.480000,30.719999,29.748562,500
2018-05-04,30.903000,31.170000,30.900000,31.170000,30.184334,2700
2018-05-07,31.164000,31.170000,31.080000,31.080000,30.097179,144900
2018-05-08,31.065001,31.065001,30.990000,30.990000,30.010025,1400
2018-05-09,31.089001,31.100000,31.040001,31.100000,30.116547,900
2018-05-10,31.155001,31.365000,31.155001,31.365000,30.373165,400
2018-05-11,31.459999,31.459999,31.400000,31.410000,30.416742,400
2018-05-14,31.455000,31.455000,31.299999,31.299999,30.310221,500
2018-05-15,31.160999,31.230000,31.160000,31.230000,30.242435,1600
2018-05-16,31.389999,31.389999,31.389999,31.389999,30.397375,300
2018-05-17,31.393000,31.393000,31.382000,31.382000,30.389629,600
2018-05-18,31.205000,31.205000,31.205000,31.205000,30.218225,400
2018-05-21,31.440001,31.440001,31.438999,31.438999,30.444826,700
2018-05-22,31.520000,31.520000,31.433001,31.433001,30.439018,1100
2018-05-23,31.215000,31.358000,31.184999,31.358000,30.366388,2300
2018-05-24,31.323000,31.440001,31.323000,31.440001,30.445795,1900
2018-05-25,31.488001,31.507999,31.485001,31.507999,30.511644,1400
2018-05-29,31.350000,31.360001,31.094999,31.200001,30.213387,3200
2018-05-30,31.270000,31.549999,31.270000,31.549999,30.552315,500
2018-05-31,31.500000,31.500000,31.500000,31.500000,30.503899,500
2018-06-01,31.594999,31.594999,31.540001,31.540001,30.542635,4100
2018-06-04,31.790001,31.790001,31.790001,31.790001,30.784729,400
2018-06-05,31.790001,31.900000,31.790001,31.900000,30.891249,1700
2018-06-06,31.841000,31.920000,31.841000,31.920000,30.910616,800
2018-06-07,31.969999,32.110001,31.969999,32.049999,31.036505,900
2018-06-08,31.959999,32.172001,31.959999,32.172001,31.154648,600
2018-06-11,32.330002,32.360001,32.279999,32.360001,31.336702,1300
2018-06-12,32.313000,32.459999,32.300999,32.459999,31.433538,2700
2018-06-13,32.650002,32.650002,32.379002,32.379002,31.355104,1200
2018-06-14,32.306999,32.310001,32.279999,32.310001,31.288286,4400
2018-06-15,32.280998,32.459999,32.280998,32.435001,31.409332,1300
2018-06-18,32.430000,32.490002,32.430000,32.439999,31.414171,600
2018-06-19,32.207001,32.400002,32.207001,32.400002,31.375441,700
2018-06-20,32.669998,32.669998,32.446999,32.446999,31.420950,1000
2018-06-21,32.560001,32.560001,32.543999,32.543999,31.514883,600
2018-06-22,32.569000,32.569000,32.569000,32.569000,31.539095,600
2018-06-25,32.310001,32.310001,32.294998,32.310001,31.288286,900
2018-06-26,32.160000,32.259998,32.125000,32.259998,31.239864,1300
2018-06-27,32.090000,32.291000,32.070000,32.070000,31.055874,1600
2018-06-28,31.870001,31.870001,31.870001,31.870001,30.862200,300
2018-06-29,32.205002,32.240002,32.070000,32.070000,31.055874,5300
2018-07-02,31.900000,31.900000,31.900000,31.900000,30.891249,400
2018-07-03,32.132000,32.169998,32.132000,32.169998,31.152710,2500
2018-07-05,32.080002,32.159000,32.080002,32.159000,31.142059,2100
2018-07-06,32.318001,32.519001,32.318001,32.519001,31.490677,600
2018-07-09,32.659000,32.659000,32.659000,32.659000,31.626249,900
2018-07-10,32.750000,32.750000,32.590000,32.590000,31.559429,1300
2018-07-11,32.507999,32.535000,32.507999,32.535000,31.506168,900
2018-07-12,32.491001,32.560001,32.490002,32.539001,31.510042,7900
2018-07-13,32.580002,32.610001,32.574001,32.574001,31.543936,6300
2018-07-16,32.810001,32.810001,32.646000,32.689999,31.656265,800
2018-07-17,32.660000,32.790001,32.570000,32.790001,31.753107,5900
2018-07-18,32.799999,32.868999,32.799999,32.868999,31.829605,500
2018-07-19,32.764000,32.875999,32.764000,32.875999,31.836384,1400
2018-07-20,32.810001,32.810001,32.689999,32.689999,31.656265,1000
2018-07-23,32.669998,32.669998,32.634998,32.634998,31.603006,900
2018-07-24,32.741001,32.741001,32.500000,32.500000,31.472275,33800
2018-07-25,32.590000,32.590000,32.590000,32.590000,31.559429,400
2018-07-26,33.000999,33.070000,32.919998,32.919998,31.878992,2500
2018-07-27,33.125000,33.160000,32.860001,32.860001,31.820890,4500
2018-07-30,33.000000,33.000000,32.820000,32.820000,31.782156,700
2018-07-31,32.715000,32.740002,32.715000,32.740002,31.704687,1500
2018-08-01,32.830002,32.869999,32.830002,32.869999,31.830574,500
2018-08-02,32.750000,33.000000,32.705002,33.000000,31.956463,800
2018-08-03,33.119999,33.119999,33.119999,33.119999,32.072670,400
2018-08-06,33.279999,33.293999,33.250000,33.293999,32.241169,1400
2018-08-07,33.395000,33.459999,33.395000,33.419998,32.363178,700
2018-08-08,33.436001,33.437000,33.380001,33.380001,32.324448,7800
2018-08-09,33.514999,33.540001,33.514999,33.540001,32.479389,3500
2018-08-10,33.326000,33.326000,33.326000,33.326000,32.272156,1100
2018-08-13,33.313999,33.313999,33.313999,33.313999,32.260532,1700
2018-08-14,33.470001,33.720001,33.444000,33.720001,32.653698,1700
2018-08-15,33.650002,33.650002,33.439999,33.439999,32.382549,2800
2018-08-16,33.636002,33.770000,33.636002,33.770000,32.702118,4200
2018-08-17,33.713001,33.889999,33.713001,33.889999,32.818321,1300
2018-08-20,33.999001,34.055000,33.983002,34.055000,32.978104,1500
2018-08-21,34.130001,34.148998,34.099998,34.099998,33.021679,1800
2018-08-22,34.064999,34.070000,34.064999,34.070000,32.992626,2200
2018-08-23,33.939999,33.939999,33.814999,33.830002,32.760220,3100
2018-08-24,33.840000,33.959999,33.838001,33.939999,32.866737,4600
2018-08-27,34.046001,34.046001,34.046001,34.046001,32.969387,1000
2018-08-28,34.250000,34.250000,33.980000,34.033001,32.956799,2200
2018-08-29,34.040001,34.189999,33.987000,34.180000,33.099152,8300
2018-08-30,34.270000,34.270000,34.002998,34.049999,32.973263,5800
2018-08-31,34.119999,34.119999,34.040001,34.040001,32.963577,3800
2018-09-04,33.990002,34.188000,33.990002,34.138000,33.058479,4500
2018-09-05,34.224998,34.230000,34.088001,34.169998,33.089462,1500
2018-09-06,34.090000,34.164001,34.037998,34.039001,32.962608,1300
2018-09-07,33.993000,34.220001,33.993000,34.080002,33.002316,1100
2018-09-10,34.490002,34.490002,34.150002,34.150002,33.070103,1700
2018-09-11,34.169998,34.290001,34.073002,34.279999,33.195988,2600
2018-09-12,34.490002,34.490002,34.224998,34.340000,33.254089,1600
2018-09-13,34.324001,34.324001,34.270000,34.270000,33.186306,1800
2018-09-14,34.270000,34.270000,34.195000,34.259998,33.176617,5300
2018-09-17,34.240002,34.240002,34.169998,34.169998,33.089462,7200
2018-09-18,34.082001,34.169998,34.082001,34.169998,33.089462,3600
2018-09-19,34.140999,34.188000,34.140999,34.188000,33.106895,1200
2018-09-20,34.241001,34.241001,34.191002,34.191002,33.109806,1400
2018-09-21,34.384998,34.384998,34.382999,34.382999,33.295731,700
2018-09-24,34.299999,34.299999,33.979000,33.979000,32.904507,2200
2018-09-25,34.014999,34.014999,34.014999,34.014999,32.939369,1200
2018-09-26,34.080002,34.080002,34.074001,34.074001,32.996506,2200
2018-09-27,34.154999,34.154999,34.070000,34.070000,32.992626,1600
2018-09-28,34.023998,34.049000,34.023998,34.049000,32.972294,900
2018-10-01,34.185001,34.185001,34.000000,34.000000,32.924843,2700
2018-10-02,33.880001,33.900002,33.880001,33.900002,32.828007,700
2018-10-03,33.867001,33.889999,33.745998,33.745998,32.678875,3700
2018-10-04,33.705002,33.705002,33.700001,33.700001,32.634327,1800
2018-10-05,33.764999,33.764999,33.500000,33.500000,32.440655,1700
2018-10-08,33.660000,33.688999,33.660000,33.669998,32.605274,1200
2018-10-09,33.599998,33.605999,33.590000,33.605999,32.543301,2400
2018-10-10,33.480000,33.480000,33.000000,33.000000,31.956463,11700
2018-10-11,32.820000,32.930000,32.678001,32.678001,31.644650,1500
2018-10-12,32.666000,32.666000,32.666000,32.666000,31.633026,900
2018-10-15,32.594002,32.820000,32.594002,32.811001,31.773441,1300
2018-10-16,32.750000,33.060001,32.750000,33.060001,32.014568,1800
2018-10-17,33.008999,33.189999,32.896999,33.185001,32.135616,3200
2018-10-18,33.088001,33.088001,32.790001,32.790001,31.753107,1800
2018-10-19,32.976002,32.976002,32.976002,32.976002,31.933224,600
2018-10-22,32.911999,32.911999,32.911999,32.911999,31.871246,2100
2018-10-23,32.230000,32.310001,32.230000,32.310001,31.288286,2700
2018-10-24,32.584000,32.590000,31.809999,31.809999,30.804094,1600
2018-10-25,31.940001,32.144001,31.940001,32.144001,31.127535,2300
2018-10-26,31.590000,31.879999,31.590000,31.660000,30.658838,2000
2018-10-29,32.018002,32.060001,31.700001,31.700001,30.697575,2500
2018-10-30,31.709999,31.820000,31.709999,31.806000,30.800220,2500
2018-10-31,32.403999,32.403999,32.400002,32.400002,31.375441,800
2018-11-01,32.439999,32.544998,32.439999,32.544998,31.515852,800
2018-11-02,32.750000,32.750000,32.430000,32.430000,31.404490,2200
2018-11-05,32.509998,32.674000,32.509998,32.674000,31.640774,2500
2018-11-06,32.570000,32.689999,32.570000,32.689999,31.656265,1800
2018-11-07,33.139999,33.330002,33.099998,33.330002,32.276031,5600
2018-11-08,33.500000,33.551998,33.488998,33.488998,32.430000,3700
2018-11-09,33.549999,33.549999,33.446999,33.446999,32.389328,2200
2018-11-12,33.459999,33.459999,33.220001,33.220001,32.169510,2500
2018-11-13,33.099998,33.110001,33.099998,33.110001,32.062988,1500
2018-11-14,33.160000,33.160000,32.709999,32.709999,31.675634,1800
2018-11-15,32.341000,32.723000,32.312000,32.723000,31.688223,22900
2018-11-16,32.520000,32.660000,32.500999,32.650002,31.617535,2300
2018-11-19,32.660999,32.680000,32.279999,32.279999,31.259232,1700
2018-11-20,31.760000,31.760000,31.549999,31.549999,30.552315,7200
2018-11-21,31.549999,31.954000,31.549999,31.850000,30.842829,2800
2018-11-23,31.740000,31.858999,31.715000,31.858999,30.851543,700
2018-11-26,32.002998,32.150002,32.002998,32.150002,31.133347,700
2018-11-27,32.139999,32.270000,32.139999,32.270000,31.249548,3900
2018-11-28,32.398998,32.398998,32.398998,32.398998,31.374468,1100
2018-11-29,32.799999,32.866001,32.730000,32.866001,31.826704,3700
2018-11-30,32.959999,32.959999,32.860001,32.860001,31.820890,900
2018-12-03,33.213001,33.213001,33.000000,33.150002,32.101723,5800
2018-12-04,32.900002,33.130001,32.209999,32.209999,31.191444,2200
2018-12-06,31.969999,31.969999,31.740000,31.870001,30.862200,1700
2018-12-07,32.230000,32.230000,31.490000,31.490000,30.494213,5100
2018-12-10,31.430000,31.438000,31.040001,31.434000,30.439985,2900
2018-12-11,31.738001,31.738001,31.386000,31.386000,30.393501,1300
2018-12-12,31.618000,31.740000,31.471001,31.471001,30.475817,4100
2018-12-13,31.514999,31.514999,31.295000,31.295000,30.305380,600
2018-12-14,31.100000,31.100000,30.790001,30.790001,29.816351,1400
2018-12-17,30.667999,30.667999,30.000000,30.098000,29.146233,2000
2018-12-18,30.378000,30.400000,30.125999,30.125999,29.173347,1100
2018-12-19,30.230000,30.350000,29.650999,29.650999,28.713366,2600
2018-12-20,29.400000,29.400000,29.112000,29.112000,28.191410,900
2018-12-21,29.320999,29.610001,28.608000,28.608000,27.703350,2000
2018-12-24,28.167000,28.167000,27.893000,27.893000,27.010960,2200
2018-12-26,28.139999,29.049999,27.860001,29.049999,28.131371,52500
2018-12-27,28.638000,29.129999,28.410000,29.129999,28.208841,10900
2018-12-28,28.811001,28.811001,28.490000,28.490000,28.029783,1600
2018-12-31,28.920000,28.920000,28.830000,28.860001,28.393806,1700
2019-01-02,28.625000,29.100000,28.625000,29.028000,28.559092,900
2019-01-03,28.900000,28.900000,28.582001,28.582001,28.120298,700
2019-01-04,29.020000,29.448000,29.020000,29.448000,28.972307,3300
2019-01-07,29.507999,29.740000,29.507999,29.740000,29.259590,1000
2019-01-08,29.950001,30.049000,29.760000,30.049000,29.563599,2000
2019-01-09,30.070000,30.237000,30.070000,30.131001,29.644276,600
2019-01-10,29.752001,30.170000,29.724001,30.170000,29.682646,8900
2019-01-11,30.150000,30.264999,30.150000,30.264999,29.776110,800
2019-01-14,30.209999,30.209999,29.920000,30.080000,29.594099,2300
2019-01-15,30.138000,30.379000,30.138000,30.379000,29.888269,700
2019-01-16,30.480000,30.518000,30.459999,30.518000,30.025023,1500
2019-01-17,30.507999,30.747000,30.490000,30.690001,30.194246,1900
2019-01-18,30.950001,31.108000,30.950001,31.063000,30.561220,1400
2019-01-22,31.010000,31.010000,30.653000,30.662001,30.166698,600
2019-01-23,30.610001,30.840000,30.610001,30.728001,30.231632,1400
2019-01-24,30.805000,30.870001,30.732000,30.870001,30.371338,2800
2019-01-25,31.010000,31.016001,30.962000,30.962000,30.461851,1800
2019-01-28,30.750000,30.867001,30.750000,30.867001,30.368387,1500
2019-01-29,30.860001,30.870001,30.781000,30.781000,30.283775,2700
2019-01-30,30.900000,31.097000,30.860001,31.097000,30.594671,2100
2019-01-31,31.059999,31.388000,31.059999,31.388000,30.880970,1000
2019-02-01,31.389999,31.389999,31.190001,31.261999,30.757004,1200
2019-02-04,31.268000,31.540001,31.268000,31.540001,31.030516,900
2019-02-05,31.370001,31.657000,31.370001,31.650999,31.139721,2000
2019-02-06,31.611000,31.612000,31.579000,31.612000,31.101351,800
2019-02-07,31.530001,31.660000,31.520000,31.660000,31.148577,800
2019-02-08,31.530001,31.671000,31.525000,31.671000,31.159397,1600
2019-02-11,31.920000,31.920000,31.719999,31.840000,31.325668,46200
2019-02-12,32.009998,32.150002,32.009998,32.139000,31.619839,1100
2019-02-13,32.060001,32.250000,32.060001,32.207001,31.686741,5400
2019-02-14,32.060001,32.168999,31.910000,32.168999,31.649353,3300
2019-02-15,32.308998,32.407001,32.308998,32.407001,31.883511,1200
2019-02-19,32.409000,32.554001,32.409000,32.495998,31.971069,700
2019-02-20,32.419998,32.500000,32.419998,32.492001,31.967136,2900
2019-02-21,32.430000,32.430000,32.330002,32.426998,31.903185,800
2019-02-22,32.340000,32.564999,32.340000,32.564999,32.038956,1300
2019-02-25,32.700001,32.700001,32.509998,32.509998,31.984844,1500
2019-02-26,32.575001,32.575001,32.568001,32.568001,32.041908,500
2019-02-27,32.590000,32.650002,32.480000,32.650002,32.122585,3500
2019-02-28,32.490002,32.490002,32.471001,32.471001,31.946476,600
2019-03-01,32.555000,32.659000,32.555000,32.659000,32.131439,900
2019-03-04,32.669998,32.669998,32.330002,32.408001,31.884495,1500
2019-03-05,32.457001,32.457001,32.428001,32.428001,31.904171,600
2019-03-06,32.403000,32.403000,32.191002,32.191002,31.671000,400
2019-03-07,32.000000,32.000000,31.857000,31.857000,31.342394,1100
2019-03-08,31.639999,31.815001,31.639999,31.815001,31.301073,1700
2019-03-11,31.898001,32.230000,31.898001,32.230000,31.709368,1800
2019-03-12,32.230999,32.272999,32.230999,32.272999,31.751673,1100
2019-03-13,32.410000,32.527000,32.410000,32.527000,32.001572,1600
2019-03-14,32.527000,32.558998,32.400002,32.490002,31.965170,2400
2019-03-15,32.520000,32.573002,32.520000,32.573002,32.046829,600
2019-03-18,32.653000,32.740002,32.653000,32.740002,32.211132,800
2019-03-19,32.770000,32.859001,32.605000,32.605000,32.078312,2000
2019-03-20,32.459000,32.459000,32.394001,32.394001,31.870720,2400
2019-03-21,32.470001,32.738998,32.470001,32.738998,32.210144,600
2019-03-22,32.610001,32.610001,32.176998,32.176998,31.657223,1100
2019-03-25,32.180000,32.180000,32.070000,32.139000,31.619839,700
2019-03-26,32.450001,32.483002,32.341000,32.341000,31.818575,800
2019-03-27,32.470001,32.470001,32.130001,32.325001,31.802835,1000
2019-03-28,32.463001,32.470001,32.445000,32.445000,31.920895,400
2019-03-29,32.570999,32.625999,32.540001,32.625999,32.098972,2400
2019-04-01,32.779999,32.935001,32.779999,32.935001,32.402981,1000
2019-04-02,32.830002,32.970001,32.830002,32.930000,32.398060,2400
2019-04-03,33.060001,33.066002,33.000000,33.012001,32.478737,1700
2019-04-04,32.860001,33.132999,32.860001,33.132999,32.597782,1000
2019-04-05,33.360001,33.360001,33.200001,33.276001,32.738472,800
2019-04-08,33.169998,33.250000,33.169998,33.242001,32.705021,5400
2019-04-09,33.099998,33.139999,33.044998,33.044998,32.511200,3200
2019-04-10,33.160000,33.209000,33.110001,33.209000,32.672554,1300
2019-04-11,33.244999,33.270000,33.169998,33.231998,32.695183,900
2019-04-12,33.324001,33.324001,33.209999,33.290001,32.752247,1700
2019-04-15,33.180000,33.369999,33.160000,33.180000,32.644024,2100
2019-04-16,33.310001,33.310001,33.200001,33.220001,32.683376,3900
2019-04-17,33.400002,33.400002,33.216999,33.216999,32.680424,800
2019-04-18,33.209999,33.290001,33.209999,33.257999,32.720760,900
2019-04-22,33.200001,33.210999,33.150002,33.210999,32.674519,700
2019-04-23,33.209999,33.474998,33.209999,33.474998,32.934258,1200
2019-04-24,33.417000,33.580002,33.417000,33.536999,32.995255,900
2019-04-25,33.330002,33.408001,33.290001,33.408001,32.868340,700
2019-04-26,33.490002,33.671001,33.490002,33.671001,33.127094,1500
2019-04-29,33.683998,33.730000,33.683998,33.728001,33.183170,900
2019-04-30,33.509998,33.693001,33.509998,33.693001,33.148735,700
2019-05-01,33.740002,33.740002,33.464001,33.464001,32.923435,1200
2019-05-02,33.397999,33.500999,33.397999,33.500999,32.959835,800
2019-05-03,33.790001,33.909000,33.790001,33.909000,33.361248,900
2019-05-06,33.549999,33.821999,33.549999,33.821999,33.275650,2800
2019-05-07,33.669998,33.669998,33.340000,33.380001,32.840794,4100
2019-05-08,33.480000,33.480000,33.182999,33.333000,32.794552,1700
2019-05-09,33.080002,33.227001,32.910000,33.227001,32.690266,4300
2019-05-10,33.160000,33.306000,32.830002,33.306000,32.767986,1300
2019-05-13,32.959999,32.959999,32.540001,32.610001,32.083229,1700
2019-05-14,32.759998,32.830002,32.759998,32.820000,32.289837,1200
2019-05-15,32.602001,32.964001,32.590000,32.964001,32.431511,1900
2019-05-16,33.040001,33.113998,33.040001,33.113998,32.579086,800
2019-05-17,33.048000,33.250999,33.048000,33.056000,32.522026,900
2019-05-20,32.900002,32.933998,32.840000,32.933998,32.401993,1400
2019-05-21,33.130001,33.278999,33.130001,33.189999,32.653858,2100
2019-05-22,33.061001,33.080002,33.043999,33.043999,32.510220,2100
2019-05-23,32.616001,32.691002,32.599998,32.691002,32.162922,800
2019-05-24,32.883999,32.883999,32.729000,32.792000,32.262291,1500
2019-05-28,32.849998,32.849998,32.433998,32.433998,31.910070,600
2019-05-29,32.279999,32.279999,32.111000,32.111000,31.592291,800
2019-05-30,32.278999,32.278999,32.134998,32.134998,31.615902,1700
2019-05-31,31.761999,31.930000,31.761999,31.827000,31.312878,3900
2019-06-03,31.823000,31.912001,31.813000,31.912001,31.396505,3700
2019-06-04,32.216000,32.631001,32.216000,32.631001,32.103889,3600
2019-06-05,32.709999,32.860001,32.709999,32.860001,32.329193,2100
2019-06-06,32.860001,33.007999,32.750000,33.007999,32.474800,1400
2019-06-07,33.172001,33.360001,33.172001,33.180000,32.644024,900
2019-06-10,33.389999,33.453999,33.263000,33.263000,32.725681,1100
2019-06-11,33.439999,33.439999,33.230000,33.261002,32.723717,800
2019-06-12,33.270000,33.270000,33.235001,33.235001,32.698135,900
2019-06-13,33.439999,33.450001,33.424000,33.424000,32.884079,800
2019-06-14,33.424999,33.483002,33.349998,33.483002,32.942131,800
2019-06-17,33.509998,33.529999,33.494999,33.494999,32.953934,700
2019-06-18,33.630001,33.820000,33.630001,33.691002,33.146770,700
2019-06-19,33.700001,33.810001,33.660000,33.810001,33.263847,1900
2019-06-20,33.950001,33.950001,33.779999,33.935001,33.386829,600
2019-06-21,33.898998,33.959999,33.895000,33.896000,33.348457,1900
2019-06-24,33.919998,33.919998,33.688999,33.688999,33.144798,1600
2019-06-25,33.605999,33.605999,33.349998,33.349998,32.811275,2200
2019-06-26,33.334999,33.334999,33.210999,33.210999,32.674519,900
2019-06-27,33.330002,33.487999,33.330002,33.487999,32.947044,1100
2019-06-28,33.590000,33.639999,33.580002,33.615002,33.071999,1900
2019-07-01,33.941002,33.945000,33.740002,33.740002,33.194977,1200
2019-07-02,33.830002,33.842999,33.790001,33.842999,33.296310,1400
2019-07-03,33.987000,34.310001,33.987000,34.243999,33.690834,1300
2019-07-05,34.125000,34.324001,34.125000,34.324001,33.769543,700
2019-07-08,34.227001,34.310001,34.189999,34.195000,33.642628,57800
2019-07-09,34.187000,34.222000,34.139999,34.222000,33.669189,1000
2019-07-10,34.330002,34.334999,34.200001,34.256001,33.702641,1400
2019-07-11,34.240002,34.349998,34.240002,34.347000,33.792171,1500
2019-07-12,34.445000,34.549999,34.445000,34.541000,33.983036,1300
2019-07-15,34.570000,34.570000,34.445999,34.513000,33.955490,2900
2019-07-16,34.644001,34.644001,34.604000,34.604000,34.045021,1000
2019-07-17,34.585999,34.585999,34.375999,34.375999,33.820702,1400
2019-07-18,34.250000,34.353001,34.160000,34.353001,33.798077,1000
2019-07-19,34.560001,34.560001,34.200001,34.200001,33.647545,1700
2019-07-22,34.130001,34.259998,34.119999,34.119999,33.568836,1100
2019-07-23,34.290001,34.395000,34.209999,34.395000,33.839397,1100
2019-07-24,34.470001,34.664001,34.470001,34.664001,34.104053,1900
2019-07-25,34.540001,34.650002,34.540001,34.570000,34.011570,1200
2019-07-26,34.737999,34.959999,34.737999,34.959999,34.395267,1400
2019-07-29,34.917999,34.917999,34.810001,34.810001,34.247692,600
2019-07-30,34.619999,34.619999,34.580002,34.599998,34.041084,1300
2019-07-31,34.769001,34.769001,34.509998,34.509998,33.952538,1300
2019-08-01,34.500000,34.650002,34.049000,34.049000,33.498985,1300
2019-08-02,34.000000,34.000000,33.790001,33.855000,33.308117,1200
2019-08-05,33.381001,33.381001,32.889999,33.009998,32.476768,7900
2019-08-06,33.171001,33.419998,33.070000,33.419998,32.880142,1900
2019-08-07,32.977001,33.310001,32.939999,33.264999,32.727650,1700
2019-08-08,33.580002,33.820000,33.560001,33.820000,33.273685,900
2019-08-09,33.799999,33.799999,33.615002,33.615002,33.071999,1200
2019-08-12,33.349998,33.419998,33.259998,33.259998,32.722729,1900
2019-08-13,33.443001,33.680000,33.443001,33.585999,33.043461,1500
2019-08-14,33.150002,33.160000,32.660000,32.660000,32.132423,1800
2019-08-15,32.752998,32.752998,32.560001,32.599998,32.073391,1400
2019-08-16,33.000000,33.049999,32.867001,33.049999,32.516121,1400
2019-08-19,33.400002,33.500000,33.400002,33.410000,32.870308,2100
2019-08-20,33.143002,33.189999,33.091000,33.091000,32.556461,1000
2019-08-21,33.292000,33.312000,33.279999,33.312000,32.773891,1100
2019-08-22,33.459999,33.459999,33.180000,33.396000,32.856533,800
2019-08-23,33.123001,33.299999,32.424999,32.424999,31.901218,1400
2019-08-26,32.771000,32.820000,32.740002,32.820000,32.289837,1300
2019-08-27,33.035000,33.035000,32.643002,32.643002,32.115700,600
2019-08-28,32.681000,32.926998,32.681000,32.926998,32.395107,500
2019-08-29,33.264999,33.332001,33.264999,33.332001,32.793568,400
2019-08-30,33.513000,33.513000,33.261002,33.339001,32.800453,700
2019-09-03,33.099998,33.152000,33.029999,33.152000,32.616474,1100
2019-09-04,33.375000,33.457001,33.299999,33.457001,32.916550,1600
2019-09-05,33.702999,33.904999,33.702999,33.825001,33.278603,2000
2019-09-06,33.950001,33.950001,33.833000,33.833000,33.286476,8900
2019-09-09,34.080002,34.117001,33.903999,34.117001,33.565887,1000
2019-09-10,33.990002,34.256001,33.990002,34.256001,33.702641,800
2019-09-11,34.264000,34.630001,34.264000,34.630001,34.070602,600
2019-09-12,34.578999,34.689999,34.578999,34.609001,34.049938,900
2019-09-13,34.786999,34.786999,34.634998,34.634998,34.075516,600
2019-09-16,34.450001,34.529999,34.439999,34.485001,33.927944,1100
2019-09-17,34.430000,34.532001,34.430000,34.532001,33.974186,1500
2019-09-18,34.370998,34.422001,34.279999,34.422001,33.865959,1800
2019-09-19,34.430000,34.430000,34.308998,34.308998,33.754784,400
2019-09-20,34.391998,34.391998,34.131001,34.131001,33.579662,600
2019-09-23,34.021000,34.095001,34.021000,34.095001,33.544243,500
2019-09-24,34.247002,34.247002,33.893002,33.893002,33.345505,500
2019-09-25,34.043999,34.073002,33.855000,34.073002,33.522598,1200
2019-09-26,33.970001,33.970001,33.959999,33.969002,33.420280,700
2019-09-27,34.105000,34.105000,33.872002,33.872002,33.324844,600
2019-09-30,34.034000,34.115002,34.009998,34.115002,33.563919,500
2019-10-01,34.099998,34.208000,33.681000,33.720001,33.175301,1700
2019-10-02,33.412998,33.412998,33.081001,33.081001,32.546623,600
2019-10-03,33.037998,33.140999,32.860001,33.140999,32.605652,800
2019-10-04,33.269001,33.530998,33.180000,33.530998,32.989349,800
2019-10-07,33.473999,33.523998,33.473999,33.523998,32.982464,700
2019-10-08,33.207001,33.207001,33.032001,33.032001,32.498413,800
2019-10-09,33.161999,33.237999,33.140999,33.237999,32.701084,500
2019-10-10,33.318001,33.486000,33.318001,33.486000,32.945080,900
2019-10-11,33.893002,34.000000,33.848000,33.848000,33.301231,2100
2019-10-14,33.734001,33.740002,33.700001,33.700001,33.155624,700
2019-10-15,33.770000,33.980000,33.770000,33.941002,33.392731,6400
2019-10-16,33.970001,33.995998,33.943001,33.943001,33.394699,2500
2019-10-17,34.092999,34.158001,34.092999,34.158001,33.606224,800
2019-10-18,34.034000,34.034000,33.970001,33.994999,33.445858,500
2019-10-21,34.099998,34.259998,34.099998,34.259998,33.706573,800
2019-10-22,34.176998,34.389000,34.176998,34.317001,33.762657,800
2019-10-23,34.257000,34.410000,34.257000,34.410000,33.854153,700
2019-10-24,34.436001,34.436001,34.310001,34.433998,33.877766,1000
2019-10-25,34.338001,34.544998,34.337002,34.544998,33.986973,1000
2019-10-28,34.666000,34.666000,34.619999,34.619999,34.060760,1700
2019-10-29,34.622002,34.639999,34.602001,34.602001,34.043053,700
2019-10-30,34.526001,34.612999,34.459999,34.612999,34.053875,14300
2019-10-31,34.431999,34.431999,34.209999,34.423000,33.866943,6200
2019-11-01,34.618999,34.720001,34.599998,34.696999,34.136517,2300
2019-11-04,34.841999,34.869999,34.813000,34.866001,34.302788,2400
2019-11-05,34.938000,34.950001,34.921001,34.921001,34.356899,800
2019-11-06,35.007000,35.007000,34.820000,34.881001,34.317547,1200
2019-11-07,34.995998,35.049000,34.799999,34.799999,34.237854,17200
2019-11-08,34.750000,34.813999,34.750000,34.813999,34.251625,14300
2019-11-11,34.509998,34.764000,34.509998,34.721001,34.160130,1700
2019-11-12,34.709999,34.775002,34.650002,34.650002,34.090279,1500
2019-11-13,34.529999,34.669998,34.529999,34.618000,34.058792,20100
2019-11-14,34.717999,34.762001,34.630001,34.703999,34.143402,3600
2019-11-15,34.750000,34.917000,34.750000,34.917000,34.352962,2400
2019-11-18,34.909000,35.000000,34.881001,34.955002,34.390350,1600
2019-11-19,34.923000,34.930000,34.700001,34.784000,34.222111,1600
2019-11-20,34.619999,34.672001,34.566002,34.566002,34.007637,5400
2019-11-21,34.672001,34.672001,34.610001,34.646000,34.086342,700
2019-11-22,34.791000,34.861000,34.740002,34.861000,34.297867,5800
2019-11-25,34.970001,35.174000,34.946999,35.174000,34.605812,2800
2019-11-26,35.221001,35.293999,35.221001,35.293999,34.723873,1100
2019-11-27,35.373001,35.443001,35.360001,35.443001,34.870468,600
2019-11-29,35.400002,35.400002,35.332001,35.332001,34.761261,1200
2019-12-02,35.271999,35.271999,35.089001,35.089001,34.522186,1000
2019-12-03,34.689999,34.699001,34.647999,34.699001,34.138485,16100
2019-12-04,34.890999,35.049999,34.890999,34.980000,34.414944,900
2019-12-05,34.820000,34.970001,34.820000,34.896999,34.333286,1700
2019-12-06,35.209999,35.291000,35.209999,35.215000,34.646149,900
2019-12-09,35.237000,35.250000,35.138000,35.138000,34.570393,700
2019-12-10,35.020000,35.130001,35.016998,35.060001,34.493656,1100
2019-12-11,35.110001,35.116001,35.087002,35.116001,34.548752,1800
2019-12-12,35.130001,35.445000,35.130001,35.445000,34.872433,3500
2019-12-13,35.345001,35.369999,35.345001,35.365002,34.793728,700
2019-12-16,35.562000,35.720001,35.561001,35.645000,35.069202,1500
2019-12-17,35.799000,35.799999,35.730000,35.789001,35.210880,2900
2019-12-18,35.740002,35.780998,35.740002,35.757999,35.180378,1000
2019-12-19,35.825001,35.825001,35.799999,35.823002,35.244331,1500
2019-12-20,35.936001,35.990002,35.930000,35.984001,35.402729,1100
2019-12-23,36.220001,36.220001,35.930000,35.930000,35.349602,1700
2019-12-24,35.880001,35.987999,35.880001,35.946999,35.366325,800
2019-12-26,36.040001,36.104000,36.040001,36.104000,35.520790,1000
2019-12-27,36.178001,36.178001,36.091000,36.091000,35.507999,600
2019-12-30,35.709999,35.720001,35.310001,35.348000,35.348000,1000
2019-12-31,35.380001,35.457001,35.360001,35.457001,35.457001,3000
2020-01-02,35.557999,35.557999,35.410000,35.526001,35.526001,7200
2020-01-03,35.264999,35.439999,35.264999,35.370998,35.370998,2800
2020-01-06,35.290001,35.488998,35.240002,35.488998,35.488998,3500
2020-01-07,35.419998,35.439999,35.360001,35.369999,35.369999,2200
2020-01-08,35.430000,35.669998,35.419998,35.535000,35.535000,1800
2020-01-09,35.561001,35.630001,35.561001,35.570999,35.570999,900
2020-01-10,35.588001,35.639999,35.519001,35.519001,35.519001,900
2020-01-13,35.591000,35.793999,35.541000,35.793999,35.793999,1400
2020-01-14,35.660000,35.919998,35.660000,35.886002,35.886002,1100
2020-01-15,35.740002,36.049999,35.740002,35.959000,35.959000,8100
2020-01-16,36.162998,36.250000,36.160000,36.250000,36.250000,800
2020-01-17,36.299999,36.366001,36.299999,36.366001,36.366001,1300
2020-01-21,36.228001,36.298000,36.200001,36.298000,36.298000,1300
2020-01-22,36.400002,36.430000,36.331001,36.331001,36.331001,4000
2020-01-23,36.132000,36.544998,36.132000,36.544998,36.544998,1300
2020-01-24,36.540001,36.540001,36.291000,36.291000,36.291000,1600
2020-01-27,35.570000,35.830002,35.570000,35.793999,35.793999,3100
2020-01-28,35.970001,36.166000,35.970001,36.131001,36.131001,1000
2020-01-29,36.160000,36.261002,36.112000,36.112000,36.112000,3800
2020-01-30,35.896999,36.196999,35.896999,36.196999,36.196999,700
2020-01-31,36.152000,36.152000,35.700001,35.730000,35.730000,1100
2020-02-03,36.009998,36.169998,35.882000,35.882000,35.882000,800
2020-02-04,36.310001,36.400002,36.310001,36.320000,36.320000,2100
2020-02-05,36.633999,36.785999,36.529999,36.766998,36.766998,1200
2020-02-06,36.827999,36.839001,36.799999,36.839001,36.839001,700
2020-02-07,36.700001,36.779999,36.695000,36.721001,36.721001,9900
2020-02-10,36.810001,36.894001,36.808998,36.894001,36.894001,1300
2020-02-11,37.145000,37.259998,37.137001,37.137001,37.137001,1400
2020-02-12,37.340000,37.412998,37.320000,37.412998,37.412998,1200
2020-02-13,37.303001,37.493999,37.299999,37.442001,37.442001,1400
2020-02-14,37.535999,37.540001,37.377998,37.448002,37.448002,1700
2020-02-18,37.480000,37.583000,37.480000,37.577000,37.577000,800
2020-02-19,37.660000,37.660000,37.634998,37.634998,37.634998,400
2020-02-20,37.615002,37.841999,37.590000,37.716999,37.716999,1000
2020-02-21,37.528000,37.528000,37.327999,37.368000,37.368000,800
2020-02-24,36.139999,36.514999,36.139999,36.277000,36.277000,2700
2020-02-25,36.680000,36.680000,35.165001,35.270000,35.270000,3700
2020-02-26,35.442001,35.650002,34.830002,34.830002,34.830002,1800
2020-02-27,34.250000,34.382000,33.688000,33.688000,33.688000,1300
2020-02-28,32.439999,32.910000,32.340000,32.890999,32.890999,7100
2020-03-02,33.200001,34.255001,33.169998,34.255001,34.255001,11200
2020-03-03,34.133999,34.720001,33.356998,33.396000,33.396000,3100
2020-03-04,33.810001,34.688999,33.810001,34.688999,34.688999,700
2020-03-05,33.806999,33.806999,33.430000,33.445999,33.445999,900
2020-03-06,32.625999,33.075001,32.382999,33.075001,33.075001,1200
2020-03-09,31.100000,31.780001,30.865000,30.865000,30.865000,1300
2020-03-10,31.570000,31.834000,30.811001,31.834000,31.834000,2700
2020-03-11,30.794001,30.805000,30.219999,30.281000,30.281000,2100
2020-03-12,28.170000,28.170000,27.230000,27.253000,27.253000,8500
2020-03-13,28.632999,28.937000,27.770000,28.937000,28.937000,600
2020-03-16,26.950001,27.040001,26.014999,26.014999,26.014999,1100
2020-03-17,25.990999,27.332001,25.990999,27.332001,27.332001,1200
2020-03-18,26.354000,26.354000,25.500000,25.837999,25.837999,800
2020-03-19,26.100000,26.620001,26.100000,26.297001,26.297001,1300
2020-03-20,26.407000,26.407000,25.171000,25.171000,25.171000,1400
2020-03-23,24.400000,25.000000,24.320000,24.709999,24.709999,1100
2020-03-24,26.048000,26.636999,26.048000,26.636999,26.636999,500
2020-03-25,26.660000,27.816000,26.450001,27.271999,27.271999,2200
2020-03-26,27.715000,28.566999,27.715000,28.566999,28.566999,900
2020-03-27,27.389999,28.240999,27.389999,27.826000,27.826000,2300
2020-03-30,27.625000,28.382999,27.625000,28.382999,28.382999,800
2020-03-31,28.459999,28.459999,28.000000,28.000000,28.000000,1900
2020-04-01,28.000000,28.000000,28.000000,28.000000,28.000000,0
2020-04-02,26.690001,26.861000,26.690001,26.861000,26.861000,700
2020-04-03,26.861000,26.861000,26.861000,26.861000,26.861000,0
2020-04-06,27.820000,28.475000,27.750000,28.475000,28.475000,136700
2020-04-07,28.889999,29.190001,28.510000,28.517000,28.517000,1700
2020-04-08,28.629999,29.478001,28.629999,29.478001,29.478001,700
2020-04-09,29.478001,29.478001,29.478001,29.478001,29.478001,0
2020-04-13,30.153000,30.153000,30.153000,30.153000,30.153000,0
2020-04-14,30.129999,30.650000,30.129999,30.650000,30.650000,400
2020-04-15,29.799999,29.945999,29.799999,29.945999,29.945999,900
2020-04-16,29.941000,30.098000,29.941000,30.098000,30.098000,200
2020-04-17,31.020000,31.020000,30.629999,30.868000,30.868000,500
2020-04-20,30.549999,30.549999,30.316999,30.316999,30.316999,100
2020-04-21,29.629999,29.629999,29.584000,29.584000,29.584000,200
2020-04-22,29.840000,29.916000,29.840000,29.916000,29.916000,200
2020-04-23,29.943001,29.943001,29.888000,29.888000,29.888000,100
2020-04-24,29.888000,29.888000,29.888000,29.888000,29.888000,0
2020-04-27,30.430000,30.827000,30.430000,30.775999,30.775999,700
2020-04-28,30.775999,30.775999,30.775999,30.775999,30.775999,0
2020-04-29,31.688999,31.688999,31.657000,31.657000,31.657000,200
2020-04-30,31.657000,31.657000,31.657000,31.657000,31.657000,0
2020-05-01,31.131001,31.131001,31.131001,31.131001,31.131001,0
2020-05-04,29.632999,30.113001,29.632999,30.113001,30.113001,300
2020-05-05,30.558001,30.558001,30.177999,30.177999,30.177999,200
2020-05-06,30.035000,30.035000,29.867001,29.867001,29.867001,200
2020-05-07,30.350000,30.350000,30.302999,30.302999,30.302999,300