Date,Open,High,Low,Close,Adj Close,Volume
2015-05-21,25.000000,25.000000,25.000000,25.000000,15.715918,0
2015-05-22,24.950001,24.980000,24.860001,24.980000,15.703344,1279800
2015-05-26,24.980000,25.000000,24.900000,25.000000,15.715918,68600
2015-05-27,25.000000,25.000000,24.930000,24.950001,15.684484,58800
2015-05-28,24.950001,24.969999,24.900000,24.969999,15.697058,34500
2015-05-29,24.950001,24.959999,24.910000,24.950001,15.684484,13800
2015-06-01,24.950001,24.990000,24.950001,24.980000,15.703344,13600
2015-06-02,24.989000,24.989000,24.943001,24.950001,15.684484,17400
2015-06-03,24.950001,24.950001,24.900000,24.900000,15.653053,13900
2015-06-04,24.900000,24.940001,24.900000,24.900000,15.653053,84200
2015-06-05,24.900000,24.920000,24.900000,24.900000,15.653053,63400
2015-06-08,24.990000,24.990000,24.910000,24.910000,15.659336,9100
2015-06-09,24.900000,24.940001,24.900000,24.900000,15.653053,22600
2015-06-10,24.940001,24.950001,24.910000,24.940001,15.678200,18800
2015-06-11,24.950001,24.950001,24.900000,24.900000,15.653053,9800
2015-06-12,24.900000,24.940001,24.900000,24.920000,15.665626,6900
2015-06-15,24.910000,24.943001,24.910000,24.910000,15.659336,7200
2015-06-16,24.920000,24.990000,24.910000,24.910000,15.659336,30600
2015-06-17,24.950001,24.950001,24.910000,24.910000,15.659336,13100
2015-06-18,24.910000,24.930000,24.900000,24.910000,15.659336,17100
2015-06-19,24.950001,24.950001,24.910000,24.930000,15.671910,1800
2015-06-22,24.930000,25.490000,24.900000,24.920000,15.665626,115600
2015-06-23,24.910000,26.000000,24.910000,24.950001,15.684484,202600
2015-06-24,24.959999,25.150000,24.900000,24.900000,15.653053,75800
2015-06-25,24.920000,24.990000,24.900000,24.900000,15.653053,52500
2015-06-26,24.900000,25.070000,24.900000,24.900000,15.653053,52200
2015-06-29,24.900000,24.959999,24.170000,24.200001,15.213006,391600
2015-06-30,24.219999,24.862000,23.809999,24.020000,15.099849,133200
2015-07-01,24.000000,24.020000,23.549999,24.020000,15.099849,39900
2015-07-02,24.020000,24.170000,23.540001,23.959999,15.062135,40700
2015-07-06,23.680000,23.820000,23.379999,23.700001,14.898687,23900
2015-07-07,23.580000,23.580000,23.030001,23.320000,14.659810,37500
2015-07-08,23.049999,23.049999,22.889999,22.900000,14.395777,4800
2015-07-09,22.870001,23.500000,22.340000,23.150000,14.552941,53600
2015-07-10,23.200001,23.249001,22.950001,23.160000,14.559229,23100
2015-07-13,22.980000,23.240000,22.910000,22.940001,14.420928,18000
2015-07-14,22.809999,22.809999,22.450001,22.450001,14.112893,44900
2015-07-15,22.450001,22.750000,22.170000,22.230000,13.974595,29200
2015-07-16,22.059999,22.059999,21.860001,21.920000,13.884015,26700
2015-07-17,21.770000,21.770000,21.400000,21.410000,13.560984,17800
2015-07-20,21.309999,21.430000,20.650000,20.930000,13.256958,69800
2015-07-21,20.730000,20.889999,20.420000,20.530001,13.003601,67700
2015-07-22,20.500000,20.900000,20.500000,20.870001,13.218950,68700
2015-07-23,20.900000,20.930000,20.580000,20.760000,13.149280,52600
2015-07-24,21.000000,21.413000,20.695999,21.270000,13.472309,114200
2015-07-27,21.160000,21.590000,20.830000,20.990000,13.294961,59200
2015-07-28,20.799999,21.879999,20.799999,21.180000,13.415304,45800
2015-07-29,21.430000,21.430000,21.129999,21.219999,13.440642,44000
2015-07-30,21.639999,21.639999,21.020000,21.020000,13.313964,60300
2015-07-31,20.969999,21.000000,20.860001,20.940001,13.263292,51700
2015-08-03,21.000000,21.000000,20.520000,20.549999,13.016268,39600
2015-08-04,20.559999,21.360001,20.520000,21.049999,13.332964,88500
2015-08-05,21.010000,21.350000,21.000000,21.020000,13.313964,35300
2015-08-06,21.340000,21.340000,20.650000,20.910000,13.244289,25800
2015-08-07,20.660000,20.940001,20.660000,20.858999,13.211987,29800
2015-08-10,21.000000,21.000000,20.799999,20.969999,13.282294,36300
2015-08-11,20.629999,20.770000,20.330000,20.350000,12.993064,27300
2015-08-12,20.330000,20.330000,19.580000,19.990000,12.763209,44300
2015-08-13,20.160000,20.160000,19.600000,20.000000,12.769591,53900
2015-08-14,20.200001,20.260000,19.930000,20.000000,12.769591,38700
2015-08-17,20.010000,20.010000,19.660000,19.990000,12.763209,52700
2015-08-18,20.030001,20.629999,20.020000,20.270000,12.941981,68400
2015-08-19,20.049999,20.355000,19.650000,20.010000,12.775981,67600
2015-08-20,20.010000,20.254000,19.320000,19.600000,12.514204,103800
2015-08-21,19.490000,19.540001,18.840000,18.996000,12.128559,103100
2015-08-24,17.680000,18.549999,16.680000,17.900000,11.428781,117100
2015-08-25,18.190001,18.299000,17.410000,17.709999,11.307477,78600
2015-08-26,17.500000,18.340000,17.309999,18.190001,11.613945,111600
2015-08-27,18.709999,18.740000,18.030001,18.650000,11.907642,109500
2015-08-28,18.170000,19.209999,18.170000,19.150000,12.226886,49000
2015-08-31,19.280001,19.280001,18.740000,18.760000,11.977878,60200
2015-09-01,18.900000,18.920000,18.070000,18.340000,11.709718,65600
2015-09-02,18.600000,18.959999,18.160000,18.917999,12.078759,53100
2015-09-03,19.049999,19.049999,18.590000,18.660000,11.914028,41100
2015-09-04,18.200001,18.570000,18.200001,18.480000,11.799102,31500
2015-09-08,18.840000,18.920000,18.330000,18.690001,11.933185,67500
2015-09-09,18.500000,18.760000,18.350000,18.350000,11.821733,51300
2015-09-10,18.450001,18.570000,18.030001,18.370001,11.834616,52500
2015-09-11,18.240000,18.469999,18.219999,18.299999,11.789518,88300
2015-09-14,18.350000,18.450001,18.020000,18.120001,11.673559,153400
2015-09-15,18.250000,18.450001,18.120001,18.450001,11.886155,78700
2015-09-16,18.360001,18.950001,18.260000,18.760000,12.085870,161300
2015-09-17,18.730000,19.035999,18.650000,18.820000,12.124519,107600
2015-09-18,18.900000,19.400000,18.420000,18.969999,12.221160,50900
2015-09-21,18.980000,19.200001,18.580000,18.719999,12.060094,76100
2015-09-22,18.780001,18.879999,17.980000,18.469999,11.899039,150100
2015-09-23,18.629999,18.709999,18.110001,18.110001,11.667114,103000
2015-09-24,18.110001,18.340000,17.700001,18.340000,11.815289,117300
2015-09-25,18.510000,18.860001,18.040001,18.240000,11.750867,74600
2015-09-28,18.280001,18.370001,17.250000,17.280001,11.132398,136600
2015-09-29,17.790001,17.940001,17.100000,17.160000,11.055091,68200
2015-09-30,17.459999,17.500000,17.230000,17.430000,11.229036,66400
2015-10-01,17.870001,18.040001,17.230000,17.490000,11.267690,92800
2015-10-02,17.600000,17.910000,17.327999,17.910000,11.538267,63000
2015-10-05,18.200001,18.572001,18.073000,18.270000,11.770194,53300
2015-10-06,18.351999,18.530001,18.090000,18.420000,11.866832,31700
2015-10-07,18.420000,18.840000,18.070000,18.360001,11.828173,47700
2015-10-08,18.260000,18.490000,18.103001,18.489000,12.020620,22000
2015-10-09,18.500000,18.730000,18.490000,18.639999,12.118792,31900
2015-10-12,18.580000,18.600000,18.312000,18.430000,11.982256,44200
2015-10-13,18.430000,18.590000,18.219999,18.389999,11.956253,38900
2015-10-14,18.500000,18.600000,18.230000,18.320000,11.910747,72600
2015-10-15,18.565001,18.590000,18.389999,18.500000,12.027771,36200
2015-10-16,18.459999,18.709999,18.280001,18.570000,12.073281,52800
2015-10-19,18.639999,18.639999,18.330000,18.500000,12.027771,34300
2015-10-20,18.600000,18.620001,18.410000,18.437000,11.986810,34200
2015-10-21,18.600000,18.600000,18.370001,18.400000,11.962754,35000
2015-10-22,18.600000,18.790001,18.554001,18.650000,12.125292,70400
2015-10-23,18.700001,18.959999,18.700001,18.850000,12.255325,36500
2015-10-26,18.809999,18.900000,18.639999,18.809999,12.229314,59000
2015-10-27,18.650000,18.780001,18.500000,18.610001,12.099287,66900
2015-10-28,18.690001,18.850000,18.530001,18.740000,12.183809,37000
2015-10-29,18.740000,18.860001,18.631001,18.709999,12.164300,45900
2015-10-30,18.700001,18.990000,18.700001,18.900000,12.287827,60400
2015-11-02,19.070000,19.090000,18.809999,18.920000,12.300832,56100
2015-11-03,18.860001,19.110001,18.850000,18.892000,12.282631,61700
2015-11-04,18.990000,19.021000,18.870001,18.940001,12.313835,60400
2015-11-05,19.100000,19.100000,18.850000,19.040001,12.378853,76400
2015-11-06,18.920000,19.034000,18.690001,18.830000,12.242316,52600
2015-11-09,18.594999,18.639999,18.340000,18.370001,12.050119,45500
2015-11-10,18.170000,18.344999,17.990000,18.250000,11.971404,65000
2015-11-11,18.530001,18.530001,18.010000,18.129999,11.892691,67900
2015-11-12,18.139999,18.180000,17.770000,17.959999,11.781173,52500
2015-11-13,17.879999,17.940001,17.600000,17.848000,11.707707,46000
2015-11-16,17.950001,17.950001,17.559999,17.830000,11.695901,86500
2015-11-17,17.830000,17.910000,17.629999,17.719999,11.623743,81000
2015-11-18,17.700001,17.850000,17.680000,17.850000,11.709021,157300
2015-11-19,17.830000,17.850000,17.650000,17.740000,11.636861,76700
2015-11-20,17.840000,17.950001,17.610001,17.709999,11.617186,73900
2015-11-23,17.790001,17.990000,17.639999,17.735001,11.633582,123500
2015-11-24,17.750000,18.010000,17.690001,17.809999,11.682779,69800
2015-11-25,17.889999,18.129999,17.860001,17.959999,11.781173,98000
2015-11-27,18.030001,18.040001,17.879999,18.010000,11.813975,11100
2015-11-30,18.040001,18.240000,18.030001,18.070000,11.853333,74800
2015-12-01,18.219999,18.360001,18.110001,18.270000,11.984521,95100
2015-12-02,18.299999,18.500000,18.270000,18.350000,12.037000,77400
2015-12-03,18.459999,18.459999,17.980000,18.000000,11.807413,85600
2015-12-04,17.959999,18.290001,17.910000,18.090000,11.866449,59500
2015-12-07,17.930000,18.030001,17.850000,17.961000,11.781831,57500
2015-12-08,17.530001,18.000000,17.530001,17.809999,11.682779,68600
2015-12-09,17.670000,18.129999,17.520000,18.090000,11.978774,120300
2015-12-10,18.049999,18.120001,17.860001,17.920000,11.866201,68400
2015-12-11,17.780001,17.860001,17.222000,17.340000,11.482140,90100
2015-12-14,17.120001,17.270000,16.865000,17.020000,11.270245,66200
2015-12-15,17.139999,17.330000,17.040001,17.250000,11.422545,102200
2015-12-16,17.400000,17.934999,17.280001,17.809999,11.793362,115300
2015-12-17,17.510000,17.990000,17.510000,17.830000,11.806608,147000
2015-12-18,17.850000,17.910000,17.680000,17.850000,11.819851,45900
2015-12-21,17.990000,18.030001,17.870001,17.930000,11.872826,74000
2015-12-22,18.020000,18.020000,17.620001,17.850000,11.819851,123700
2015-12-23,17.740000,18.059999,17.740000,17.969999,11.899310,132600
2015-12-24,18.049999,18.059999,17.920000,18.049999,11.952285,42100
2015-12-28,18.030001,18.110001,17.830000,18.030001,11.939046,121100
2015-12-29,18.230000,18.252001,17.959999,17.990000,11.912554,156900
2015-12-30,18.129999,18.240000,17.990000,18.110001,11.992017,110200
2015-12-31,18.090000,18.299999,18.000000,18.160000,12.025131,142000
2016-01-04,17.990000,18.200001,17.799999,17.950001,11.886067,62300
2016-01-05,17.900000,18.250000,17.900000,18.120001,11.998641,77100
2016-01-06,17.889999,18.070000,17.860001,17.959999,11.892692,46400
2016-01-07,17.549999,17.799999,17.280001,17.370001,11.502004,169500
2016-01-08,17.420000,17.580000,17.090000,17.110001,11.329841,76400
2016-01-11,17.090000,17.150000,16.820000,16.950001,11.223894,32800
2016-01-12,16.860001,16.980000,16.570000,16.770000,11.215196,60800
2016-01-13,16.760000,16.799999,16.219999,16.240000,10.860752,61300
2016-01-14,16.120001,16.280001,15.950000,16.150000,10.800563,92200
2016-01-15,15.830000,15.990000,15.380000,15.570000,10.412679,58700
2016-01-19,15.720000,15.720000,15.340000,15.400000,10.298986,61900
2016-01-20,15.370000,15.410000,14.260000,14.850000,9.931170,104100
2016-01-21,14.930000,15.410000,14.600000,15.030000,10.051549,149600
2016-01-22,15.260000,15.840000,15.260000,15.630000,10.452806,69000
2016-01-25,15.710000,15.810000,15.430000,15.500000,10.365865,79000
2016-01-26,15.480000,15.860000,15.480000,15.650000,10.466181,123800
2016-01-27,15.570000,15.787000,15.533000,15.660000,10.472871,104900
2016-01-28,15.880000,16.010000,15.710000,15.960000,10.673496,169600
2016-01-29,16.010000,16.410000,15.960000,16.400000,10.967750,88300
2016-02-01,16.420000,16.870001,16.190001,16.700001,11.168383,252100
2016-02-02,16.540001,16.540001,16.180000,16.379999,10.954379,126800
2016-02-03,16.400000,16.520000,15.970000,16.290001,10.894191,73900
2016-02-04,16.250000,16.340000,16.090000,16.090000,10.760436,68400
2016-02-05,16.110001,16.160000,15.850000,15.930000,10.653435,41300
2016-02-08,15.690000,15.690000,15.350000,15.480000,10.352489,28600
2016-02-09,15.450000,15.500000,15.099000,15.300000,10.232113,46600
2016-02-10,15.240000,15.300000,15.050000,15.160000,10.250368,39500
2016-02-11,14.840000,14.960000,14.580000,14.780000,9.993430,71100
2016-02-12,14.920000,15.100000,14.720000,15.080000,10.196279,58000
2016-02-16,15.120000,15.430000,15.120000,15.349000,10.378161,55100
2016-02-17,15.290000,15.670000,15.270000,15.538000,10.505950,32600
2016-02-18,15.670000,15.680000,15.590000,15.641000,10.575597,28100
2016-02-19,15.520000,15.725000,15.500000,15.620000,10.561394,30300
2016-02-22,15.640000,15.880000,15.470000,15.650000,10.581682,60400
2016-02-23,15.600000,15.750000,15.600000,15.640000,10.574920,60000
2016-02-24,15.630000,15.750000,15.390000,15.650000,10.581682,60200
2016-02-25,15.720000,16.080000,15.700000,16.040001,10.845376,46500
2016-02-26,16.030001,16.309999,16.030001,16.309999,11.027938,35000
2016-02-29,16.180000,16.420000,16.180000,16.230000,10.973844,57700
2016-03-01,16.440001,16.610001,16.350000,16.610001,11.230783,47300
2016-03-02,16.629999,16.790001,16.556999,16.790001,11.352487,80200
2016-03-03,16.910000,17.139999,16.610001,16.980000,11.480954,90200
2016-03-04,17.090000,17.309999,17.084999,17.309999,11.704081,44300
2016-03-07,17.330000,17.360001,17.134001,17.250000,11.663514,41600
2016-03-08,17.090000,17.320000,17.090000,17.129999,11.582370,82400
2016-03-09,17.110001,17.167000,16.969999,17.139999,11.703234,42600
2016-03-10,17.090000,17.260000,17.040001,17.250000,11.778341,51600
2016-03-11,17.410000,17.410000,17.260000,17.340000,11.839793,41900
2016-03-14,17.240000,17.400000,17.230000,17.320000,11.826136,22200
2016-03-15,17.299999,17.299999,17.030001,17.200001,11.744199,52000
2016-03-16,17.070000,17.430000,17.070000,17.420000,11.894415,64600
2016-03-17,17.299999,17.670000,17.240000,17.520000,11.962694,64800
2016-03-18,17.600000,17.680000,17.450001,17.520000,11.962694,38500
2016-03-21,17.440001,17.709000,17.430000,17.670000,12.065118,50300
2016-03-22,17.530001,17.790001,17.530001,17.610001,12.024150,38900
2016-03-23,17.549999,17.610001,17.320000,17.549999,11.983177,24700
2016-03-24,17.420000,17.475000,17.219999,17.389999,11.873933,39200
2016-03-28,17.490000,17.490000,17.270000,17.339001,11.839110,36000
2016-03-29,17.360001,17.549999,17.299999,17.500000,11.949044,27000
2016-03-30,17.650000,17.700001,17.520000,17.690001,12.078773,32500
2016-03-31,17.730000,17.780001,17.590000,17.780001,12.140228,31800
2016-04-01,17.570000,17.879999,17.549999,17.780001,12.140228,34400
2016-04-04,17.690001,17.730000,17.549999,17.610001,12.024150,68300
2016-04-05,17.559999,17.559999,17.400000,17.490000,11.942215,49200
2016-04-06,17.430000,17.650000,17.410000,17.559999,11.990009,70100
2016-04-07,17.389999,17.504999,17.379999,17.469999,12.043092,55700
2016-04-08,17.500000,17.580000,17.459999,17.469999,12.043092,25900
2016-04-11,17.430000,17.600000,17.420000,17.530001,12.084454,22900
2016-04-12,17.500000,17.660000,17.410000,17.660000,12.174069,52400
2016-04-13,17.670000,17.730000,17.530001,17.719999,12.215425,25800
2016-04-14,17.650000,17.830000,17.639999,17.780001,12.256794,30900
2016-04-15,17.799999,17.860001,17.660000,17.770000,12.249896,29900
2016-04-18,17.799999,17.850000,17.670000,17.743000,12.231287,46500
2016-04-19,17.920000,17.920000,17.700001,17.850000,12.305048,46200
2016-04-20,17.879999,17.959999,17.797001,17.900000,12.339517,28900
2016-04-21,17.930000,18.020000,17.879999,17.959999,12.380877,78000
2016-04-22,18.010000,18.080000,17.961000,18.010000,12.415344,24200
2016-04-25,18.030001,18.030001,17.850000,17.930000,12.360196,18900
2016-04-26,17.969999,17.969999,17.760000,17.889999,12.332622,30300
2016-04-27,17.940001,18.049999,17.940001,18.049999,12.442916,33700
2016-04-28,18.070000,18.129000,17.930000,17.950001,12.373977,45200
2016-04-29,17.860001,17.900000,17.680000,17.809999,12.277472,48500
2016-05-02,17.940001,18.190001,17.799999,17.889999,12.332622,60200
2016-05-03,17.889999,17.920000,17.690001,17.830000,12.291257,61100
2016-05-04,17.850000,17.850000,17.690001,17.719999,12.215425,27100
2016-05-05,17.809999,17.879999,17.594999,17.690001,12.194749,44200
2016-05-06,17.650000,17.850000,17.650000,17.750000,12.236109,34800
2016-05-09,17.820000,17.889999,17.680000,17.680000,12.187854,17800
2016-05-10,17.709999,17.709999,17.510000,17.570000,12.227526,23600
2016-05-11,17.559999,17.639999,17.480000,17.510000,12.185765,32700
2016-05-12,17.580000,17.610001,17.459999,17.520000,12.192727,42300
2016-05-13,17.500000,17.549999,17.420000,17.469999,12.157930,31700
2016-05-16,17.490000,17.629999,17.430000,17.600000,12.248403,32000
2016-05-17,17.650000,17.650000,17.434999,17.510000,12.185765,56300
2016-05-18,17.389999,17.570000,17.280001,17.379999,12.095298,45300
2016-05-19,17.389999,17.400000,17.160000,17.309999,12.046579,71600
2016-05-20,17.400000,17.445000,17.260000,17.330000,12.060497,27500
2016-05-23,17.330000,17.330000,17.180000,17.230000,11.990906,20800
2016-05-24,17.230000,17.500000,17.230000,17.450001,12.144011,79000
2016-05-25,17.530001,17.629999,17.490000,17.610001,12.255358,44800
2016-05-26,17.670000,17.840000,17.629999,17.802999,12.389675,60100
2016-05-27,17.840000,17.889999,17.790001,17.850000,12.422386,26700
2016-05-31,17.920000,18.049999,17.660000,17.980000,12.512854,61600
2016-06-01,18.030001,18.030001,17.889999,18.000000,12.526772,36400
2016-06-02,18.020000,18.070000,17.910000,17.910000,12.464142,49900
2016-06-03,17.969999,18.059999,17.910000,18.020000,12.540694,48700
2016-06-06,17.870001,18.150000,17.870001,17.950001,12.491969,153300
2016-06-07,17.950001,18.150000,17.900000,18.120001,12.610290,75600
2016-06-08,18.219999,18.280001,18.150000,18.270000,12.714676,27600
2016-06-09,18.170000,18.260000,18.059999,18.260000,12.824947,38800
2016-06-10,18.200001,18.200001,17.850000,18.049999,12.677445,63000
2016-06-13,17.990000,18.100000,17.879999,17.940001,12.600193,41200
2016-06-14,17.959999,17.980000,17.530001,17.660000,12.403536,50200
2016-06-15,17.620001,17.799999,17.620001,17.799999,12.501864,24400
2016-06-16,17.719999,17.740000,17.500000,17.730000,12.452699,51500
2016-06-17,17.730000,17.730000,17.590000,17.639999,12.389489,18900
2016-06-20,17.709999,17.820000,17.629999,17.719999,12.445673,44600
2016-06-21,17.760000,17.830000,17.650000,17.809999,12.508885,27400
2016-06-22,17.870001,17.870001,17.629999,17.709999,12.438651,30200
2016-06-23,17.830000,17.900000,17.750000,17.900000,12.572101,30200
2016-06-24,17.590000,17.809999,17.200001,17.360001,12.192831,43600
2016-06-27,17.350000,17.350000,16.879999,17.139999,12.038313,86200
2016-06-28,17.379999,17.485001,17.320000,17.389999,12.213902,32900
2016-06-29,17.639999,17.670000,17.490000,17.670000,12.410559,38900
2016-06-30,17.750000,17.770000,17.490000,17.770000,12.480791,50000
2016-07-01,17.840000,17.840000,17.709999,17.790001,12.494835,33900
2016-07-05,17.770000,17.830000,17.660000,17.760000,12.473768,67200
2016-07-06,17.680000,17.877001,17.660000,17.820000,12.515910,38800
2016-07-07,17.740000,17.809999,17.670000,17.780001,12.605954,32100
2016-07-08,17.940001,18.124001,17.930000,18.120001,12.847012,45500
2016-07-11,18.110001,18.250000,18.091000,18.139999,12.861190,25300
2016-07-12,18.209999,18.360001,18.184999,18.200001,12.903730,67000
2016-07-13,18.250000,18.254000,18.020000,18.110001,12.839920,45000
2016-07-14,18.190001,18.219999,18.100000,18.209999,12.910820,56200
2016-07-15,18.150000,18.340000,18.070000,18.090000,12.825740,68000
2016-07-18,18.090000,18.299999,18.061001,18.205000,12.907277,37000
2016-07-19,18.139999,18.264999,18.129999,18.180000,12.889551,40100
2016-07-20,18.200001,18.480000,18.200001,18.410000,13.052621,57700
2016-07-21,18.459999,18.530001,18.370001,18.430000,13.066798,24000
2016-07-22,18.520000,18.549999,18.391001,18.530001,13.137699,35300
2016-07-25,18.440001,18.790001,18.440001,18.760000,13.300767,110700
2016-07-26,18.840000,18.990000,18.760000,18.990000,13.463836,67200
2016-07-27,19.049999,19.190001,18.940001,19.049999,13.506381,51900
2016-07-28,19.120001,19.170000,19.059999,19.160000,13.584367,29300
2016-07-29,19.200001,19.219999,18.930000,18.980000,13.456752,49400
2016-08-01,19.139999,19.139999,18.771000,18.969999,13.449656,57500
2016-08-02,19.020000,19.020000,18.611000,18.740000,13.286588,72000
2016-08-03,18.790001,18.879999,18.650999,18.879999,13.385847,31400
2016-08-04,18.930000,19.030001,18.889999,19.020000,13.485105,25000
2016-08-05,19.129999,19.240000,19.017000,19.170000,13.591456,30900
2016-08-08,19.170000,19.309999,19.129999,19.250000,13.648175,40000
2016-08-09,19.270000,19.309999,18.930000,19.230000,13.753312,43000
2016-08-10,19.320000,19.340000,18.969999,19.180000,13.717548,86300
2016-08-11,19.270000,19.340000,19.200001,19.290001,13.796221,42400
2016-08-12,19.290001,19.290001,18.950001,19.030001,13.610271,54200
2016-08-15,19.129999,19.150000,18.940001,19.040001,13.617424,28300
2016-08-16,19.049999,19.080000,18.900000,18.980000,13.574512,53200
2016-08-17,19.030001,19.070000,18.900000,18.920000,13.531600,19600
2016-08-18,19.020000,19.042999,18.860001,18.980000,13.574512,49200
2016-08-19,19.010000,19.010000,18.780001,18.930000,13.538752,45600
2016-08-22,18.969999,18.990000,18.879999,18.990000,13.581662,28200
2016-08-23,19.080000,19.230000,19.040001,19.049999,13.624573,27300
2016-08-24,19.150000,19.170000,18.980000,18.980000,13.574512,26400
2016-08-25,18.969999,19.000000,18.886000,18.980000,13.574512,23500
2016-08-26,18.930000,19.160000,18.760000,18.860001,13.488683,51500
2016-08-29,18.990000,19.090000,18.980000,19.059999,13.631725,28900
2016-08-30,19.049999,19.080000,18.950001,19.030001,13.610271,42600
2016-08-31,19.020000,19.030001,18.830000,18.990000,13.581662,34000
2016-09-01,19.049999,19.110001,18.910000,19.090000,13.653185,34300
2016-09-02,19.139999,19.219999,19.120001,19.219999,13.746159,36000
2016-09-06,19.230000,19.309999,19.222000,19.309999,13.810528,36800
2016-09-07,19.320000,19.320000,19.150000,19.299999,13.803378,84800
2016-09-08,19.209999,19.280001,19.049999,19.209999,13.858926,89800
2016-09-09,19.180000,19.219999,18.600000,18.660000,13.462132,116700
2016-09-12,18.540001,18.830000,18.400000,18.770000,13.541493,41900
2016-09-13,18.709999,18.780001,18.400000,18.540001,13.375563,44400
2016-09-14,18.590000,18.648001,18.389999,18.530001,13.368346,23600
2016-09-15,18.580000,18.731001,18.450001,18.590000,13.411639,27000
2016-09-16,18.629999,18.930000,18.490000,18.900000,13.635280,70500
2016-09-19,18.969999,19.040001,18.639999,18.709999,13.498202,50400
2016-09-20,18.870001,18.870001,18.600000,18.709999,13.498202,22600
2016-09-21,18.830000,18.969999,18.650000,18.930000,13.656924,78900
2016-09-22,19.080000,19.080000,18.770000,18.900000,13.635280,37100
2016-09-23,18.959999,19.020000,18.770000,18.969999,13.685778,33300
2016-09-26,18.950001,19.049999,18.681000,18.867001,13.611476,51500
2016-09-27,18.920000,19.010000,18.670000,18.950001,13.671351,28900
2016-09-28,18.980000,19.030001,18.910000,19.010000,13.714640,35600
2016-09-29,19.080000,19.080000,18.650000,18.830000,13.584778,30000
2016-09-30,18.870001,19.059999,18.730000,19.030001,13.729064,15500
2016-10-03,18.990000,19.080000,18.850000,18.950001,13.671351,14900
2016-10-04,19.030001,19.070000,18.799999,18.847000,13.597046,77700
2016-10-05,18.969999,18.969999,18.797001,18.820000,13.577565,15400
2016-10-06,18.870001,18.870001,18.650000,18.760000,13.534275,15800
2016-10-07,18.840000,18.860001,18.680000,18.799999,13.563138,18900
2016-10-10,18.910000,18.916000,18.799999,18.840000,13.591993,29700
2016-10-11,18.719999,18.719999,18.379999,18.450001,13.429676,38800
2016-10-12,18.490000,18.490000,18.200001,18.270000,13.298649,38700
2016-10-13,18.240000,18.340000,18.120001,18.209999,13.254977,36200
2016-10-14,18.340000,18.400000,18.070000,18.120001,13.189472,44200
2016-10-17,18.150000,18.200001,17.740000,17.900000,13.029332,54400
2016-10-18,18.090000,18.090000,17.850000,17.969999,13.080278,36300
2016-10-19,18.040001,18.145000,18.010000,18.020000,13.116678,33800
2016-10-20,18.080000,18.100000,17.910000,18.080000,13.160351,37200
2016-10-21,18.110001,18.180000,18.040001,18.150000,13.211303,20000
2016-10-24,18.280001,18.330000,18.150000,18.219999,13.262257,27300
2016-10-25,18.200001,18.320000,18.030001,18.120001,13.189472,68200
2016-10-26,18.139999,18.181999,18.049999,18.129999,13.196745,22700
2016-10-27,18.190001,18.190001,18.030001,18.046000,13.135602,16100
2016-10-28,18.100000,18.117001,17.900000,17.910000,13.036608,28900
2016-10-31,17.959999,18.096001,17.610001,17.809999,12.963819,40400
2016-11-01,17.760000,17.760000,17.500000,17.660000,12.854636,52700
2016-11-02,17.660000,17.740000,17.381001,17.559999,12.781847,115300
2016-11-03,17.510000,17.510000,17.280001,17.280001,12.578038,28300
2016-11-04,17.309999,17.400000,16.870001,17.170000,12.497961,34200
2016-11-07,17.389999,17.480000,17.240000,17.410000,12.672660,43300
2016-11-08,17.219999,17.440001,17.100000,17.270000,12.692503,40500
2016-11-09,17.100000,17.410000,17.086000,17.410000,12.795397,19300
2016-11-10,17.469999,17.563999,17.260000,17.420000,12.802747,39000
2016-11-11,17.430000,17.650000,17.360001,17.570000,12.912989,23900
2016-11-14,17.680000,17.680000,17.290001,17.410000,12.795397,31000
2016-11-15,17.350000,17.681000,17.260000,17.580000,12.920335,44500
2016-11-16,17.510000,18.059999,17.510000,17.980000,13.214316,98100
2016-11-17,18.010000,18.260000,18.010000,18.160999,13.347341,75000
2016-11-18,18.209999,18.469999,18.049999,18.292000,13.443618,89200
2016-11-21,18.290001,18.620001,18.268000,18.469999,13.574434,99100
2016-11-22,18.600000,18.680000,18.481001,18.591000,13.663368,52900
2016-11-23,18.629999,18.639999,18.500000,18.597000,13.667778,45900
2016-11-25,18.629999,18.812000,18.500000,18.500000,13.596486,16400
2016-11-28,18.500000,18.549999,18.240000,18.350000,13.486250,40600
2016-11-29,18.440001,18.549999,18.370001,18.459999,13.567091,88000
2016-11-30,18.420000,18.420000,18.010000,18.250000,13.412750,60000
2016-12-01,18.129999,18.308001,18.000000,18.030001,13.251063,43500
2016-12-02,18.090000,18.150000,17.930000,18.080000,13.287809,49100
2016-12-05,18.280001,18.400000,18.150000,18.299999,13.449498,44000
2016-12-06,18.400000,18.549999,18.200001,18.510000,13.603838,62600
2016-12-07,18.580000,18.770000,18.450001,18.740000,13.772874,53500
2016-12-08,18.629999,18.799999,18.500000,18.549999,13.755817,84000
2016-12-09,18.700001,18.700001,18.370001,18.590000,13.785479,32300
2016-12-12,18.420000,18.540001,18.410000,18.459999,13.689075,67100
2016-12-13,18.559999,18.780001,18.452000,18.760000,13.911546,67600
2016-12-14,18.799999,18.990000,18.580000,18.750000,13.904126,69700
2016-12-15,18.860001,18.980000,18.687000,18.980000,14.074687,68000
2016-12-16,19.010000,19.010000,18.709999,18.850000,13.978285,63100
2016-12-19,18.770000,18.896000,18.660000,18.820000,13.956043,33600
2016-12-20,18.870001,18.870001,18.730000,18.799999,13.941206,40100
2016-12-21,18.850000,18.940001,18.760000,18.920000,14.030196,31300
2016-12-22,18.950001,19.040001,18.730000,18.860001,13.985699,60600
2016-12-23,18.809999,19.070000,18.760000,18.860001,13.985699,47700
2016-12-27,18.870001,19.090000,18.740000,18.930000,14.037608,27700
2016-12-28,19.000000,19.000000,18.700001,18.719999,13.881884,53100
2016-12-29,18.660000,18.830000,18.629999,18.730000,13.889299,46400
2016-12-30,18.690001,18.780001,18.523001,18.780001,13.926378,59100
2017-01-03,18.889999,18.962999,18.690001,18.840000,13.970868,57300
2017-01-04,18.900000,19.059999,18.830000,19.059999,14.134009,63800
2017-01-05,19.150000,19.160000,19.040001,19.110001,14.171091,38200
2017-01-06,19.000000,19.162001,18.870001,19.120001,14.178503,65300
2017-01-09,19.200001,19.430000,19.049999,19.150000,14.200744,74300
2017-01-10,19.290001,19.290001,19.148001,19.219999,14.252660,66800
2017-01-11,19.070000,19.129999,19.040001,19.129999,14.310257,33800
2017-01-12,19.150000,19.170000,18.900000,19.139999,14.317742,38200
2017-01-13,19.219999,19.280001,18.950001,19.129999,14.310257,23700
2017-01-17,19.200001,19.410000,19.004999,19.100000,14.287822,45100
2017-01-18,19.170000,19.170000,18.910000,19.010000,14.220491,43500
2017-01-19,18.980000,19.100000,18.910000,18.980000,14.198050,55600
2017-01-20,19.100000,19.150000,18.969999,19.030001,14.235458,29200
2017-01-23,19.080000,19.230000,18.929001,19.212999,14.372349,26400
2017-01-24,19.270000,19.270000,19.090000,19.230000,14.385066,31100
2017-01-25,19.290001,19.490000,19.120001,19.490000,14.579556,54000
2017-01-26,19.370001,19.680000,19.209999,19.370001,14.489796,52900
2017-01-27,19.400000,19.670000,19.398001,19.559999,14.631922,55900
2017-01-30,19.580000,19.590000,19.340000,19.480000,14.572080,30400
2017-01-31,19.520000,19.620001,19.385000,19.490000,14.579556,37700
2017-02-01,19.590000,19.770000,19.480000,19.770000,14.789011,69000
2017-02-02,19.790001,19.950001,19.760000,19.870001,14.863818,48900
2017-02-03,19.950001,20.160999,19.879999,20.049999,14.998470,28900
2017-02-06,20.080000,20.340000,20.049999,20.260000,15.155561,48900
2017-02-07,20.250000,20.250000,19.990000,19.990000,14.953586,40900
2017-02-08,19.879999,20.128000,19.879999,20.010000,14.968542,39800
2017-02-09,19.920000,20.480000,19.920000,20.469999,15.441521,70100
2017-02-10,20.530001,20.530001,20.230000,20.309999,15.320829,37200
2017-02-13,20.440001,20.462000,20.250000,20.370001,15.366090,39900
2017-02-14,20.420000,20.420000,20.090000,20.139999,15.192590,33900
2017-02-15,20.219999,20.219999,20.020000,20.180000,15.222766,53500
2017-02-16,20.280001,20.320000,19.940001,20.100000,15.162414,32100
2017-02-17,20.049999,20.049999,19.870001,20.020000,15.102068,26800
2017-02-21,20.020000,20.180000,19.969999,20.080000,15.147327,27400
2017-02-22,20.020000,20.290001,19.961000,20.290001,15.305741,26600
2017-02-23,20.260000,20.690001,20.141001,20.530001,15.486785,42600
2017-02-24,20.520000,20.520000,20.320000,20.440001,15.418897,41600
2017-02-27,20.480000,20.650000,20.360001,20.629999,15.562218,39800
2017-02-28,20.650000,20.719999,20.539000,20.570000,15.516955,40500
2017-03-01,20.580000,20.730000,20.459999,20.490000,15.456608,58100
2017-03-02,20.629999,20.650000,20.389999,20.510000,15.471696,41100
2017-03-03,20.660000,20.750000,20.556999,20.670000,15.592398,52500
2017-03-06,20.750000,20.750000,20.549999,20.650000,15.577299,29200
2017-03-07,20.600000,20.600000,20.469000,20.476000,15.446047,51900
2017-03-08,20.480000,20.750000,20.433001,20.480000,15.449066,52500
2017-03-09,20.280001,20.280001,19.680000,19.900000,15.134960,64200
2017-03-10,20.040001,20.040001,19.450001,19.980000,15.195803,116300
2017-03-13,19.930000,19.930000,19.620001,19.639999,14.937213,60900
2017-03-14,19.500000,19.690001,19.410000,19.469999,14.807925,49200
2017-03-15,19.549999,19.959999,19.245001,19.950001,15.172985,72400
2017-03-16,19.950001,19.959999,19.700001,19.930000,15.157777,32300
2017-03-17,20.020000,20.039000,19.750000,19.889999,15.127350,39500
2017-03-20,20.000000,20.049999,19.674999,19.799999,15.058903,63200
2017-03-21,19.790001,19.950001,19.440001,19.510000,14.838341,42800
2017-03-22,19.559999,19.700001,19.450001,19.690001,14.975242,41300
2017-03-23,19.690001,19.850000,19.530001,19.580000,14.891584,34200
2017-03-24,19.690001,19.700001,19.389999,19.590000,14.899187,31300
2017-03-27,19.459999,19.820000,19.340000,19.620001,14.922007,33600
2017-03-28,19.709999,19.885000,19.680000,19.680000,14.967636,34600
2017-03-29,19.790001,19.990000,19.790001,19.990000,15.203410,38600
2017-03-30,20.089001,20.250000,20.010000,20.250000,15.401151,59300
2017-03-31,20.267000,20.330000,20.120001,20.320000,15.454387,35200
2017-04-03,20.510000,20.510000,20.309999,20.440001,15.545655,32400
2017-04-04,20.480000,20.490000,20.398001,20.490000,15.583684,58900
2017-04-05,20.500000,20.660000,20.500000,20.570000,15.644528,34900
2017-04-06,20.730000,20.770000,20.469999,20.500000,15.591289,89000
2017-04-07,20.629999,20.760000,20.471001,20.660000,15.712975,51500
2017-04-10,20.740000,20.790001,20.639999,20.690001,15.735790,38800
2017-04-11,20.629999,20.700001,20.290001,20.440001,15.672153,34800
2017-04-12,20.559999,20.757999,20.400000,20.480000,15.702824,56600
2017-04-13,20.570000,20.690001,20.290001,20.410000,15.649151,29200
2017-04-17,20.540001,20.799999,20.410000,20.700001,15.871503,53200
2017-04-18,20.639999,20.709999,20.420000,20.540001,15.748825,55300
2017-04-19,20.690001,20.709999,20.309999,20.459999,15.687494,81400
2017-04-20,20.500000,20.621000,20.440001,20.469999,15.695158,48200
2017-04-21,20.600000,20.620001,20.459999,20.570000,15.771831,24400
2017-04-24,20.730000,20.910000,20.650000,20.740000,15.902179,81800
2017-04-25,20.850000,20.900000,20.590000,20.750000,15.909842,83200
2017-04-26,20.700001,20.700001,20.469999,20.480000,15.702824,59300
2017-04-27,20.580000,20.620001,20.459999,20.540001,15.748825,32800
2017-04-28,20.620001,20.801001,20.520000,20.690001,15.863836,26800
2017-05-01,20.820000,20.886000,20.730000,20.860001,15.994189,48000
2017-05-02,20.870001,21.170000,20.850000,20.969999,16.078526,72500
2017-05-03,21.030001,21.100000,20.969999,21.100000,16.178204,47200
2017-05-04,21.120001,21.180000,20.610001,20.629999,15.817837,57800
2017-05-05,20.770000,20.860001,20.590000,20.780001,15.932843,47100
2017-05-08,20.900000,20.900000,20.740000,20.780001,15.932843,29600
2017-05-09,20.610001,20.750000,20.430000,20.530001,15.868688,25200
2017-05-10,20.440001,20.610001,20.440001,20.520000,15.860960,23000
2017-05-11,20.480000,20.620001,20.430000,20.480000,15.830043,33200
2017-05-12,20.549999,20.620001,20.410000,20.559999,15.891882,30800
2017-05-15,20.660000,20.709999,20.450001,20.570000,15.899606,26900
2017-05-16,20.639999,20.650000,20.440001,20.650000,15.961439,30700
2017-05-17,20.559999,20.660000,19.950001,20.270000,15.667726,93000
2017-05-18,20.120001,20.400000,20.049999,20.230000,15.636806,40300
2017-05-19,20.240000,20.540001,20.240000,20.430000,15.791396,38700
2017-05-22,20.540001,20.620001,20.420000,20.570000,15.899606,38100
2017-05-23,20.650000,20.650000,20.490000,20.639999,15.953714,30100
2017-05-24,20.750000,20.840000,20.570000,20.760000,16.046474,39300
2017-05-25,20.719999,20.795000,20.430000,20.430000,15.791396,35300
2017-05-26,20.549999,20.620001,20.323000,20.440001,15.799121,83400
2017-05-30,20.490000,20.650000,20.410000,20.559999,15.891882,29700
2017-05-31,20.520000,20.850000,20.420000,20.850000,16.116035,41200
2017-06-01,20.850000,20.959999,20.760000,20.860001,16.123762,40500
2017-06-02,21.020000,21.309999,20.830000,21.090000,16.301544,40100
2017-06-05,21.190001,21.219999,20.920000,21.080000,16.293814,45400
2017-06-06,21.030001,21.090000,20.730000,21.059999,16.278357,57700
2017-06-07,21.100000,21.219999,21.010000,21.059999,16.278357,62300
2017-06-08,20.980000,21.070000,20.670000,20.980000,16.346136,76300
2017-06-09,21.070000,21.180000,20.775000,21.049999,16.400677,39900
2017-06-12,21.010000,21.010000,20.879999,20.969999,16.338348,34200
2017-06-13,21.000000,21.030001,20.660000,20.680000,16.112406,40700
2017-06-14,20.820000,21.040001,20.730000,20.940001,16.314972,31300
2017-06-15,20.900000,20.900000,20.700001,20.900000,16.283812,15000
2017-06-16,21.020000,21.049999,20.740000,20.879999,16.268229,40500
2017-06-19,20.920000,20.993000,20.760000,20.860001,16.252644,23900
2017-06-20,20.799999,20.799999,20.600000,20.600000,16.050070,40800
2017-06-21,20.680000,20.910000,20.680000,20.910000,16.291601,49400
2017-06-22,20.950001,21.100000,20.920000,21.100000,16.439636,38800
2017-06-23,21.110001,21.240000,20.962000,21.139999,16.470802,25200
2017-06-26,21.190001,21.368999,21.167999,21.280001,16.579876,34900
2017-06-27,21.180000,21.219999,20.790001,20.799999,16.205896,42700
2017-06-28,21.020000,21.030001,20.861000,20.959999,16.330559,27900
2017-06-29,21.040001,21.040001,20.719999,20.889999,16.276014,23300
2017-06-30,20.980000,21.059999,20.790001,20.959999,16.330559,25400
2017-07-03,21.070000,21.299999,20.899000,21.299999,16.595461,21000
2017-07-05,21.250000,21.350000,21.049999,21.350000,16.634415,37700
2017-07-06,21.170000,21.290001,21.030001,21.070000,16.416264,25800
2017-07-07,21.170000,21.330000,21.108999,21.270000,16.572084,28300
2017-07-10,21.379999,21.590000,21.379999,21.400000,16.673370,56400
2017-07-11,21.330000,21.370001,20.870001,20.940001,16.443293,54500
2017-07-12,21.090000,21.270000,21.010000,21.270000,16.702425,30000
2017-07-13,21.309999,21.340000,21.160999,21.270000,16.702425,37200
2017-07-14,21.340000,21.430000,21.309999,21.400000,16.804508,21800
2017-07-17,21.410000,21.549999,21.200001,21.379999,16.788805,50000
2017-07-18,21.250000,21.670000,21.240000,21.660000,17.008682,63400
2017-07-19,21.660000,21.820000,21.450001,21.450001,16.843773,100700
2017-07-20,21.450001,21.700001,21.433001,21.549999,16.922300,27400
2017-07-21,21.650000,21.900000,21.610001,21.629999,16.985123,43000
2017-07-24,21.719999,21.780001,21.670000,21.780001,17.102915,49300
2017-07-25,21.809999,22.150000,21.750000,21.990000,17.267817,83600
2017-07-26,21.969999,22.010000,21.790001,21.790001,17.110764,47400
2017-07-27,21.900000,22.000000,21.600000,21.750000,17.079355,60500
2017-07-28,21.639999,21.770000,21.379999,21.670000,17.016533,76700
2017-07-31,21.690001,21.700001,21.600000,21.620001,16.977272,25500
2017-08-01,21.770000,21.840000,21.570999,21.840000,17.150024,37500
2017-08-02,21.840000,21.920000,21.790001,21.900000,17.197142,44700
2017-08-03,21.990000,21.990000,21.820000,21.870001,17.173586,39800
2017-08-04,21.940001,21.959999,21.860001,21.863001,17.168085,25000
2017-08-07,21.940001,21.959999,21.860001,21.959999,17.244257,36100
2017-08-08,22.020000,22.040001,21.879999,21.950001,17.236410,41700
2017-08-09,21.820000,21.825001,21.480000,21.660000,17.139080,44500
2017-08-10,21.600000,21.639999,20.350000,20.420000,16.157890,107000
2017-08-11,20.250000,20.830000,20.030001,20.549999,16.260756,86400
2017-08-14,20.780001,20.910000,20.680000,20.870001,16.513969,38300
2017-08-15,21.030001,21.030001,20.799999,20.879999,16.521881,27500
2017-08-16,21.010000,21.160000,20.900000,20.990000,16.608921,70500
2017-08-17,21.059999,21.090000,20.832001,20.840000,16.490231,27500
2017-08-18,20.940001,20.959999,20.650999,20.860001,16.506052,53400
2017-08-21,20.920000,20.920000,20.680000,20.740000,16.411100,28300
2017-08-22,20.750000,20.930000,20.750000,20.879999,16.521881,30300
2017-08-23,20.879999,20.990000,20.794001,20.980000,16.601004,40000
2017-08-24,21.049999,21.049999,20.620001,20.840000,16.490231,52300
2017-08-25,20.820000,20.889999,20.719999,20.889999,16.529789,53000
2017-08-28,20.969999,20.969999,20.858000,20.879999,16.521881,31300
2017-08-29,20.820000,20.920000,20.709999,20.900000,16.537704,25000
2017-08-30,20.830000,21.110001,20.753000,21.110001,16.703875,40500
2017-08-31,21.110001,21.240000,21.000000,21.240000,16.806744,58400
2017-09-01,21.250000,21.340000,21.091000,21.340000,16.885866,29700
2017-09-05,21.270000,21.367001,21.049999,21.120001,16.711786,49900
2017-09-06,21.219999,21.219999,20.820000,21.090000,16.688053,63000
2017-09-07,21.120001,21.170000,20.870001,20.959999,16.585180,127900
2017-09-08,20.860001,20.980000,20.629999,20.790001,16.582787,69800
2017-09-11,20.879999,20.980000,20.820000,20.900000,16.670527,64500
2017-09-12,20.940001,21.018999,20.879999,20.910000,16.678505,46200
2017-09-13,21.020000,21.100000,20.830000,20.940001,16.702429,20200
2017-09-14,20.940001,21.090000,20.930000,21.090000,16.822081,24800
2017-09-15,21.120001,21.139999,20.959999,21.120001,16.846006,21600
2017-09-18,21.129999,21.129999,21.000000,21.070000,16.806124,57100
2017-09-19,21.090000,21.139999,21.000000,21.020000,16.766247,76000
2017-09-20,21.070000,21.219999,21.066999,21.150000,16.869934,40800
2017-09-21,21.190001,21.219999,21.129999,21.170000,16.885889,20100
2017-09-22,21.209999,21.230000,21.120001,21.200001,16.909824,23700
2017-09-25,21.170000,21.240000,21.139999,21.240000,16.941725,28600
2017-09-26,21.290001,21.400000,21.150000,21.209999,16.917799,54800
2017-09-27,21.209999,21.319000,21.200001,21.280001,16.973631,36000
2017-09-28,21.360001,21.420000,21.311001,21.420000,17.085299,23300
2017-09-29,21.480000,21.510000,21.389999,21.490000,17.141132,36100
2017-10-02,21.610001,21.670000,21.510000,21.639999,17.260777,41700
2017-10-03,21.680000,21.770000,21.615000,21.639999,17.260777,52600
2017-10-04,21.770000,21.770000,21.671000,21.730000,17.332561,58400
2017-10-05,21.760000,21.830000,21.700001,21.719999,17.324585,43200
2017-10-06,21.719999,21.820000,21.690001,21.820000,17.404348,29900
2017-10-09,21.920000,21.959999,21.840000,21.940001,17.500071,28500
2017-10-10,21.990000,22.290001,21.940001,22.290001,17.779243,56900
2017-10-11,22.150000,22.150000,21.740000,21.820000,17.535730,73600
2017-10-12,21.930000,22.090000,21.850000,22.049999,17.720568,24800
2017-10-13,22.010000,22.309999,22.010000,22.309999,17.929518,50200
2017-10-16,22.309999,22.309999,22.055000,22.170000,17.817005,50800
2017-10-17,22.139999,22.139999,21.950001,21.950001,17.640207,29800
2017-10-18,22.000000,22.100000,21.861000,21.959999,17.648243,46400
2017-10-19,21.959999,22.230000,21.959999,22.040001,17.712540,38600
2017-10-20,22.160000,22.340000,21.959999,22.170000,17.817005,45400
2017-10-23,22.209999,22.219999,22.040001,22.150000,17.800938,29000
2017-10-24,22.280001,22.280001,22.152000,22.190001,17.833080,26500
2017-10-25,22.190001,22.280001,21.816999,21.940001,17.632174,54100
2017-10-26,22.059999,22.180000,21.719999,21.860001,17.567877,78500
2017-10-27,21.950001,21.950001,21.719999,21.840000,17.551802,28300
2017-10-30,21.770000,21.940001,21.770000,21.910000,17.608063,22800
2017-10-31,21.950001,22.090000,21.900000,21.959999,17.648243,28500
2017-11-01,22.100000,22.221001,22.049999,22.049999,17.720568,22600
2017-11-02,22.030001,22.320000,21.930000,22.250000,17.881302,45400
2017-11-03,22.209999,22.400000,22.209999,22.290001,17.913452,39300
2017-11-06,22.299999,22.309999,22.209999,22.309999,17.929518,35400
2017-11-07,22.290001,22.420000,22.150000,22.420000,18.017925,40600
2017-11-08,22.540001,22.570000,22.200001,22.260000,17.889336,32400
2017-11-09,22.330000,22.370001,21.850000,22.230000,17.865231,32300
2017-11-10,22.000000,22.170000,21.879999,21.969999,17.789917,28900
2017-11-13,21.969999,22.180000,21.801001,21.959999,17.781830,33900
2017-11-14,21.879999,21.959999,21.600000,21.950001,17.773729,31200
2017-11-15,21.809999,21.940001,21.629999,21.730000,17.595583,51900
2017-11-16,21.879999,22.759001,21.799999,21.900000,17.733238,49600
2017-11-17,21.990000,22.104000,21.670000,21.740000,17.603683,42600
2017-11-20,21.750000,21.905001,21.600000,21.750000,17.611780,53300
2017-11-21,21.750000,21.830000,21.719999,21.740000,17.603683,33000
2017-11-22,21.770000,22.120001,21.730000,21.969999,17.789917,28800
2017-11-24,22.100000,22.290001,22.080000,22.200001,17.976164,24200
2017-11-27,22.240000,22.240000,21.930000,22.049999,17.854702,19400
2017-11-28,22.100000,22.280001,22.000000,22.280001,18.040943,40100
2017-11-29,22.240000,22.240000,21.948000,21.990000,17.806118,53300
2017-11-30,22.080000,22.290001,21.809999,22.290001,18.049044,98000
2017-12-01,22.290001,22.290001,21.969999,22.070000,17.870892,34400
2017-12-04,22.030001,22.040001,21.850000,21.860001,17.700853,56200
2017-12-05,21.850000,21.889999,21.740000,21.790001,17.644176,75900
2017-12-06,21.840000,22.200001,21.790001,22.100000,17.895187,48800
2017-12-07,22.240000,22.270000,21.959999,22.150000,17.935677,29600
2017-12-08,22.200001,22.209999,21.629999,21.629999,17.647667,59500
2017-12-11,21.639999,22.010000,21.639999,22.010000,17.957701,56400
2017-12-12,22.059999,22.059999,21.770000,21.820000,17.802683,40000
2017-12-13,21.730000,21.860001,21.700001,21.809999,17.794527,43300
2017-12-14,21.889999,21.900000,21.700001,21.700001,17.704782,25800
2017-12-15,21.840000,21.850000,21.730000,21.809999,17.794527,24000
2017-12-18,22.000000,22.090000,21.820000,22.049999,17.990343,61800
2017-12-19,22.049999,22.190001,22.020000,22.030001,17.974030,44800
2017-12-20,22.139999,22.290001,21.920000,21.951000,17.909571,70900
2017-12-21,22.049999,22.200001,22.000000,22.020000,17.965864,26300
2017-12-22,21.910000,22.180000,21.840000,21.920000,17.884274,67000
2017-12-26,21.850000,22.030001,21.639999,21.709999,17.712942,63100
2017-12-27,21.760000,21.930000,21.600000,21.629999,17.647667,39600
2017-12-28,21.709999,21.709999,21.629999,21.660000,17.672142,30800
2017-12-29,21.660000,21.860001,21.660000,21.840000,17.819002,60600
2018-01-02,21.889999,22.059999,21.770000,22.059999,17.998497,29500
2018-01-03,22.080000,22.200001,21.920000,22.200001,18.112728,45500
2018-01-04,22.250000,22.351999,22.150000,22.260000,18.161678,33700
2018-01-05,22.200001,22.299999,22.180000,22.270000,18.169836,35100
2018-01-08,22.320000,22.430000,22.243999,22.420000,18.292221,43800
2018-01-09,22.410000,22.639999,22.410000,22.639999,18.471716,46600
2018-01-10,22.660000,22.860001,22.660000,22.860001,18.651203,52600
2018-01-11,22.809999,23.190001,22.721001,23.030001,18.928186,53900
2018-01-12,23.070000,23.070000,22.559999,22.889999,18.813120,73500
2018-01-16,22.990000,22.990000,22.670000,22.680000,18.640526,35500
2018-01-17,22.770000,22.860001,22.330000,22.510000,18.500807,82200
2018-01-18,22.400000,22.510000,22.320000,22.420000,18.426832,58100
2018-01-19,22.500000,22.540001,22.420000,22.490000,18.484365,17600
2018-01-22,22.570000,22.709999,22.471001,22.690001,18.648745,24100
2018-01-23,22.780001,22.858999,22.750000,22.799000,18.738331,25900
2018-01-24,22.920000,23.059999,22.840000,22.940001,18.854218,24200
2018-01-25,23.010000,23.010000,22.760000,22.860001,18.788465,34400
2018-01-26,22.940001,23.150000,22.840000,23.040001,18.936411,26600
2018-01-29,23.090000,23.090000,22.811001,22.920000,18.837778,41100
2018-01-30,22.760000,22.760000,22.129999,22.247999,18.285465,131500
2018-01-31,22.209999,22.490000,22.180000,22.400000,18.410393,51600
2018-02-01,22.309999,22.389999,22.200001,22.389999,18.402178,34000
2018-02-02,22.299999,22.389999,21.840000,22.010000,18.089855,62600
2018-02-05,21.930000,21.959999,20.770000,21.059999,17.309055,75900
2018-02-06,20.910000,21.690001,20.650000,21.469999,17.646034,76000
2018-02-07,21.549999,21.750000,21.430000,21.549999,17.711788,42400
2018-02-08,21.500000,21.620001,21.000000,21.090000,17.333715,64000
2018-02-09,21.180000,21.180000,20.340000,20.820000,17.248383,66200
2018-02-12,20.910000,21.188000,20.690001,21.030001,17.422361,71200
2018-02-13,21.020000,21.240000,20.969999,21.040001,17.430645,21900
2018-02-14,21.100000,21.490000,21.100000,21.330000,17.670897,38000
2018-02-15,21.600000,21.639999,21.309999,21.639999,17.927719,39200
2018-02-16,21.680000,21.860001,21.680000,21.740000,18.010561,22900
2018-02-20,21.740000,21.870001,21.730000,21.840000,18.093405,33300
2018-02-21,21.840000,22.049999,21.809999,21.830000,18.085119,39700
2018-02-22,21.830000,21.990000,21.580000,21.650000,17.935999,43500
2018-02-23,21.780001,21.799999,21.540001,21.690001,17.969141,78700
2018-02-26,21.809999,21.940001,21.740000,21.940001,18.176256,34100
2018-02-27,21.969999,22.014999,21.790001,21.840000,18.093405,43700
2018-02-28,21.809999,21.969999,21.620001,21.680000,17.960855,48800
2018-03-01,21.830000,21.830000,21.372000,21.530001,17.836582,91700
2018-03-02,21.370001,21.660000,21.268000,21.610001,17.902866,38100
2018-03-05,21.420000,21.809999,21.420000,21.760000,18.027134,61900
2018-03-06,21.940001,21.980000,21.809999,21.980000,18.209391,25500
2018-03-07,21.920000,22.120001,21.830000,22.000000,18.225960,32900
2018-03-08,22.120001,22.250000,22.120001,22.190001,18.383368,34200
2018-03-09,22.170000,22.290001,22.110001,22.250000,18.572847,36800
2018-03-12,22.430000,22.480000,22.211000,22.420000,18.714754,31000
2018-03-13,22.389999,22.680000,22.309999,22.580000,18.848314,160300
2018-03-14,22.799999,22.870001,22.600000,22.799999,19.031950,140100
2018-03-15,22.889999,23.000000,22.700001,22.820000,19.048647,51200
2018-03-16,22.940001,23.110001,22.816000,22.950001,19.157166,52400
2018-03-19,23.020000,23.080000,22.589001,22.620001,18.881702,52000
2018-03-20,22.730000,22.990000,22.590000,22.889999,19.107077,38000
2018-03-21,22.889999,22.950001,22.754000,22.910000,19.123774,23500
2018-03-22,22.879999,22.879999,22.450001,22.530001,18.806574,63400
2018-03-23,22.570000,22.750000,22.040001,22.150000,18.489376,48800
2018-03-26,22.180000,22.650000,22.129999,22.650000,18.906742,42800
2018-03-27,22.440001,22.440001,22.106001,22.389999,18.689709,42000
2018-03-28,22.230000,22.230000,21.770000,21.850000,18.238958,62700
2018-03-29,21.799999,22.670000,21.799999,22.670000,18.923439,41400
2018-04-02,22.490000,22.500000,21.980000,22.120001,18.464338,41300
2018-04-03,22.120001,22.270000,21.799999,22.190001,18.522770,53200
2018-04-04,21.860001,22.219999,21.860001,22.219999,18.547806,42600
2018-04-05,22.299999,22.990000,22.299999,22.990000,19.190550,65200
2018-04-06,22.799999,23.580000,22.620001,22.830000,19.056992,71600
2018-04-09,22.840000,23.040001,22.620001,22.840000,19.065346,48100
2018-04-10,22.950001,23.139999,22.820000,23.100000,19.282373,36300
2018-04-11,23.030001,23.030001,22.700001,22.719999,19.103283,46100
2018-04-12,22.680000,22.740000,22.240000,22.590000,18.993971,60300
2018-04-13,22.700001,22.700001,22.250000,22.360001,18.800592,29900
2018-04-16,22.580000,22.690001,22.290001,22.690001,19.078054,33800
2018-04-17,22.719999,22.819000,22.340000,22.700001,19.086468,88800
2018-04-18,22.590000,22.639999,22.370001,22.370001,18.808996,44100
2018-04-19,22.400000,22.540001,22.400000,22.540001,18.951935,34200
2018-04-20,22.570000,22.590000,22.440001,22.590000,18.993971,19600
2018-04-23,22.620001,22.620001,22.370001,22.379999,18.817406,22900
2018-04-24,22.540001,22.660000,22.270000,22.430000,18.859444,35600
2018-04-25,22.270000,22.340000,22.094000,22.250000,18.708097,30700
2018-04-26,22.330000,22.590000,22.320000,22.541000,18.952784,24300
2018-04-27,22.639999,22.700001,22.430000,22.690001,19.078054,28900
2018-04-30,22.700001,22.830000,22.320000,22.420000,18.851038,37300
2018-05-01,22.400000,22.540001,22.334999,22.530001,18.943527,16200
2018-05-02,22.570000,22.740000,22.480000,22.629999,19.027611,34300
2018-05-03,22.629999,22.729000,22.299999,22.580000,18.985569,35500
2018-05-04,22.590000,22.809999,22.510000,22.740000,19.120100,39300
2018-05-07,22.809999,22.985001,22.709999,22.809999,19.178953,43300
2018-05-08,22.760000,23.120001,22.760000,22.920000,19.271441,22800
2018-05-09,23.080000,23.129999,22.940001,23.020000,19.355526,33200
2018-05-10,23.090000,23.120001,22.850000,22.950001,19.437681,35800
2018-05-11,23.040001,23.100000,22.950001,23.100000,19.564722,22900
2018-05-14,23.129999,23.260000,23.070000,23.150000,19.607071,20000
2018-05-15,23.180000,23.180000,22.850000,22.990000,19.471558,31600
2018-05-16,23.000000,23.110001,22.910000,23.110001,19.573195,43000
2018-05-17,23.110001,23.350000,23.030001,23.350000,19.776466,50900
2018-05-18,23.350000,23.430000,23.200001,23.430000,19.844217,38000
2018-05-21,23.309999,23.820000,23.309999,23.459999,19.869631,123300
2018-05-22,23.570000,23.580000,23.230000,23.580000,19.971266,138800
2018-05-23,23.459999,23.459999,23.200001,23.299999,19.734118,32200
2018-05-24,23.260000,23.539000,23.120001,23.350000,19.776466,290500
2018-05-25,23.170000,23.420000,23.030001,23.330000,19.759525,153300
2018-05-29,23.240000,23.400000,22.719999,23.370001,19.793402,384200
2018-05-30,23.440001,23.614000,23.240000,23.459999,19.869631,455000
2018-05-31,23.559999,23.559999,23.180000,23.299999,19.734118,41700
2018-06-01,23.400000,23.469000,23.260000,23.436001,19.849302,27300
2018-06-04,23.469999,23.593000,23.370001,23.530001,19.928915,41700
2018-06-05,23.520000,23.660000,23.410000,23.639999,20.022079,30600
2018-06-06,23.650000,23.870001,23.600000,23.870001,20.216879,32200
2018-06-07,23.990000,23.993000,23.580000,23.740000,20.106777,84300
2018-06-08,23.639999,23.709999,23.520000,23.660000,20.180979,33200
2018-06-11,23.730000,23.790001,23.653999,23.790001,20.291868,27100
2018-06-12,23.750000,23.799999,23.690001,23.700001,20.215105,34900
2018-06-13,23.770000,23.770000,23.600000,23.660000,20.180979,48700
2018-06-14,23.760000,24.125000,23.750000,24.120001,20.573347,328900
2018-06-15,24.100000,24.100000,23.830000,24.040001,20.505110,154900
2018-06-18,23.900000,23.900999,23.760000,23.780001,20.283344,47300
2018-06-19,23.770000,23.770000,23.510000,23.730000,20.240692,36300
2018-06-20,23.730000,23.790001,23.658001,23.790001,20.291868,35000
2018-06-21,23.870001,23.870001,23.580000,23.660000,20.180979,67100
2018-06-22,23.790001,23.809999,23.570000,23.809999,20.308928,27800
2018-06-25,23.770000,23.770000,23.440001,23.450001,20.001862,46700
2018-06-26,23.500000,23.549999,23.330000,23.459999,20.010389,31800
2018-06-27,23.370001,23.620001,23.340000,23.340000,19.908041,41300
2018-06-28,23.330000,23.330000,22.870001,23.080000,19.686270,98800
2018-06-29,23.170000,23.170000,22.950001,22.950001,19.575384,38400
2018-07-02,22.950001,23.370001,22.750000,23.370001,19.933630,24000
2018-07-03,23.410000,23.410000,22.980000,23.200001,19.788624,20500
2018-07-05,23.280001,23.330000,23.100000,23.280001,19.856863,24200
2018-07-06,23.139999,23.320000,23.000000,23.190001,19.780090,76000
2018-07-09,23.350000,23.600000,23.270000,23.580000,20.112749,44300
2018-07-10,23.670000,23.780001,23.573000,23.780001,20.283344,37300
2018-07-11,23.580000,23.600000,23.410000,23.600000,20.272169,39100
2018-07-12,23.660000,23.966999,23.620001,23.870001,20.504101,33100
2018-07-13,23.969999,23.969999,23.799999,23.860001,20.495512,28200
2018-07-16,23.940001,23.940001,23.860001,23.889999,20.521282,21800
2018-07-17,23.850000,23.940001,23.790001,23.940001,20.564230,17600
2018-07-18,23.950001,23.950001,23.770000,23.879999,20.512688,40200
2018-07-19,23.809999,23.995001,23.780001,23.799999,20.443968,75200
2018-07-20,23.799999,23.980000,23.791000,23.910000,20.538456,25600
2018-07-23,23.910000,24.070000,23.854000,23.950001,20.572823,28000
2018-07-24,24.129999,24.219999,24.049999,24.160000,20.753206,27000
2018-07-25,24.190001,24.190001,24.059999,24.180000,20.770388,23100
2018-07-26,24.200001,24.298000,24.180000,24.270000,20.847696,24800
2018-07-27,24.379999,24.379999,24.080000,24.160000,20.753206,24500
2018-07-30,24.240000,24.350000,24.131001,24.250000,20.830517,25800
2018-07-31,24.209999,24.218000,24.041000,24.090000,20.693081,37100
2018-08-01,24.190001,24.219999,24.048000,24.129999,20.727438,29500
2018-08-02,24.129999,24.150000,24.000000,24.139999,20.736025,25300
2018-08-03,24.230000,24.378000,24.108999,24.370001,20.933592,26300
2018-08-06,24.330000,24.500000,24.247999,24.500000,21.045261,16900
2018-08-07,24.330000,24.719999,24.330000,24.700001,21.217060,46600
2018-08-08,24.780001,24.780001,24.440001,24.440001,20.993721,29600
2018-08-09,24.440001,24.660000,24.440001,24.660000,21.182697,37400
2018-08-10,24.580000,24.580000,24.330000,24.430000,21.128216,39700
2018-08-13,24.330000,24.400000,24.200001,24.330000,21.041731,33100
2018-08-14,24.389999,24.520000,24.231001,24.520000,21.206055,34100
2018-08-15,24.469999,24.520000,24.242001,24.520000,21.206055,26800
2018-08-16,24.549999,24.680000,24.510000,24.670000,21.335777,26100
2018-08-17,24.570000,24.719999,24.480000,24.719999,21.379019,51600
2018-08-20,24.719999,24.980000,24.719999,24.930000,21.560640,43600
2018-08-21,24.990000,24.990000,24.872000,24.950001,21.577942,19500
2018-08-22,24.940001,24.969999,24.670000,24.799999,21.448212,42900
2018-08-23,24.799999,24.849001,24.570000,24.620001,21.292540,37400
2018-08-24,24.730000,24.830000,24.650000,24.750000,21.404970,22300
2018-08-27,24.860001,24.879999,24.660000,24.709999,21.370373,43900
2018-08-28,24.770000,24.770000,24.680000,24.709999,21.370373,32100
2018-08-29,24.799999,25.139999,24.709999,25.000000,21.621180,60900
2018-08-30,25.000000,25.030001,24.709999,24.750000,21.404970,70800
2018-08-31,24.719999,24.879999,24.709999,24.809999,21.456860,35000
2018-09-04,24.879999,24.969999,24.801001,24.950001,21.577942,44300
2018-09-05,24.850000,24.900000,24.559999,24.620001,21.292540,41300
2018-09-06,24.530001,24.639000,24.500000,24.620001,21.292540,39900
2018-09-07,24.610001,24.719999,24.520000,24.622999,21.295135,16900
2018-09-10,24.690001,25.070000,24.620001,24.990000,21.612528,59900
2018-09-11,24.950001,25.278999,24.860001,25.030001,21.647127,163400
2018-09-12,25.049999,25.309999,25.040001,25.170000,21.768202,41700
2018-09-13,25.010000,25.139999,24.770000,24.840000,21.626295,36700
2018-09-14,24.790001,24.879999,24.680000,24.820000,21.608879,27500
2018-09-17,24.799999,24.799999,24.559999,24.650000,21.460875,22500
2018-09-18,24.650000,24.650000,24.280001,24.370001,21.217102,62400
2018-09-19,24.379999,24.580000,24.379999,24.520000,21.347691,24700
2018-09-20,24.469999,24.760000,24.459999,24.639999,21.452168,30100
2018-09-21,24.760000,24.760000,24.495001,24.500000,21.330280,37000
2018-09-24,24.500000,24.620001,24.438000,24.620001,21.434753,52400
2018-09-25,24.600000,24.840000,24.510000,24.840000,21.626295,89500
2018-09-26,24.860001,25.010000,24.860001,25.010000,21.774300,22400
2018-09-27,25.070000,25.110001,24.985001,25.090000,21.843952,33800
2018-09-28,25.100000,25.100000,24.820000,24.840000,21.626295,36800
2018-10-01,24.950001,25.150000,24.882999,25.100000,21.852652,36500
2018-10-02,25.170000,25.200001,24.860001,25.160000,21.904892,62200
2018-10-03,25.059999,25.160000,24.559999,24.639999,21.452168,45300
2018-10-04,24.570000,24.735001,24.379999,24.549999,21.373810,58100
2018-10-05,24.469999,24.500000,23.280001,23.500000,20.459654,155700
2018-10-08,23.440001,23.600000,23.002001,23.260000,20.250710,41400
2018-10-09,23.219999,23.430000,23.090000,23.430000,20.398716,42000
2018-10-10,23.200001,23.200001,22.049999,22.049999,19.335066,75000
2018-10-11,22.000000,22.000000,21.504999,21.760000,19.080772,92200
2018-10-12,22.000000,22.200001,21.950001,22.200001,19.466595,43500
2018-10-15,22.250000,22.330000,22.059999,22.200001,19.466595,41400
2018-10-16,22.350000,23.000000,22.350000,23.000000,20.168097,54000
2018-10-17,23.010000,23.010000,22.690001,22.820000,20.010256,32300
2018-10-18,22.889999,22.900000,22.615000,22.790001,19.983953,29600
2018-10-19,22.860001,23.059000,22.730000,22.850000,20.036564,29900
2018-10-22,22.870001,22.889999,22.750000,22.790001,19.983953,15000
2018-10-23,22.570000,22.690001,22.260000,22.559999,19.782274,38400
2018-10-24,22.520000,22.629999,22.010000,22.010000,19.299990,27800
2018-10-25,22.100000,22.260000,21.420000,21.799999,19.115841,67600
2018-10-26,21.700001,21.700001,21.340000,21.389999,18.756325,38200
2018-10-29,21.450001,21.629999,20.950001,21.020000,18.431885,20800
2018-10-30,20.900000,21.219999,20.900000,20.959999,18.379271,51300
2018-10-31,21.110001,21.700001,21.110001,21.469999,18.826479,37100
2018-11-01,21.799999,22.260000,21.757000,22.260000,19.519209,76500
2018-11-02,22.330000,22.570000,22.299999,22.540001,19.764736,29700
2018-11-05,22.430000,22.593000,22.325001,22.549999,19.773499,13100
2018-11-06,22.610001,22.820000,22.528000,22.820000,20.010256,17200
2018-11-07,23.010000,23.420000,22.900000,23.400000,20.518847,29400
2018-11-08,23.430000,23.700001,23.256001,23.450001,20.562683,53200
2018-11-09,23.090000,23.350000,23.020000,23.290001,20.568876,31600
2018-11-12,23.240000,23.240000,22.965000,23.120001,20.418734,53700
2018-11-13,23.120001,23.549999,23.049999,23.049999,20.356907,52700
2018-11-14,23.080000,23.250000,22.740000,22.780001,20.118460,52600
2018-11-15,22.660000,22.830000,22.379999,22.790001,20.127289,34800
2018-11-16,22.629999,22.836000,22.559999,22.680000,20.030138,33100
2018-11-19,22.629999,22.650000,22.170000,22.170000,19.579725,30800
2018-11-20,21.920000,21.940001,21.420000,21.559999,19.041002,55800
2018-11-21,21.730000,21.770000,21.309000,21.549999,19.032167,35600
2018-11-23,21.379999,21.719999,21.363001,21.580000,19.058661,14100
2018-11-26,21.670000,21.923000,21.480000,21.730000,19.191133,26700
2018-11-27,21.680000,21.860001,21.680000,21.700001,19.164642,44000
2018-11-28,21.920000,22.299999,21.790001,22.299999,19.694542,47600
2018-11-29,22.299999,22.532000,22.240000,22.465000,19.840263,22000
2018-11-30,22.420000,22.580000,22.209999,22.540001,19.906498,16500
2018-12-03,22.760000,23.000000,22.760000,22.790001,20.127289,34100
2018-12-04,22.700001,22.840000,22.250000,22.410000,19.791687,55100
2018-12-06,22.120001,22.340000,21.660000,22.340000,19.729866,30000
2018-12-07,22.350000,22.410000,21.917999,22.330000,19.721033,35300
2018-12-10,22.240000,22.330000,21.600000,22.000000,19.429590,48600
2018-12-11,22.110001,22.309999,22.040001,22.139999,19.553232,37600
2018-12-12,22.020000,22.299999,22.020000,22.160000,19.719639,24600
2018-12-13,22.160000,22.250000,21.860001,21.879999,19.470476,29900
2018-12-14,21.620001,21.670000,21.410000,21.410000,19.052233,53900
2018-12-17,21.280001,21.354000,20.260000,20.260000,18.028877,75600
2018-12-18,20.260000,20.309999,19.760000,19.770000,17.592842,94100
2018-12-19,19.610001,19.922001,19.250000,19.250000,17.130102,60500
2018-12-20,18.920000,19.180000,18.076000,18.450001,16.418201,124900
2018-12-21,18.350000,18.420000,17.709999,17.719999,15.768593,96300
2018-12-24,17.860001,17.860001,17.510000,17.660000,15.715201,49400
2018-12-26,17.660000,18.150000,17.580000,18.139999,16.142342,163400
2018-12-27,17.990000,18.450001,17.910000,18.450001,16.418201,77600
2018-12-28,18.469999,18.930000,18.299999,18.799999,16.729660,117300
2018-12-31,18.820000,19.222000,18.580000,18.620001,16.569477,122700
2019-01-02,18.490000,18.980000,18.299999,18.950001,16.863142,63900
2019-01-03,18.879999,18.920000,18.570000,18.709999,16.649567,67200
2019-01-04,18.740000,19.309999,18.740000,19.200001,17.085609,30800
2019-01-07,19.280001,19.930000,19.280001,19.830000,17.646231,39100
2019-01-08,20.010000,20.280001,19.830000,20.190001,17.966585,36600
2019-01-09,20.379999,20.660000,20.340000,20.650000,18.375929,23500
2019-01-10,20.719999,20.879999,20.346001,20.840000,18.545004,54700
2019-01-11,20.590000,20.760000,20.580000,20.760000,18.623051,22600
2019-01-14,20.740000,20.740000,20.520000,20.590000,18.470547,13600
2019-01-15,20.530001,20.750000,20.530001,20.750000,18.614077,25300
2019-01-16,20.790001,20.799999,20.620001,20.620001,18.497458,20900
2019-01-17,20.590000,20.885000,20.590000,20.770000,18.632017,19000
2019-01-18,20.820000,21.080000,20.770000,20.950001,18.793489,16000
2019-01-22,20.770000,20.770000,20.549999,20.580000,18.461578,22800
2019-01-23,20.629999,20.799999,20.500000,20.549999,18.434668,27200
2019-01-24,20.639999,20.770000,20.540001,20.680000,18.551287,45800
2019-01-25,20.680000,20.840000,20.680000,20.780001,18.640991,30500
2019-01-28,20.680000,20.790001,20.500000,20.790001,18.649963,34900
2019-01-29,20.750000,20.780001,20.629999,20.700001,18.569227,32600
2019-01-30,20.760000,21.110001,20.760000,21.070000,18.901140,48100
2019-01-31,21.120001,21.290001,21.020000,21.290001,19.098497,26900
2019-02-01,21.389999,21.421000,21.000000,21.240000,19.053638,74200
2019-02-04,21.230000,21.480000,21.200001,21.389999,19.188200,53400
2019-02-05,21.520000,21.559999,21.340000,21.530001,19.313791,48900
2019-02-06,21.580000,21.680000,21.500000,21.680000,19.448347,29700
2019-02-07,21.660000,21.660000,21.290001,21.469999,19.259964,43200
2019-02-08,21.280001,21.360001,21.110001,21.360001,19.311497,14000
2019-02-11,21.360001,21.459999,21.350000,21.459999,19.401909,12100
2019-02-12,21.530001,21.610001,21.389999,21.570000,19.501360,35700
2019-02-13,21.700001,21.700001,21.540001,21.610001,19.537521,20500
2019-02-14,21.660000,21.660000,21.570000,21.620001,19.546562,18900
2019-02-15,21.559999,21.719999,21.559999,21.620001,19.546562,29100
2019-02-19,21.420000,21.799999,21.309999,21.799999,19.709299,41100
2019-02-20,21.799999,21.930000,21.740000,21.870001,19.772587,43100
2019-02-21,21.719999,22.000000,21.700001,21.870001,19.772587,75200
2019-02-22,21.879999,22.059999,21.879999,22.020000,19.908201,31800
2019-02-25,22.110001,22.240000,22.110001,22.160000,20.034773,33600
2019-02-26,22.139999,22.150000,22.080000,22.090000,19.971489,30100
2019-02-27,22.139999,22.177999,22.010000,22.120001,19.998615,31800
2019-02-28,22.219999,22.299999,22.100000,22.200001,20.070938,53600
2019-03-01,22.420000,22.500000,22.170000,22.230000,20.098063,50300
2019-03-04,22.330000,22.440001,22.110001,22.440001,20.287922,65100
2019-03-05,22.480000,22.570000,22.360001,22.490000,20.333128,122200
2019-03-06,22.500000,22.500000,22.049999,22.240000,20.107101,55100
2019-03-07,22.100000,22.139999,21.870001,22.049999,19.935322,48200
2019-03-08,21.770000,21.770000,21.530001,21.639999,19.713951,31900
2019-03-11,21.900000,22.190001,21.712999,22.100000,20.133009,62700
2019-03-12,22.209999,22.260000,22.110001,22.230000,20.251442,24600
2019-03-13,22.340000,22.340000,22.110001,22.240000,20.260548,44200
2019-03-14,22.320000,22.360001,22.120001,22.360001,20.369869,39500
2019-03-15,22.379999,22.520000,22.299999,22.459999,20.460968,37600
2019-03-18,22.540001,22.540001,22.320000,22.360001,20.369869,33300
2019-03-19,22.500000,22.620001,22.459999,22.590000,20.579401,28700
2019-03-20,22.580000,22.641001,22.450001,22.450001,20.451862,22200
2019-03-21,22.370001,22.680000,22.370001,22.570000,20.561178,36100
2019-03-22,22.590000,22.590000,22.200001,22.270000,20.287882,42500
2019-03-25,22.250000,22.500000,22.150000,22.350000,20.360760,39300
2019-03-26,22.290001,22.590000,22.290001,22.410000,20.415421,35200
2019-03-27,22.510000,22.521999,22.250999,22.290001,20.306103,50400
2019-03-28,22.270000,22.540001,22.270000,22.540001,20.533850,16000
2019-03-29,22.600000,22.680000,22.504999,22.629999,20.615841,27000
2019-04-01,22.740000,23.070000,22.740000,23.070000,21.016680,35200
2019-04-02,22.889999,23.000000,22.615000,22.660000,20.643169,41200
2019-04-03,22.709999,23.097000,22.709999,23.059999,21.007566,32600
2019-04-04,23.040001,23.048000,22.799999,22.809999,20.779818,36900
2019-04-05,23.059999,23.070000,22.740000,22.860001,20.825367,20000
2019-04-08,22.900000,23.250000,22.900000,23.240000,21.171543,47600
2019-04-09,23.120001,23.209999,22.860001,22.920000,20.880030,40600
2019-04-10,22.889999,22.969999,22.780001,22.860001,20.978218,22600
2019-04-11,22.950001,22.950001,22.709999,22.719999,20.849743,24000
2019-04-12,22.760000,22.829000,22.690001,22.719999,20.849743,35900
2019-04-15,22.760000,22.900000,22.733999,22.780001,20.904804,18200
2019-04-16,22.940001,23.250000,22.920000,23.160000,21.253525,34100
2019-04-17,23.209999,23.530001,23.110001,23.260000,21.345293,43800
2019-04-18,23.309999,23.690001,23.177000,23.270000,21.354471,35600
2019-04-22,23.379999,23.520000,23.327000,23.420000,21.492121,22900
2019-04-23,23.520000,23.660000,23.430000,23.549999,21.611418,29800
2019-04-24,23.610001,23.760000,23.590000,23.690001,21.739895,39800
2019-04-25,23.690001,23.760000,23.530001,23.650000,21.703184,54200
2019-04-26,23.750000,23.950001,23.750000,23.850000,21.886724,33300
2019-04-29,23.850000,23.990000,23.830000,23.830000,21.868370,32200
2019-04-30,23.930000,24.309999,23.809999,24.080000,22.097790,35000
2019-05-01,24.160000,24.190001,23.930000,24.000000,22.024376,35700
2019-05-02,24.150000,24.160000,23.950001,23.959999,21.987671,23500
2019-05-03,23.950001,24.200001,23.950001,24.150000,22.162027,24800
2019-05-06,24.020000,24.110001,23.790001,24.100000,22.116142,36600
2019-05-07,24.080000,24.100000,23.799999,23.900000,21.932604,24800
2019-05-08,24.000000,24.150000,23.799000,24.150000,22.162027,18100
2019-05-09,23.910000,24.490000,23.639999,24.299999,22.299683,63400
2019-05-10,24.100000,24.129999,23.900000,24.000000,22.176788,35700
2019-05-13,23.799999,23.969999,23.389000,23.400000,21.622368,36500
2019-05-14,23.580000,23.660000,23.420000,23.570000,21.779448,26900
2019-05-15,23.590000,23.700001,23.462000,23.650000,21.853371,15500
2019-05-16,23.750000,24.000000,23.705000,23.910000,22.093620,42000
2019-05-17,23.830000,23.940001,23.688000,23.850000,22.038181,39200
2019-05-20,23.840000,23.870001,23.580000,23.680000,21.881094,42500
2019-05-21,23.650000,23.808001,23.650000,23.650000,21.853371,32700
2019-05-22,23.600000,23.620001,23.459999,23.459999,21.677807,41200
2019-05-23,23.430000,23.430000,22.820000,23.129999,21.372875,73900
2019-05-24,23.299999,23.379999,22.920000,23.030001,21.280472,45400
2019-05-28,22.969999,23.070000,22.660000,22.660000,20.938581,49100
2019-05-29,22.520000,22.650000,22.400000,22.480000,20.772257,46100
2019-05-30,22.590000,22.645000,22.510000,22.600000,20.883139,38600
2019-05-31,22.540001,22.540001,22.139999,22.160000,20.476566,43400
2019-06-03,22.180000,22.319000,21.360001,21.440001,19.811260,91400
2019-06-04,21.520000,21.930000,21.520000,21.830000,20.171633,75700
2019-06-05,21.950001,22.094999,21.799999,21.940001,20.273279,41700
2019-06-06,21.990000,22.160000,21.900000,22.070000,20.393402,18800
2019-06-07,22.100000,22.469999,22.100000,22.389999,20.689093,28700
2019-06-10,22.549999,22.645000,22.500000,22.559999,20.846178,27400
2019-06-11,22.809999,22.951000,22.660000,22.879999,21.141869,45000
2019-06-12,22.799999,22.900000,22.400000,22.799999,21.222847,24700
2019-06-13,22.809999,22.980000,22.809999,22.980000,21.390396,36800
2019-06-14,22.980000,23.049999,22.770000,22.770000,21.194927,17100
2019-06-17,22.820000,22.959999,22.820000,22.940001,21.353167,18600
2019-06-18,22.940001,23.209999,22.940001,23.110001,21.511410,31900
2019-06-19,23.240000,23.430000,23.200001,23.430000,21.809271,21100
2019-06-20,23.620001,23.660000,23.370001,23.530001,21.902353,33900
2019-06-21,23.549999,23.600000,23.360001,23.360001,21.744114,13600
2019-06-24,23.469999,23.584999,23.200001,23.219999,21.613800,28400
2019-06-25,23.309999,23.330000,22.940001,22.950001,21.362476,26300
2019-06-26,23.000000,23.124001,23.000000,23.010000,21.418324,23300
2019-06-27,23.010000,23.280001,22.950001,23.280001,21.669645,39500
2019-06-28,23.350000,23.400000,23.250000,23.350000,21.734804,19400
2019-07-01,23.559999,23.870001,23.471001,23.709999,22.069901,32000
2019-07-02,23.719999,23.809999,23.700001,23.750000,22.107134,16100
2019-07-03,23.650000,23.879000,23.610001,23.700001,22.060598,22700
2019-07-05,23.700001,23.700001,23.495001,23.680000,22.041977,16500
2019-07-08,23.760000,23.899000,23.700001,23.700001,22.060598,24900
2019-07-09,23.830000,23.959999,23.730000,23.920000,22.265381,25000
2019-07-10,23.940001,24.110001,23.729000,23.850000,22.356302,37800
2019-07-11,23.910000,23.950001,23.700001,23.750000,22.262560,19900
2019-07-12,23.870001,23.870001,23.629999,23.650000,22.168825,36500
2019-07-15,23.660000,23.750000,23.580000,23.670000,22.187574,25300
2019-07-16,23.610001,23.860001,23.610001,23.719999,22.234444,18200
2019-07-17,23.860001,23.900000,23.690001,23.730000,22.243816,18900
2019-07-18,23.700001,23.813000,23.590000,23.700001,22.215696,23600
2019-07-19,23.770000,23.780001,23.660000,23.670000,22.187574,21200
2019-07-22,23.760000,23.802000,23.600000,23.620001,22.140705,15600
2019-07-23,23.629999,23.770000,23.629999,23.690001,22.206320,20600
2019-07-24,23.730000,23.860001,23.683001,23.860001,22.365677,20900
2019-07-25,23.900000,23.900000,23.650000,23.670000,22.187574,43100
2019-07-26,23.670000,23.879999,23.650000,23.719999,22.234444,18200
2019-07-29,23.809999,23.809999,23.570000,23.700001,22.215696,32700
2019-07-30,23.580000,23.700001,23.570000,23.700001,22.215696,37200
2019-07-31,23.730000,23.750000,23.450001,23.469999,22.000097,50800
2019-08-01,23.350000,23.679001,23.190001,23.430000,21.962606,41300
2019-08-02,23.510000,23.510000,23.139999,23.280001,21.821999,46300
2019-08-05,23.020000,23.049999,22.461000,22.610001,21.193960,54500
2019-08-06,22.830000,23.030001,22.639999,23.030001,21.587656,61400
2019-08-07,22.840000,23.270000,22.740000,23.180000,21.728262,44100
2019-08-08,23.219999,23.507999,23.000000,23.379999,21.915737,50400
2019-08-09,23.379999,23.459999,23.239000,23.375000,22.068684,31900
2019-08-12,23.209999,23.889999,23.167999,23.680000,22.356638,76600
2019-08-13,23.639999,23.950001,23.604000,23.950001,22.611549,42200
2019-08-14,23.780001,23.830000,23.490000,23.590000,22.271669,82200
2019-08-15,23.590000,23.590000,23.379999,23.420000,22.111168,45400
2019-08-16,23.450001,23.638000,23.450001,23.559999,22.243345,39400
2019-08-19,23.799999,24.027000,23.719999,23.820000,22.488813,36400
2019-08-20,23.900000,24.150000,23.730000,24.040001,22.696524,35100
2019-08-21,24.200001,24.520000,24.200001,24.420000,23.055283,53300
2019-08-22,24.610001,24.620001,24.270000,24.270000,22.913668,29100
2019-08-23,24.260000,24.420000,24.010000,24.049999,22.705957,31400
2019-08-26,24.180000,24.299999,23.740000,24.000000,22.658758,70900
2019-08-27,24.030001,24.120001,23.510000,23.510000,22.196136,56400
2019-08-28,23.510000,23.600000,23.160000,23.209999,21.912903,72800
2019-08-29,23.370001,23.770000,23.370001,23.440001,22.130051,45500
2019-08-30,23.440001,23.650000,23.129999,23.200001,21.903463,47100
2019-09-03,23.030001,23.440001,22.856001,23.440001,22.130051,55600
2019-09-04,23.450001,23.690001,23.450001,23.660000,22.337755,30900
2019-09-05,23.719999,23.750000,23.590000,23.639999,22.318871,39600
2019-09-06,23.430000,23.639999,23.290001,23.540001,22.224463,44500
2019-09-09,23.540001,23.740000,23.465000,23.700001,22.375521,29600
2019-09-10,23.740000,23.770000,23.280001,23.500000,22.186697,46100
2019-09-11,23.500000,23.639999,23.400000,23.580000,22.262228,24200
2019-09-12,23.629999,23.629999,23.420000,23.459999,22.306913,20500
2019-09-13,23.559999,23.840000,23.430000,23.469999,22.316423,17200
2019-09-16,23.450001,23.459999,22.750000,23.080000,21.945595,57200
2019-09-17,23.049999,23.309999,23.010000,23.260000,22.116747,20200
2019-09-18,23.260000,23.260000,22.980000,23.170000,22.031172,26700
2019-09-19,23.150000,23.400000,23.139999,23.360001,22.211832,27900
2019-09-20,23.420000,23.559999,23.400000,23.426001,22.274588,33400
2019-09-23,23.299999,23.450001,23.150000,23.410000,22.259377,28500
2019-09-24,23.540001,23.540001,23.150000,23.370001,22.221340,35900
2019-09-25,23.370001,23.629999,22.920000,23.100000,21.964609,41500
2019-09-26,23.070000,23.110001,22.790001,22.900000,21.774441,32900
2019-09-27,22.860001,22.950001,22.760000,22.809999,21.688864,40700
2019-09-30,22.760000,22.790001,22.549999,22.770000,21.650829,55700
2019-10-01,22.670000,22.760000,22.490000,22.620001,21.508204,43300
2019-10-02,22.600000,22.649000,22.020000,22.320000,21.222950,46100
2019-10-03,22.379999,22.430000,21.900000,22.190001,21.099339,97600
2019-10-04,22.260000,22.559999,22.219999,22.540001,21.432138,51000
2019-10-07,22.490000,22.700001,22.350000,22.700001,21.584272,43900
2019-10-08,22.700001,22.700001,22.341000,22.389999,21.289507,43400
2019-10-09,22.459999,22.639999,22.450001,22.559999,21.451155,31200
2019-10-10,22.610001,22.610001,22.260000,22.490000,21.544073,23800
2019-10-11,22.500000,22.660000,22.500000,22.650000,21.697342,29000
2019-10-14,22.690001,22.690001,22.544001,22.670000,21.716503,41900
2019-10-15,22.750000,22.850000,22.712000,22.750000,21.793135,33300
2019-10-16,22.969999,22.969999,22.780001,22.850000,21.888933,49600
2019-10-17,22.790001,23.042999,22.790001,22.980000,22.013462,15100
2019-10-18,23.000000,23.080000,22.879999,23.080000,22.109257,55100
2019-10-21,23.070000,23.209999,23.049999,23.209999,22.233789,21500
2019-10-22,23.250000,23.422001,23.209999,23.295000,22.315214,19800
2019-10-23,23.379999,23.500000,23.304001,23.500000,22.511593,24400
2019-10-24,23.520000,23.600000,23.350000,23.379999,22.396639,34600
2019-10-25,23.540001,23.540001,23.309999,23.330000,22.348743,22800
2019-10-28,23.490000,23.549999,23.270000,23.280001,22.300846,22100
2019-10-29,23.209999,23.400000,23.120001,23.150000,22.176313,30300
2019-10-30,23.070000,23.320000,23.030001,23.030001,22.061361,24700
2019-10-31,23.129999,23.230000,22.750000,22.910000,21.946407,24800
2019-11-01,23.010000,23.353001,23.010000,23.170000,22.195473,29400
2019-11-04,23.340000,23.690001,23.275999,23.600000,22.607386,59000
2019-11-05,23.700001,23.930000,23.610001,23.870001,22.866028,28500
2019-11-06,23.969999,24.120001,23.850000,24.090000,23.076777,36800
2019-11-07,24.160000,24.250000,23.990000,24.250000,23.230049,36500
2019-11-08,24.139999,24.760000,24.059999,24.662001,23.788540,54800
2019-11-11,24.400000,24.600000,24.153000,24.469999,23.603342,25400
2019-11-12,24.530001,24.680000,24.370001,24.440001,23.574406,33600
2019-11-13,24.320000,24.340000,24.195000,24.200001,23.342905,21900
2019-11-14,24.190001,24.450001,24.100000,24.400000,23.535822,34000
2019-11-15,24.490000,24.559999,24.309999,24.490000,23.622633,21000
2019-11-18,24.480000,24.900000,24.454000,24.889999,24.008465,25100
2019-11-19,24.930000,24.959999,24.549999,24.629999,23.757673,24000
2019-11-20,24.730000,24.730000,24.309999,24.490000,23.622633,28100
2019-11-21,24.580000,24.600000,24.240000,24.299999,23.439362,27100
2019-11-22,24.270000,24.738001,24.270000,24.320000,23.458654,18000
2019-11-25,24.309999,24.590000,24.139999,24.139999,23.285028,32300
2019-11-26,24.090000,24.636999,24.090000,24.160000,23.304319,31500
2019-11-27,24.340000,24.340000,24.059999,24.200001,23.342905,23700
2019-11-29,24.190001,24.349001,24.110001,24.200001,23.342905,12300
2019-12-02,24.070000,24.250000,23.975000,24.232000,23.373772,24400
2019-12-03,24.000000,24.290001,23.770000,24.270000,23.410423,49700
2019-12-04,24.290001,24.600000,24.209999,24.559999,23.690153,37800
2019-12-05,24.680000,24.910000,24.549999,24.900000,24.018112,53700
2019-12-06,24.930000,25.000000,24.830000,24.969999,24.085630,23200
2019-12-09,24.950001,25.150000,24.879999,25.142000,24.251539,52800
2019-12-10,25.090000,25.540001,25.049999,25.420000,24.519693,56700
2019-12-11,25.480000,25.559999,24.830000,24.830000,24.108978,50500
2019-12-12,24.889999,25.000000,24.700001,24.730000,24.011883,34800
2019-12-13,24.790001,24.790001,24.580000,24.690001,23.973043,22000
2019-12-16,24.620001,24.948999,24.620001,24.690001,23.973043,22300
2019-12-17,24.780001,24.830000,24.629999,24.629999,23.914783,31800
2019-12-18,24.600000,24.750000,24.600000,24.660000,23.943914,15700
2019-12-19,24.660000,24.770000,24.420000,24.690001,23.973043,53500
2019-12-20,24.750000,24.850000,24.733000,24.770000,24.050720,26000
2019-12-23,24.760000,25.139999,24.760000,25.000000,24.274038,39600
2019-12-24,25.120001,25.120001,24.980000,24.980000,24.254622,17800
2019-12-26,25.059999,25.066000,24.770000,24.780001,24.060431,28600
2019-12-27,24.780001,24.780001,24.650000,24.700001,23.982754,27600
2019-12-30,24.680000,24.700001,24.510000,24.510000,23.798271,29300
2019-12-31,24.480000,24.690001,24.480000,24.600000,23.885656,15500
2020-01-02,24.719999,24.820000,24.500000,24.700001,23.982754,72000
2020-01-03,24.650000,24.879999,24.559999,24.879999,24.157526,31200
2020-01-06,24.889999,25.049999,24.719999,24.959999,24.235201,49000
2020-01-07,25.180000,25.320000,25.000000,25.280001,24.545910,72500
2020-01-08,25.440001,25.480000,25.290001,25.350000,24.613878,37800
2020-01-09,25.500000,25.549999,25.139999,25.240000,24.507072,41000
2020-01-10,25.139999,25.309999,25.059999,25.110001,24.543236,26500
2020-01-13,25.110001,25.180000,25.040001,25.090000,24.523689,45200
2020-01-14,25.150000,25.150000,25.020000,25.070000,24.504139,32900
2020-01-15,25.160000,25.211000,25.080000,25.100000,24.533463,47500
2020-01-16,25.129999,25.240000,25.000000,25.129999,24.562786,74500
2020-01-17,25.250000,25.290001,25.110001,25.180000,24.611656,44200
2020-01-21,25.200001,25.214001,25.120001,25.150000,24.582333,29400
2020-01-22,25.170000,25.389999,25.170000,25.370001,24.797369,43400
2020-01-23,25.260000,25.500000,25.200001,25.490000,24.914660,23000
2020-01-24,25.570000,25.570000,25.400000,25.500000,24.924435,57300
2020-01-27,25.370001,25.370001,25.000000,25.070000,24.504139,44300
2020-01-28,25.139999,25.170000,25.070000,25.100000,24.533463,20600
2020-01-29,25.150000,25.370001,25.120001,25.370001,24.797369,17500
2020-01-30,25.330000,25.475000,25.270000,25.370001,24.797369,28600
2020-01-31,25.400000,25.450001,25.139999,25.219999,24.650753,29700
2020-02-03,25.250000,25.350000,25.180000,25.260000,24.689850,24500
2020-02-04,25.459999,25.941999,25.429001,25.670000,25.090595,28000
2020-02-05,25.840000,25.879999,25.670000,25.850000,25.266535,23700
2020-02-06,25.760000,26.070000,25.760000,26.070000,25.481567,13200
2020-02-07,25.950001,26.309999,25.950001,26.224001,25.632092,22000
2020-02-10,26.330000,26.459999,26.260000,26.370001,25.774797,37100
2020-02-11,26.510000,26.660999,26.150000,26.150000,25.559761,40100
2020-02-12,26.219999,26.263000,26.000000,26.129999,25.704369,35900
2020-02-13,26.139999,26.260000,26.110001,26.110001,25.684694,18000
2020-02-14,26.200001,26.440001,26.200001,26.360001,25.930622,21700
2020-02-18,26.370001,26.370001,26.270000,26.309999,25.881435,8800
2020-02-19,26.410000,26.629999,26.370001,26.629999,26.196222,22000
2020-02-20,26.650000,26.650000,26.306000,26.469999,26.038828,30600
2020-02-21,26.330000,26.469999,26.290001,26.350000,25.920786,27800
2020-02-24,25.850000,25.870001,25.120001,25.549999,25.133814,87700
2020-02-25,25.590000,25.590000,24.440001,24.520000,24.120592,56300
2020-02-26,24.430000,24.940001,24.379999,24.500000,24.100920,43500
2020-02-27,24.280001,24.340000,22.530001,22.830000,22.458120,166300
2020-02-28,21.920000,22.570000,21.000000,21.719999,21.366201,236100
2020-03-02,21.840000,23.100000,21.549999,23.100000,22.723724,90600
2020-03-03,23.389999,24.129999,22.981001,23.200001,22.822094,127800
2020-03-04,23.500000,23.990000,23.400000,23.910000,23.520529,56700
2020-03-05,23.590000,23.785000,23.350000,23.570000,23.186068,59300
2020-03-06,23.320000,23.320000,22.670000,23.070000,22.694212,56500
2020-03-09,22.150000,22.150000,21.000000,21.719999,21.366201,89500
2020-03-10,21.930000,22.000000,21.010000,21.629999,21.277668,61700
2020-03-11,21.379999,21.389999,19.780001,19.879999,19.708338,105700
2020-03-12,17.750000,17.903999,16.100000,16.250000,16.109682,278200
2020-03-13,17.049999,17.959999,16.320000,17.959999,17.804916,75800
2020-03-16,15.100000,16.459999,15.100000,15.580000,15.445468,147400
2020-03-17,15.730000,16.351999,15.160000,15.920000,15.782532,64100
2020-03-18,14.450000,14.900000,11.715000,12.250000,12.144222,196000
2020-03-19,12.330000,14.090000,11.510000,14.090000,13.968334,213400
2020-03-20,14.110000,16.080000,14.110000,15.390000,15.257109,113500
2020-03-23,14.890000,15.105000,12.650000,13.770000,13.651097,77000
2020-03-24,14.140000,15.720000,14.140000,15.600000,15.465296,171600
2020-03-25,15.410000,17.469999,15.410000,16.930000,16.783812,107800
2020-03-26,16.719999,18.110001,16.563999,17.920000,17.765263,141200
2020-03-27,17.219999,17.537001,16.709999,17.250000,17.101048,123500
2020-03-30,17.520000,18.200001,17.120001,17.879999,17.725607,114700
2020-03-31,17.500000,18.379999,17.500000,17.990000,17.834658,76700
2020-04-01,17.719999,17.813000,16.209999,16.889999,16.744156,57400
2020-04-02,16.830000,16.980000,16.260000,16.650000,16.506227,62500
2020-04-03,16.420000,16.730000,15.480000,16.480000,16.337696,49900
2020-04-06,16.969999,17.693001,16.520000,17.680000,17.527334,79000
2020-04-07,18.139999,18.990000,18.010000,18.770000,18.607924,52700
2020-04-08,18.610001,19.469999,18.510000,19.340000,19.173000,126500
2020-04-09,19.799999,20.180000,19.520000,19.799999,19.799999,78100
2020-04-13,20.340000,20.760000,19.267000,19.582001,19.582001,39500
2020-04-14,20.090000,20.570000,19.983999,20.379999,20.379999,37400
2020-04-15,20.260000,20.379999,19.995001,20.280001,20.280001,63600
2020-04-16,20.350000,20.350000,19.530001,19.910000,19.910000,58800
2020-04-17,20.290001,20.489000,19.910000,20.190001,20.190001,49900
2020-04-20,20.190001,20.450001,19.840000,20.059999,20.059999,31200
2020-04-21,19.820000,20.106001,19.295000,19.750000,19.750000,65900
2020-04-22,20.129999,20.230000,19.745001,20.139999,20.139999,36200
2020-04-23,19.920000,20.389999,19.920000,20.010000,20.010000,22400
2020-04-24,20.290001,20.330000,20.049999,20.080000,20.080000,26800
2020-04-27,20.430000,20.950001,20.340000,20.340000,20.340000,69700
2020-04-28,20.490000,20.660000,20.100000,20.120001,20.120001,39300
2020-04-29,20.379999,20.650000,20.379999,20.459999,20.459999,35700
2020-04-30,20.389999,20.527000,20.000000,20.219999,20.219999,80500
2020-05-01,20.150000,20.150000,19.360001,19.830000,19.830000,73200
2020-05-04,19.799999,20.170000,19.573999,20.020000,20.020000,76800
2020-05-05,20.500000,20.940001,20.320000,20.780001,20.780001,34000
2020-05-06,20.930000,21.358000,20.799999,21.110001,21.110001,87700
2020-05-07,21.500000,21.570000,21.200001,21.340000,21.340000,37200