Date,Open,High,Low,Close,Adj Close,Volume
2015-05-04,25.249001,25.250000,25.249001,25.250000,23.005310,200
2015-05-05,25.059999,25.059999,25.000000,25.000000,22.777531,600
2015-05-06,24.860001,24.860001,24.860001,24.860001,22.649979,3000
2015-05-07,24.850000,24.850000,24.850000,24.850000,22.640863,300
2015-05-08,25.230000,25.230000,25.230000,25.230000,22.987083,700
2015-05-11,25.200001,25.200001,25.170000,25.180000,22.941530,2500
2015-05-12,25.120001,25.120001,25.000000,25.010000,22.786638,5300
2015-05-13,25.180000,25.180000,25.170000,25.170000,22.932419,400
2015-05-14,25.740000,25.750000,25.379999,25.379999,23.123749,500
2015-05-15,25.389999,25.459999,25.381001,25.459999,23.196636,800
2015-05-18,25.440001,25.440001,25.440001,25.440001,23.178415,1000
2015-05-19,25.440001,25.440001,25.440001,25.440001,23.178415,0
2015-05-20,25.520000,25.570000,25.459999,25.459999,23.196636,18600
2015-05-21,25.490000,25.520000,25.490000,25.520000,23.251305,5100
2015-05-22,26.030001,26.030001,25.502001,25.502001,23.234905,1200
2015-05-26,25.209999,25.209999,25.129999,25.129999,22.895977,5400
2015-05-27,25.219999,25.250000,25.219999,25.250000,23.005310,700
2015-05-28,25.700001,25.700001,25.190001,25.190001,22.950640,600
2015-05-29,25.150000,25.150000,25.150000,25.150000,22.914194,400
2015-06-01,25.129999,25.129999,25.049999,25.120001,22.886868,4500
2015-06-02,25.110001,25.110001,25.100000,25.100000,22.868641,2000
2015-06-03,25.240000,25.280001,25.240000,25.280001,23.032640,200
2015-06-04,24.990000,24.990000,24.990000,24.990000,22.768419,1100
2015-06-05,24.780001,24.870001,24.780001,24.870001,22.659088,1600
2015-06-08,24.870001,24.870001,24.870001,24.870001,22.659088,0
2015-06-09,24.639999,24.680000,24.639999,24.680000,22.485983,1000
2015-06-10,24.850000,24.850000,24.850000,24.850000,22.640863,100
2015-06-11,25.059999,25.059999,25.018000,25.018000,22.793926,800
2015-06-12,25.018000,25.018000,25.018000,25.018000,22.793926,0
2015-06-15,24.690001,24.850000,24.690001,24.850000,22.640863,3600
2015-06-16,24.820000,24.850000,24.799999,24.850000,22.640863,900
2015-06-17,24.850000,24.850000,24.850000,24.850000,22.640863,0
2015-06-18,25.110001,25.170000,25.049999,25.170000,22.932419,500
2015-06-19,25.120001,25.200001,25.120001,25.200001,22.959749,2400
2015-06-22,25.389999,25.400000,25.344000,25.379999,23.123749,4300
2015-06-23,25.389999,25.389999,25.389999,25.389999,23.132858,2000
2015-06-24,25.209999,25.219999,25.209999,25.219999,22.977974,2500
2015-06-25,25.219999,25.219999,25.219999,25.219999,23.079554,0
2015-06-26,24.990000,24.990000,24.990000,24.990000,22.869072,1900
2015-06-29,24.090000,24.760000,24.090000,24.559999,22.475569,5400
2015-06-30,24.620001,24.620001,24.620001,24.620001,22.530476,300
2015-07-01,24.620001,24.620001,24.620001,24.620001,22.530476,0
2015-07-02,24.590000,24.590000,24.580000,24.580000,22.493868,500
2015-07-06,24.580000,24.580000,24.580000,24.580000,22.493868,0
2015-07-07,24.180000,24.270000,24.180000,24.270000,22.210178,4100
2015-07-08,23.770000,23.780001,23.770000,23.770000,21.752615,1000
2015-07-09,23.770000,23.770000,23.770000,23.770000,21.752615,0
2015-07-10,24.950001,24.950001,24.950001,24.950001,22.832470,200
2015-07-13,24.950001,24.950001,24.950001,24.950001,22.832470,0
2015-07-14,24.950001,24.950001,24.950001,24.950001,22.832470,0
2015-07-15,24.950001,24.950001,24.950001,24.950001,22.832470,0
2015-07-16,24.950001,24.950001,24.950001,24.950001,22.832470,0
2015-07-17,24.820000,24.820000,24.820000,24.820000,22.713501,200
2015-07-20,24.820000,24.820000,24.820000,24.820000,22.713501,0
2015-07-21,24.820000,24.820000,24.820000,24.820000,22.713501,0
2015-07-22,24.820000,24.820000,24.820000,24.820000,22.713501,0
2015-07-23,24.820000,24.820000,24.820000,24.820000,22.713501,0
2015-07-24,24.219999,24.219999,24.170000,24.170000,22.118668,800
2015-07-27,24.170000,24.170000,24.170000,24.170000,22.118668,0
2015-07-28,24.170000,24.170000,24.170000,24.170000,22.118668,0
2015-07-29,24.170000,24.170000,24.170000,24.170000,22.118668,0
2015-07-30,24.170000,24.170000,24.170000,24.170000,22.118668,0
2015-07-31,24.170000,24.170000,24.170000,24.170000,22.118668,0
2015-08-03,24.430000,24.570000,24.330000,24.510000,22.429810,7000
2015-08-04,24.500000,24.500000,24.500000,24.500000,22.420660,1000
2015-08-05,24.500000,24.500000,24.500000,24.500000,22.420660,0
2015-08-06,24.500000,24.500000,24.500000,24.500000,22.420660,0
2015-08-07,24.500000,24.500000,24.500000,24.500000,22.420660,0
2015-08-10,24.790001,24.790001,24.760000,24.760000,22.658594,900
2015-08-11,24.760000,24.760000,24.760000,24.760000,22.658594,0
2015-08-12,24.760000,24.760000,24.760000,24.760000,22.658594,0
2015-08-13,24.760000,24.760000,24.760000,24.760000,22.658594,0
2015-08-14,24.760000,24.760000,24.760000,24.760000,22.658594,0
2015-08-17,24.500000,24.500000,24.430000,24.430000,22.356604,1700
2015-08-18,24.740000,24.740000,24.740000,24.740000,22.640291,300
2015-08-19,24.740000,24.740000,24.740000,24.740000,22.640291,0
2015-08-20,24.740000,24.740000,24.740000,24.740000,22.640291,0
2015-08-21,23.480000,23.480000,23.120001,23.150000,21.185238,1400
2015-08-24,22.030001,24.100000,22.030001,22.299999,20.407375,4100
2015-08-25,22.860001,22.860001,22.655001,22.660000,20.736824,900
2015-08-26,22.660000,22.660000,22.660000,22.660000,20.736824,0
2015-08-27,23.209999,23.219999,23.209999,23.219999,21.249292,3000
2015-08-28,23.219999,23.219999,23.219999,23.219999,21.249292,0
2015-08-31,23.059999,23.090000,23.059999,23.090000,21.130331,800
2015-09-01,22.400000,22.459999,22.400000,22.459999,20.553797,500
2015-09-02,22.459999,22.459999,22.459999,22.459999,20.553797,0
2015-09-03,22.459999,22.459999,22.459999,22.459999,20.553797,0
2015-09-04,22.459999,22.459999,22.459999,22.459999,20.553797,0
2015-09-08,22.459999,22.459999,22.459999,22.459999,20.553797,0
2015-09-09,22.459999,22.459999,22.459999,22.459999,20.553797,0
2015-09-10,22.459999,22.459999,22.459999,22.459999,20.553797,0
2015-09-11,22.820000,22.980000,22.820000,22.980000,21.029665,2100
2015-09-14,22.980000,22.980000,22.980000,22.980000,21.029665,0
2015-09-15,23.200001,23.200001,23.200001,23.200001,21.230995,100
2015-09-16,23.200001,23.200001,23.200001,23.200001,21.230995,300
2015-09-17,23.200001,23.200001,23.200001,23.200001,21.230995,0
2015-09-18,23.160000,23.170000,23.160000,23.160000,21.194387,1100
2015-09-21,23.160000,23.160000,23.160000,23.160000,21.194387,0
2015-09-22,23.160000,23.160000,23.160000,23.160000,21.194387,0
2015-09-23,22.620001,22.620001,22.620001,22.620001,20.700218,900
2015-09-24,22.620001,22.620001,22.620001,22.620001,20.700218,0
2015-09-25,22.620001,22.620001,22.620001,22.620001,20.700218,0
2015-09-28,22.170000,22.170000,21.969999,21.969999,20.105385,2900
2015-09-29,21.990000,21.990000,21.990000,21.990000,20.123686,2200
2015-09-30,22.309999,22.309999,22.309999,22.309999,20.416527,900
2015-10-01,22.270000,22.270000,22.270000,22.270000,20.379923,2000
2015-10-02,22.270000,22.270000,22.270000,22.270000,20.379923,0
2015-10-05,23.059999,23.080000,23.059999,23.080000,21.121178,900
2015-10-06,23.160000,23.160000,22.980000,23.020000,21.066269,800
2015-10-07,23.020000,23.020000,23.020000,23.020000,21.066269,0
2015-10-08,23.020000,23.020000,23.020000,23.020000,21.066269,0
2015-10-09,23.020000,23.020000,23.020000,23.020000,21.066269,0
2015-10-12,23.020000,23.020000,23.020000,23.020000,21.066269,0
2015-10-13,23.020000,23.020000,23.020000,23.020000,21.066269,0
2015-10-14,23.020000,23.020000,23.020000,23.020000,21.066269,0
2015-10-15,23.020000,23.020000,23.020000,23.020000,21.066269,0
2015-10-16,23.570000,23.570000,23.570000,23.570000,21.569588,300
2015-10-19,23.570000,23.570000,23.570000,23.570000,21.569588,0
2015-10-20,23.570000,23.570000,23.570000,23.570000,21.569588,0
2015-10-21,23.450001,23.450001,23.450001,23.450001,21.459776,300
2015-10-22,23.450001,23.450001,23.450001,23.450001,21.459776,0
2015-10-23,23.450001,23.450001,23.450001,23.450001,21.459776,0
2015-10-26,23.450001,23.450001,23.450001,23.450001,21.459776,0
2015-10-27,23.760000,23.770000,23.670000,23.719999,21.706860,1400
2015-10-28,23.819000,23.900000,23.813000,23.900000,21.871582,2200
2015-10-29,23.900000,23.900000,23.900000,23.900000,21.871582,0
2015-10-30,23.900000,23.900000,23.900000,23.900000,21.871582,0
2015-11-02,23.990000,24.080000,23.990000,24.080000,22.036306,1300
2015-11-03,24.110001,24.110001,24.110001,24.110001,22.063761,1200
2015-11-04,24.000000,24.014000,24.000000,24.014000,21.975906,1500
2015-11-05,24.014000,24.014000,24.014000,24.014000,21.975906,0
2015-11-06,24.049999,24.049999,23.990000,23.990000,21.953943,200
2015-11-09,23.639999,23.799999,23.549999,23.600000,21.597046,5800
2015-11-10,23.649000,23.719999,23.649000,23.709999,21.697710,800
2015-11-11,23.709999,23.709999,23.709999,23.709999,21.697710,0
2015-11-12,23.570000,23.608999,23.570000,23.608999,21.605278,400
2015-11-13,23.608999,23.608999,23.608999,23.608999,21.605278,0
2015-11-16,23.245001,23.245001,23.245001,23.245001,21.272177,100
2015-11-17,23.245001,23.245001,23.245001,23.245001,21.272177,0
2015-11-18,24.070000,24.070000,24.070000,24.070000,22.027153,200
2015-11-19,24.070000,24.070000,24.070000,24.070000,22.027153,0
2015-11-20,23.920000,23.920000,23.920000,23.920000,21.889885,400
2015-11-23,23.850000,23.850000,23.850000,23.850000,21.825829,400
2015-11-24,23.750000,23.750000,23.750000,23.750000,21.734312,700
2015-11-25,23.910000,24.000000,23.910000,24.000000,21.963095,1900
2015-11-27,24.000000,24.000000,24.000000,24.000000,21.963095,0
2015-11-30,23.889999,23.889999,23.889999,23.889999,21.862432,700
2015-12-01,24.000000,24.250000,24.000000,24.240000,22.182728,35300
2015-12-02,24.240000,24.240000,24.240000,24.240000,22.182728,0
2015-12-03,23.879999,23.900000,23.634001,23.634001,21.628157,6900
2015-12-04,23.634001,23.634001,23.634001,23.634001,21.628157,0
2015-12-07,23.634001,23.634001,23.634001,23.634001,21.628157,0
2015-12-08,23.634001,23.634001,23.634001,23.634001,21.628157,0
2015-12-09,23.660000,23.790001,23.370001,23.480000,21.487226,39300
2015-12-10,23.450001,23.450001,23.450001,23.450001,21.459776,400
2015-12-11,23.170000,23.170000,23.080000,23.129999,21.166933,1800
2015-12-14,23.000000,23.000000,23.000000,23.000000,21.047968,1000
2015-12-15,23.200001,23.260000,23.190001,23.190001,21.221842,4000
2015-12-16,23.379999,23.389999,23.280001,23.309999,21.331656,10500
2015-12-17,23.205999,23.205999,23.100000,23.190001,21.221842,5600
2015-12-18,22.860001,23.080000,22.860001,23.065001,21.107454,4000
2015-12-21,23.049999,23.058001,22.980000,23.010000,21.152494,5600
2015-12-22,23.110001,23.110001,23.070000,23.070000,21.207651,200
2015-12-23,23.070000,23.070000,23.070000,23.070000,21.207651,0
2015-12-24,23.070000,23.070000,23.070000,23.070000,21.207651,0
2015-12-28,23.209999,23.430000,23.209999,23.395000,21.506414,3100
2015-12-29,23.620001,23.719999,23.620001,23.629999,21.722445,1000
2015-12-30,23.900000,23.900000,23.590000,23.590000,21.685673,900
2015-12-31,23.410000,23.410000,23.410000,23.410000,21.520203,200
2016-01-04,22.829000,22.829000,22.829000,22.829000,20.986103,200
2016-01-05,22.750000,22.750000,22.580000,22.580000,20.757206,1500
2016-01-06,22.580000,22.580000,22.580000,22.580000,20.757206,0
2016-01-07,22.150000,22.150000,22.150000,22.150000,20.361919,1100
2016-01-08,22.280001,22.280001,22.000000,22.000000,20.224026,2200
2016-01-11,21.580000,21.580000,21.309999,21.309999,19.589729,2400
2016-01-12,22.129999,22.129999,21.780001,21.809999,20.049364,4700
2016-01-13,21.490000,21.490000,21.490000,21.490000,19.755201,100
2016-01-14,21.490000,21.490000,21.490000,21.490000,19.755201,0
2016-01-15,20.770000,20.905001,20.750000,20.750000,19.074936,3700
2016-01-19,21.290001,21.290001,21.120001,21.129999,19.424259,1000
2016-01-20,20.240000,20.700001,20.219999,20.670000,19.001390,9800
2016-01-21,21.000999,21.000999,21.000999,21.000999,19.305676,400
2016-01-22,21.260000,21.260000,21.260000,21.260000,19.543764,300
2016-01-25,21.139999,21.139999,21.139999,21.139999,19.433453,600
2016-01-26,21.190001,21.327000,21.180000,21.320999,19.599840,2100
2016-01-27,21.320999,21.320999,21.320999,21.320999,19.599840,0
2016-01-28,21.139999,21.139999,21.129999,21.129999,19.424259,1100
2016-01-29,21.129999,21.129999,21.129999,21.129999,19.424259,0
2016-02-01,21.320000,21.480000,21.320000,21.480000,19.746004,1900
2016-02-02,21.459999,21.459999,21.299999,21.299999,19.580534,3700
2016-02-03,21.700001,21.700001,21.080000,21.170000,19.461027,4400
2016-02-04,21.350000,21.500000,21.309999,21.500000,19.764389,1500
2016-02-05,21.500000,21.500000,21.500000,21.500000,19.764389,0
2016-02-08,20.650000,21.070000,20.430000,20.490000,18.835924,9200
2016-02-09,20.480000,20.610001,20.469999,20.590000,18.927851,8400
2016-02-10,20.760000,20.790001,20.709999,20.780001,19.102512,2300
2016-02-11,20.590000,20.607000,20.250000,20.250000,18.615297,7800
2016-02-12,20.250000,20.250000,20.250000,20.250000,18.615297,0
2016-02-16,21.084000,21.084000,21.084000,21.084000,19.381971,100
2016-02-17,21.490000,21.500000,21.469999,21.469999,19.736813,6300
2016-02-18,21.559999,21.559999,21.559999,21.559999,19.819546,300
2016-02-19,21.559999,21.559999,21.559999,21.559999,19.819546,0
2016-02-22,21.730000,21.760000,21.730000,21.740000,19.985014,3300
2016-02-23,21.740000,21.740000,21.740000,21.740000,19.985014,0
2016-02-24,21.740000,21.740000,21.740000,21.740000,19.985014,0
2016-02-25,21.740000,21.740000,21.740000,21.740000,19.985014,0
2016-02-26,21.740000,21.740000,21.740000,21.740000,19.985014,0
2016-02-29,21.719999,21.760000,21.441000,21.488001,19.753361,7700
2016-03-01,22.080000,22.080000,22.080000,22.080000,20.297565,100
2016-03-02,21.940001,22.059999,21.879999,22.059999,20.279184,6500
2016-03-03,22.059999,22.059999,22.059999,22.059999,20.279184,0
2016-03-04,22.059999,22.059999,22.059999,22.059999,20.279184,0
2016-03-07,22.059999,22.059999,22.059999,22.059999,20.279184,0
2016-03-08,22.059999,22.059999,22.059999,22.059999,20.279184,0
2016-03-09,22.059999,22.059999,22.059999,22.059999,20.279184,0
2016-03-10,22.059999,22.059999,22.059999,22.059999,20.279184,0
2016-03-11,22.059999,22.059999,22.059999,22.059999,20.279184,0
2016-03-14,22.059999,22.059999,22.059999,22.059999,20.279184,0
2016-03-15,22.440001,22.440001,22.400000,22.400000,20.591738,800
2016-03-16,22.400000,22.400000,22.400000,22.400000,20.591738,0
2016-03-17,22.400000,22.400000,22.400000,22.400000,20.591738,0
2016-03-18,22.400000,22.400000,22.400000,22.400000,20.591738,0
2016-03-21,22.400000,22.400000,22.400000,22.400000,20.591738,0
2016-03-22,22.910000,22.910000,22.910000,22.910000,21.060564,600
2016-03-23,22.980000,22.980000,22.879999,22.879999,21.032988,200
2016-03-24,22.879999,22.879999,22.879999,22.879999,21.032988,0
2016-03-28,22.750000,22.750000,22.750000,22.750000,20.913485,200
2016-03-29,22.750000,22.750000,22.750000,22.750000,20.913485,0
2016-03-30,22.750000,22.750000,22.750000,22.750000,20.913485,0
2016-03-31,23.120001,23.120001,23.120001,23.120001,21.253616,200
2016-04-01,22.830000,22.830000,22.830000,22.830000,20.987024,500
2016-04-04,22.830000,22.830000,22.830000,22.830000,20.987024,0
2016-04-05,22.830000,22.830000,22.830000,22.830000,20.987024,0
2016-04-06,22.830000,22.830000,22.830000,22.830000,20.987024,0
2016-04-07,22.830000,22.830000,22.830000,22.830000,20.987024,0
2016-04-08,22.830000,22.830000,22.830000,22.830000,20.987024,0
2016-04-11,22.830000,22.830000,22.830000,22.830000,20.987024,0
2016-04-12,22.830000,22.830000,22.830000,22.830000,20.987024,0
2016-04-13,23.375000,23.375000,23.375000,23.375000,21.488031,200
2016-04-14,23.360001,23.368999,23.360001,23.368999,21.482512,4400
2016-04-15,23.309999,23.340000,23.309999,23.340000,21.455853,1200
2016-04-18,23.340000,23.340000,23.340000,23.340000,21.455853,0
2016-04-19,23.680000,23.680000,23.680000,23.680000,21.768410,600
2016-04-20,23.610001,23.709999,23.610001,23.677000,21.765650,11200
2016-04-21,23.464001,23.464001,23.464001,23.464001,21.569845,100
2016-04-22,23.464001,23.464001,23.464001,23.464001,21.569845,0
2016-04-25,23.464001,23.464001,23.464001,23.464001,21.569845,0
2016-04-26,23.451000,23.520000,23.451000,23.520000,21.621323,12600
2016-04-27,23.520000,23.520000,23.520000,23.520000,21.621323,0
2016-04-28,23.489000,23.500000,23.270000,23.270000,21.391506,1400
2016-04-29,23.270000,23.270000,23.270000,23.270000,21.391506,0
2016-05-02,23.270000,23.270000,23.270000,23.270000,21.391506,0
2016-05-03,23.270000,23.270000,23.270000,23.270000,21.391506,0
2016-05-04,23.270000,23.270000,23.270000,23.270000,21.391506,0
2016-05-05,23.270000,23.270000,23.270000,23.270000,21.391506,0
2016-05-06,23.270000,23.270000,23.270000,23.270000,21.391506,0
2016-05-09,23.270000,23.270000,23.270000,23.270000,21.391506,0
2016-05-10,23.270000,23.270000,23.270000,23.270000,21.391506,0
2016-05-11,22.870001,22.879999,22.870001,22.879999,21.032988,900
2016-05-12,22.879999,22.879999,22.879999,22.879999,21.032988,0
2016-05-13,22.840000,22.840000,22.719999,22.719999,20.885904,500
2016-05-16,22.760000,22.879999,22.760000,22.879999,21.032988,3600
2016-05-17,22.629999,22.670000,22.614000,22.670000,20.839939,2300
2016-05-18,22.620001,22.680000,22.530001,22.680000,20.849136,900
2016-05-19,22.469999,22.480000,22.430000,22.480000,20.665279,900
2016-05-20,22.730000,22.770000,22.730000,22.770000,20.931868,1000
2016-05-23,22.750000,22.750000,22.700001,22.700001,20.867519,1000
2016-05-24,22.924999,22.924999,22.900000,22.905001,21.055971,1000
2016-05-25,23.120001,23.120001,23.090000,23.090000,21.226036,4800
2016-05-26,23.129999,23.150000,23.129999,23.150000,21.281195,900
2016-05-27,23.170000,23.170000,23.170000,23.170000,21.299576,1100
2016-05-31,23.290001,23.290001,23.170000,23.170000,21.299576,900
2016-06-01,23.170000,23.170000,23.170000,23.170000,21.299576,0
2016-06-02,23.170000,23.170000,23.170000,23.170000,21.299576,0
2016-06-03,23.290001,23.290001,23.290001,23.290001,21.409893,1100
2016-06-06,23.430000,23.485001,23.430000,23.480000,21.584553,1300
2016-06-07,23.620001,23.645000,23.610001,23.625999,21.718765,9700
2016-06-08,23.625999,23.625999,23.625999,23.625999,21.718765,0
2016-06-09,23.625999,23.625999,23.625999,23.625999,21.718765,0
2016-06-10,23.625999,23.625999,23.625999,23.625999,21.718765,0
2016-06-13,23.625999,23.625999,23.625999,23.625999,21.718765,0
2016-06-14,22.540001,22.540001,22.540001,22.540001,20.720436,200
2016-06-15,22.771999,22.771999,22.771999,22.771999,20.933706,700
2016-06-16,22.771999,22.771999,22.771999,22.771999,20.933706,0
2016-06-17,22.771999,22.771999,22.771999,22.771999,20.933706,0
2016-06-20,23.250000,23.250000,23.250000,23.250000,21.373119,200
2016-06-21,23.260000,23.260000,23.260000,23.260000,21.382313,400
2016-06-22,23.059999,23.059999,23.042999,23.059999,21.408306,2500
2016-06-23,23.340000,23.410000,23.340000,23.410000,21.733238,6500
2016-06-24,22.511999,22.511999,22.511999,22.511999,20.899555,1800
2016-06-27,22.511999,22.511999,22.511999,22.511999,20.899555,0
2016-06-28,22.511999,22.511999,22.511999,22.511999,20.899555,0
2016-06-29,22.382999,22.520000,22.382999,22.520000,20.906984,1200
2016-06-30,22.490000,22.606001,22.490000,22.605000,20.985895,15100
2016-07-01,22.900000,22.909000,22.900000,22.909000,21.268124,600
2016-07-05,22.909000,22.909000,22.909000,22.909000,21.268124,0
2016-07-06,22.299999,22.299999,22.264999,22.264999,20.670248,400
2016-07-07,22.650000,22.670000,22.520000,22.520000,20.906984,3900
2016-07-08,22.520000,22.520000,22.520000,22.520000,20.906984,0
2016-07-11,22.520000,22.520000,22.520000,22.520000,20.906984,0
2016-07-12,22.520000,22.520000,22.520000,22.520000,20.906984,0
2016-07-13,23.219999,23.240000,23.209999,23.230000,21.566130,2900
2016-07-14,23.230000,23.230000,23.230000,23.230000,21.566130,100
2016-07-15,23.280001,23.469999,23.280001,23.469999,21.788940,8200
2016-07-18,23.469999,23.469999,23.469999,23.469999,21.788940,0
2016-07-19,23.750000,23.750000,23.469999,23.555000,21.867853,2500
2016-07-20,23.555000,23.555000,23.555000,23.555000,21.867853,0
2016-07-21,23.459999,23.500000,23.370001,23.400000,21.723953,2700
2016-07-22,23.421000,23.421000,23.421000,23.421000,21.743452,100
2016-07-25,23.421000,23.421000,23.421000,23.421000,21.743452,0
2016-07-26,23.421000,23.421000,23.421000,23.421000,21.743452,0
2016-07-27,23.421000,23.421000,23.421000,23.421000,21.743452,0
2016-07-28,23.780001,23.780001,23.709999,23.780001,22.076736,500
2016-07-29,23.780001,23.780001,23.780001,23.780001,22.076736,0
2016-08-01,23.780001,23.780001,23.780001,23.780001,22.076736,0
2016-08-02,23.780001,23.780001,23.780001,23.780001,22.076736,0
2016-08-03,23.330000,23.509001,23.330000,23.509001,21.825150,1000
2016-08-04,23.520000,23.677000,23.520000,23.520000,21.835361,300
2016-08-05,23.520000,23.520000,23.520000,23.520000,21.835361,0
2016-08-08,23.520000,23.520000,23.520000,23.520000,21.835361,0
2016-08-09,23.520000,23.520000,23.520000,23.520000,21.835361,0
2016-08-10,23.520000,23.520000,23.520000,23.520000,21.835361,0
2016-08-11,24.200001,24.200001,24.200001,24.200001,22.466654,300
2016-08-12,24.024000,24.024000,24.024000,24.024000,22.303257,200
2016-08-15,24.024000,24.024000,24.024000,24.024000,22.303257,0
2016-08-16,24.024000,24.024000,24.024000,24.024000,22.303257,0
2016-08-17,24.024000,24.024000,24.024000,24.024000,22.303257,0
2016-08-18,24.024000,24.024000,24.024000,24.024000,22.303257,0
2016-08-19,24.024000,24.024000,24.024000,24.024000,22.303257,0
2016-08-22,24.024000,24.024000,24.024000,24.024000,22.303257,0
2016-08-23,24.024000,24.024000,24.024000,24.024000,22.303257,0
2016-08-24,24.070000,24.070000,24.070000,24.070000,22.345963,100
2016-08-25,24.070000,24.070000,24.070000,24.070000,22.345963,0
2016-08-26,24.070000,24.070000,24.070000,24.070000,22.345963,0
2016-08-29,23.954000,24.027000,23.954000,24.027000,22.306044,2700
2016-08-30,23.959999,23.959999,23.959999,23.959999,22.243841,2300
2016-08-31,23.959999,23.959999,23.959999,23.959999,22.243841,0
2016-09-01,24.020000,24.020000,24.020000,24.020000,22.299545,800
2016-09-02,24.020000,24.020000,24.020000,24.020000,22.299545,0
2016-09-06,24.430000,24.430000,24.430000,24.430000,22.680180,300
2016-09-07,24.430000,24.430000,24.430000,24.430000,22.680180,0
2016-09-08,24.430000,24.430000,24.430000,24.430000,22.680180,100
2016-09-09,24.430000,24.430000,24.430000,24.430000,22.680180,0
2016-09-12,24.430000,24.430000,24.430000,24.430000,22.680180,0
2016-09-13,24.430000,24.430000,24.430000,24.430000,22.680180,0
2016-09-14,24.430000,24.430000,24.430000,24.430000,22.680180,0
2016-09-15,24.430000,24.430000,24.430000,24.430000,22.680180,0
2016-09-16,24.430000,24.430000,24.430000,24.430000,22.680180,0
2016-09-19,23.952000,23.952000,23.952000,23.952000,22.236416,200
2016-09-20,23.952000,23.952000,23.952000,23.952000,22.236416,0
2016-09-21,23.952000,23.952000,23.952000,23.952000,22.236416,0
2016-09-22,23.952000,23.952000,23.952000,23.952000,22.236416,0
2016-09-23,23.952000,23.952000,23.952000,23.952000,22.236416,0
2016-09-26,24.110001,24.110001,24.110001,24.110001,22.383097,200
2016-09-27,24.110001,24.110001,24.110001,24.110001,22.383097,0
2016-09-28,24.110001,24.110001,24.110001,24.110001,22.383097,0
2016-09-29,24.110001,24.110001,24.110001,24.110001,22.383097,0
2016-09-30,24.110001,24.110001,24.110001,24.110001,22.383097,0
2016-10-03,24.110001,24.110001,24.110001,24.110001,22.383097,0
2016-10-04,24.110001,24.110001,24.110001,24.110001,22.383097,0
2016-10-05,24.110001,24.110001,24.110001,24.110001,22.383097,0
2016-10-06,24.110001,24.110001,24.110001,24.110001,22.383097,0
2016-10-07,24.110001,24.110001,24.110001,24.110001,22.383097,0
2016-10-10,24.110001,24.110001,24.110001,24.110001,22.383097,0
2016-10-11,24.110001,24.110001,24.110001,24.110001,22.383097,0
2016-10-12,24.110001,24.110001,24.110001,24.110001,22.383097,0
2016-10-13,23.600000,23.629999,23.600000,23.629999,21.937479,400
2016-10-14,23.629999,23.629999,23.629999,23.629999,21.937479,0
2016-10-17,23.629999,23.629999,23.629999,23.629999,21.937479,0
2016-10-18,23.629999,23.629999,23.629999,23.629999,21.937479,0
2016-10-19,23.629999,23.629999,23.629999,23.629999,21.937479,0
2016-10-20,23.900000,23.900000,23.900000,23.900000,22.188141,100
2016-10-21,23.666000,23.666000,23.666000,23.666000,21.970901,100
2016-10-24,23.891001,23.922001,23.891001,23.922001,22.208567,300
2016-10-25,23.969999,23.969999,23.650000,23.716000,22.017321,500
2016-10-26,23.790001,23.900000,23.790001,23.900000,22.188141,4400
2016-10-27,23.860001,23.870001,23.860001,23.870001,22.160294,300
2016-10-28,23.870001,23.870001,23.870001,23.870001,22.160294,0
2016-10-31,23.870001,23.870001,23.870001,23.870001,22.160294,0
2016-11-01,23.969999,23.969999,23.580000,23.629999,21.937479,2100
2016-11-02,23.750000,23.750000,23.750000,23.750000,22.048883,1000
2016-11-03,23.625000,23.625000,23.625000,23.625000,21.932837,100
2016-11-04,23.625000,23.625000,23.625000,23.625000,21.932837,0
2016-11-07,23.625000,23.625000,23.625000,23.625000,21.932837,0
2016-11-08,23.910000,23.910000,23.910000,23.910000,22.197426,100
2016-11-09,23.704000,23.704000,23.704000,23.704000,22.006182,300
2016-11-10,23.704000,23.704000,23.704000,23.704000,22.006182,0
2016-11-11,23.704000,23.704000,23.704000,23.704000,22.006182,0
2016-11-14,23.704000,23.704000,23.704000,23.704000,22.006182,0
2016-11-15,23.704000,23.704000,23.704000,23.704000,22.006182,0
2016-11-16,23.704000,23.704000,23.704000,23.704000,22.006182,0
2016-11-17,23.983999,24.020000,23.857000,24.003000,22.283764,2100
2016-11-18,24.003000,24.003000,24.003000,24.003000,22.283764,100
2016-11-21,24.309999,24.309999,24.070000,24.070000,22.345963,3600
2016-11-22,24.320000,24.320000,24.320000,24.320000,22.578058,300
2016-11-23,24.219999,24.370001,24.159000,24.159000,22.428593,2600
2016-11-25,24.231001,24.469999,24.231001,24.459999,22.708029,1000
2016-11-28,24.480000,24.480000,24.480000,24.480000,22.726597,200
2016-11-29,24.480000,24.480000,24.480000,24.480000,22.726597,0
2016-11-30,24.480000,24.480000,24.480000,24.480000,22.726597,0
2016-12-01,24.230000,24.230000,24.011999,24.011999,22.292116,300
2016-12-02,24.011999,24.011999,24.011999,24.011999,22.292116,100
2016-12-05,24.011999,24.011999,24.011999,24.011999,22.292116,0
2016-12-06,24.011999,24.011999,24.011999,24.011999,22.292116,0
2016-12-07,24.240000,24.542000,24.240000,24.542000,22.784157,500
2016-12-08,24.809999,24.809999,24.809999,24.809999,23.032959,200
2016-12-09,24.757000,24.959999,24.757000,24.923000,23.137867,400
2016-12-12,24.910000,24.910000,24.667999,24.667999,22.901133,1700
2016-12-13,24.889999,24.889999,24.889999,24.889999,23.107231,200
2016-12-14,24.653999,24.653999,24.653999,24.653999,22.888136,300
2016-12-15,24.263000,24.670000,24.263000,24.670000,22.902990,700
2016-12-16,24.670000,24.670000,24.670000,24.670000,22.902990,0
2016-12-19,24.209999,24.209999,24.209999,24.209999,22.475937,300
2016-12-20,24.308001,24.308001,24.308001,24.308001,22.566917,500
2016-12-21,24.320000,24.320000,24.320000,24.320000,22.803202,100
2016-12-22,24.320000,24.320000,24.320000,24.320000,22.803202,0
2016-12-23,24.320000,24.320000,24.320000,24.320000,22.803202,0
2016-12-27,24.063999,24.063999,24.020000,24.020000,22.521910,1500
2016-12-28,24.020000,24.020000,24.020000,24.020000,22.521910,0
2016-12-29,24.016001,24.016001,24.016001,24.016001,22.518162,100
2016-12-30,24.100000,24.100000,24.100000,24.100000,22.596922,400
2017-01-03,24.333000,24.333000,24.330000,24.330000,22.812578,600
2017-01-04,24.580000,24.580000,24.580000,24.580000,23.046986,300
2017-01-05,24.580000,24.580000,24.580000,24.580000,23.046986,0
2017-01-06,24.680000,24.680000,24.561001,24.561001,23.029173,500
2017-01-09,24.563999,25.290001,24.563999,24.650000,23.112616,3900
2017-01-10,24.709999,25.400000,24.709999,24.830000,23.281393,11000
2017-01-11,24.833000,24.870001,24.816000,24.816000,23.268267,900
2017-01-12,24.879999,24.879999,24.879999,24.879999,23.328274,200
2017-01-13,24.792000,24.980000,24.750000,24.950001,23.393911,2600
2017-01-17,25.059999,25.059999,24.850000,24.930000,23.375156,3800
2017-01-18,24.700001,24.750000,24.700001,24.750000,23.206383,600
2017-01-19,24.889999,24.990000,24.770000,24.990000,23.431412,2600
2017-01-20,24.990000,24.990000,24.990000,24.990000,23.431412,0
2017-01-23,24.700001,25.190001,24.700001,25.190001,23.618940,500
2017-01-24,25.190001,25.190001,25.190001,25.190001,23.618940,0
2017-01-25,25.570000,25.570000,25.570000,25.570000,23.975239,400
2017-01-26,25.920000,25.950001,25.920000,25.950001,24.331541,300
2017-01-27,25.950001,25.950001,25.750000,25.750000,24.144012,2100
2017-01-30,26.180000,26.180000,25.520000,25.610001,24.012747,400
2017-01-31,25.139000,25.139000,24.985001,25.049999,23.487669,4200
2017-02-01,25.905001,26.000000,25.330000,25.340000,23.759586,503200
2017-02-02,25.299999,25.549999,25.200001,25.549999,23.956484,2100
2017-02-03,25.900000,25.900000,25.410000,25.459999,23.872097,600
2017-02-06,25.459999,25.459999,25.459999,25.459999,23.872097,0
2017-02-07,26.000000,26.000000,25.500000,25.520000,23.928360,13400
2017-02-08,25.520000,25.520000,25.520000,25.520000,23.928360,0
2017-02-09,25.299999,25.569000,25.299999,25.569000,23.974300,1000
2017-02-10,25.569000,25.569000,25.569000,25.569000,23.974300,0
2017-02-13,25.290001,25.395000,25.290001,25.395000,23.811155,1500
2017-02-14,25.370001,25.480000,25.330000,25.480000,23.890852,9100
2017-02-15,25.573000,25.580000,25.573000,25.580000,23.984617,1000
2017-02-16,25.459999,25.459999,25.459999,25.459999,23.872097,3000
2017-02-17,25.520000,25.520000,25.410000,25.410000,23.825218,1500
2017-02-21,25.610001,25.629999,25.580000,25.629999,24.031496,6900
2017-02-22,25.618999,25.618999,25.618999,25.618999,24.021183,1000
2017-02-23,25.680000,25.719999,25.590000,25.639999,24.040873,13600
2017-02-24,25.490000,25.490000,25.400000,25.400000,23.815842,12800
2017-02-27,25.400000,25.400000,25.400000,25.400000,23.815842,0
2017-02-28,25.440001,25.469999,25.430000,25.469999,23.881474,5500
2017-03-01,25.580000,25.657000,25.570000,25.657000,24.056814,3300
2017-03-02,25.488001,25.488001,25.488001,25.488001,23.898355,200
2017-03-03,25.480000,25.480000,25.480000,25.480000,23.890852,1900
2017-03-06,25.402000,25.402000,25.402000,25.402000,23.817717,400
2017-03-07,25.365999,25.365999,25.365999,25.365999,23.783962,100
2017-03-08,25.365999,25.365999,25.365999,25.365999,23.783962,0
2017-03-09,25.350000,25.350000,25.309000,25.309000,23.730518,1500
2017-03-10,25.309000,25.309000,25.309000,25.309000,23.730518,0
2017-03-13,25.309000,25.309000,25.309000,25.309000,23.730518,0
2017-03-14,25.549999,25.549999,25.459999,25.459999,23.872097,9200
2017-03-15,25.850000,25.850000,25.850000,25.850000,24.237778,3000
2017-03-16,25.950001,25.950001,25.940001,25.940001,24.322165,600
2017-03-17,25.879999,25.988001,25.879999,25.988001,24.367170,3500
2017-03-20,25.988001,25.988001,25.988001,25.988001,24.367170,100
2017-03-21,26.219999,26.219999,25.719999,25.760000,24.153391,2500
2017-03-22,25.760000,25.760000,25.760000,25.760000,24.153391,0
2017-03-23,25.889000,25.889000,25.839001,25.839001,24.227463,500
2017-03-24,25.879999,25.879999,25.840000,25.840000,24.228399,7400
2017-03-27,25.680000,25.680000,25.680000,25.680000,24.078381,600
2017-03-28,25.680000,25.680000,25.680000,25.680000,24.078381,0
2017-03-29,25.819000,25.819000,25.819000,25.819000,24.208710,500
2017-03-30,25.830000,25.950001,25.830000,25.891001,24.276222,4000
2017-03-31,25.891001,25.891001,25.891001,25.891001,24.276222,0
2017-04-03,25.750000,25.750000,25.750000,25.750000,24.144012,100
2017-04-04,25.690001,25.690001,25.690001,25.690001,24.087757,400
2017-04-05,25.690001,25.690001,25.690001,25.690001,24.087757,0
2017-04-06,25.690001,25.690001,25.690001,25.690001,24.087757,0
2017-04-07,25.750000,25.750000,25.600000,25.612000,24.014622,16900
2017-04-10,25.570000,25.584999,25.549999,25.549999,23.956484,7800
2017-04-11,25.450001,25.450001,25.440001,25.440001,23.853348,1000
2017-04-12,25.490999,25.490999,25.490000,25.490000,23.900229,400
2017-04-13,25.520000,25.520000,25.520000,25.520000,23.928360,17600
2017-04-17,25.520000,25.520000,25.520000,25.520000,23.928360,0
2017-04-18,25.599001,25.599001,25.570999,25.570999,23.976175,300
2017-04-19,25.570999,25.570999,25.570999,25.570999,23.976175,0
2017-04-20,25.570999,25.570999,25.570999,25.570999,23.976175,0
2017-04-21,25.570999,25.570999,25.570999,25.570999,23.976175,0
2017-04-24,26.129999,26.160999,26.129999,26.153000,24.521875,4400
2017-04-25,26.389999,26.389999,26.355000,26.355000,24.711279,1800
2017-04-26,26.311001,26.325001,26.311001,26.325001,24.683153,1400
2017-04-27,26.379999,26.379999,26.238001,26.254999,24.617517,800
2017-04-28,26.254999,26.254999,26.254999,26.254999,24.617517,0
2017-05-01,26.254999,26.254999,26.254999,26.254999,24.617517,0
2017-05-02,26.430000,26.430000,26.430000,26.430000,24.781605,200
2017-05-03,26.290001,26.370001,26.270000,26.370001,24.725348,4600
2017-05-04,26.280001,26.280001,26.280001,26.280001,24.640959,100
2017-05-05,26.420000,26.520000,26.420000,26.520000,24.865992,1400
2017-05-08,26.459999,26.459999,26.459999,26.459999,24.809731,100
2017-05-09,26.570000,26.570000,26.493000,26.493000,24.840675,1200
2017-05-10,26.570000,26.594999,26.570000,26.594999,24.936312,1000
2017-05-11,26.530001,26.530001,26.530001,26.530001,24.875370,400
2017-05-12,26.545000,26.545000,26.545000,26.545000,24.889427,100
2017-05-15,26.690001,26.830000,26.690001,26.757999,25.089148,2400
2017-05-16,26.830000,26.830000,26.781000,26.781000,25.110714,1200
2017-05-17,26.504999,26.610001,26.440001,26.440001,24.790981,2400
2017-05-18,26.395000,26.395000,26.370001,26.370001,24.725348,700
2017-05-19,26.594999,26.594999,26.594999,26.594999,24.936312,100
2017-05-22,26.820000,26.850000,26.820000,26.840000,25.166033,1200
2017-05-23,26.840000,26.840000,26.840000,26.840000,25.166033,600
2017-05-24,26.750000,26.920000,26.750000,26.920000,25.241043,4100
2017-05-25,27.049999,27.070000,26.945000,27.052000,25.364809,10900
2017-05-26,27.070000,27.070000,27.040001,27.040001,25.353559,1700
2017-05-30,27.010000,27.090000,27.010000,27.090000,25.400436,800
2017-05-31,27.040001,27.070000,27.040001,27.059999,25.372313,2000
2017-06-01,27.100000,27.299999,27.100000,27.281000,25.579529,9700
2017-06-02,27.440001,27.520000,27.440001,27.520000,25.803623,400
2017-06-05,27.447001,27.448999,27.340000,27.340000,25.634848,700
2017-06-06,27.370001,27.370001,27.270000,27.270000,25.569212,2300
2017-06-07,27.270000,27.270000,27.270000,27.270000,25.569212,0
2017-06-08,27.330000,27.400000,27.313999,27.330000,25.625471,8100
2017-06-09,27.330000,27.445000,27.150000,27.219999,25.522333,13600
2017-06-12,27.190001,27.250000,27.040001,27.250000,25.550461,9000
2017-06-13,27.410000,27.450001,27.410000,27.450001,25.737988,11700
2017-06-14,27.450001,27.450001,27.450001,27.450001,25.737988,100
2017-06-15,27.139999,27.139999,27.059999,27.075001,25.386377,1400
2017-06-16,27.075001,27.075001,27.075001,27.075001,25.386377,0
2017-06-19,27.500000,27.563000,27.500000,27.563000,25.843941,24900
2017-06-20,27.180000,27.190001,27.180000,27.184999,25.716232,1000
2017-06-21,27.170000,27.170000,27.139999,27.139999,25.673664,3000
2017-06-22,27.079000,27.079000,27.079000,27.079000,25.615961,600
2017-06-23,27.090000,27.280001,27.080000,27.270000,25.796640,24800
2017-06-26,27.430000,27.430000,27.379999,27.389999,25.910158,700
2017-06-27,27.223000,27.278999,27.191000,27.191000,25.721909,1500
2017-06-28,27.368000,27.389999,27.309999,27.389999,25.910158,3700
2017-06-29,27.280001,27.280001,27.040001,27.059999,25.597988,1300
2017-06-30,27.264000,27.309999,27.264000,27.309999,25.834480,3000
2017-07-03,27.360001,27.360001,27.230000,27.309999,25.834480,4300
2017-07-05,27.110001,27.299999,27.110001,27.299999,25.825018,9900
2017-07-06,27.110001,27.200001,27.110001,27.125000,25.659477,1200
2017-07-07,27.125000,27.125000,27.125000,27.125000,25.659477,0
2017-07-10,27.360001,27.379999,27.280001,27.280001,25.806103,4200
2017-07-11,27.430000,27.450001,27.350000,27.350000,25.872322,4800
2017-07-12,27.549999,27.745001,27.549999,27.745001,26.245977,500
2017-07-13,27.768999,27.819000,27.719999,27.719999,26.222328,2000
2017-07-14,27.865000,27.945000,27.865000,27.900000,26.392603,1900
2017-07-17,27.900000,27.995001,27.900000,27.910000,26.402063,3600
2017-07-18,27.879999,27.879999,27.879999,27.879999,26.373684,400
2017-07-19,28.020000,28.080000,28.020000,28.080000,26.562876,800
2017-07-20,28.129999,28.160000,28.100000,28.160000,26.638556,900
2017-07-21,28.049999,28.070000,28.049999,28.070000,26.553419,1000
2017-07-24,28.059999,28.113001,28.059999,28.113001,26.594095,600
2017-07-25,28.129999,28.150000,28.120001,28.139999,26.619637,3900
2017-07-26,28.090000,28.090000,28.070000,28.070000,26.553419,800
2017-07-27,28.110001,28.110001,27.910000,27.910000,26.402063,1800
2017-07-28,27.940001,27.940001,27.850000,27.920000,26.411524,8700
2017-07-31,27.990000,28.021000,27.950001,27.950001,26.439903,1900
2017-08-01,28.120001,28.120001,28.080000,28.080000,26.562876,600
2017-08-02,28.090000,28.090000,28.040001,28.040001,26.525042,1700
2017-08-03,28.000000,28.020000,28.000000,28.000000,26.487200,2000
2017-08-04,28.059999,28.059999,28.059999,28.059999,26.543959,400
2017-08-07,28.138000,28.160000,28.138000,28.160000,26.638556,4100
2017-08-08,28.129999,28.290001,28.059999,28.059999,26.543959,2600
2017-08-09,28.000000,28.000000,27.995001,27.995001,26.482471,2300
2017-08-10,27.850000,27.850000,27.520000,27.520000,26.033133,1400
2017-08-11,27.520000,27.610001,27.480000,27.480000,25.995295,900
2017-08-14,27.827999,27.860001,27.820999,27.860001,26.354763,2000
2017-08-15,27.850000,27.865000,27.760000,27.865000,26.359493,3100
2017-08-16,27.879999,28.010000,27.879999,27.969000,26.457874,2000
2017-08-17,27.860001,27.910000,27.611000,27.611000,26.119217,3100
2017-08-18,27.600000,27.729000,27.600000,27.709999,26.212866,500
2017-08-21,27.610001,27.684999,27.520000,27.639999,26.146650,8000
2017-08-22,27.860001,27.955000,27.850000,27.910000,26.402063,2600
2017-08-23,27.941999,27.950001,27.907000,27.910000,26.402063,2800
2017-08-24,27.920000,27.920000,27.879999,27.879999,26.373684,700
2017-08-25,28.080000,28.080000,27.950001,27.950001,26.439903,2300
2017-08-28,28.070000,28.070000,27.969999,27.969999,26.458820,2300
2017-08-29,27.882000,27.882000,27.882000,27.882000,26.375574,300
2017-08-30,27.990000,28.059999,27.990000,28.059999,26.543959,300
2017-08-31,28.209999,28.209999,28.209999,28.209999,26.685856,300
2017-09-01,28.260000,28.370001,28.260000,28.341999,26.810720,3900
2017-09-05,28.209999,28.219999,28.010000,28.066000,26.549635,2600
2017-09-06,28.066000,28.066000,28.066000,28.066000,26.549635,100
2017-09-07,28.290001,28.290001,28.252001,28.254999,26.728422,1800
2017-09-08,28.254999,28.254999,28.254999,28.254999,26.728422,0
2017-09-11,28.600000,28.660000,28.600000,28.660000,27.111544,800
2017-09-12,28.660000,28.660000,28.590000,28.590000,27.045324,600
2017-09-13,28.549999,28.600000,28.549999,28.600000,27.054783,400
2017-09-14,28.459999,28.620001,28.459999,28.530001,26.988565,1100
2017-09-15,28.530001,28.530001,28.530001,28.530001,26.988565,0
2017-09-18,28.981001,28.981001,28.940001,28.962999,27.398172,1000
2017-09-19,28.940001,29.000000,28.940001,29.000000,27.433172,1100
2017-09-20,29.000000,29.000000,29.000000,29.000000,27.433172,0
2017-09-21,28.879999,28.879999,28.870001,28.870001,27.310196,700
2017-09-22,28.913000,28.913000,28.913000,28.913000,27.350872,100
2017-09-25,28.770000,28.808001,28.686001,28.709000,27.157894,3300
2017-09-26,28.790001,28.790001,28.775000,28.790001,27.234518,700
2017-09-27,28.780001,28.780001,28.719999,28.743999,27.191002,5600
2017-09-28,28.740000,28.740000,28.740000,28.740000,27.187220,400
2017-09-29,28.889999,29.059000,28.889999,29.000000,27.433172,700
2017-10-02,28.990000,29.159000,28.990000,29.159000,27.583582,700
2017-10-03,29.240000,29.350000,29.190001,29.350000,27.764263,3800
2017-10-04,29.240000,29.410000,29.240000,29.350000,27.764263,2500
2017-10-05,29.309999,29.469999,29.309999,29.370001,27.783182,6200
2017-10-06,29.360001,29.409000,29.360001,29.370001,27.783182,1300
2017-10-09,29.430000,29.430000,29.399000,29.399000,27.810616,400
2017-10-10,29.500000,29.500000,29.500000,29.500000,27.906158,400
2017-10-11,29.500000,29.500000,29.500000,29.500000,27.906158,0
2017-10-12,29.540001,29.730000,29.540001,29.698999,28.094404,2200
2017-10-13,29.850000,29.850000,29.832001,29.832001,28.220221,1900
2017-10-16,29.709999,29.750000,29.690001,29.690001,28.085894,1000
2017-10-17,29.639999,29.690001,29.639999,29.690001,28.085894,1300
2017-10-18,29.639999,29.778999,29.639999,29.770000,28.161570,5200
2017-10-19,29.480000,29.660000,29.480000,29.652000,28.049944,8400
2017-10-20,29.785000,29.959999,29.785000,29.830000,28.218328,4600
2017-10-23,29.930000,29.930000,29.830000,29.830000,28.218328,9000
2017-10-24,29.790001,29.915001,29.790001,29.820000,28.208870,1300
2017-10-25,29.739000,29.739000,29.680000,29.690001,28.085894,2000
2017-10-26,29.850000,29.879999,29.813000,29.813000,28.202246,8300
2017-10-27,29.879999,29.950001,29.820000,29.934000,28.316708,4500
2017-10-30,29.878000,29.959999,29.730000,29.799999,28.189949,9600
2017-10-31,29.969999,30.018999,29.889999,29.889999,28.275087,3500
2017-11-01,30.070000,30.170000,30.000000,30.000000,28.379143,7200
2017-11-02,29.990000,30.180000,29.969999,29.980000,28.360222,5900
2017-11-03,29.940001,30.170000,29.940001,30.000000,28.379143,1800
2017-11-06,30.073999,30.174999,30.049999,30.174999,28.544689,7000
2017-11-07,30.190001,30.190001,29.980000,30.049999,28.426441,10600
2017-11-08,30.209999,30.209999,30.049999,30.209999,28.577797,7900
2017-11-09,30.010000,30.010000,29.870001,29.888000,28.273195,4000
2017-11-10,30.007999,30.016001,30.000000,30.000000,28.379143,900
2017-11-13,29.809999,30.030001,29.809999,30.030001,28.407522,14000
2017-11-14,30.000000,30.059999,29.945000,30.040001,28.416983,8300
2017-11-15,29.650999,29.900000,29.650999,29.889999,28.275087,12600
2017-11-16,29.980000,30.240000,29.980000,30.230000,28.596718,6900
2017-11-17,30.150000,30.219999,30.150000,30.167999,28.538067,5700
2017-11-20,30.280001,30.330000,30.280001,30.291000,28.654421,8100
2017-11-21,30.528999,30.674999,30.488001,30.510000,28.861589,8400
2017-11-22,30.705000,30.705000,30.445000,30.490000,28.842669,1400
2017-11-24,30.486000,30.490000,30.469999,30.490000,28.842669,5200
2017-11-27,30.490000,30.490000,30.374001,30.374001,28.732939,4700
2017-11-28,30.620001,30.620001,30.610001,30.620001,28.965647,5600
2017-11-29,30.700001,30.700001,30.500000,30.502001,28.854021,4500
2017-11-30,32.980000,32.980000,30.129999,30.620001,28.965647,14800
2017-12-01,34.070000,34.070000,30.299999,30.437000,28.792532,5200
2017-12-04,30.639999,30.639999,30.357000,30.370001,28.729153,9200
2017-12-05,30.427000,30.469999,30.240000,30.240000,28.606176,1400
2017-12-06,30.120001,30.139999,30.120001,30.139999,28.511580,2100
2017-12-07,30.280001,30.290001,30.240000,30.264999,28.629824,2800
2017-12-08,30.490000,30.530001,30.489000,30.490000,28.842669,4500
2017-12-11,30.540001,30.549999,30.480000,30.546000,28.895645,5000
2017-12-12,30.520000,30.520000,30.410000,30.410000,28.766989,5800
2017-12-13,30.430000,30.590000,30.430000,30.510000,28.861589,1700
2017-12-14,30.542000,30.542000,30.360001,30.360001,28.719694,2800
2017-12-15,30.420000,30.538000,30.395000,30.538000,28.888077,2000
2017-12-18,30.820000,30.879999,30.778999,30.799999,29.135921,3300
2017-12-19,30.440001,30.440001,30.355000,30.355000,29.047882,2800
2017-12-20,30.400000,30.459999,30.400000,30.424999,29.114868,1000
2017-12-21,30.500000,30.520000,30.490000,30.490000,29.177071,2600
2017-12-22,30.375000,30.480000,30.375000,30.466999,29.155060,2100
2017-12-26,30.469999,30.469999,30.436001,30.436001,29.125393,2100
2017-12-27,30.590000,30.629999,30.489000,30.590000,29.272762,2900
2017-12-28,30.750000,30.750000,30.660000,30.712999,29.390465,81500
2017-12-29,30.830000,30.830000,30.660000,30.665001,29.344532,8200
2018-01-02,30.886999,30.900000,30.856001,30.856001,29.527309,7000
2018-01-03,31.040001,31.219999,30.990000,31.167000,29.824917,8000
2018-01-04,31.340000,31.375000,31.250000,31.250000,29.904345,4000
2018-01-05,31.379999,31.930000,31.379999,31.663000,30.299559,13800
2018-01-08,31.610001,31.750000,31.610001,31.719999,30.354105,9800
2018-01-09,31.740000,31.770000,31.730000,31.735001,30.368458,5400
2018-01-10,31.629999,31.910000,31.518999,31.577000,30.217262,19600
2018-01-11,31.719999,31.809999,31.660999,31.780001,30.411522,15300
2018-01-12,31.809999,32.110001,31.799999,32.070000,30.689030,20000
2018-01-16,32.259998,32.299999,31.980000,31.980000,30.602907,43200
2018-01-17,32.119999,32.419998,32.084999,32.320000,30.928267,16900
2018-01-18,32.310001,32.320000,32.193001,32.259998,30.870850,13600
2018-01-19,32.340000,32.560001,32.340000,32.500000,31.100515,63400
2018-01-22,32.480000,32.639999,32.474998,32.630001,31.224920,6800
2018-01-23,32.650002,32.740002,32.619999,32.740002,31.330183,6200
2018-01-24,32.889999,32.919998,32.599998,32.756001,31.345490,12700
2018-01-25,32.900002,32.919998,32.734001,32.810001,31.397165,9400
2018-01-26,32.860001,33.189999,32.849998,33.189999,31.760799,19400
2018-01-29,33.000000,33.000000,32.810001,32.830002,31.416309,13800
2018-01-30,32.599998,32.599998,32.040001,32.430000,31.033531,9400
2018-01-31,32.619999,32.619999,32.345001,32.470001,31.071808,5000
2018-02-01,32.389999,32.560001,32.320000,32.435001,31.038317,4400
2018-02-02,32.220001,32.220001,31.620001,31.620001,30.258410,12400
2018-02-05,31.469999,31.680000,30.600000,30.714001,29.391422,12900
2018-02-06,30.160000,31.430000,30.000000,31.150000,29.808647,25300
2018-02-07,30.950001,31.040001,30.760000,30.778000,29.452667,22700
2018-02-08,30.605000,30.610001,29.802999,29.802999,28.519651,5700
2018-02-09,29.969999,30.261000,29.379999,30.184999,28.885202,12200
2018-02-12,30.410000,30.740000,30.235001,30.530001,29.215345,179400
2018-02-13,30.440001,30.700001,30.440001,30.691999,29.370369,11100
2018-02-14,30.520000,31.334000,30.520000,31.230000,29.885204,26600
2018-02-15,31.590000,31.600000,31.309000,31.600000,30.239269,6300
2018-02-16,31.670000,31.910000,31.670000,31.806999,30.437355,12400
2018-02-20,31.530001,31.688999,31.410000,31.410000,30.057451,4200
2018-02-21,31.620001,31.719999,31.480000,31.500000,30.143576,23900
2018-02-22,31.520000,31.603001,31.379999,31.422001,30.068935,3700
2018-02-23,31.590000,31.719999,31.530001,31.719999,30.354105,13400
2018-02-26,31.857000,32.047001,31.775000,32.029999,30.650753,5200
2018-02-27,31.959999,31.959999,31.617001,31.617001,30.255539,4000
2018-02-28,31.740000,31.740000,31.430000,31.430000,30.076591,4700
2018-03-01,31.247000,31.247000,30.709999,30.709999,29.387594,2700
2018-03-02,30.635000,31.040001,30.590000,31.040001,29.703386,5700
2018-03-05,30.860001,31.469999,30.691999,31.230000,29.885204,12800
2018-03-06,31.347000,31.347000,31.059999,31.090000,29.751232,69400
2018-03-07,30.879999,31.129999,30.879999,31.049999,29.712952,17800
2018-03-08,31.299000,31.299000,31.129999,31.170000,29.827785,3100
2018-03-09,31.290001,31.820000,31.290001,31.740000,30.373241,8900
2018-03-12,31.830000,31.870001,31.700001,31.745001,30.378027,15000
2018-03-13,31.950001,31.950001,31.617001,31.620001,30.258410,12900
2018-03-14,31.740000,31.746000,31.520000,31.562000,30.202908,11000
2018-03-15,31.650000,31.700001,31.537001,31.537001,30.178986,6600
2018-03-16,31.580000,31.629999,31.514999,31.576000,30.216303,10600
2018-03-19,31.420000,31.420000,31.209999,31.209999,29.866064,15800
2018-03-20,31.590000,31.618999,31.554001,31.594999,30.234486,3900
2018-03-21,31.450001,31.820000,31.450001,31.570000,30.210564,11300
2018-03-22,31.270000,31.270000,30.934999,30.955000,29.622046,14300
2018-03-23,30.889999,30.889999,30.250000,30.250000,28.947405,27300
2018-03-26,30.590000,30.940001,30.500000,30.920000,29.588552,6200
2018-03-27,31.040001,31.084999,30.455000,30.455000,29.143574,8000
2018-03-28,30.590000,30.629999,30.440001,30.490000,29.177071,4000
2018-03-29,30.638000,30.969999,30.638000,30.920000,29.588552,4900
2018-04-02,30.684000,30.684000,30.084999,30.316000,29.010561,13100
2018-04-03,30.299999,30.629999,30.299999,30.610001,29.291904,10500
2018-04-04,30.181000,30.768999,30.181000,30.768999,29.444052,8600
2018-04-05,30.882999,31.010000,30.820000,30.879999,29.550272,5500
2018-04-06,30.730000,30.778999,30.194000,30.320000,29.014389,10500
2018-04-09,30.645000,30.820000,30.400000,30.400000,29.090944,3400
2018-04-10,30.959999,31.030001,30.850000,31.030001,29.693815,10100
2018-04-11,30.820000,31.030001,30.820000,30.834999,29.507212,3100
2018-04-12,31.020000,31.190001,31.010000,31.089001,29.750275,13400
2018-04-13,31.155001,31.155001,30.851000,30.938000,29.605776,7500
2018-04-16,31.037001,31.139000,31.035000,31.129999,29.789507,3800
2018-04-17,31.179001,31.299999,31.129999,31.245001,29.899557,184200
2018-04-18,31.389999,31.499001,31.358999,31.480000,30.124435,10500
2018-04-19,31.459999,31.459999,31.177999,31.211000,29.867022,10000
2018-04-20,31.160000,31.170000,30.780001,31.020000,29.684248,21000
2018-04-23,31.059999,31.059999,30.830000,30.830000,29.502428,49300
2018-04-24,31.049999,31.049999,30.514000,30.687000,29.365585,8700
2018-04-25,30.350000,30.617001,30.350000,30.558001,29.242140,6800
2018-04-26,30.740000,30.940001,30.680000,30.844999,29.516783,28200
2018-04-27,30.840000,30.930000,30.790001,30.865000,29.535921,3000
2018-04-30,30.976000,30.976000,30.690001,30.690001,29.368456,3200
2018-05-01,30.545000,30.639999,30.370001,30.528999,29.214388,6600
2018-05-02,30.615000,30.719999,30.399000,30.399000,29.089989,11700
2018-05-03,30.361000,30.559999,30.183001,30.559999,29.244053,2200
2018-05-04,30.430000,30.764999,30.424999,30.764999,29.440226,1900
2018-05-07,30.799999,30.840000,30.639999,30.660000,29.339750,4300
2018-05-08,30.750999,30.868999,30.750999,30.840000,29.511995,7200
2018-05-09,30.827000,30.965000,30.770000,30.934999,29.602905,6400
2018-05-10,31.120001,31.309000,31.105000,31.292000,29.944532,4600
2018-05-11,31.330000,31.447001,31.330000,31.420000,30.067022,5700
2018-05-14,31.500000,31.540001,31.312000,31.410000,30.057451,8500
2018-05-15,31.170000,31.170000,31.035000,31.055000,29.717737,3900
2018-05-16,31.273001,31.379999,31.190001,31.379999,30.028744,20000
2018-05-17,31.299999,31.396000,31.275000,31.349001,29.999081,4800
2018-05-18,31.260000,31.299999,31.200001,31.257999,29.911997,5800
2018-05-21,31.520000,31.520000,31.424999,31.480000,30.124435,3500
2018-05-22,31.496000,31.559999,31.379999,31.420000,30.067022,7600
2018-05-23,31.250000,31.420000,31.209999,31.410000,30.057451,14500
2018-05-24,31.320000,31.340000,31.120001,31.340000,29.990465,8800
2018-05-25,31.330000,31.480000,31.260000,31.320000,29.971327,18800
2018-05-29,31.010000,31.010000,30.730000,30.900000,29.569414,22900
2018-05-30,31.030001,31.240000,30.915001,31.201000,29.857450,24000
2018-05-31,31.139999,31.340000,31.070000,31.070000,29.732094,67000
2018-06-01,31.290001,31.450001,31.290001,31.350000,30.000036,98500
2018-06-04,31.559999,31.590000,31.490000,31.559999,30.200994,26200
2018-06-05,31.580000,31.650000,31.520000,31.600000,30.239269,44000
2018-06-06,31.690001,31.889999,31.674999,31.850000,30.478508,32100
2018-06-07,31.910000,31.910000,31.629999,31.660000,30.296686,36600
2018-06-08,31.600000,31.799999,31.600000,31.719999,30.354105,9300
2018-06-11,31.709999,31.900000,31.709999,31.760000,30.392382,13300
2018-06-12,31.830000,31.830000,31.700001,31.709999,30.344532,11500
2018-06-13,31.799999,31.799999,31.570000,31.570000,30.210564,18800
2018-06-14,31.620001,31.670000,31.500000,31.500000,30.143576,2900
2018-06-15,31.400000,31.871000,31.280001,31.430000,30.076591,13300
2018-06-18,31.190001,31.320000,31.169001,31.250000,29.904345,6100
2018-06-19,30.650999,30.820000,30.639999,30.780001,29.653856,17400
2018-06-20,30.870001,30.910000,30.820000,30.820000,29.692390,12900
2018-06-21,30.790001,30.790001,30.540001,30.540001,29.422638,10500
2018-06-22,30.700001,30.760000,30.570000,30.570000,29.451538,16100
2018-06-25,30.440001,30.440001,30.046000,30.184999,29.080624,10000
2018-06-26,30.209999,30.299999,30.180000,30.200001,29.095078,6600
2018-06-27,30.280001,30.280001,29.820000,29.820000,28.728979,11000
2018-06-28,29.770000,29.930000,29.680000,29.870001,28.777151,6100
2018-06-29,30.150000,30.240000,30.030001,30.030001,28.931295,16300
2018-07-02,29.760000,29.860001,29.650000,29.860001,28.767515,25600
2018-07-03,29.985001,30.006001,29.844999,29.844999,28.753065,2800
2018-07-05,29.870001,29.990000,29.802000,29.872999,28.780041,6400
2018-07-06,30.040001,30.200001,30.037001,30.115000,29.013186,6500
2018-07-09,30.420000,30.447001,30.299999,30.430000,29.316662,3500
2018-07-10,30.478001,30.549999,30.478001,30.549999,29.432270,2800
2018-07-11,30.282000,30.282000,30.131001,30.160000,29.056540,1500
2018-07-12,30.348000,30.440001,30.325001,30.370001,29.258858,4000
2018-07-13,30.430000,30.499001,30.400000,30.499001,29.383137,7500
2018-07-16,30.629999,30.705000,30.362000,30.389999,29.278124,4300
2018-07-17,30.514999,30.629999,30.490999,30.629999,29.509344,3600
2018-07-18,30.600000,30.740000,30.565001,30.719000,29.595085,6700
2018-07-19,30.590000,30.649000,30.389999,30.608999,29.489111,10200
2018-07-20,30.629999,30.669001,30.500999,30.520000,29.403370,4500
2018-07-23,30.500000,30.500000,30.459999,30.492001,29.376394,2700
2018-07-24,30.660000,30.715000,30.434000,30.440001,29.326298,18700
2018-07-25,30.589001,30.760000,30.499001,30.670000,29.547880,6300
2018-07-26,30.868999,30.930000,30.805000,30.805000,29.677942,8700
2018-07-27,31.010000,31.010000,30.680000,30.725000,29.600866,17800
2018-07-30,30.860001,30.860001,30.540001,30.639999,29.518978,29600
2018-07-31,30.730000,30.850000,30.701000,30.830000,29.702026,8200
2018-08-01,30.764999,31.010000,30.570000,30.570000,29.451538,6100
2018-08-02,30.340000,30.610001,30.340000,30.563000,29.444794,77700
2018-08-03,30.570000,30.594999,30.545000,30.594999,29.475622,2500
2018-08-06,30.540001,30.590000,30.490000,30.590000,29.470808,13900
2018-08-07,30.770000,30.809000,30.711000,30.711000,29.587379,3400
2018-08-08,30.700001,30.809999,30.700001,30.771999,29.646147,10700
2018-08-09,30.680000,30.809000,30.671000,30.709999,29.586416,7200
2018-08-10,30.360001,30.440001,30.260000,30.340000,29.229954,27200
2018-08-13,30.309999,30.370001,30.159000,30.209999,29.104710,5500
2018-08-14,30.209999,30.379000,30.209999,30.337000,29.227062,10900
2018-08-15,30.020000,30.020000,29.760000,29.889999,28.796415,5700
2018-08-16,30.090000,30.174000,30.090000,30.139999,29.037270,9400
2018-08-17,30.049999,30.238001,29.980000,30.231001,29.124943,5200
2018-08-20,30.219999,30.400000,30.219999,30.379999,29.268490,4100
2018-08-21,30.559999,30.649000,30.510000,30.610001,29.490076,12500
2018-08-22,30.639999,30.750000,30.599001,30.620001,29.499710,2800
2018-08-23,30.549999,30.570000,30.472000,30.480000,29.364832,6700
2018-08-24,30.620001,30.740000,30.559000,30.700001,29.576782,21400
2018-08-27,30.850000,31.040001,30.850000,30.980000,29.846537,14400
2018-08-28,31.090000,31.090000,30.870001,30.950001,29.817636,158400
2018-08-29,30.910999,31.153000,30.910999,31.100000,29.962147,51400
2018-08-30,30.978001,30.978001,30.778000,30.833000,29.704918,8700
2018-08-31,30.740000,30.900000,30.740000,30.879999,29.750196,16100
2018-09-04,30.870001,30.870001,30.549999,30.691999,29.569075,12200
2018-09-05,30.490000,30.549999,30.350000,30.459999,29.345562,10900
2018-09-06,30.660000,30.660000,30.260000,30.403999,29.291613,72800
2018-09-07,30.240000,30.340000,30.174000,30.219999,29.114344,42100
2018-09-10,30.219999,30.284000,30.198999,30.202999,29.097965,7300
2018-09-11,30.120001,30.236000,30.061001,30.145000,29.042088,35300
2018-09-12,30.059999,30.148001,30.000000,30.020000,28.921661,14500
2018-09-13,30.410000,30.500000,30.309999,30.430000,29.316662,38200
2018-09-14,30.520000,30.559999,30.406000,30.549999,29.432270,8700
2018-09-17,30.549999,30.549999,30.250000,30.260000,29.152882,22000
2018-09-18,30.590000,30.719000,30.459999,30.719000,29.595085,32000
2018-09-19,30.830000,30.840000,30.629999,30.629999,29.509344,17500
2018-09-20,30.959999,30.990000,30.827000,30.990000,29.856173,24800
2018-09-21,30.980000,31.009001,30.969999,30.969999,29.836903,9300
2018-09-24,30.788000,30.879999,30.709999,30.750000,29.624954,8100
2018-09-25,30.799999,30.959000,30.730000,30.740000,29.615318,7000
2018-09-26,30.816000,31.010000,30.740000,30.760000,29.634588,106500
2018-09-27,30.799999,30.910000,30.730000,30.740000,29.615318,7800
2018-09-28,30.749001,30.809999,30.709999,30.709999,29.586416,5600
2018-10-01,30.908001,30.910000,30.764999,30.768999,29.643257,9800
2018-10-02,30.708000,30.708000,30.612000,30.650000,29.528610,4300
2018-10-03,30.700001,30.700001,30.565001,30.620001,29.499710,10300
2018-10-04,30.490000,30.490000,30.054001,30.120001,29.018003,7000
2018-10-05,30.260000,30.290001,29.951000,30.020000,28.921661,8400
2018-10-08,29.959999,30.010000,29.719999,29.959999,28.863855,4800
2018-10-09,29.820000,29.919001,29.792999,29.874001,28.781004,2500
2018-10-10,29.790001,29.790001,28.950001,28.950001,27.890810,14100
2018-10-11,28.889999,29.014999,28.450001,28.450001,27.409103,60200
2018-10-12,28.740000,28.851999,28.590000,28.851999,27.796394,19600
2018-10-15,28.750000,28.850000,28.690001,28.709999,27.659590,12900
2018-10-16,28.879999,29.254999,28.875000,29.200001,28.131662,59000
2018-10-17,29.040001,29.208000,28.879999,29.077999,28.014126,37200
2018-10-18,28.854000,28.992001,28.440001,28.590000,27.543982,35100
2018-10-19,28.760000,28.760000,28.540001,28.540001,27.495811,24200
2018-10-22,28.670000,28.670000,28.459999,28.573000,27.527603,29600
2018-10-23,28.100000,28.403000,27.780001,28.403000,27.363821,20800
2018-10-24,28.240000,28.240000,27.600000,27.600000,26.590200,14100
2018-10-25,27.629999,27.840000,27.575001,27.709999,26.696175,195100
2018-10-26,27.430000,27.610001,27.121000,27.430000,26.426420,10800
2018-10-29,27.700001,27.785999,27.129999,27.240000,26.243372,17300
2018-10-30,27.615999,27.681999,27.530001,27.629999,26.619102,4300
2018-10-31,28.103001,28.290001,28.100000,28.270000,27.235689,14600
2018-11-01,28.297001,28.620001,28.297001,28.620001,27.572884,31800
2018-11-02,28.750000,28.990000,28.510000,28.782000,27.728954,40900
2018-11-05,28.730000,28.799999,28.559999,28.650000,27.601784,7000
2018-11-06,28.730000,28.888000,28.660000,28.719999,27.669222,28600
2018-11-07,29.010000,29.350000,29.010000,29.341000,28.267502,6200
2018-11-08,29.294001,29.386000,29.120001,29.264999,28.194283,12800
2018-11-09,29.110001,29.110001,28.680000,28.907000,27.849382,24900
2018-11-12,28.910000,28.910000,28.465000,28.480000,27.438004,59900
2018-11-13,28.573000,28.719000,28.382999,28.440001,27.399469,10700
2018-11-14,28.750000,28.750000,28.270000,28.389999,27.351297,16000
2018-11-15,28.045000,28.665001,28.045000,28.520000,27.476542,4100
2018-11-16,28.330000,28.652000,28.330000,28.590000,27.543982,1400
2018-11-19,28.363001,28.363001,28.075001,28.183001,27.151873,7000
2018-11-20,27.750000,27.750000,27.549999,27.600000,26.590200,14700
2018-11-21,27.813000,28.040001,27.813000,27.900000,26.879225,19000
2018-11-23,27.700001,27.790001,27.700001,27.790001,26.773251,1300
2018-11-26,27.920000,28.160000,27.920000,28.139999,27.110445,12100
2018-11-27,28.063999,28.080000,27.954000,28.017000,26.991945,16500
2018-11-28,28.100000,28.590000,28.047001,28.572001,27.526640,7600
2018-11-29,28.451000,28.618999,28.360001,28.459999,27.418736,5400
2018-11-30,28.340000,28.530001,28.340000,28.530001,27.486176,11000
2018-12-03,28.990000,28.990000,28.660999,28.900000,27.842638,30700
2018-12-04,28.680000,28.740000,28.000000,28.000000,26.975567,3040500
2018-12-06,27.590000,27.900000,27.343000,27.870001,26.850325,210400
2018-12-07,27.940001,27.940001,27.281000,27.281000,26.282871,96500
2018-12-10,27.150000,27.250000,26.830000,27.215000,26.219286,141000
2018-12-11,27.520000,27.520000,27.062000,27.200001,26.204838,16900
2018-12-12,27.590000,27.809999,27.510000,27.510000,26.503494,131600
2018-12-13,27.639999,27.670000,27.370001,27.469999,26.464956,137700
2018-12-14,27.334999,27.334999,27.010000,27.049999,26.060324,58400
2018-12-17,26.910000,27.080000,26.555000,26.639999,25.665323,145500
2018-12-18,26.754999,26.809999,26.400000,26.563000,25.727310,233700
2018-12-19,26.549999,26.802000,25.930000,26.090000,25.269192,199200
2018-12-20,26.000000,26.139999,25.580000,25.743999,24.934076,141800
2018-12-21,25.730000,26.010000,25.350000,25.389999,24.591213,114500
2018-12-24,25.230000,25.350000,24.968000,24.980000,24.194111,34400
2018-12-26,25.040001,25.830000,24.879999,25.830000,25.017372,422200
2018-12-27,25.520000,25.923000,25.327000,25.923000,25.107445,19800
2018-12-28,25.996000,26.100000,25.760000,25.792999,25.151325,57500
2018-12-31,26.080000,26.080000,25.879999,25.969999,25.323921,32800
2019-01-02,25.849001,26.000000,25.760000,25.959999,25.314171,97300
2019-01-03,25.725000,25.725000,25.452000,25.488001,24.853914,36600
2019-01-04,25.969999,26.322001,25.930000,26.278999,25.625235,342600
2019-01-07,26.379999,26.580000,26.309999,26.490000,25.830986,102100
2019-01-08,26.730000,26.760000,26.500000,26.700001,26.035763,71700
2019-01-09,26.940001,27.170000,26.915001,27.030001,26.357552,95800
2019-01-10,26.969999,27.219999,26.900000,27.139999,26.464815,44200
2019-01-11,27.020000,27.180000,27.020000,27.110001,26.435562,11800
2019-01-14,27.040001,27.110001,26.969999,26.990000,26.318548,102600
2019-01-15,27.000000,27.233000,27.000000,27.160000,26.484318,100000
2019-01-16,27.309000,27.400000,27.260000,27.260000,26.581831,1397800
2019-01-17,27.295000,27.490000,27.270000,27.480000,26.796356,917900
2019-01-18,27.700001,27.870001,27.680000,27.840000,27.147400,324400
2019-01-22,27.670000,27.671000,27.360001,27.480000,26.796356,543300
2019-01-23,27.750000,27.750000,27.445000,27.559999,26.874367,8100
2019-01-24,27.805000,27.820000,27.690001,27.820000,27.127899,41500
2019-01-25,28.082001,28.150000,28.049999,28.084000,27.385330,13500
2019-01-28,27.860001,27.908001,27.799999,27.889999,27.196157,5500
2019-01-29,28.030001,28.048000,27.930000,28.000000,27.303421,45600
2019-01-30,28.101000,28.389999,28.030001,28.340000,27.634962,142800
2019-01-31,28.350000,28.490000,28.309999,28.490000,27.781231,15700
2019-02-01,28.469999,28.540001,28.389999,28.476999,27.768553,40300
2019-02-04,28.510000,28.590000,28.430000,28.590000,27.878742,20700
2019-02-05,28.660000,28.780001,28.660000,28.750000,28.034763,40500
2019-02-06,28.680000,28.780001,28.680000,28.728001,28.013311,10100
2019-02-07,28.469999,28.510000,28.280001,28.370001,27.664217,21900
2019-02-08,28.190001,28.320000,28.110001,28.320000,27.615459,32300
2019-02-11,28.330999,28.370001,28.292000,28.340000,27.634962,7300
2019-02-12,28.540001,28.770000,28.540001,28.740000,28.025011,18200
2019-02-13,28.809999,28.860001,28.740000,28.740000,28.025011,10700
2019-02-14,28.700001,28.871000,28.665001,28.760000,28.044514,88900
2019-02-15,28.950001,29.065001,28.950001,29.065001,28.341927,17800
2019-02-19,29.030001,29.209999,29.020000,29.160000,28.434563,12000
2019-02-20,29.160000,29.315001,29.160000,29.250000,28.522324,4300
2019-02-21,29.187000,29.219999,29.063000,29.129999,28.405308,14700
2019-02-22,29.250000,29.415001,29.250000,29.379999,28.649088,17200
2019-02-25,29.510000,29.590000,29.370001,29.370001,28.639339,22400
2019-02-26,29.400000,29.459999,29.350000,29.379999,28.649088,5500
2019-02-27,29.325001,29.329000,29.187000,29.250000,28.522324,14100
2019-02-28,29.160000,29.209999,29.080000,29.080000,28.356552,6100
2019-03-01,29.419001,29.419001,29.190001,29.290001,28.561329,21400
2019-03-04,29.347000,29.347000,28.902000,29.059999,28.337049,19500
2019-03-05,29.025000,29.170000,29.010000,29.100000,28.376055,13200
2019-03-06,28.980000,29.059999,28.830000,28.830000,28.112772,20900
2019-03-07,28.760000,28.760000,28.480000,28.559999,27.849489,50000
2019-03-08,28.330000,28.450001,28.290001,28.389999,27.683716,18000
2019-03-11,28.469999,28.809999,28.469999,28.809999,28.093269,59900
2019-03-12,28.841000,28.900999,28.830000,28.900000,28.181030,10000
2019-03-13,28.990000,29.124001,28.990000,29.040001,28.317549,4900
2019-03-14,29.030001,29.030001,28.920000,28.969999,28.249289,16900
2019-03-15,29.150000,29.250000,29.120001,29.150000,28.424810,5900
2019-03-18,29.290001,29.350000,29.183001,29.340000,28.610085,10000
2019-03-19,29.450001,29.527000,29.270000,29.330000,28.600332,11000
2019-03-20,29.280001,29.320000,29.021000,29.180000,28.454065,6800
2019-03-21,29.000000,29.309999,29.000000,29.299999,28.571079,19600
2019-03-22,29.120001,29.120001,28.670000,28.670000,27.956753,21600
2019-03-25,28.600000,28.688000,28.500000,28.620001,27.907997,8700
2019-03-26,28.840000,28.910000,28.680000,28.840000,28.122522,6300
2019-03-27,28.840000,28.840000,28.582001,28.719000,28.004532,2000
2019-03-28,28.730000,28.905001,28.690001,28.830000,28.112772,41300
2019-03-29,29.020000,29.090000,28.940001,29.061001,28.338026,11000
2019-04-01,29.389999,29.476000,29.299999,29.476000,28.742701,8600
2019-04-02,29.469999,29.469999,29.340000,29.450001,28.717348,14000
2019-04-03,29.590000,29.690001,29.534000,29.600000,28.863615,21600
2019-04-04,29.580000,29.636000,29.559999,29.636000,28.898720,29600
2019-04-05,29.788000,29.795000,29.750000,29.780001,29.039139,6500
2019-04-08,29.709999,29.790001,29.700001,29.770000,29.029387,8300
2019-04-09,29.580000,29.650000,29.504999,29.549999,28.814859,11900
2019-04-10,29.639999,29.760000,29.570000,29.690001,28.951378,28400
2019-04-11,29.715000,29.725000,29.600000,29.709999,28.970879,17400
2019-04-12,29.770000,29.834999,29.760000,29.808001,29.066442,5300
2019-04-15,29.840000,29.840000,29.750000,29.830000,29.087894,6800
2019-04-16,29.860001,29.860001,29.700001,29.700001,28.961128,10600
2019-04-17,29.799999,29.799999,29.559999,29.559999,28.824612,5500
2019-04-18,29.559999,29.660000,29.500000,29.590000,28.853865,14700
2019-04-22,29.573999,29.573999,29.469999,29.500000,28.766104,17300
2019-04-23,29.530001,29.719999,29.530001,29.700001,28.961128,10000
2019-04-24,29.620001,29.655001,29.566999,29.600000,28.863615,6800
2019-04-25,29.500000,29.528999,29.330000,29.450001,28.717348,17500
2019-04-26,29.520000,29.580000,29.450001,29.580000,28.844112,14000
2019-04-29,29.580000,29.660000,29.580000,29.614000,28.877268,17000
2019-04-30,29.549999,29.660000,29.440001,29.660000,28.922123,12500
2019-05-01,29.700001,29.700001,29.389999,29.389999,28.658838,17000
2019-05-02,29.430000,29.452999,29.226000,29.382000,28.651039,6300
2019-05-03,29.531000,29.610001,29.504999,29.594999,28.858740,11000
2019-05-06,29.070000,29.415001,29.070000,29.410000,28.678343,5500
2019-05-07,29.129999,29.129999,28.745001,28.900000,28.181030,13400
2019-05-08,28.750000,28.959999,28.750000,28.812000,28.095219,6200
2019-05-09,28.510000,28.645000,28.378000,28.620001,27.907997,5100
2019-05-10,28.260000,28.726999,28.260000,28.726999,28.012335,5800
2019-05-13,28.198000,28.198000,27.903999,28.010000,27.313173,10500
2019-05-14,28.110001,28.430000,28.110001,28.260000,27.556952,46800
2019-05-15,28.120001,28.410000,28.120001,28.370001,27.664217,9900
2019-05-16,28.660000,28.672001,28.528000,28.528000,27.818285,3600
2019-05-17,28.400000,28.563999,28.341999,28.353001,27.647640,7400
2019-05-20,28.180000,28.242001,28.079000,28.160000,27.459440,16800
2019-05-21,28.309999,28.500000,28.309999,28.480000,27.771479,9400
2019-05-22,28.311001,28.350000,28.299999,28.319000,27.614485,2500
2019-05-23,27.927000,28.010000,27.844999,27.889999,27.196157,71300
2019-05-24,28.023001,28.120001,28.023001,28.090000,27.391182,1700
2019-05-28,28.219999,28.219999,27.889000,27.889000,27.195181,6800
2019-05-29,27.750000,27.750000,27.662001,27.719999,27.030384,3800
2019-05-30,27.770000,27.900000,27.770000,27.830000,27.137650,12400
2019-05-31,27.530001,27.691999,27.530001,27.590000,26.903620,13200
2019-06-03,27.650000,27.820000,27.629999,27.760000,27.069391,4700
2019-06-04,27.940001,28.240000,27.940001,28.201000,27.499420,8500
2019-06-05,28.320000,28.320000,28.190001,28.260000,27.556952,5100
2019-06-06,28.299999,28.360001,28.219999,28.360001,27.654465,5400
2019-06-07,28.590000,28.698000,28.580000,28.629999,27.917747,2600
2019-06-10,28.840000,28.920000,28.809999,28.820000,28.103022,3300
2019-06-11,29.070000,29.070000,28.860001,28.909000,28.189806,40000
2019-06-12,28.889999,28.889999,28.740000,28.782000,28.065966,5900
2019-06-13,28.865999,28.910000,28.865999,28.889999,28.171278,4300
2019-06-14,28.750000,28.775000,28.725000,28.775000,28.059141,2100
2019-06-17,28.440001,28.474001,28.370001,28.370001,27.982208,3900
2019-06-18,28.830000,28.830000,28.760000,28.760000,28.366877,8100
2019-06-19,28.830000,28.950001,28.760000,28.910000,28.514826,5700
2019-06-20,29.040001,29.165001,29.040001,29.165001,28.766340,2800
2019-06-21,29.090000,29.160000,29.059999,29.063000,28.665733,20100
2019-06-24,29.110001,29.115000,29.016001,29.028999,28.632198,4300
2019-06-25,29.035000,29.040001,28.850000,28.850000,28.455647,3900
2019-06-26,28.959999,29.045000,28.879999,28.879999,28.485235,3200
2019-06-27,29.018999,29.080000,28.966999,29.080000,28.682501,3200
2019-06-28,29.165001,29.299999,29.150000,29.280001,28.879768,5000
2019-07-01,29.590000,29.590000,29.370001,29.486000,29.082952,7800
2019-07-02,29.471001,29.510000,29.410000,29.461000,29.058294,6200
2019-07-03,29.570000,29.658001,29.570000,29.658001,29.252602,7300
2019-07-05,29.450001,29.566000,29.420000,29.499001,29.095776,5600
2019-07-08,29.420000,29.490000,29.350000,29.386999,28.985304,29000
2019-07-09,29.260000,29.370001,29.260000,29.344000,28.942892,2500
2019-07-10,29.480000,29.480000,29.396999,29.424000,29.021799,3100
2019-07-11,29.530001,29.530001,29.417000,29.497000,29.093801,4900
2019-07-12,29.631001,29.760000,29.629999,29.735001,29.328548,3900
2019-07-15,29.760000,29.774000,29.681000,29.760000,29.353207,9300
2019-07-16,29.690001,29.740000,29.629999,29.663000,29.257532,8400
2019-07-17,29.650999,29.650999,29.551001,29.551001,29.147064,1700
2019-07-18,29.440001,29.653999,29.440001,29.653999,29.248655,2100
2019-07-19,29.799999,29.799999,29.569000,29.569000,29.164818,4700
2019-07-22,29.639999,29.639999,29.548000,29.554001,29.150023,4500
2019-07-23,29.622999,29.726000,29.594999,29.726000,29.319672,2300
2019-07-24,29.660000,29.785999,29.660000,29.785999,29.378851,5000
2019-07-25,29.690001,29.690001,29.528999,29.533001,29.129311,2200
2019-07-26,29.629999,29.629999,29.600000,29.615000,29.210188,5200
2019-07-29,29.570000,29.570000,29.500000,29.549999,29.146076,5100
2019-07-30,29.410000,29.440001,29.320000,29.396999,28.995169,6100
2019-07-31,29.400000,29.417000,29.055000,29.117001,28.718996,5100
2019-08-01,29.100000,29.287001,28.670000,28.704000,28.311642,10300
2019-08-02,28.620001,28.620001,28.382000,28.455000,28.066044,6900
2019-08-05,28.000000,28.000000,27.450001,27.629999,27.252321,8200
2019-08-06,27.820000,27.999001,27.750000,27.979000,27.596552,7700
2019-08-07,27.670000,28.030001,27.620001,28.030001,27.646854,20100
2019-08-08,28.170000,28.487000,28.170000,28.487000,28.097607,11900
2019-08-09,28.320000,28.320000,28.105000,28.226999,27.841160,11400
2019-08-12,27.986000,27.989000,27.830000,27.830000,27.449589,5200
2019-08-13,27.959999,28.368999,27.959999,28.212000,27.826366,20600
2019-08-14,27.780001,27.780001,27.379999,27.388000,27.013630,13500
2019-08-15,27.500000,27.559000,27.370001,27.531000,27.154675,12300
2019-08-16,27.756001,27.923000,27.709999,27.923000,27.541317,5800
2019-08-19,28.170000,28.190001,28.129999,28.160000,27.775078,35700
2019-08-20,28.090000,28.100000,27.990000,27.990000,27.607401,8500
2019-08-21,28.240000,28.280001,28.190001,28.242001,27.855957,11200
2019-08-22,28.284000,28.284000,28.096001,28.239000,27.852997,16000
2019-08-23,28.028999,28.160000,27.600000,27.600000,27.222733,5300
2019-08-26,27.740999,27.837000,27.707001,27.808001,27.427889,48800
2019-08-27,28.010000,28.049999,27.780001,27.801001,27.420984,31000
2019-08-28,27.671000,27.933001,27.671000,27.905001,27.523563,3900
2019-08-29,28.299999,28.350000,28.205999,28.302000,27.915136,9800
2019-08-30,28.430000,28.430000,28.275999,28.371000,27.983192,7900
2019-09-03,28.160000,28.260000,28.115999,28.191000,27.805653,3200
2019-09-04,28.459999,28.582001,28.459999,28.582001,28.191309,11500
2019-09-05,28.910000,29.007000,28.910000,28.945000,28.549347,14100
2019-09-06,29.139999,29.139999,29.038000,29.038000,28.641075,4400
2019-09-09,29.099001,29.099001,29.020000,29.077000,28.679543,4000
2019-09-10,28.980000,29.098000,28.980000,29.098000,28.700254,2500
2019-09-11,29.180000,29.333000,29.139999,29.333000,28.932043,11800
2019-09-12,29.367001,29.535000,29.367001,29.440001,29.037580,8500
2019-09-13,29.593000,29.593000,29.502001,29.502001,29.098734,2200
2019-09-16,29.414000,29.415001,29.356001,29.388000,28.986292,3000
2019-09-17,29.326000,29.464001,29.326000,29.464001,29.061253,2800
2019-09-18,29.396000,29.396000,29.153999,29.371000,28.969524,3600
2019-09-19,29.483000,29.483000,29.330000,29.330000,28.929085,3800
2019-09-20,29.214001,29.240000,29.139999,29.170000,28.771271,11800
2019-09-23,29.110001,29.231001,29.110001,29.209000,28.809738,13300
2019-09-24,29.152000,29.152000,28.889999,28.952000,28.556252,3800
2019-09-25,28.900000,29.122999,28.900000,29.089001,28.691380,41000
2019-09-26,29.004000,29.091999,28.933001,29.025999,28.629238,4900
2019-09-27,29.100000,29.100000,28.740000,28.860001,28.465509,14000
2019-09-30,29.024000,29.040001,28.997000,28.997000,28.600636,1100
2019-10-01,28.731001,28.757000,28.666000,28.666000,28.274160,5100
2019-10-02,28.420000,28.440001,28.080000,28.183001,27.797764,21400
2019-10-03,28.075001,28.325001,28.075001,28.319000,27.931904,9700
2019-10-04,28.444000,28.657000,28.444000,28.657000,28.265284,2900
2019-10-07,28.577000,28.709999,28.530001,28.542000,28.151855,10800
2019-10-08,28.330000,28.340000,28.089001,28.089001,27.705048,19700
2019-10-09,28.283001,28.414000,28.275999,28.334999,27.947683,3400
2019-10-10,28.299999,28.597000,28.299999,28.518999,28.129169,9000
2019-10-11,28.910000,29.250000,28.910000,29.073000,28.675598,9600
2019-10-14,28.920000,29.040001,28.920000,28.952999,28.557238,7300
2019-10-15,28.980000,29.309999,28.980000,29.226000,28.826506,4000
2019-10-16,29.219999,29.230000,29.118999,29.146000,28.747599,5400
2019-10-17,29.240000,29.330999,29.225000,29.243000,28.843273,3600
2019-10-18,29.139999,29.250000,29.090000,29.177999,28.779161,9200
2019-10-21,29.400000,29.400000,29.320000,29.370001,28.968538,5300
2019-10-22,29.400000,29.540001,29.350000,29.377001,28.975443,11100
2019-10-23,29.326000,29.437000,29.308001,29.391001,28.989252,11300
2019-10-24,29.500000,29.518000,29.440001,29.518000,29.114513,7300
2019-10-25,29.540001,29.740000,29.540001,29.698000,29.292053,18500
2019-10-28,29.780001,29.879999,29.780001,29.847000,29.439018,11300
2019-10-29,29.820000,29.969999,29.809999,29.851000,29.442963,8000
2019-10-30,29.707001,29.874001,29.670000,29.874001,29.465649,4800
2019-10-31,29.709999,29.790001,29.624001,29.679001,29.273315,103400
2019-11-01,29.889999,30.070000,29.889999,30.070000,29.658968,14900
2019-11-04,30.230000,30.261000,30.209999,30.235001,29.821714,11400
2019-11-05,30.305000,30.309999,30.271999,30.271999,29.858208,4100
2019-11-06,30.230000,30.318001,30.200001,30.283001,29.869059,56900
2019-11-07,30.420000,30.540001,30.389999,30.422001,30.006159,6100
2019-11-08,30.316000,30.382999,30.306999,30.377001,29.961773,3500
2019-11-11,30.250000,30.398001,30.219999,30.336000,29.921333,22800
2019-11-12,30.382000,30.382000,30.299999,30.306999,29.892729,5500
2019-11-13,30.270000,30.285000,30.163000,30.222000,29.808891,5100
2019-11-14,30.194000,30.278999,30.194000,30.278999,29.865112,5800
2019-11-15,30.393000,30.500000,30.385000,30.469000,30.052515,6700
2019-11-18,30.540001,30.540001,30.459999,30.476999,30.060406,12200
2019-11-19,30.580000,30.608999,30.440001,30.542999,30.125504,14200
2019-11-20,30.530001,30.558001,30.320000,30.436001,30.019966,11600
2019-11-21,30.316000,30.389999,30.301001,30.361000,29.945992,5100
2019-11-22,30.510000,30.510000,30.374001,30.441999,30.025885,14100
2019-11-25,30.610001,30.750000,30.610001,30.691000,30.271481,3000
2019-11-26,30.639999,30.770000,30.639999,30.740000,30.319811,6000
2019-11-27,30.809999,30.841999,30.750000,30.841999,30.420416,17300
2019-11-29,30.670000,30.680000,30.614000,30.614000,30.195534,2200
2019-12-02,30.430000,30.500999,30.410000,30.417000,30.001226,7400
2019-12-03,30.059999,30.184999,30.049999,30.184999,29.772396,5100
2019-12-04,30.350000,30.464001,30.344000,30.398001,29.982487,4600
2019-12-05,30.427000,30.480000,30.378000,30.480000,30.063364,4800
2019-12-06,30.670000,30.749001,30.670000,30.740000,30.319811,3700
2019-12-09,30.704000,30.705999,30.618999,30.622999,30.204409,2700
2019-12-10,30.559999,30.688000,30.559999,30.605000,30.186655,9500
2019-12-11,30.629999,30.750000,30.629999,30.750000,30.329674,6200
2019-12-12,30.799999,31.090000,30.740000,31.045000,30.620642,45300
2019-12-13,31.120001,31.120001,31.056999,31.091999,30.666998,51800
2019-12-16,30.870001,31.010000,30.860001,30.889000,30.889000,17600
2019-12-17,30.879999,31.020000,30.879999,30.943001,30.943001,41600
2019-12-18,30.980000,31.025000,30.945999,30.966000,30.966000,9900
2019-12-19,30.936001,31.010000,30.896999,30.969999,30.969999,56700
2019-12-20,31.070000,31.096001,31.063000,31.075001,31.075001,5000
2019-12-23,31.190001,31.190001,31.103001,31.113001,31.113001,16100
2019-12-24,31.180000,31.180000,31.108999,31.117001,31.117001,8200
2019-12-26,31.224001,31.254999,31.200001,31.214001,31.214001,1900
2019-12-27,31.219999,31.306000,31.219999,31.270000,31.270000,3100
2019-12-30,31.240000,31.280001,31.100000,31.160000,31.160000,20000
2019-12-31,31.169001,31.200001,31.120001,31.200001,31.200001,8300
2020-01-02,31.379999,31.437000,31.299000,31.437000,31.437000,6400
2020-01-03,31.163000,31.230000,31.138000,31.173000,31.173000,4200
2020-01-06,31.059999,31.200001,31.048000,31.155001,31.155001,6600
2020-01-07,31.129999,31.150000,31.080000,31.117001,31.117001,4900
2020-01-08,31.049999,31.320000,31.049999,31.237000,31.237000,5500
2020-01-09,31.315001,31.346001,31.280001,31.344999,31.344999,2200
2020-01-10,31.469999,31.469999,31.284000,31.306999,31.306999,10000
2020-01-13,31.430000,31.559999,31.385000,31.559999,31.559999,14900
2020-01-14,31.540001,31.607000,31.520000,31.544001,31.544001,11300
2020-01-15,31.521999,31.528999,31.430000,31.487000,31.487000,3500
2020-01-16,31.636999,31.730000,31.636999,31.729000,31.729000,4000
2020-01-17,31.850000,31.889999,31.830000,31.875999,31.875999,4700
2020-01-21,31.760000,31.760000,31.620001,31.653999,31.653999,11100
2020-01-22,31.930000,31.930000,31.722000,31.774000,31.774000,5300
2020-01-23,31.551001,31.719999,31.500000,31.718000,31.718000,9800
2020-01-24,31.820000,31.820000,31.412001,31.514999,31.514999,8800
2020-01-27,30.889999,31.070000,30.889999,30.923000,30.923000,20100
2020-01-28,31.030001,31.270000,31.030001,31.250000,31.250000,6400
2020-01-29,31.190001,31.240000,31.125999,31.125999,31.125999,4800
2020-01-30,30.760000,31.073999,30.760000,31.073999,31.073999,6100
2020-01-31,30.760000,30.760000,30.341000,30.438000,30.438000,11800
2020-02-03,30.660000,30.840000,30.629000,30.670000,30.670000,11000
2020-02-04,31.120001,31.205999,31.110001,31.118000,31.118000,7000
2020-02-05,31.417999,31.580000,31.410999,31.506001,31.506001,5000
2020-02-06,31.719999,31.719999,31.531000,31.531000,31.531000,10500
2020-02-07,31.320000,31.350000,31.219999,31.263000,31.263000,7700
2020-02-10,31.325001,31.399000,31.284000,31.399000,31.399000,6300
2020-02-11,31.650000,31.731001,31.559999,31.670000,31.670000,17800
2020-02-12,31.740000,31.879999,31.719999,31.844999,31.844999,9600
2020-02-13,31.660000,31.870001,31.660000,31.757000,31.757000,24300
2020-02-14,31.780001,31.780001,31.620001,31.704000,31.704000,16700
2020-02-18,31.590000,31.728001,31.590000,31.658001,31.658001,21200
2020-02-19,31.799999,31.891001,31.799999,31.812000,31.812000,6400
2020-02-20,31.820000,31.820000,31.540001,31.646999,31.646999,4000
2020-02-21,31.361000,31.530001,31.361000,31.413000,31.413000,7500
2020-02-24,30.370001,30.629999,30.370001,30.430000,30.430000,8700
2020-02-25,30.469999,30.469999,29.639999,29.674000,29.674000,15800
2020-02-26,30.100000,30.100000,29.570000,29.584999,29.584999,7900
2020-02-27,29.000000,29.400000,28.530001,28.530001,28.530001,16400
2020-02-28,27.864000,28.180000,27.570000,28.180000,28.180000,21500
2020-03-02,28.309999,29.010000,28.059999,28.996000,28.996000,12700
2020-03-03,29.080000,29.299999,28.490000,28.559000,28.559000,33700
2020-03-04,29.069000,29.514999,28.959999,29.514999,29.514999,6700
2020-03-05,28.790001,29.000000,28.570000,28.639999,28.639999,17800
2020-03-06,27.860001,28.219000,27.843000,28.219000,28.219000,16000
2020-03-09,26.250000,27.010000,26.110001,26.110001,26.110001,30900
2020-03-10,27.040001,27.187000,26.230000,27.187000,27.187000,94500
2020-03-11,26.469999,26.490000,25.610001,25.889999,25.889999,37300
2020-03-12,24.080000,24.139999,23.181000,23.480000,23.480000,32400
2020-03-13,24.969999,24.969999,23.450001,24.892000,24.892000,18100
2020-03-16,22.330000,23.510000,22.250000,22.250000,22.250000,11900
2020-03-17,22.674000,23.398001,22.299999,23.381001,23.381001,11700
2020-03-18,21.670000,22.285000,21.160000,21.770000,21.770000,56400
2020-03-19,21.372999,22.379000,21.372999,22.040001,22.040001,49800
2020-03-20,22.450001,22.559999,21.368000,21.378000,21.378000,38600
2020-03-23,21.320000,21.320000,20.750000,21.000000,21.000000,65700
2020-03-24,22.080000,22.920000,22.080000,22.920000,22.920000,59900
2020-03-25,22.950001,24.040001,22.606001,23.350000,23.350000,46300
2020-03-26,23.530001,24.639999,23.530001,24.639999,24.639999,136300
2020-03-27,23.639999,24.260000,23.639999,23.660000,23.660000,16200
2020-03-30,23.850000,24.420000,23.850000,24.320000,24.320000,27300
2020-03-31,24.219999,24.469999,23.930000,23.950001,23.950001,45100
2020-04-01,23.150000,23.478001,23.000000,23.000000,23.000000,10400
2020-04-02,23.469999,23.530001,23.245001,23.430000,23.430000,3900
2020-04-03,23.459999,23.570000,22.950001,23.070000,23.070000,30000
2020-04-06,24.250000,24.660000,24.240000,24.570000,24.570000,5700
2020-04-07,25.420000,25.420000,24.700001,24.700001,24.700001,10900
2020-04-08,24.879999,25.430000,24.847000,25.280001,25.280001,10100
2020-04-09,25.670000,25.999001,25.629999,25.670000,25.670000,16000
2020-04-13,25.186001,25.475000,25.186001,25.379999,25.379999,19700
2020-04-14,26.000000,26.153999,25.969999,26.110001,26.110001,6900
2020-04-15,25.350000,25.495001,25.139999,25.219999,25.219999,17100
2020-04-16,25.375000,25.375000,25.181000,25.330000,25.330000,3400
2020-04-17,25.990000,26.129999,25.774000,26.070999,26.070999,4800
2020-04-20,25.879999,26.003000,25.673000,25.673000,25.673000,15700
2020-04-21,25.219999,25.320000,24.860001,24.969999,24.969999,18800
2020-04-22,25.410000,25.559999,25.362000,25.514000,25.514000,13200
2020-04-23,25.650000,25.944000,25.441000,25.510000,25.510000,14400
2020-04-24,25.510000,25.798000,25.400000,25.785000,25.785000,2100
2020-04-27,26.290001,26.370001,26.160000,26.322001,26.322001,3400
2020-04-28,26.629999,26.660000,26.350000,26.350000,26.350000,7500
2020-04-29,26.790001,27.045000,26.790001,27.000999,27.000999,36300
2020-04-30,26.709999,26.889999,26.250000,26.368999,26.368999,23300
2020-05-01,25.770000,25.770000,25.459999,25.544001,25.544001,10000
2020-05-04,25.462999,25.688000,25.400000,25.688000,25.688000,6900
2020-05-05,25.830000,26.131001,25.750000,25.820000,25.820000,10100
2020-05-06,26.190001,26.240000,25.750000,25.750000,25.750000,5600
2020-05-07,26.030001,26.150000,26.030001,26.110001,26.110001,19000