Date,Open,High,Low,Close,Adj Close,Volume
2015-04-15,32.000000,42.000000,30.600000,42.000000,42.000000,6884200
2015-04-16,42.500000,49.250000,39.130001,39.400002,39.400002,2418800
2015-04-17,40.770000,41.439999,39.209999,40.000000,40.000000,668000
2015-04-20,44.509998,44.750000,42.349998,42.799999,42.799999,1169600
2015-04-21,43.380001,43.462002,38.669998,38.669998,38.669998,888300
2015-04-22,38.709999,40.000000,38.000000,38.169998,38.169998,304500
2015-04-23,38.290001,38.564999,36.000000,36.389999,36.389999,467700
2015-04-24,36.369999,36.860001,35.000000,36.000000,36.000000,338700
2015-04-27,35.240002,36.508999,31.680000,32.060001,32.060001,663600
2015-04-28,31.580000,32.855000,27.799999,27.969999,27.969999,1142200
2015-04-29,27.440001,29.180000,27.059999,27.459999,27.459999,692200
2015-04-30,27.010000,27.940001,24.680000,25.400000,25.400000,1029500
2015-05-01,25.900000,26.500000,25.100000,26.090000,26.090000,370600
2015-05-04,26.610001,29.750000,26.110001,29.330000,29.330000,1239200
2015-05-05,29.969999,31.240000,27.059999,27.709999,27.709999,839700
2015-05-06,27.809999,29.860001,27.000000,27.990000,27.990000,524100
2015-05-07,28.000000,29.680000,27.884001,28.620001,28.620001,323000
2015-05-08,29.139999,31.309999,29.059999,30.850000,30.850000,567800
2015-05-11,32.310001,33.240002,30.520000,30.780001,30.780001,780200
2015-05-12,31.000000,33.000000,29.100000,32.090000,32.090000,461100
2015-05-13,32.349998,33.990002,31.760000,33.689999,33.689999,403900
2015-05-14,34.360001,35.349998,31.854000,32.869999,32.869999,580900
2015-05-15,32.869999,33.500000,31.000000,31.469999,31.469999,258900
2015-05-18,31.180000,31.500000,28.700001,30.129999,30.129999,487900
2015-05-19,30.440001,30.674000,28.520000,28.549999,28.549999,337600
2015-05-20,29.040001,30.000000,27.570000,29.870001,29.870001,350600
2015-05-21,29.799999,31.980000,29.520000,31.469999,31.469999,343900
2015-05-22,30.920000,32.000000,30.870001,31.150000,31.150000,134400
2015-05-26,31.000000,31.858000,30.230000,31.510000,31.510000,181300
2015-05-27,31.090000,33.359001,31.090000,32.080002,32.080002,244200
2015-05-28,32.000000,32.810001,31.059999,31.730000,31.730000,157300
2015-05-29,32.130001,34.423000,31.139999,33.779999,33.779999,413500
2015-06-01,33.700001,33.930000,32.290001,32.900002,32.900002,360000
2015-06-02,32.450001,32.770000,31.250000,31.389999,31.389999,319200
2015-06-03,31.450001,32.450001,31.200001,32.400002,32.400002,243800
2015-06-04,32.560001,33.560001,31.975000,33.430000,33.430000,267100
2015-06-05,33.290001,35.472000,33.105000,35.250000,35.250000,377700
2015-06-08,35.090000,35.875000,33.250000,34.049999,34.049999,254600
2015-06-09,34.209999,34.209999,32.250000,32.439999,32.439999,213400
2015-06-10,32.660000,33.515999,32.380001,33.009998,33.009998,97800
2015-06-11,33.169998,33.560001,32.130001,33.369999,33.369999,139600
2015-06-12,33.750000,34.887001,33.549999,33.779999,33.779999,198000
2015-06-15,33.700001,36.259998,33.590000,36.000000,36.000000,615300
2015-06-16,35.849998,36.480000,34.900002,35.439999,35.439999,279500
2015-06-17,35.529999,36.480000,34.360001,35.349998,35.349998,180300
2015-06-18,35.439999,36.240002,35.000000,35.139999,35.139999,216000
2015-06-19,35.099998,37.459999,34.998001,36.820000,36.820000,456700
2015-06-22,36.299999,37.490002,35.580002,35.790001,35.790001,190000
2015-06-23,35.799999,36.900002,35.020000,36.439999,36.439999,239200
2015-06-24,36.119999,36.680000,35.200001,35.880001,35.880001,193100
2015-06-25,36.009998,36.230000,32.500000,33.799999,33.799999,471400
2015-06-26,32.779999,33.549999,32.520000,32.709999,32.709999,1408200
2015-06-29,32.509998,32.950001,29.559999,29.580000,29.580000,598600
2015-06-30,30.200001,30.990000,29.299999,30.330000,30.330000,401900
2015-07-01,30.740000,31.190001,30.000000,30.790001,30.790001,193200
2015-07-02,30.680000,31.450001,30.388000,31.190001,31.190001,108400
2015-07-06,30.490000,31.670000,29.750000,31.280001,31.280001,242100
2015-07-07,31.430000,32.189999,30.600000,31.639999,31.639999,222700
2015-07-08,31.010000,31.389999,29.820000,29.940001,29.940001,204200
2015-07-09,30.510000,30.930000,29.500000,30.299999,30.299999,221300
2015-07-10,30.450001,30.629999,30.010000,30.580000,30.580000,145600
2015-07-13,30.690001,31.350000,30.389999,30.559999,30.559999,99600
2015-07-14,30.690001,30.959999,30.330000,30.840000,30.840000,91500
2015-07-15,30.690001,31.010000,30.360001,30.950001,30.950001,143500
2015-07-16,31.090000,31.180000,29.740000,29.870001,29.870001,192800
2015-07-17,29.719999,29.855000,28.260000,28.680000,28.680000,335400
2015-07-20,28.570000,28.950001,27.209999,27.700001,27.700001,291900
2015-07-21,27.549999,28.730000,27.080000,28.500000,28.500000,140500
2015-07-22,28.260000,29.139999,27.870001,29.120001,29.120001,127600
2015-07-23,28.990000,29.500000,28.520000,28.730000,28.730000,126700
2015-07-24,28.400000,28.725000,26.320000,26.690001,26.690001,256300
2015-07-27,26.400000,26.830000,26.000000,26.400000,26.400000,105300
2015-07-28,26.430000,26.980000,25.650000,26.580000,26.580000,176300
2015-07-29,26.450001,27.420000,26.150000,26.330000,26.330000,100300
2015-07-30,26.150000,26.360001,25.610001,25.790001,25.790001,86900
2015-07-31,25.809999,26.459999,25.598000,26.219999,26.219999,286400
2015-08-03,26.120001,26.320000,24.969999,25.219999,25.219999,188600
2015-08-04,25.320000,25.469999,24.030001,24.139999,24.139999,339700
2015-08-05,24.260000,24.660000,23.340000,24.330000,24.330000,220500
2015-08-06,24.299999,24.299999,23.030001,23.930000,23.930000,193700
2015-08-07,23.889999,23.889999,22.120001,23.209999,23.209999,287900
2015-08-10,23.299999,24.690001,23.250000,23.690001,23.690001,187300
2015-08-11,23.440001,24.799999,21.620001,23.000000,23.000000,222700
2015-08-12,22.719999,23.330000,21.760000,23.129999,23.129999,256400
2015-08-13,23.080000,23.500000,22.270000,22.340000,22.340000,211300
2015-08-14,22.370001,22.790001,20.590000,20.830000,20.830000,270200
2015-08-17,20.850000,21.750000,20.620001,21.600000,21.600000,257700
2015-08-18,21.620001,21.895000,21.120001,21.570000,21.570000,227700
2015-08-19,21.280001,21.799999,20.760000,21.360001,21.360001,185400
2015-08-20,21.120001,21.120001,20.030001,20.120001,20.120001,316800
2015-08-21,19.750000,19.900000,18.010000,19.440001,19.440001,431700
2015-08-24,17.600000,19.080000,16.280001,18.950001,18.950001,664100
2015-08-25,19.889999,19.889999,17.850000,17.920000,17.920000,324800
2015-08-26,18.379999,19.350000,18.000000,19.340000,19.340000,319600
2015-08-27,19.719999,22.330000,19.719999,21.809999,21.809999,341500
2015-08-28,21.700001,22.139999,20.100000,20.610001,20.610001,248200
2015-08-31,20.610001,20.760000,18.840000,19.360001,19.360001,376900
2015-09-01,18.790001,19.330000,18.080000,19.110001,19.110001,341300
2015-09-02,19.389999,19.570000,18.299999,19.520000,19.520000,223200
2015-09-03,19.650000,19.850000,18.415001,18.690001,18.690001,141400
2015-09-04,18.410000,19.500000,18.299999,19.250000,19.250000,114100
2015-09-08,19.660000,19.660000,18.490000,19.240000,19.240000,328800
2015-09-09,19.430000,19.840000,18.790001,19.330000,19.330000,263400
2015-09-10,19.400000,20.860001,19.150000,20.129999,20.129999,394900
2015-09-11,20.120001,20.440001,19.250000,20.400000,20.400000,158100
2015-09-14,20.400000,20.540001,19.719999,20.250000,20.250000,120100
2015-09-15,20.260000,21.049999,19.790001,20.850000,20.850000,194500
2015-09-16,20.930000,21.309999,20.150000,21.100000,21.100000,148300
2015-09-17,21.139999,23.230000,20.982000,22.990000,22.990000,244300
2015-09-18,22.650000,23.940001,22.114000,23.719999,23.719999,409900
2015-09-21,24.309999,24.309999,21.760000,22.450001,22.450001,183000
2015-09-22,22.040001,22.410000,20.790001,21.430000,21.430000,233400
2015-09-23,21.510000,21.667000,20.730000,21.459999,21.459999,98200
2015-09-24,21.260000,21.639999,20.110001,21.629999,21.629999,182400
2015-09-25,21.940001,22.129999,19.850000,20.420000,20.420000,246300
2015-09-28,21.480000,22.000000,18.340000,19.309999,19.309999,353900
2015-09-29,19.190001,19.250000,17.514999,19.030001,19.030001,374200
2015-09-30,19.420000,19.820000,18.320000,19.370001,19.370001,343300
2015-10-01,19.209999,19.500000,18.629999,19.490000,19.490000,148700
2015-10-02,19.100000,19.910000,18.400000,19.270000,19.270000,178000
2015-10-05,19.580000,20.500000,19.440001,20.410000,20.410000,282900
2015-10-06,20.299999,20.480000,19.490000,20.400000,20.400000,444800
2015-10-07,20.440001,21.724001,19.785000,21.230000,21.230000,517500
2015-10-08,21.129999,22.139999,20.510000,21.740000,21.740000,326700
2015-10-09,21.889999,22.629999,21.340000,22.059999,22.059999,215300
2015-10-12,21.639999,22.469999,21.559999,21.809999,21.809999,353600
2015-10-13,21.570000,22.510000,20.990000,21.709999,21.709999,303400
2015-10-14,21.910000,22.440001,21.479000,21.830000,21.830000,279100
2015-10-15,21.480000,22.791000,21.400000,22.559999,22.559999,239200
2015-10-16,22.309999,23.150000,22.309999,22.900000,22.900000,188200
2015-10-19,22.540001,24.500000,22.540001,23.629999,23.629999,306400
2015-10-20,23.900000,24.010000,23.379999,23.770000,23.770000,393700
2015-10-21,23.980000,24.040001,23.180000,23.469999,23.469999,281300
2015-10-22,23.580000,24.610001,23.139999,23.530001,23.530001,392200
2015-10-23,23.959999,24.549999,23.790001,24.139999,24.139999,174400
2015-10-26,24.160000,25.440001,23.600000,25.049999,25.049999,219300
2015-10-27,24.930000,25.490000,24.440001,25.160000,25.160000,423000
2015-10-28,25.040001,27.365999,25.040001,27.190001,27.190001,214200
2015-10-29,27.190001,28.420000,26.517000,26.900000,26.900000,267200
2015-10-30,27.540001,27.540001,26.440001,27.010000,27.010000,124200
2015-11-02,26.770000,28.360001,26.770000,27.750000,27.750000,299800
2015-11-03,27.809999,28.400000,27.200001,27.830000,27.830000,230900
2015-11-04,27.799999,28.500000,27.459999,28.290001,28.290001,192900
2015-11-05,28.350000,28.350000,26.895000,27.020000,27.020000,189600
2015-11-06,26.930000,28.540001,26.770000,28.400000,28.400000,191000
2015-11-09,28.400000,30.650000,27.950001,29.530001,29.530001,478400
2015-11-10,30.629999,30.629999,29.250000,29.879999,29.879999,198000
2015-11-11,29.780001,30.500000,28.059999,28.260000,28.260000,253100
2015-11-12,27.780001,29.000000,27.250000,28.459999,28.459999,161200
2015-11-13,28.469999,29.820000,28.020000,29.090000,29.090000,193700
2015-11-16,28.879999,29.200001,27.080000,27.629999,27.629999,347200
2015-11-17,27.500000,29.110001,27.280001,28.870001,28.870001,298800
2015-11-18,28.680000,29.129999,28.270000,28.730000,28.730000,234300
2015-11-19,28.650000,29.000000,28.240000,28.420000,28.420000,244000
2015-11-20,28.610001,29.200001,28.270000,28.830000,28.830000,203600
2015-11-23,30.110001,32.410000,29.000000,32.230000,32.230000,792100
2015-11-24,29.940001,30.000000,26.700001,27.049999,27.049999,3387800
2015-11-25,29.490000,32.490002,28.730000,31.469999,31.469999,816100
2015-11-27,31.629999,31.790001,30.856001,31.170000,31.170000,225000
2015-11-30,31.360001,31.434999,30.110001,30.990000,30.990000,646900
2015-12-01,30.000000,30.160000,28.606001,29.450001,29.450001,668500
2015-12-02,29.250000,29.990000,29.110001,29.690001,29.690001,251900
2015-12-03,29.719999,30.520000,29.415001,29.790001,29.790001,308600
2015-12-04,29.809999,30.410000,29.549999,29.950001,29.950001,222000
2015-12-07,30.090000,30.280001,28.889999,29.650000,29.650000,440200
2015-12-08,29.370001,31.290001,29.330000,31.080000,31.080000,441400
2015-12-09,30.879999,31.389999,29.020000,29.170000,29.170000,289400
2015-12-10,28.900000,30.469999,28.820000,30.160000,30.160000,245200
2015-12-11,29.700001,30.455000,29.290001,29.930000,29.930000,320500
2015-12-14,29.990000,31.570000,29.865000,31.209999,31.209999,495100
2015-12-15,31.120001,31.590000,30.620001,31.139999,31.139999,468600
2015-12-16,31.240000,34.950001,31.240000,33.630001,33.630001,796200
2015-12-17,33.610001,34.051998,31.680000,31.740000,31.740000,481900
2015-12-18,31.510000,31.674999,29.500000,29.559999,29.559999,2984500
2015-12-21,29.410000,29.940001,28.750000,29.650000,29.650000,248400
2015-12-22,29.650000,30.200001,26.750000,26.980000,26.980000,324000
2015-12-23,27.010000,28.500000,26.860001,28.420000,28.420000,262200
2015-12-24,28.139999,28.559999,27.230000,27.719999,27.719999,96500
2015-12-28,28.200001,28.809999,27.000000,28.170000,28.170000,472000
2015-12-29,28.030001,29.200001,27.750000,29.120001,29.120001,183900
2015-12-30,28.820000,29.700001,28.010000,28.950001,28.950001,309200
2015-12-31,28.680000,29.400000,27.980000,28.139999,28.139999,192700
2016-01-04,27.110001,27.379999,25.580000,26.740000,26.740000,362300
2016-01-05,26.790001,27.010000,25.690001,26.299999,26.299999,313700
2016-01-06,25.760000,26.200001,24.020000,24.809999,24.809999,246800
2016-01-07,24.309999,24.690001,23.219999,23.830000,23.830000,223300
2016-01-08,23.900000,24.100000,23.129999,23.590000,23.590000,346800
2016-01-11,23.510000,23.879999,20.690001,22.299999,22.299999,471700
2016-01-12,22.670000,23.370001,22.040001,22.799999,22.799999,332700
2016-01-13,22.940001,23.063999,20.680000,20.940001,20.940001,300300
2016-01-14,21.240000,21.980000,19.330000,21.480000,21.480000,654300
2016-01-15,20.610001,20.950001,19.760000,20.690001,20.690001,231200
2016-01-19,20.760000,20.905001,18.417000,19.370001,19.370001,313900
2016-01-20,18.299999,20.950001,18.080000,20.370001,20.370001,314800
2016-01-21,20.309999,20.920000,19.520000,19.600000,19.600000,716800
2016-01-22,20.129999,20.496000,17.665001,18.389999,18.389999,497400
2016-01-25,18.340000,18.875000,17.559999,17.690001,17.690001,396800
2016-01-26,18.049999,18.270000,16.730000,17.510000,17.510000,315400
2016-01-27,17.510000,17.700001,16.139999,16.370001,16.370001,305800
2016-01-28,16.610001,16.638000,14.590000,15.100000,15.100000,323000
2016-01-29,15.000000,15.330000,14.340000,14.480000,14.480000,297600
2016-02-01,14.770000,15.275000,14.065000,14.860000,14.860000,485100
2016-02-02,14.760000,15.270000,14.450000,15.180000,15.180000,541900
2016-02-03,15.380000,15.500000,13.950000,14.980000,14.980000,312600
2016-02-04,14.990000,16.100000,14.790000,15.590000,15.590000,320400
2016-02-05,15.390000,15.613000,14.300000,14.380000,14.380000,332900
2016-02-08,14.120000,14.400000,12.170000,12.640000,12.640000,432000
2016-02-09,12.350000,13.721000,11.942000,13.150000,13.150000,235000
2016-02-10,13.320000,14.100000,13.030000,13.540000,13.540000,244100
2016-02-11,13.250000,14.460000,12.990000,14.010000,14.010000,312400
2016-02-12,14.240000,14.470000,13.500000,14.310000,14.310000,187800
2016-02-16,14.500000,15.210000,14.500000,14.970000,14.970000,265600
2016-02-17,15.070000,15.400000,14.880000,15.010000,15.010000,280800
2016-02-18,14.910000,14.950000,14.270000,14.450000,14.450000,322300
2016-02-19,14.400000,15.090000,13.985000,14.950000,14.950000,207000
2016-02-22,15.000000,15.270000,14.260000,14.640000,14.640000,193100
2016-02-23,14.570000,14.990000,14.380000,14.390000,14.390000,244000
2016-02-24,14.250000,14.700000,13.590000,14.630000,14.630000,255100
2016-02-25,14.640000,15.170000,14.240000,14.520000,14.520000,260700
2016-02-26,14.680000,15.290000,14.100000,15.110000,15.110000,314400
2016-02-29,15.200000,15.585000,14.500000,14.560000,14.560000,557400
2016-03-01,14.890000,16.150000,14.520000,16.049999,16.049999,408700
2016-03-02,16.420000,17.715000,16.020000,16.639999,16.639999,455100
2016-03-03,16.799999,16.945000,16.309999,16.850000,16.850000,217900
2016-03-04,16.790001,17.250000,16.320000,16.690001,16.690001,222100
2016-03-07,16.629999,17.200001,16.190001,16.600000,16.600000,349100
2016-03-08,16.620001,16.620001,14.930000,15.040000,15.040000,297400
2016-03-09,16.709999,16.740000,15.045000,16.270000,16.270000,614300
2016-03-10,16.200001,16.200001,13.940000,14.340000,14.340000,590900
2016-03-11,14.500000,14.850000,13.500000,13.890000,13.890000,512400
2016-03-14,13.900000,15.060000,13.900000,14.360000,14.360000,338600
2016-03-15,13.070000,13.250000,12.160000,12.390000,12.390000,954100
2016-03-16,12.250000,12.830000,12.095000,12.470000,12.470000,516200
2016-03-17,12.520000,12.660000,11.225000,11.540000,11.540000,617500
2016-03-18,11.590000,12.190000,11.500000,11.970000,11.970000,556000
2016-03-21,12.000000,13.490000,12.000000,12.570000,12.570000,541400
2016-03-22,12.560000,13.150000,12.450000,13.070000,13.070000,347100
2016-03-23,13.070000,13.490000,12.390000,12.470000,12.470000,442600
2016-03-24,12.330000,12.850000,11.870000,12.120000,12.120000,269900
2016-03-28,12.220000,12.400000,11.814000,11.910000,11.910000,215500
2016-03-29,12.000000,12.530000,11.100000,12.420000,12.420000,440400
2016-03-30,12.620000,13.190000,11.900000,12.120000,12.120000,406200
2016-03-31,12.070000,13.040000,12.070000,12.810000,12.810000,407800
2016-04-01,12.720000,13.460000,12.340000,13.320000,13.320000,473000
2016-04-04,13.490000,14.510000,13.190000,14.240000,14.240000,509900
2016-04-05,13.970000,14.090000,13.310000,13.360000,13.360000,294300
2016-04-06,13.450000,15.030000,13.450000,14.750000,14.750000,544000
2016-04-07,14.570000,15.060000,14.010000,14.390000,14.390000,386800
2016-04-08,14.650000,14.940000,13.910000,14.080000,14.080000,333300
2016-04-11,14.160000,14.580000,13.630000,13.660000,13.660000,369300
2016-04-12,13.530000,13.730000,12.850000,12.990000,12.990000,490200
2016-04-13,13.080000,13.380000,12.850000,13.300000,13.300000,621700
2016-04-14,13.380000,13.490000,12.700000,13.200000,13.200000,696500
2016-04-15,13.200000,13.930000,12.930000,13.745000,13.745000,363300
2016-04-18,13.610000,14.190000,13.480000,13.760000,13.760000,259200
2016-04-19,13.810000,13.890000,13.160000,13.380000,13.380000,207700
2016-04-20,13.430000,13.830000,13.295000,13.460000,13.460000,188100
2016-04-21,13.390000,14.600000,13.390000,14.420000,14.420000,345700
2016-04-22,14.490000,14.532000,14.030000,14.360000,14.360000,453300
2016-04-25,14.280000,16.230000,14.180000,15.630000,15.630000,790000
2016-04-26,15.700000,15.810000,14.700000,14.760000,14.760000,488800
2016-04-27,14.710000,14.830000,13.340000,13.660000,13.660000,512700
2016-04-28,13.690000,14.070000,13.340000,13.630000,13.630000,397000
2016-04-29,13.530000,13.860000,12.620000,12.950000,12.950000,331600
2016-05-02,13.010000,13.290000,12.616000,13.270000,13.270000,353300
2016-05-03,12.850000,12.960000,10.900000,12.210000,12.210000,1511700
2016-05-04,12.040000,12.440000,11.550000,11.860000,11.860000,369500
2016-05-05,11.950000,12.340000,11.520000,12.030000,12.030000,421800
2016-05-06,11.890000,12.050000,11.290000,11.630000,11.630000,254600
2016-05-09,11.740000,12.450000,11.590000,12.330000,12.330000,414900
2016-05-10,12.160000,12.480000,11.410000,11.560000,11.560000,340500
2016-05-11,11.700000,11.742000,10.700000,10.740000,10.740000,505800
2016-05-12,10.830000,10.900000,9.880000,10.210000,10.210000,357900
2016-05-13,10.240000,10.940000,10.165000,10.690000,10.690000,257100
2016-05-16,7.500000,9.330000,7.260000,8.910000,8.910000,6271300
2016-05-17,8.630000,10.000000,8.630000,9.550000,9.550000,1448500
2016-05-18,9.430000,10.290000,9.430000,10.120000,10.120000,837700
2016-05-19,10.210000,10.210000,9.400000,9.830000,9.830000,619400
2016-05-20,9.820000,10.640000,9.810000,10.470000,10.470000,431700
2016-05-23,10.410000,11.190000,10.410000,10.870000,10.870000,393300
2016-05-24,11.030000,11.060000,10.290000,10.910000,10.910000,448200
2016-05-25,10.950000,11.340000,10.860000,11.000000,11.000000,292200
2016-05-26,10.890000,11.460000,10.810000,11.370000,11.370000,413200
2016-05-27,11.260000,11.740000,11.070000,11.710000,11.710000,343300
2016-05-31,11.800000,12.310000,11.750000,12.290000,12.290000,294700
2016-06-01,12.180000,12.610000,12.070000,12.330000,12.330000,365300
2016-06-02,12.230000,12.480000,12.050000,12.270000,12.270000,874400
2016-06-03,12.210000,12.365000,11.300000,11.730000,11.730000,303000
2016-06-06,11.820000,12.570000,11.550000,12.490000,12.490000,242200
2016-06-07,12.420000,12.550000,12.050000,12.240000,12.240000,351100
2016-06-08,12.270000,12.800000,12.130000,12.660000,12.660000,286000
2016-06-09,12.560000,12.880000,12.360000,12.420000,12.420000,325000
2016-06-10,12.220000,12.490000,11.860000,11.990000,11.990000,304600
2016-06-13,11.870000,12.425000,11.700000,11.820000,11.820000,206500
2016-06-14,11.840000,12.310000,11.550000,11.760000,11.760000,243300
2016-06-15,11.870000,12.230000,11.780000,11.950000,11.950000,445100
2016-06-16,11.790000,11.930000,11.480000,11.680000,11.680000,494100
2016-06-17,11.630000,11.840000,11.220000,11.270000,11.270000,407700
2016-06-20,11.500000,11.800000,11.270000,11.480000,11.480000,423600
2016-06-21,11.560000,11.560000,10.760000,11.000000,11.000000,413300
2016-06-22,11.020000,11.020000,10.110000,10.230000,10.230000,571900
2016-06-23,10.350000,10.980000,10.320000,10.930000,10.930000,391300
2016-06-24,10.270000,10.730000,10.020000,10.100000,10.100000,3652900
2016-06-27,10.000000,10.090000,9.540000,9.880000,9.880000,601000
2016-06-28,10.090000,10.660000,10.090000,10.620000,10.620000,460000
2016-06-29,10.820000,11.140000,10.550000,10.980000,10.980000,386100
2016-06-30,11.080000,11.310000,10.620000,11.310000,11.310000,551400
2016-07-01,11.230000,12.480000,11.230000,12.240000,12.240000,422400
2016-07-05,11.610000,12.150000,11.500000,11.910000,11.910000,422300
2016-07-06,11.990000,12.480000,11.775000,12.290000,12.290000,267100
2016-07-07,12.480000,12.770000,12.120000,12.440000,12.440000,243500
2016-07-08,12.480000,12.980000,11.930000,12.660000,12.660000,523900
2016-07-11,12.790000,12.990000,12.690000,12.780000,12.780000,257600
2016-07-12,12.910000,13.160000,12.720000,12.920000,12.920000,352600
2016-07-13,13.020000,13.190000,12.350000,12.450000,12.450000,482300
2016-07-14,12.620000,12.700000,12.287000,12.530000,12.530000,209400
2016-07-15,12.590000,13.250000,12.500000,13.200000,13.200000,311700
2016-07-18,13.100000,13.480000,12.870000,13.370000,13.370000,408900
2016-07-19,13.340000,13.470000,12.620000,12.700000,12.700000,203000
2016-07-20,12.680000,13.320000,12.610000,13.230000,13.230000,437300
2016-07-21,13.400000,13.740000,13.240000,13.670000,13.670000,329400
2016-07-22,13.680000,14.020000,13.420000,14.000000,14.000000,339300
2016-07-25,13.980000,14.490000,13.880000,14.200000,14.200000,360200
2016-07-26,14.090000,14.480000,13.810000,14.260000,14.260000,174100
2016-07-27,14.360000,14.950000,14.360000,14.930000,14.930000,255100
2016-07-28,14.720000,14.980000,14.720000,14.920000,14.920000,228800
2016-07-29,14.800000,14.960000,14.250000,14.680000,14.680000,302700
2016-08-01,14.610000,15.100000,14.550000,14.840000,14.840000,277300
2016-08-02,14.870000,14.900000,14.190000,14.460000,14.460000,402100
2016-08-03,14.430000,15.110000,14.400000,15.090000,15.090000,212400
2016-08-04,15.190000,16.430000,15.100000,15.230000,15.230000,592000
2016-08-05,15.170000,15.810000,15.130000,15.550000,15.550000,285500
2016-08-08,15.650000,15.865000,15.400000,15.620000,15.620000,567300
2016-08-09,15.600000,16.180000,15.440000,15.970000,15.970000,372900
2016-08-10,15.870000,16.150000,15.200000,15.250000,15.250000,839700
2016-08-11,15.410000,15.410000,14.600000,15.220000,15.220000,485100
2016-08-12,15.250000,15.700000,15.230000,15.690000,15.690000,287900
2016-08-15,15.790000,16.150000,15.390000,16.100000,16.100000,290600
2016-08-16,15.920000,16.150000,15.410000,15.460000,15.460000,332600
2016-08-17,15.170000,15.490000,14.930000,15.130000,15.130000,494000
2016-08-18,15.080000,15.410000,14.900000,15.200000,15.200000,175300
2016-08-19,15.140000,15.270000,15.040000,15.110000,15.110000,336500
2016-08-22,15.170000,15.240000,14.820000,15.130000,15.130000,348500
2016-08-23,15.230000,15.380000,15.160000,15.260000,15.260000,181900
2016-08-24,15.300000,15.770000,14.460000,14.560000,14.560000,288000
2016-08-25,14.550000,14.955000,13.520000,13.770000,13.770000,475500
2016-08-26,13.740000,13.780000,12.965000,13.390000,13.390000,510700
2016-08-29,13.420000,13.800000,13.210000,13.740000,13.740000,336200
2016-08-30,13.750000,14.130000,13.724000,13.950000,13.950000,279000
2016-08-31,13.960000,14.220000,13.700000,14.090000,14.090000,357600
2016-09-01,14.080000,14.500000,13.770000,14.220000,14.220000,341600
2016-09-02,14.280000,14.500000,13.976000,14.490000,14.490000,539200
2016-09-06,14.590000,15.730000,14.590000,15.480000,15.480000,1885600
2016-09-07,15.560000,15.830000,14.745000,14.970000,14.970000,992800
2016-09-08,14.750000,15.250000,14.660000,14.950000,14.950000,170800
2016-09-09,14.640000,14.975000,13.890000,13.930000,13.930000,286600
2016-09-12,13.790000,14.310000,13.520000,14.290000,14.290000,421900
2016-09-13,14.140000,14.210000,13.260000,13.600000,13.600000,296200
2016-09-14,13.710000,14.010000,13.510000,13.620000,13.620000,248500
2016-09-15,13.610000,14.160000,13.260000,14.030000,14.030000,307400
2016-09-16,13.980000,14.860000,13.900000,14.670000,14.670000,1033900
2016-09-19,14.730000,14.970000,14.220000,14.470000,14.470000,517100
2016-09-20,14.700000,14.760000,14.265000,14.535000,14.535000,353500
2016-09-21,14.660000,14.910000,14.000000,14.680000,14.680000,311200
2016-09-22,14.790000,14.890000,14.350000,14.790000,14.790000,204800
2016-09-23,14.780000,15.490000,14.530000,14.540000,14.540000,252700
2016-09-26,14.450000,15.010000,13.220000,13.240000,13.240000,471600
2016-09-27,13.230000,13.750000,13.040000,13.660000,13.660000,434600
2016-09-28,13.690000,14.260000,13.020000,13.030000,13.030000,398300
2016-09-29,13.040000,13.209000,12.010000,12.040000,12.040000,486600
2016-09-30,12.080000,12.480000,11.570000,12.430000,12.430000,415100
2016-10-03,12.460000,12.900000,12.410000,12.800000,12.800000,517000
2016-10-04,12.730000,13.180000,12.650000,13.120000,13.120000,221200
2016-10-05,13.130000,13.740000,13.050000,13.640000,13.640000,357300
2016-10-06,13.460000,13.460000,12.590000,12.770000,12.770000,205900
2016-10-07,12.840000,13.110000,12.490000,12.730000,12.730000,168600
2016-10-10,12.930000,13.460000,12.920000,13.300000,13.300000,214600
2016-10-11,13.070000,13.200000,12.660000,12.820000,12.820000,213400
2016-10-12,12.770000,12.990000,12.060000,12.130000,12.130000,186700
2016-10-13,12.000000,12.270000,11.790000,11.940000,11.940000,223800
2016-10-14,12.130000,12.220000,11.590000,11.600000,11.600000,248500
2016-10-17,11.580000,11.640000,11.170000,11.440000,11.440000,300800
2016-10-18,11.660000,11.990000,11.510000,11.730000,11.730000,168100
2016-10-19,11.730000,12.020000,11.110000,11.330000,11.330000,219400
2016-10-20,11.320000,12.170000,11.210000,12.090000,12.090000,241100
2016-10-21,11.980000,12.330000,11.950000,12.250000,12.250000,148400
2016-10-24,11.000000,11.725000,10.900000,11.700000,11.700000,722100
2016-10-25,11.750000,12.000000,11.650000,11.900000,11.900000,226000
2016-10-26,11.800000,12.400000,11.750000,12.000000,12.000000,435800
2016-10-27,12.250000,12.250000,11.000000,11.200000,11.200000,1354200
2016-10-28,11.000000,11.250000,10.775000,11.000000,11.000000,345300
2016-10-31,11.000000,11.050000,10.550000,10.750000,10.750000,319900
2016-11-01,10.850000,11.150000,10.600000,11.100000,11.100000,1270600
2016-11-02,11.100000,11.100000,10.600000,10.800000,10.800000,280100
2016-11-03,10.250000,10.700000,9.700000,9.950000,9.950000,617200
2016-11-04,9.900000,11.050000,9.900000,11.050000,11.050000,358300
2016-11-07,11.500000,12.350000,11.050000,12.150000,12.150000,504400
2016-11-08,12.100000,12.600000,11.600000,12.550000,12.550000,270100
2016-11-09,13.150000,14.450000,13.150000,14.400000,14.400000,790300
2016-11-10,14.900000,15.000000,14.200000,14.700000,14.700000,696800
2016-11-11,14.650000,15.500000,14.105000,15.250000,15.250000,809800
2016-11-14,15.500000,15.525000,14.900000,15.100000,15.100000,731800
2016-11-15,15.050000,15.250000,13.900000,14.200000,14.200000,620900
2016-11-16,14.050000,14.550000,13.650000,13.700000,13.700000,229500
2016-11-17,13.750000,14.050000,13.400000,13.850000,13.850000,266000
2016-11-18,13.900000,14.200000,13.750000,13.950000,13.950000,219400
2016-11-21,13.950000,14.850000,13.750000,14.000000,14.000000,249200
2016-11-22,14.100000,14.350000,13.600000,13.800000,13.800000,172500
2016-11-23,13.350000,14.050000,13.200000,13.950000,13.950000,289700
2016-11-25,14.050000,14.250000,13.750000,13.950000,13.950000,121900
2016-11-28,14.050000,14.050000,12.550000,12.600000,12.600000,262000
2016-11-29,12.600000,12.700000,12.400000,12.400000,12.400000,190900
2016-11-30,12.450000,12.575000,11.350000,11.400000,11.400000,223500
2016-12-01,11.350000,11.750000,10.500000,10.550000,10.550000,370800
2016-12-02,10.550000,11.000000,10.450000,10.800000,10.800000,282800
2016-12-05,10.950000,11.700000,10.875000,11.500000,11.500000,398300
2016-12-06,11.500000,11.950000,11.150000,11.900000,11.900000,284100
2016-12-07,11.500000,11.800000,10.700000,11.500000,11.500000,292900
2016-12-08,11.400000,11.500000,11.025000,11.500000,11.500000,198600
2016-12-09,11.600000,12.040000,11.360000,11.700000,11.700000,221400
2016-12-12,11.600000,11.600000,10.950000,11.150000,11.150000,265600
2016-12-13,11.250000,11.300000,10.900000,11.000000,11.000000,215100
2016-12-14,11.050000,11.150000,10.650000,10.950000,10.950000,190800
2016-12-15,11.050000,11.450000,10.900000,11.200000,11.200000,305900
2016-12-16,11.250000,11.575000,11.050000,11.150000,11.150000,425400
2016-12-19,11.150000,11.400000,10.575000,10.650000,10.650000,263400
2016-12-20,10.750000,11.050000,10.550000,10.750000,10.750000,242100
2016-12-21,10.750000,10.825000,10.300000,10.350000,10.350000,170200
2016-12-22,10.250000,10.500000,10.050000,10.050000,10.050000,141000
2016-12-23,10.100000,11.050000,10.100000,11.000000,11.000000,209200
2016-12-27,11.000000,11.550000,10.850000,11.250000,11.250000,219500
2016-12-28,11.150000,11.225000,10.800000,11.100000,11.100000,250000
2016-12-29,11.200000,11.700000,10.900000,11.700000,11.700000,261500
2016-12-30,11.700000,11.850000,11.300000,11.400000,11.400000,232100
2017-01-03,11.550000,11.700000,10.925000,11.300000,11.300000,324300
2017-01-04,11.300000,12.000000,11.200000,11.950000,11.950000,286500
2017-01-05,12.000000,12.200000,11.600000,12.100000,12.100000,391800
2017-01-06,12.150000,12.250000,11.825000,11.900000,11.900000,129300
2017-01-09,12.200000,12.550000,11.800000,11.950000,11.950000,225900
2017-01-10,12.000000,12.150000,11.600000,12.100000,12.100000,199100
2017-01-11,11.950000,12.125000,11.300000,11.950000,11.950000,630700
2017-01-12,11.750000,12.150000,11.450000,11.900000,11.900000,307200
2017-01-13,11.950000,12.350000,11.950000,12.300000,12.300000,211200
2017-01-17,12.050000,12.150000,11.550000,11.800000,11.800000,539500
2017-01-18,11.850000,12.150000,11.200000,11.400000,11.400000,292400
2017-01-19,11.400000,11.600000,10.650000,11.000000,11.000000,249800
2017-01-20,11.050000,11.525000,10.700000,11.100000,11.100000,408000
2017-01-23,11.050000,11.200000,10.850000,11.000000,11.000000,182100
2017-01-24,11.000000,11.200000,10.750000,11.150000,11.150000,196500
2017-01-25,11.200000,11.400000,11.050000,11.150000,11.150000,162900
2017-01-26,11.200000,11.350000,10.850000,11.050000,11.050000,145900
2017-01-27,11.100000,11.200000,10.800000,11.150000,11.150000,135700
2017-01-30,11.050000,11.200000,10.750000,11.150000,11.150000,213200
2017-01-31,11.050000,11.925000,10.750000,11.850000,11.850000,211500
2017-02-01,11.800000,12.000000,11.600000,11.900000,11.900000,348700
2017-02-02,11.850000,11.850000,11.575000,11.750000,11.750000,295000
2017-02-03,11.800000,12.200000,11.600000,12.150000,12.150000,316500
2017-02-06,12.050000,12.100000,11.400000,11.750000,11.750000,218200
2017-02-07,11.750000,11.750000,11.100000,11.200000,11.200000,175000
2017-02-08,11.150000,11.350000,10.900000,11.100000,11.100000,185400
2017-02-09,11.050000,11.750000,10.800000,11.150000,11.150000,264500
2017-02-10,11.200000,11.300000,11.000000,11.050000,11.050000,107500
2017-02-13,11.150000,11.150000,10.550000,10.750000,10.750000,229800
2017-02-14,10.750000,11.350000,10.600000,11.300000,11.300000,157900
2017-02-15,11.100000,11.800000,11.075000,11.750000,11.750000,274500
2017-02-16,11.700000,11.860000,11.250000,11.450000,11.450000,241600
2017-02-17,11.350000,12.000000,11.055000,11.800000,11.800000,315800
2017-02-21,11.950000,12.000000,11.350000,11.800000,11.800000,335200
2017-02-22,11.800000,11.925000,11.250000,11.400000,11.400000,157600
2017-02-23,11.400000,11.400000,11.075000,11.150000,11.150000,135700
2017-02-24,11.050000,11.350000,10.900000,11.350000,11.350000,160300
2017-02-27,11.300000,11.650000,11.150000,11.600000,11.600000,386400
2017-02-28,11.600000,11.600000,11.200000,11.250000,11.250000,242400
2017-03-01,11.450000,11.450000,11.000000,11.250000,11.250000,308900
2017-03-02,11.250000,11.700000,11.100000,11.250000,11.250000,592000
2017-03-03,11.200000,11.350000,11.100000,11.250000,11.250000,249500
2017-03-06,11.200000,11.358000,10.750000,11.000000,11.000000,254600
2017-03-07,11.100000,11.400000,10.650000,10.650000,10.650000,336200
2017-03-08,10.750000,11.100000,10.700000,11.000000,11.000000,319400
2017-03-09,11.000000,11.200000,10.750000,11.000000,11.000000,368600
2017-03-10,11.100000,11.500000,10.900000,11.400000,11.400000,466600
2017-03-13,11.350000,11.550000,11.150000,11.350000,11.350000,506300
2017-03-14,11.250000,11.350000,10.750000,10.850000,10.850000,213700
2017-03-15,10.950000,11.350000,10.800000,11.150000,11.150000,504700
2017-03-16,11.150000,11.475000,10.950000,11.400000,11.400000,483700
2017-03-17,11.300000,11.450000,11.250000,11.400000,11.400000,723400
2017-03-20,11.450000,11.550000,11.250000,11.400000,11.400000,251800
2017-03-21,11.500000,11.500000,10.325000,10.350000,10.350000,424100
2017-03-22,10.350000,10.750000,10.250000,10.550000,10.550000,304000
2017-03-23,10.550000,10.800000,10.300000,10.350000,10.350000,299800
2017-03-24,10.050000,10.400000,10.000000,10.150000,10.150000,309300
2017-03-27,10.050000,10.600000,10.050000,10.550000,10.550000,237100
2017-03-28,10.350000,10.800000,10.150000,10.600000,10.600000,434000
2017-03-29,10.650000,11.400000,10.650000,11.050000,11.050000,705300
2017-03-30,11.000000,11.250000,10.650000,10.850000,10.850000,255300
2017-03-31,10.850000,11.100000,10.700000,10.750000,10.750000,440900
2017-04-03,10.800000,10.950000,9.725000,9.800000,9.800000,552300
2017-04-04,9.850000,10.050000,9.300000,9.500000,9.500000,507700
2017-04-05,9.500000,9.575000,8.750000,9.250000,9.250000,906500
2017-04-06,9.250000,9.400000,8.950000,9.350000,9.350000,566600
2017-04-07,9.250000,9.350000,8.800000,8.850000,8.850000,652000
2017-04-10,8.800000,9.250000,8.800000,9.200000,9.200000,390800
2017-04-11,9.200000,9.450000,8.950000,9.300000,9.300000,1017800
2017-04-12,9.300000,9.325000,8.800000,8.850000,8.850000,479200
2017-04-13,8.850000,9.550000,8.850000,9.400000,9.400000,756800
2017-04-17,9.400000,9.525000,9.100000,9.500000,9.500000,294500
2017-04-18,9.450000,9.550000,9.300000,9.300000,9.300000,299200
2017-04-19,9.400000,9.650000,9.100000,9.300000,9.300000,433000
2017-04-20,9.350000,9.450000,9.175000,9.300000,9.300000,241900
2017-04-21,9.200000,9.300000,8.800000,9.000000,9.000000,293000
2017-04-24,9.150000,9.350000,9.000000,9.300000,9.300000,193700
2017-04-25,9.400000,9.700000,9.300000,9.600000,9.600000,257300
2017-04-26,9.600000,9.750000,9.350000,9.650000,9.650000,470800
2017-04-27,9.700000,9.750000,9.475000,9.700000,9.700000,240300
2017-04-28,9.650000,9.750000,9.450000,9.650000,9.650000,271700
2017-05-01,9.900000,9.925000,9.500000,9.700000,9.700000,291600
2017-05-02,9.650000,9.845000,9.425000,9.650000,9.650000,293000
2017-05-03,9.600000,10.400000,9.550000,10.050000,10.050000,616900
2017-05-04,10.100000,10.350000,9.925000,10.150000,10.150000,334200
2017-05-05,10.150000,10.150000,9.850000,10.150000,10.150000,211400
2017-05-08,10.050000,10.150000,9.700000,9.800000,9.800000,256100
2017-05-09,9.900000,10.100000,9.750000,10.050000,10.050000,194700
2017-05-10,10.000000,10.150000,9.850000,9.900000,9.900000,223200
2017-05-11,9.850000,10.000000,9.550000,9.650000,9.650000,570400
2017-05-12,9.700000,9.975000,9.450000,9.900000,9.900000,340200
2017-05-15,9.850000,10.100000,9.800000,9.950000,9.950000,285800
2017-05-16,10.050000,10.050000,9.850000,10.000000,10.000000,387300
2017-05-17,9.650000,10.025000,9.550000,9.700000,9.700000,305600
2017-05-18,9.750000,10.000000,9.550000,9.900000,9.900000,234700
2017-05-19,9.900000,10.100000,9.900000,9.950000,9.950000,334700
2017-05-22,10.000000,10.125000,9.900000,10.000000,10.000000,809800
2017-05-23,10.050000,10.300000,9.900000,10.200000,10.200000,583400
2017-05-24,10.150000,10.250000,9.975000,10.150000,10.150000,800300
2017-05-25,10.250000,10.255000,9.925000,10.200000,10.200000,677900
2017-05-26,10.200000,10.350000,10.050000,10.050000,10.050000,456400
2017-05-30,10.050000,10.100000,9.950000,9.950000,9.950000,473600
2017-05-31,10.050000,10.050000,9.950000,10.000000,10.000000,624600
2017-06-01,10.100000,10.150000,9.850000,9.900000,9.900000,1414800
2017-06-02,9.900000,10.350000,9.700000,10.150000,10.150000,555200
2017-06-05,10.100000,10.400000,9.875000,10.300000,10.300000,450900
2017-06-06,10.200000,10.275000,9.800000,10.050000,10.050000,530800
2017-06-07,10.000000,10.200000,9.850000,10.150000,10.150000,657800
2017-06-08,10.200000,10.550000,10.050000,10.550000,10.550000,293900
2017-06-09,10.550000,11.100000,10.350000,10.750000,10.750000,365100
2017-06-12,10.700000,11.050000,10.575000,10.750000,10.750000,286200
2017-06-13,10.700000,10.950000,10.500000,10.650000,10.650000,264100
2017-06-14,10.650000,10.850000,10.650000,10.750000,10.750000,264300
2017-06-15,10.550000,10.675000,10.225000,10.500000,10.500000,387000
2017-06-16,10.400000,10.575000,10.195000,10.550000,10.550000,712300
2017-06-19,10.500000,10.650000,10.350000,10.500000,10.500000,407900
2017-06-20,10.800000,11.150000,10.450000,10.550000,10.550000,611700
2017-06-21,10.650000,11.000000,10.600000,10.850000,10.850000,363600
2017-06-22,10.900000,11.350000,10.800000,11.150000,11.150000,393100
2017-06-23,11.250000,11.300000,10.950000,11.300000,11.300000,697100
2017-06-26,11.350000,11.350000,11.000000,11.200000,11.200000,469200
2017-06-27,11.200000,11.600000,10.950000,10.950000,10.950000,1243200
2017-06-28,11.000000,11.450000,10.950000,11.150000,11.150000,356400
2017-06-29,11.050000,11.500000,11.050000,11.450000,11.450000,249600
2017-06-30,11.500000,11.650000,11.300000,11.400000,11.400000,180900
2017-07-03,11.400000,11.500000,10.800000,11.050000,11.050000,262200
2017-07-05,11.000000,11.700000,10.900000,11.450000,11.450000,362300
2017-07-06,11.350000,12.550000,11.100000,12.500000,12.500000,834800
2017-07-07,12.400000,13.200000,12.250000,13.000000,13.000000,502700
2017-07-10,13.050000,13.200000,12.750000,12.900000,12.900000,407900
2017-07-11,12.800000,13.075000,12.500000,12.700000,12.700000,384700
2017-07-12,12.700000,12.750000,12.400000,12.600000,12.600000,269900
2017-07-13,12.550000,12.700000,12.150000,12.600000,12.600000,422200
2017-07-14,12.550000,12.850000,12.350000,12.700000,12.700000,354900
2017-07-17,12.800000,13.250000,12.650000,13.100000,13.100000,306200
2017-07-18,13.300000,13.500000,12.950000,13.300000,13.300000,331600
2017-07-19,13.300000,13.650000,12.950000,13.450000,13.450000,334000
2017-07-20,13.400000,13.750000,13.300000,13.700000,13.700000,262000
2017-07-21,13.900000,14.000000,13.625000,13.750000,13.750000,244100
2017-07-24,13.750000,14.000000,13.450000,13.950000,13.950000,230300
2017-07-25,14.000000,14.050000,13.600000,13.700000,13.700000,183500
2017-07-26,13.750000,14.000000,13.625000,13.800000,13.800000,157000
2017-07-27,13.950000,13.950000,12.925000,13.250000,13.250000,303500
2017-07-28,13.150000,13.350000,12.900000,13.100000,13.100000,370400
2017-07-31,13.050000,13.350000,12.750000,12.850000,12.850000,233500
2017-08-01,12.850000,12.900000,12.450000,12.650000,12.650000,245500
2017-08-02,12.700000,12.900000,12.400000,12.600000,12.600000,138600
2017-08-03,12.550000,12.550000,11.500000,11.900000,11.900000,369900
2017-08-04,12.000000,12.650000,11.800000,12.250000,12.250000,362200
2017-08-07,12.250000,12.400000,11.975000,12.250000,12.250000,388200
2017-08-08,12.200000,12.450000,12.050000,12.300000,12.300000,314900
2017-08-09,12.250000,12.350000,11.900000,12.150000,12.150000,353900
2017-08-10,12.050000,12.200000,11.100000,11.150000,11.150000,468300
2017-08-11,11.250000,11.550000,11.000000,11.350000,11.350000,379100
2017-08-14,11.450000,11.650000,11.250000,11.450000,11.450000,250700
2017-08-15,11.450000,11.500000,11.225000,11.350000,11.350000,135200
2017-08-16,11.300000,11.550000,11.200000,11.300000,11.300000,132500
2017-08-17,11.200000,11.525000,10.960000,11.100000,11.100000,299600
2017-08-18,10.950000,11.150000,10.750000,10.750000,10.750000,301800
2017-08-21,10.850000,10.900000,10.600000,10.800000,10.800000,188000
2017-08-22,10.850000,11.125000,10.750000,11.000000,11.000000,172300
2017-08-23,10.950000,11.425000,10.900000,11.200000,11.200000,314900
2017-08-24,11.300000,11.625000,11.100000,11.300000,11.300000,507100
2017-08-25,11.200000,11.350000,10.900000,11.000000,11.000000,246200
2017-08-28,11.150000,11.350000,11.050000,11.150000,11.150000,231700
2017-08-29,11.100000,11.325000,11.050000,11.250000,11.250000,290700
2017-08-30,11.300000,12.350000,11.225000,11.900000,11.900000,412100
2017-08-31,11.800000,12.250000,11.800000,12.150000,12.150000,363900
2017-09-01,12.100000,12.200000,11.450000,11.700000,11.700000,594200
2017-09-05,11.700000,11.890000,11.525000,11.700000,11.700000,452900
2017-09-06,11.700000,11.875000,11.450000,11.650000,11.650000,311800
2017-09-07,11.650000,11.950000,11.500000,11.750000,11.750000,283000
2017-09-08,11.700000,11.900000,11.450000,11.650000,11.650000,325200
2017-09-11,11.700000,11.900000,11.050000,11.150000,11.150000,461200
2017-09-12,11.150000,11.350000,10.850000,11.100000,11.100000,427800
2017-09-13,11.000000,11.200000,10.800000,11.050000,11.050000,354500
2017-09-14,10.900000,11.250000,10.875000,11.200000,11.200000,655100
2017-09-15,11.100000,11.350000,10.950000,11.200000,11.200000,2170600
2017-09-18,11.200000,11.500000,10.950000,11.150000,11.150000,613800
2017-09-19,11.100000,11.250000,10.850000,11.000000,11.000000,368300
2017-09-20,10.950000,11.100000,10.900000,11.000000,11.000000,236400
2017-09-21,10.950000,11.250000,10.900000,11.000000,11.000000,255000
2017-09-22,11.000000,11.245000,10.800000,10.800000,10.800000,324700
2017-09-25,10.850000,11.000000,10.675000,10.900000,10.900000,484800
2017-09-26,10.950000,11.550000,10.550000,10.550000,10.550000,395400
2017-09-27,10.650000,10.925000,10.250000,10.800000,10.800000,641000
2017-09-28,10.850000,11.000000,10.650000,10.900000,10.900000,635000
2017-09-29,10.850000,11.000000,10.400000,10.650000,10.650000,842400
2017-10-02,10.800000,11.075000,10.400000,11.000000,11.000000,1207600
2017-10-03,11.100000,11.350000,10.800000,11.200000,11.200000,553800
2017-10-04,11.100000,11.300000,11.000000,11.100000,11.100000,277100
2017-10-05,11.150000,11.210000,10.250000,10.750000,10.750000,396200
2017-10-06,10.550000,10.900000,10.350000,10.350000,10.350000,305600
2017-10-09,10.450000,10.450000,10.025000,10.100000,10.100000,539500
2017-10-10,10.200000,10.300000,10.050000,10.150000,10.150000,315600
2017-10-11,10.050000,10.300000,9.900000,10.000000,10.000000,398800
2017-10-12,10.000000,10.050000,9.650000,9.750000,9.750000,333700
2017-10-13,9.800000,10.100000,9.225000,9.250000,9.250000,367200
2017-10-16,9.300000,9.700000,9.300000,9.500000,9.500000,610700
2017-10-17,9.550000,9.750000,9.500000,9.650000,9.650000,460100
2017-10-18,9.650000,9.880000,9.400000,9.550000,9.550000,415200
2017-10-19,9.600000,9.700000,9.150000,9.225000,9.225000,298400
2017-10-20,9.250000,9.400000,9.100000,9.200000,9.200000,275900
2017-10-23,9.150000,9.250000,8.700000,8.750000,8.750000,677100
2017-10-24,8.800000,9.050000,8.475000,8.500000,8.500000,562100
2017-10-25,8.450000,8.550000,8.200000,8.400000,8.400000,289300
2017-10-26,8.350000,8.425000,8.150000,8.250000,8.250000,278900
2017-10-27,8.250000,8.400000,8.050000,8.300000,8.300000,464100
2017-10-30,8.350000,8.600000,8.150000,8.250000,8.250000,453500
2017-10-31,8.850000,9.100000,7.950000,7.950000,7.950000,636400
2017-11-01,6.250000,8.200000,6.005000,7.550000,7.550000,1100800
2017-11-02,7.550000,7.600000,7.200000,7.525000,7.525000,694100
2017-11-03,7.550000,8.000000,7.350000,7.950000,7.950000,412500
2017-11-06,8.000000,8.150000,7.800000,7.850000,7.850000,408600
2017-11-07,7.900000,8.000000,7.750000,7.800000,7.800000,464800
2017-11-08,7.750000,7.900000,7.525000,7.800000,7.800000,394400
2017-11-09,7.700000,7.900000,7.500000,7.850000,7.850000,465600
2017-11-10,7.900000,8.150000,7.750000,7.950000,7.950000,557900
2017-11-13,8.000000,8.425000,7.850000,8.250000,8.250000,823800
2017-11-14,8.200000,8.450000,8.150000,8.350000,8.350000,687000
2017-11-15,8.300000,9.050000,8.200000,8.700000,8.700000,718300
2017-11-16,8.750000,9.050000,8.500000,9.000000,9.000000,632800
2017-11-17,8.850000,9.000000,8.650000,8.800000,8.800000,374000
2017-11-20,8.850000,8.950000,8.650000,8.750000,8.750000,403500
2017-11-21,8.750000,9.150000,8.750000,9.150000,9.150000,470600
2017-11-22,9.150000,9.225000,8.950000,9.100000,9.100000,357500
2017-11-24,9.150000,9.250000,8.900000,9.050000,9.050000,177300
2017-11-27,9.050000,9.150000,8.800000,8.850000,8.850000,389600
2017-11-28,8.850000,9.000000,8.675000,8.750000,8.750000,362300
2017-11-29,8.850000,9.250000,8.850000,9.200000,9.200000,417700
2017-11-30,9.250000,9.500000,9.100000,9.500000,9.500000,410300
2017-12-01,9.500000,9.600000,9.100000,9.550000,9.550000,674700
2017-12-04,9.600000,10.000000,8.850000,9.050000,9.050000,648500
2017-12-05,9.250000,9.250000,8.500000,8.600000,8.600000,390000
2017-12-06,8.600000,8.750000,7.950000,8.200000,8.200000,658700
2017-12-07,8.200000,8.350000,7.950000,8.050000,8.050000,406300
2017-12-08,8.150000,8.400000,8.150000,8.200000,8.200000,361400
2017-12-11,8.200000,8.250000,7.850000,7.850000,7.850000,364700
2017-12-12,7.500000,8.400000,7.250000,8.250000,8.250000,1144900
2017-12-13,8.150000,8.450000,7.950000,8.300000,8.300000,949000
2017-12-14,8.350000,8.400000,8.050000,8.100000,8.100000,1022200
2017-12-15,8.100000,8.350000,8.000000,8.200000,8.200000,1516300
2017-12-18,8.250000,8.400000,8.050000,8.050000,8.050000,293300
2017-12-19,8.100000,8.400000,8.000000,8.150000,8.150000,607900
2017-12-20,8.100000,8.300000,8.000000,8.100000,8.100000,393300
2017-12-21,8.050000,8.300000,8.000000,8.075000,8.075000,348500
2017-12-22,8.100000,8.350000,7.950000,8.050000,8.050000,350300
2017-12-26,8.050000,8.100000,7.550000,7.750000,7.750000,382500
2017-12-27,7.700000,7.800000,7.500000,7.600000,7.600000,397500
2017-12-28,7.550000,7.600000,7.400000,7.550000,7.550000,403600
2017-12-29,7.300000,7.550000,7.300000,7.500000,7.500000,348000
2018-01-02,7.550000,7.825000,7.450000,7.600000,7.600000,628400
2018-01-03,7.450000,7.760000,7.325000,7.400000,7.400000,389100
2018-01-04,7.400000,7.950000,7.250000,7.800000,7.800000,493700
2018-01-05,7.850000,8.000000,7.600000,7.675000,7.675000,305900
2018-01-08,7.700000,7.750000,7.300000,7.550000,7.550000,437700
2018-01-09,7.550000,7.700000,7.450000,7.500000,7.500000,329800
2018-01-10,7.400000,7.500000,7.200000,7.450000,7.450000,251300
2018-01-11,7.400000,7.500000,7.150000,7.200000,7.200000,343600
2018-01-12,7.200000,7.355000,7.100000,7.150000,7.150000,329200
2018-01-16,7.250000,7.250000,6.750000,6.750000,6.750000,536000
2018-01-17,6.750000,6.900000,6.625000,6.800000,6.800000,409800
2018-01-18,6.850000,7.000000,6.725000,6.900000,6.900000,349800
2018-01-19,6.850000,7.300000,6.750000,7.300000,7.300000,637500
2018-01-22,7.350000,7.650000,7.250000,7.550000,7.550000,527100
2018-01-23,7.500000,7.725000,7.360000,7.700000,7.700000,494700
2018-01-24,7.700000,7.700000,6.500000,6.825000,6.825000,1149200
2018-01-25,6.800000,6.900000,6.550000,6.750000,6.750000,549900
2018-01-26,6.800000,6.900000,6.550000,6.700000,6.700000,595400
2018-01-29,6.700000,7.050000,6.600000,6.900000,6.900000,576200
2018-01-30,6.800000,7.000000,6.575000,6.700000,6.700000,812800
2018-01-31,6.800000,6.800000,6.300000,6.300000,6.300000,660500
2018-02-01,6.300000,6.500000,6.125000,6.250000,6.250000,497300
2018-02-02,6.250000,6.550000,6.100000,6.150000,6.150000,516000
2018-02-05,6.050000,6.400000,6.000000,6.000000,6.000000,729400
2018-02-06,5.900000,6.350000,5.850000,6.250000,6.250000,671900
2018-02-07,6.250000,6.450000,6.200000,6.300000,6.300000,284500
2018-02-08,6.300000,6.300000,6.050000,6.050000,6.050000,448100
2018-02-09,6.150000,6.250000,5.825000,6.100000,6.100000,887400
2018-02-12,6.100000,6.325000,5.950000,6.250000,6.250000,487900
2018-02-13,6.150000,6.275000,5.950000,6.200000,6.200000,385400
2018-02-14,6.150000,6.300000,6.100000,6.250000,6.250000,370700
2018-02-15,6.250000,6.300000,5.975000,6.100000,6.100000,429000
2018-02-16,6.100000,6.250000,6.000000,6.050000,6.050000,332200
2018-02-20,6.050000,6.200000,6.050000,6.100000,6.100000,343500
2018-02-21,6.200000,6.350000,6.050000,6.100000,6.100000,922200
2018-02-22,6.400000,6.850000,6.150000,6.200000,6.200000,650300
2018-02-23,6.200000,6.700000,6.125000,6.600000,6.600000,554000
2018-02-26,6.600000,6.700000,6.350000,6.550000,6.550000,278500
2018-02-27,6.550000,6.650000,6.300000,6.300000,6.300000,335500
2018-02-28,6.300000,6.500000,6.200000,6.250000,6.250000,410500
2018-03-01,6.200000,6.350000,6.100000,6.150000,6.150000,901000
2018-03-02,5.900000,6.450000,5.850000,6.450000,6.450000,696400
2018-03-05,6.400000,6.800000,6.350000,6.750000,6.750000,907500
2018-03-06,6.850000,6.875000,6.600000,6.850000,6.850000,523100
2018-03-07,6.850000,7.475000,6.750000,7.400000,7.400000,731700
2018-03-08,7.350000,7.975000,7.325000,7.900000,7.900000,538900
2018-03-09,7.900000,9.250000,7.800000,8.750000,8.750000,1273900
2018-03-12,8.800000,9.100000,8.600000,9.050000,9.050000,737200
2018-03-13,9.150000,9.925000,8.500000,8.800000,8.800000,1075100
2018-03-14,8.800000,9.300000,8.650000,9.250000,9.250000,875500
2018-03-15,9.200000,9.800000,9.125000,9.300000,9.300000,853300
2018-03-16,9.300000,9.600000,9.100000,9.200000,9.200000,2328400
2018-03-19,9.150000,9.700000,9.000000,9.250000,9.250000,816900
2018-03-20,9.200000,9.550000,9.050000,9.200000,9.200000,480600
2018-03-21,9.150000,9.325000,8.800000,8.950000,8.950000,509600
2018-03-22,9.000000,9.290000,8.900000,8.950000,8.950000,432700
2018-03-23,8.950000,9.250000,8.675000,8.700000,8.700000,310300
2018-03-26,8.900000,9.450000,8.750000,9.300000,9.300000,766600
2018-03-27,9.400000,9.850000,9.200000,9.300000,9.300000,638900
2018-03-28,9.300000,9.450000,8.850000,9.150000,9.150000,545100
2018-03-29,9.150000,9.400000,9.000000,9.300000,9.300000,449700
2018-04-02,9.250000,9.275000,8.700000,8.900000,8.900000,727700
2018-04-03,9.000000,9.050000,8.150000,8.600000,8.600000,657700
2018-04-04,8.550000,9.000000,8.500000,8.850000,8.850000,493300
2018-04-05,9.000000,9.000000,8.200000,8.250000,8.250000,432500
2018-04-06,8.150000,8.325000,7.975000,8.050000,8.050000,417900
2018-04-09,8.100000,8.250000,7.750000,7.900000,7.900000,786000
2018-04-10,7.950000,8.000000,7.500000,7.750000,7.750000,519100
2018-04-11,7.750000,8.100000,7.400000,7.500000,7.500000,895600
2018-04-12,7.550000,7.800000,7.150000,7.550000,7.550000,731300
2018-04-13,7.550000,7.550000,7.100000,7.200000,7.200000,375600
2018-04-16,7.250000,8.050000,7.200000,7.500000,7.500000,782200
2018-04-17,7.600000,7.650000,7.275000,7.450000,7.450000,279200
2018-04-18,7.400000,7.550000,7.000000,7.100000,7.100000,393300
2018-04-19,7.100000,7.250000,6.900000,7.100000,7.100000,199000
2018-04-20,7.050000,7.100000,6.750000,6.950000,6.950000,380200
2018-04-23,7.000000,7.150000,6.800000,6.950000,6.950000,428800
2018-04-24,6.950000,7.050000,6.750000,6.850000,6.850000,279700
2018-04-25,6.850000,7.000000,6.700000,6.850000,6.850000,197600
2018-04-26,6.850000,7.150000,6.850000,7.000000,7.000000,324700
2018-04-27,7.050000,7.245000,7.050000,7.150000,7.150000,241300
2018-04-30,7.100000,7.250000,6.875000,6.900000,6.900000,256800
2018-05-01,6.950000,7.050000,6.800000,7.000000,7.000000,231500
2018-05-02,6.950000,7.350000,6.950000,7.250000,7.250000,312500
2018-05-03,7.300000,7.850000,7.150000,7.550000,7.550000,1023900
2018-05-04,7.500000,7.925000,7.500000,7.700000,7.700000,308300
2018-05-07,7.600000,7.850000,7.455000,7.650000,7.650000,201800
2018-05-08,7.600000,7.825000,7.495000,7.750000,7.750000,290500
2018-05-09,7.750000,8.140000,7.750000,8.050000,8.050000,266300
2018-05-10,8.050000,8.200000,8.000000,8.100000,8.100000,242500
2018-05-11,8.100000,8.450000,7.900000,8.350000,8.350000,274500
2018-05-14,8.350000,8.750000,8.150000,8.400000,8.400000,420800
2018-05-15,8.350000,8.400000,8.100000,8.150000,8.150000,303800
2018-05-16,8.200000,8.400000,8.175000,8.300000,8.300000,266000
2018-05-17,8.150000,8.275000,8.050000,8.100000,8.100000,551500
2018-05-18,8.150000,8.250000,7.800000,7.950000,7.950000,289900
2018-05-21,7.950000,8.100000,7.800000,7.850000,7.850000,186000
2018-05-22,7.800000,8.150000,7.800000,7.900000,7.900000,195800
2018-05-23,7.900000,8.250000,7.900000,8.200000,8.200000,203900
2018-05-24,8.200000,8.500000,8.150000,8.250000,8.250000,276700
2018-05-25,8.200000,8.350000,8.050000,8.150000,8.150000,148300
2018-05-29,8.150000,8.500000,8.000000,8.400000,8.400000,665100
2018-05-30,8.500000,8.750000,8.500000,8.600000,8.600000,347200
2018-05-31,8.600000,8.850000,8.400000,8.800000,8.800000,451900
2018-06-01,8.900000,9.000000,8.400000,8.450000,8.450000,392200
2018-06-04,8.350000,8.400000,6.700000,7.150000,7.150000,1544700
2018-06-05,7.150000,7.450000,6.650000,6.800000,6.800000,756000
2018-06-06,6.800000,6.850000,6.500000,6.600000,6.600000,497500
2018-06-07,6.650000,6.800000,6.450000,6.550000,6.550000,556200
2018-06-08,6.600000,6.975000,6.600000,6.850000,6.850000,587000
2018-06-11,6.800000,6.900000,6.600000,6.650000,6.650000,273900
2018-06-12,6.650000,7.150000,6.550000,7.000000,7.000000,385600
2018-06-13,7.000000,7.250000,7.000000,7.100000,7.100000,328900
2018-06-14,7.100000,7.800000,7.050000,7.700000,7.700000,409000
2018-06-15,7.650000,7.900000,7.550000,7.900000,7.900000,440700
2018-06-18,7.900000,8.250000,7.750000,8.150000,8.150000,333000
2018-06-19,8.100000,8.990000,7.910000,8.200000,8.200000,666300
2018-06-20,8.150000,8.250000,7.900000,8.000000,8.000000,312000
2018-06-21,8.000000,8.125000,7.600000,7.650000,7.650000,465400
2018-06-22,7.750000,8.175000,7.650000,8.050000,8.050000,2562300
2018-06-25,8.000000,8.400000,7.900000,8.050000,8.050000,418100
2018-06-26,8.000000,8.100000,7.725000,7.800000,7.800000,262100
2018-06-27,7.800000,7.860000,7.200000,7.250000,7.250000,272000
2018-06-28,7.300000,7.300000,6.950000,7.100000,7.100000,237900
2018-06-29,7.150000,7.400000,6.975000,7.000000,7.000000,360500
2018-07-02,7.000000,7.225000,6.900000,7.200000,7.200000,246600
2018-07-03,7.250000,7.550000,7.100000,7.200000,7.200000,152900
2018-07-05,7.200000,7.500000,7.075000,7.300000,7.300000,314400
2018-07-06,7.350000,7.700000,7.300000,7.500000,7.500000,215800
2018-07-09,7.500000,7.550000,7.300000,7.350000,7.350000,192200
2018-07-10,7.400000,7.450000,7.100000,7.200000,7.200000,171000
2018-07-11,7.200000,7.250000,7.000000,7.050000,7.050000,285800
2018-07-12,7.050000,7.150000,6.750000,6.850000,6.850000,272000
2018-07-13,6.850000,6.950000,6.700000,6.850000,6.850000,317100
2018-07-16,6.850000,7.050000,6.800000,6.950000,6.950000,398700
2018-07-17,6.950000,7.050000,6.750000,6.850000,6.850000,518700
2018-07-18,6.800000,6.900000,6.650000,6.800000,6.800000,187900
2018-07-19,6.750000,7.250000,6.750000,7.050000,7.050000,429200
2018-07-20,7.050000,7.100000,6.850000,6.900000,6.900000,241800
2018-07-23,6.850000,7.140000,6.675000,6.850000,6.850000,258900
2018-07-24,6.950000,7.050000,6.500000,6.550000,6.550000,298000
2018-07-25,6.550000,6.900000,6.500000,6.850000,6.850000,327900
2018-07-26,6.800000,6.900000,6.550000,6.700000,6.700000,193300
2018-07-27,6.650000,6.900000,6.000000,6.200000,6.200000,263900
2018-07-30,6.150000,6.150000,5.600000,5.600000,5.600000,246600
2018-07-31,5.600000,5.850000,5.300000,5.850000,5.850000,1102000
2018-08-01,5.850000,5.950000,5.400000,5.400000,5.400000,236400
2018-08-02,5.300000,5.800000,5.240000,5.750000,5.750000,516100
2018-08-03,5.800000,6.000000,5.350000,5.450000,5.450000,334400
2018-08-06,5.400000,5.650000,5.300000,5.350000,5.350000,275400
2018-08-07,5.400000,5.650000,5.150000,5.250000,5.250000,315200
2018-08-08,5.250000,5.400000,5.100000,5.200000,5.200000,247200
2018-08-09,5.150000,5.450000,5.100000,5.300000,5.300000,181800
2018-08-10,5.300000,5.750000,5.300000,5.650000,5.650000,236500
2018-08-13,5.650000,5.750000,5.350000,5.500000,5.500000,278900
2018-08-14,5.500000,5.700000,5.300000,5.400000,5.400000,351300
2018-08-15,5.350000,5.495000,5.150000,5.400000,5.400000,255800
2018-08-16,5.400000,5.600000,5.275000,5.400000,5.400000,203300
2018-08-17,5.350000,6.350000,5.350000,5.750000,5.750000,471000
2018-08-20,5.800000,6.100000,5.700000,6.000000,6.000000,294500
2018-08-21,6.000000,6.083000,5.800000,5.850000,5.850000,234700
2018-08-22,5.800000,6.000000,5.800000,5.950000,5.950000,203100
2018-08-23,6.000000,6.150000,5.700000,5.750000,5.750000,224100
2018-08-24,5.750000,6.000000,5.700000,5.850000,5.850000,208300
2018-08-27,5.900000,6.100000,5.850000,5.900000,5.900000,234400
2018-08-28,5.950000,6.490000,5.950000,6.300000,6.300000,357300
2018-08-29,6.350000,6.500000,6.200000,6.300000,6.300000,175300
2018-08-30,6.350000,6.950000,6.200000,6.750000,6.750000,535100
2018-08-31,6.700000,7.475000,6.560000,7.400000,7.400000,412700
2018-09-04,7.350000,7.350000,6.950000,7.350000,7.350000,223200
2018-09-05,7.350000,7.950000,7.250000,7.850000,7.850000,365800
2018-09-06,7.850000,8.100000,7.700000,7.850000,7.850000,456900
2018-09-07,7.800000,7.875000,7.000000,7.050000,7.050000,257600
2018-09-10,7.050000,7.450000,7.050000,7.350000,7.350000,222500
2018-09-11,7.350000,7.425000,6.600000,6.750000,6.750000,324400
2018-09-12,6.750000,7.150000,6.700000,6.950000,6.950000,235600
2018-09-13,6.950000,6.950000,6.250000,6.475000,6.475000,418600
2018-09-14,6.500000,6.750000,6.450000,6.750000,6.750000,257300
2018-09-17,6.800000,6.875000,6.050000,6.200000,6.200000,221400
2018-09-18,6.200000,6.850000,6.200000,6.750000,6.750000,294000
2018-09-19,6.650000,6.775000,6.300000,6.400000,6.400000,663200
2018-09-20,6.450000,6.450000,6.000000,6.300000,6.300000,559200
2018-09-21,6.250000,6.400000,6.000000,6.200000,6.200000,1044600
2018-09-24,6.150000,6.350000,5.550000,5.950000,5.950000,390200
2018-09-25,5.950000,6.160000,5.700000,5.900000,5.900000,381800
2018-09-26,5.950000,6.150000,5.800000,6.000000,6.000000,351800
2018-09-27,6.050000,6.850000,6.050000,6.600000,6.600000,674200
2018-09-28,6.550000,7.400000,6.450000,7.350000,7.350000,764000
2018-10-01,7.360000,7.640000,7.050000,7.180000,7.180000,584400
2018-10-02,6.870000,6.990000,6.040000,6.245000,6.245000,879000
2018-10-03,6.300000,6.345000,6.110000,6.160000,6.160000,460900
2018-10-04,6.090000,6.270000,6.000000,6.060000,6.060000,478700
2018-10-05,6.110000,6.680000,5.935000,5.950000,5.950000,1078600
2018-10-08,5.950000,6.260000,5.790000,6.100000,6.100000,392100
2018-10-09,6.120000,6.680000,6.120000,6.520000,6.520000,458200
2018-10-10,6.450000,6.710000,6.395000,6.440000,6.440000,401100
2018-10-11,6.400000,6.480000,6.000000,6.080000,6.080000,490300
2018-10-12,6.170000,6.200000,5.950000,6.080000,6.080000,437900
2018-10-15,6.060000,6.480000,5.980000,6.390000,6.390000,357200
2018-10-16,6.440000,6.940000,6.340000,6.830000,6.830000,403300
2018-10-17,6.810000,6.910000,6.240000,6.250000,6.250000,312100
2018-10-18,6.200000,6.781000,6.180000,6.500000,6.500000,460400
2018-10-19,6.500000,6.705000,6.230000,6.280000,6.280000,290100
2018-10-22,4.380000,4.500000,3.690000,4.430000,4.430000,2092100
2018-10-23,4.260000,4.440000,4.130000,4.380000,4.380000,832900
2018-10-24,4.400000,4.550000,3.960000,4.000000,4.000000,933900
2018-10-25,4.030000,4.260000,4.030000,4.140000,4.140000,593800
2018-10-26,4.080000,4.540000,4.000000,4.450000,4.450000,368100
2018-10-29,4.480000,4.720000,4.240000,4.340000,4.340000,251600
2018-10-30,4.330000,4.540000,4.296000,4.440000,4.440000,247500
2018-10-31,3.990000,4.450000,3.990000,4.240000,4.240000,413700
2018-11-01,4.300000,4.806000,4.270000,4.770000,4.770000,417100
2018-11-02,4.800000,4.930000,4.640000,4.660000,4.660000,263600
2018-11-05,4.690000,4.880000,4.390000,4.480000,4.480000,468800
2018-11-06,4.480000,4.590000,4.080000,4.190000,4.190000,497000
2018-11-07,4.190000,4.320000,4.080000,4.250000,4.250000,463700
2018-11-08,4.250000,4.260000,3.960000,4.210000,4.210000,673400
2018-11-09,4.130000,4.208000,3.610000,3.630000,3.630000,668400
2018-11-12,3.600000,3.744000,3.580000,3.580000,3.580000,282600
2018-11-13,3.610000,3.640000,3.190000,3.200000,3.200000,502100
2018-11-14,3.230000,3.390000,3.204000,3.330000,3.330000,443500
2018-11-15,3.290000,3.480000,3.200000,3.290000,3.290000,1728700
2018-11-16,3.240000,3.440000,3.210000,3.280000,3.280000,881000
2018-11-19,3.250000,3.300000,2.990000,3.020000,3.020000,644200
2018-11-20,2.980000,3.240000,2.850000,3.050000,3.050000,1707900
2018-11-21,3.050000,3.050000,2.750000,2.820000,2.820000,911300
2018-11-23,2.810000,3.030000,2.810000,2.860000,2.860000,1159900
2018-11-26,2.890000,2.940000,2.680000,2.690000,2.690000,567000
2018-11-27,2.680000,2.740000,2.470000,2.490000,2.490000,839400
2018-11-28,2.520000,2.600000,2.485000,2.540000,2.540000,691600
2018-11-29,2.550000,2.750000,2.490000,2.500000,2.500000,3544300
2018-11-30,2.530000,2.648000,2.470000,2.480000,2.480000,725100
2018-12-03,2.520000,2.700000,2.480000,2.500000,2.500000,1336900
2018-12-04,2.520000,2.970000,2.501000,2.570000,2.570000,1657000
2018-12-06,2.570000,2.890000,2.520000,2.880000,2.880000,1011200
2018-12-07,2.850000,2.910000,2.580000,2.680000,2.680000,539900
2018-12-10,2.700000,2.800000,2.550000,2.800000,2.800000,399900
2018-12-11,2.840000,2.860000,2.500000,2.800000,2.800000,2144000
2018-12-12,2.850000,3.050000,2.720000,2.840000,2.840000,500000
2018-12-13,2.880000,2.880000,2.690000,2.730000,2.730000,432500
2018-12-14,2.720000,2.780000,2.682000,2.740000,2.740000,414400
2018-12-17,2.710000,2.770000,2.570000,2.630000,2.630000,578800
2018-12-18,2.640000,2.640000,2.423000,2.470000,2.470000,1451400
2018-12-19,2.900000,3.150000,2.700000,2.960000,2.960000,7230300
2018-12-20,2.920000,3.290000,2.670000,2.830000,2.830000,2784100
2018-12-21,2.780000,2.820000,2.470000,2.510000,2.510000,822800
2018-12-24,2.560000,2.634000,2.490000,2.500000,2.500000,278900
2018-12-26,2.500000,2.619000,2.340000,2.600000,2.600000,606000
2018-12-27,2.570000,2.630000,2.450000,2.570000,2.570000,1295800
2018-12-28,2.570000,2.750000,2.510000,2.650000,2.650000,435800
2018-12-31,2.670000,2.800000,2.545000,2.640000,2.640000,628600
2019-01-02,2.580000,2.730000,2.560000,2.730000,2.730000,1416300
2019-01-03,2.680000,2.990000,2.520000,2.940000,2.940000,2539900
2019-01-04,3.000000,3.240000,2.900000,2.930000,2.930000,2433200
2019-01-07,2.960000,3.170000,2.930000,3.050000,3.050000,4119700
2019-01-08,3.090000,3.140000,2.950000,2.980000,2.980000,1365000
2019-01-09,2.990000,3.050000,2.760000,2.770000,2.770000,1008200
2019-01-10,2.770000,2.900000,2.680000,2.860000,2.860000,557700
2019-01-11,2.850000,3.010000,2.780000,2.980000,2.980000,618700
2019-01-14,2.970000,2.970000,2.800000,2.830000,2.830000,291600
2019-01-15,2.850000,2.930000,2.753000,2.850000,2.850000,606000
2019-01-16,2.850000,2.930000,2.770000,2.800000,2.800000,239000
2019-01-17,2.790000,2.940000,2.700000,2.880000,2.880000,516100
2019-01-18,2.870000,2.870000,2.680000,2.700000,2.700000,326000
2019-01-22,2.710000,2.830000,2.620000,2.710000,2.710000,459000
2019-01-23,2.700000,2.750000,2.530000,2.580000,2.580000,311100
2019-01-24,2.600000,2.680000,2.560000,2.580000,2.580000,845100
2019-01-25,2.590000,2.670000,2.582000,2.640000,2.640000,489700
2019-01-28,2.620000,2.640000,2.370000,2.420000,2.420000,633800
2019-01-29,2.400000,2.490000,2.340000,2.470000,2.470000,740100
2019-01-30,2.500000,2.740000,2.370000,2.720000,2.720000,2052300
2019-01-31,2.740000,2.990000,2.720000,2.980000,2.980000,948500
2019-02-01,2.960000,3.430000,2.938000,3.260000,3.260000,864500
2019-02-04,3.240000,3.640000,3.200000,3.480000,3.480000,898900
2019-02-05,3.480000,3.590000,3.360000,3.470000,3.470000,449500
2019-02-06,3.480000,3.598000,3.390000,3.440000,3.440000,571200
2019-02-07,3.430000,3.500000,3.210000,3.390000,3.390000,366200
2019-02-08,3.390000,3.429000,3.250000,3.350000,3.350000,232100
2019-02-11,3.370000,3.600000,3.330000,3.530000,3.530000,300900
2019-02-12,3.530000,3.599000,3.480000,3.500000,3.500000,336900
2019-02-13,3.520000,3.690000,3.460000,3.580000,3.580000,412400
2019-02-14,3.560000,3.750000,3.560000,3.680000,3.680000,470400
2019-02-15,3.710000,4.380000,3.660000,4.050000,4.050000,1329600
2019-02-19,3.990000,4.060000,3.800000,3.880000,3.880000,820600
2019-02-20,3.850000,3.980000,3.770000,3.860000,3.860000,339500
2019-02-21,3.840000,4.140000,3.760000,4.080000,4.080000,533300
2019-02-22,4.080000,4.240000,3.940000,4.090000,4.090000,1572700
2019-02-25,4.150000,4.260000,4.070000,4.200000,4.200000,494600
2019-02-26,4.200000,4.400000,4.100000,4.220000,4.220000,578100
2019-02-27,4.200000,4.500000,4.200000,4.280000,4.280000,428100
2019-02-28,4.200000,4.380000,3.670000,4.300000,4.300000,1053400
2019-03-01,4.290000,4.450000,4.060000,4.210000,4.210000,477300
2019-03-04,4.240000,4.280000,4.030000,4.190000,4.190000,509800
2019-03-05,4.250000,4.250000,4.024000,4.070000,4.070000,442000
2019-03-06,4.060000,4.080000,3.770000,3.820000,3.820000,332000
2019-03-07,3.820000,3.910000,3.700000,3.770000,3.770000,384100
2019-03-08,3.760000,3.880000,3.690000,3.870000,3.870000,320600
2019-03-11,3.890000,4.000000,3.840000,3.980000,3.980000,385500
2019-03-12,3.990000,4.150000,3.890000,4.080000,4.080000,360100
2019-03-13,4.080000,4.190000,3.950000,3.950000,3.950000,709700
2019-03-14,3.960000,4.150000,3.960000,3.990000,3.990000,1352400
2019-03-15,4.020000,4.230000,3.980000,4.120000,4.120000,1244000
2019-03-18,4.140000,4.320000,3.975000,4.000000,4.000000,806800
2019-03-19,4.000000,4.149000,3.900000,3.900000,3.900000,763700
2019-03-20,3.940000,4.040000,3.890000,3.910000,3.910000,464200
2019-03-21,3.890000,4.000000,3.820000,3.870000,3.870000,282600
2019-03-22,3.850000,3.930000,3.670000,3.670000,3.670000,317500
2019-03-25,3.660000,3.860000,3.490000,3.850000,3.850000,638700
2019-03-26,3.860000,3.910000,3.790000,3.830000,3.830000,330800
2019-03-27,3.820000,3.890000,3.620000,3.810000,3.810000,283300
2019-03-28,3.810000,3.940000,3.760000,3.840000,3.840000,122300
2019-03-29,3.900000,4.020000,3.790000,3.980000,3.980000,346000
2019-04-01,3.960000,4.000000,3.890000,3.980000,3.980000,225300
2019-04-02,3.980000,4.114000,3.960000,4.030000,4.030000,211500
2019-04-03,4.090000,4.160000,4.013000,4.070000,4.070000,213300
2019-04-04,4.050000,4.170000,3.910000,3.940000,3.940000,225800
2019-04-05,3.960000,4.150000,3.900000,4.080000,4.080000,268200
2019-04-08,4.060000,4.170000,3.950000,4.080000,4.080000,240500
2019-04-09,4.070000,4.100000,3.870000,3.870000,3.870000,256400
2019-04-10,3.880000,4.005000,3.840000,3.890000,3.890000,225400
2019-04-11,3.890000,3.920000,3.761000,3.770000,3.770000,114000
2019-04-12,3.800000,3.810000,3.650000,3.670000,3.670000,196900
2019-04-15,3.820000,3.930000,3.500000,3.510000,3.510000,178900
2019-04-16,3.500000,3.760000,3.470000,3.690000,3.690000,421400
2019-04-17,3.650000,3.650000,3.340000,3.410000,3.410000,533200
2019-04-18,3.420000,3.480000,3.260000,3.380000,3.380000,398200
2019-04-22,3.320000,3.400000,3.130000,3.360000,3.360000,428900
2019-04-23,3.390000,3.580000,3.310000,3.530000,3.530000,264400
2019-04-24,3.530000,3.650000,3.420000,3.570000,3.570000,280900
2019-04-25,3.560000,3.570000,3.460000,3.550000,3.550000,157900
2019-04-26,3.540000,3.820000,3.510000,3.720000,3.720000,263000
2019-04-29,3.710000,3.950000,3.655000,3.900000,3.900000,563700
2019-04-30,3.970000,4.190000,3.920000,4.090000,4.090000,862300
2019-05-01,4.150000,4.320000,4.100000,4.210000,4.210000,457000
2019-05-02,4.210000,4.290000,4.100000,4.150000,4.150000,382000
2019-05-03,4.200000,4.330000,4.080000,4.260000,4.260000,330800
2019-05-06,4.180000,4.320000,4.020000,4.260000,4.260000,269900
2019-05-07,4.220000,4.590000,4.130000,4.410000,4.410000,417400
2019-05-08,4.090000,4.098000,3.280000,3.480000,3.480000,1069800
2019-05-09,3.450000,3.520000,3.310000,3.340000,3.340000,413600
2019-05-10,3.360000,3.360000,3.150000,3.200000,3.200000,463300
2019-05-13,3.170000,3.200000,2.950000,2.980000,2.980000,303000
2019-05-14,3.000000,3.370000,2.820000,3.290000,3.290000,1075200
2019-05-15,3.280000,3.330000,3.170000,3.280000,3.280000,303700
2019-05-16,3.270000,3.406000,3.100000,3.190000,3.190000,278700
2019-05-17,3.150000,3.230000,3.080000,3.130000,3.130000,335800
2019-05-20,3.130000,3.290000,3.110000,3.240000,3.240000,274300
2019-05-21,3.260000,3.340000,3.180000,3.220000,3.220000,200900
2019-05-22,3.230000,3.350000,3.110000,3.260000,3.260000,311800
2019-05-23,3.240000,3.310000,3.070000,3.140000,3.140000,430200
2019-05-24,3.140000,3.220000,3.040000,3.200000,3.200000,289400
2019-05-28,3.200000,3.310000,3.039000,3.270000,3.270000,525500
2019-05-29,3.240000,3.580000,3.130000,3.450000,3.450000,504000
2019-05-30,3.450000,3.610000,3.090000,3.100000,3.100000,901000
2019-05-31,3.060000,3.270000,3.040000,3.250000,3.250000,260300
2019-06-03,2.910000,3.000000,1.810000,1.940000,1.940000,1872500
2019-06-04,1.860000,2.055000,1.854000,1.920000,1.920000,1027800
2019-06-05,1.930000,1.930000,1.800000,1.810000,1.810000,736600
2019-06-06,1.820000,1.850000,1.710000,1.730000,1.730000,653000
2019-06-07,1.730000,1.800000,1.700000,1.740000,1.740000,667300
2019-06-10,1.780000,1.845000,1.730000,1.810000,1.810000,741000
2019-06-11,1.840000,1.960000,1.810000,1.870000,1.870000,546100
2019-06-12,1.850000,1.920000,1.823000,1.840000,1.840000,166300
2019-06-13,1.850000,1.895000,1.770000,1.860000,1.860000,268200
2019-06-14,1.830000,1.890000,1.750000,1.790000,1.790000,244700
2019-06-17,1.800000,1.930000,1.790000,1.890000,1.890000,364400
2019-06-18,1.910000,2.000000,1.900000,1.940000,1.940000,235000
2019-06-19,1.950000,2.000000,1.880000,1.910000,1.910000,171700
2019-06-20,1.970000,1.980000,1.880000,1.900000,1.900000,168400
2019-06-21,1.880000,1.950000,1.810000,1.860000,1.860000,374300
2019-06-24,1.860000,1.920000,1.760000,1.850000,1.850000,398900
2019-06-25,1.850000,1.880000,1.780000,1.790000,1.790000,226200
2019-06-26,1.770000,1.850000,1.700000,1.740000,1.740000,238800
2019-06-27,1.760000,1.800000,1.700000,1.750000,1.750000,312600
2019-06-28,1.740000,1.805000,1.420000,1.540000,1.540000,1483300
2019-07-01,1.610000,1.640000,1.540000,1.560000,1.560000,477200
2019-07-02,1.550000,1.580000,1.440000,1.550000,1.550000,796500
2019-07-03,1.580000,1.580000,1.460000,1.570000,1.570000,232800
2019-07-05,1.550000,1.600000,1.520000,1.540000,1.540000,334500
2019-07-08,1.550000,1.560000,1.460000,1.490000,1.490000,296600
2019-07-09,1.500000,1.550000,1.460000,1.530000,1.530000,212900
2019-07-10,1.530000,1.570000,1.490000,1.500000,1.500000,260700
2019-07-11,1.500000,1.540000,1.440000,1.510000,1.510000,439000
2019-07-12,1.500000,1.643000,1.475000,1.490000,1.490000,988900
2019-07-15,1.490000,1.590000,1.440000,1.520000,1.520000,806500
2019-07-16,1.530000,1.560000,1.487000,1.490000,1.490000,276800
2019-07-17,1.490000,1.510000,1.440000,1.470000,1.470000,285000
2019-07-18,1.460000,1.520000,1.450000,1.470000,1.470000,212400
2019-07-19,1.460000,1.508000,1.410000,1.420000,1.420000,358900
2019-07-22,1.400000,1.402000,1.320000,1.330000,1.330000,343200
2019-07-23,1.350000,1.420000,1.300000,1.370000,1.370000,884800
2019-07-24,1.380000,1.380000,1.310000,1.320000,1.320000,334200
2019-07-25,1.330000,1.350000,1.250000,1.270000,1.270000,378300
2019-07-26,1.280000,1.390000,1.280000,1.360000,1.360000,549100
2019-07-29,1.350000,1.410000,1.310000,1.330000,1.330000,183900
2019-07-30,1.310000,1.420000,1.310000,1.370000,1.370000,335200
2019-07-31,1.390000,1.410000,1.320000,1.320000,1.320000,301200
2019-08-01,1.340000,1.440000,1.310000,1.400000,1.400000,354100
2019-08-02,1.370000,1.400000,1.350000,1.350000,1.350000,341200
2019-08-05,1.330000,1.350000,1.250000,1.260000,1.260000,330400
2019-08-06,1.290000,1.310000,1.220000,1.280000,1.280000,283400
2019-08-07,1.300000,1.360000,1.281000,1.320000,1.320000,220500
2019-08-08,1.340000,1.430000,1.320000,1.380000,1.380000,386700
2019-08-09,1.360000,1.400000,1.320000,1.320000,1.320000,431100
2019-08-12,1.350000,1.410000,1.310000,1.370000,1.370000,146900
2019-08-13,1.380000,1.430000,1.250000,1.320000,1.320000,2007800
2019-08-14,1.340000,1.450000,1.270000,1.290000,1.290000,465700
2019-08-15,1.310000,1.380000,1.290000,1.350000,1.350000,186300
2019-08-16,1.350000,1.410000,1.350000,1.380000,1.380000,280300
2019-08-19,1.390000,1.420000,1.360000,1.370000,1.370000,147600
2019-08-20,1.380000,1.410000,1.310000,1.360000,1.360000,138700
2019-08-21,1.380000,1.410000,1.345000,1.350000,1.350000,105700
2019-08-22,1.340000,1.370000,1.320000,1.340000,1.340000,95600
2019-08-23,1.330000,1.350000,1.250000,1.260000,1.260000,235300
2019-08-26,1.280000,1.300000,1.210000,1.300000,1.300000,293200
2019-08-27,1.300000,1.320000,1.200000,1.220000,1.220000,305400
2019-08-28,1.220000,1.290000,1.215000,1.260000,1.260000,381100
2019-08-29,1.260000,1.290000,1.260000,1.270000,1.270000,145300
2019-08-30,1.280000,1.280000,1.220000,1.230000,1.230000,187500
2019-09-03,1.240000,1.240000,1.160000,1.175000,1.175000,470000
2019-09-04,1.150000,1.210000,1.150000,1.200000,1.200000,285300
2019-09-05,1.220000,1.270000,1.210000,1.240000,1.240000,250200
2019-09-06,1.250000,1.270000,1.200000,1.230000,1.230000,168200
2019-09-09,1.220000,1.270000,1.200000,1.240000,1.240000,211700
2019-09-10,1.240000,1.380000,1.230000,1.350000,1.350000,745500
2019-09-11,1.370000,1.390000,1.320000,1.350000,1.350000,444100
2019-09-12,1.360000,1.370000,1.300000,1.340000,1.340000,332400
2019-09-13,1.340000,1.360000,1.280000,1.290000,1.290000,305600
2019-09-16,1.280000,1.350000,1.270000,1.350000,1.350000,216600
2019-09-17,1.330000,1.360000,1.280000,1.290000,1.290000,190300
2019-09-18,1.330000,1.330000,1.230000,1.250000,1.250000,300600
2019-09-19,1.250000,1.280000,1.160000,1.220000,1.220000,360000
2019-09-20,1.210000,1.230000,1.180000,1.180000,1.180000,574300
2019-09-23,1.200000,1.250000,1.120000,1.140000,1.140000,564500
2019-09-24,1.150000,1.150000,1.062000,1.090000,1.090000,651800
2019-09-25,1.080000,1.150000,1.070000,1.090000,1.090000,846100
2019-09-26,1.100000,1.130000,1.040000,1.060000,1.060000,740900
2019-09-27,1.060000,1.100000,1.040000,1.050000,1.050000,700600
2019-09-30,1.050000,1.080000,1.020000,1.060000,1.060000,530200
2019-10-01,1.070000,1.080000,0.951000,0.998000,0.998000,1030000
2019-10-02,0.990000,1.020000,0.920000,0.975000,0.975000,569400
2019-10-03,1.000000,1.020000,0.941000,0.960000,0.960000,724200
2019-10-04,0.970000,1.020000,0.923000,1.010000,1.010000,836700
2019-10-07,1.020000,1.080000,1.020000,1.050000,1.050000,946600
2019-10-08,1.040000,1.050000,0.970000,0.997000,0.997000,441800
2019-10-09,1.000000,1.030000,0.990000,1.000000,1.000000,375800
2019-10-10,0.999000,1.120000,0.999000,1.050000,1.050000,1095000
2019-10-11,1.050000,1.100000,1.000000,1.020000,1.020000,624200
2019-10-14,1.020000,1.020000,0.960000,0.988000,0.988000,385800
2019-10-15,0.978000,1.010000,0.962000,1.000000,1.000000,420800
2019-10-16,0.980000,1.050000,0.975000,1.030000,1.030000,839700
2019-10-17,1.030000,1.130000,1.030000,1.080000,1.080000,1108800
2019-10-18,1.070000,1.080000,0.990000,1.010000,1.010000,612300
2019-10-21,1.010000,1.040000,0.980000,0.988000,0.988000,681900
2019-10-22,0.990000,1.040000,0.964000,0.997000,0.997000,677400
2019-10-23,1.000000,1.020000,0.965000,0.968000,0.968000,369300
2019-10-24,0.988000,0.988000,0.903000,0.936000,0.936000,1162000
2019-10-25,0.934000,1.010000,0.901000,0.956000,0.956000,748000
2019-10-28,0.969000,1.030000,0.952000,0.993000,0.993000,584600
2019-10-29,1.040000,1.040000,0.961000,0.972000,0.972000,765200
2019-10-30,0.998000,1.050000,0.980000,1.020000,1.020000,895300
2019-10-31,1.020000,1.150000,1.010000,1.140000,1.140000,1064500
2019-11-01,1.150000,1.220000,1.120000,1.150000,1.150000,1378600
2019-11-04,1.180000,1.180000,1.110000,1.115000,1.115000,486500
2019-11-05,1.130000,1.170000,1.110000,1.140000,1.140000,601500
2019-11-06,1.110000,1.150000,1.080000,1.110000,1.110000,377400
2019-11-07,1.120000,1.140000,1.060000,1.070000,1.070000,424800
2019-11-08,1.060000,1.346000,1.020000,1.180000,1.180000,2943300
2019-11-11,1.170000,1.170000,1.080000,1.120000,1.120000,883800
2019-11-12,1.110000,1.130000,1.060000,1.070000,1.070000,742000
2019-11-13,1.060000,1.120000,1.040000,1.090000,1.090000,778000
2019-11-14,1.090000,1.140000,1.040000,1.130000,1.130000,621100
2019-11-15,1.150000,1.180000,1.100000,1.100000,1.100000,625900
2019-11-18,1.120000,1.140000,1.060000,1.090000,1.090000,335000
2019-11-19,1.130000,1.140000,1.090000,1.100000,1.100000,402100
2019-11-20,1.060000,1.170000,1.060000,1.110000,1.110000,807900
2019-11-21,1.100000,1.110000,1.050000,1.060000,1.060000,636500
2019-11-22,1.070000,1.090000,1.050000,1.080000,1.080000,289800
2019-11-25,1.090000,1.140000,1.060000,1.120000,1.120000,698100
2019-11-26,1.130000,1.200000,1.115000,1.150000,1.150000,1747500
2019-11-27,1.160000,1.200000,1.100000,1.130000,1.130000,731700
2019-11-29,1.150000,1.210000,1.130000,1.190000,1.190000,588900
2019-12-02,1.185000,1.250000,1.170000,1.190000,1.190000,830200
2019-12-03,1.180000,1.220000,1.160000,1.180000,1.180000,349200
2019-12-04,1.190000,1.210000,1.160000,1.190000,1.190000,615600
2019-12-05,1.190000,1.200000,1.160000,1.180000,1.180000,556300
2019-12-06,1.170000,1.230000,1.140000,1.150000,1.150000,989800
2019-12-09,1.180000,1.190000,1.155000,1.180000,1.180000,479800
2019-12-10,1.170000,1.210000,1.160000,1.200000,1.200000,424700
2019-12-11,1.180000,1.230000,1.160000,1.170000,1.170000,607700
2019-12-12,1.170000,1.190000,1.150000,1.180000,1.180000,557100
2019-12-13,1.180000,1.200000,1.110000,1.120000,1.120000,1809900
2019-12-16,1.120000,1.140000,1.080000,1.110000,1.110000,1245300
2019-12-17,1.120000,1.170000,1.110000,1.150000,1.150000,606000
2019-12-18,1.010000,1.060000,1.000000,1.030000,1.030000,1592400
2019-12-19,1.050000,1.050000,1.000000,1.020000,1.020000,614100
2019-12-20,1.000000,1.020000,0.980000,0.998000,0.998000,2089700
2019-12-23,1.010000,1.130000,0.990000,1.110000,1.110000,1183500
2019-12-24,1.100000,1.170000,1.100000,1.170000,1.170000,679300
2019-12-26,1.200000,1.280000,1.180000,1.220000,1.220000,2125800
2019-12-27,1.200000,1.220000,1.130000,1.190000,1.190000,691900
2019-12-30,1.190000,1.200000,1.152000,1.190000,1.190000,556700
2019-12-31,1.180000,1.280000,1.180000,1.180000,1.180000,1288300
2020-01-02,1.220000,1.220000,1.160000,1.180000,1.180000,597500
2020-01-03,1.160000,1.240000,1.140000,1.210000,1.210000,682100
2020-01-06,1.210000,1.370000,1.210000,1.330000,1.330000,1409200
2020-01-07,1.330000,1.370000,1.285000,1.340000,1.340000,847000
2020-01-08,1.350000,1.410000,1.330000,1.390000,1.390000,595600
2020-01-09,1.420000,1.430000,1.300000,1.330000,1.330000,610300
2020-01-10,1.300000,1.300000,1.180000,1.190000,1.190000,2414800
2020-01-13,1.200000,1.220000,1.150000,1.150000,1.150000,862000
2020-01-14,1.170000,1.250000,1.110000,1.190000,1.190000,894300
2020-01-15,1.200000,1.250000,1.200000,1.240000,1.240000,494400
2020-01-16,1.250000,1.350000,1.200000,1.340000,1.340000,1274900
2020-01-17,1.360000,1.420000,1.330000,1.400000,1.400000,927400
2020-01-21,1.400000,1.470000,1.360000,1.410000,1.410000,834700
2020-01-22,1.410000,1.500000,1.410000,1.480000,1.480000,1248700
2020-01-23,1.480000,1.590000,1.440000,1.580000,1.580000,1274800
2020-01-24,1.600000,1.630000,1.420000,1.480000,1.480000,1261400
2020-01-27,1.460000,1.460000,1.370000,1.400000,1.400000,674200
2020-01-28,1.420000,1.500000,1.380000,1.480000,1.480000,678300
2020-01-29,1.470000,1.529000,1.390000,1.400000,1.400000,503800
2020-01-30,1.400000,1.410000,1.340000,1.350000,1.350000,548500
2020-01-31,1.650000,1.760000,1.460000,1.680000,1.680000,3500400
2020-02-03,1.740000,1.900000,1.690000,1.860000,1.860000,1869900
2020-02-04,1.900000,2.300000,1.900000,2.240000,2.240000,3895500
2020-02-05,2.300000,2.750000,2.240000,2.750000,2.750000,4255800
2020-02-06,2.550000,2.580000,2.360000,2.525000,2.525000,2799100
2020-02-07,2.600000,3.014000,2.520000,2.870000,2.870000,3585600
2020-02-10,2.950000,3.050000,2.410000,2.790000,2.790000,3108300
2020-02-11,2.700000,2.900000,2.601000,2.810000,2.810000,1044800
2020-02-12,2.780000,2.980000,2.740000,2.960000,2.960000,1317300
2020-02-13,2.960000,3.240000,2.920000,3.220000,3.220000,1863400
2020-02-14,3.240000,3.487000,3.220000,3.380000,3.380000,1983300
2020-02-18,3.410000,3.680000,3.400000,3.665000,3.665000,1729400
2020-02-19,3.710000,3.800000,3.290000,3.600000,3.600000,2152600
2020-02-20,3.640000,4.040000,3.631000,3.870000,3.870000,1908600
2020-02-21,3.890000,3.890000,3.510000,3.650000,3.650000,1278400
2020-02-24,3.360000,3.720000,3.110000,3.720000,3.720000,1250000
2020-02-25,3.700000,3.700000,3.360000,3.460000,3.460000,990600
2020-02-26,3.460000,3.510000,3.280000,3.420000,3.420000,850100
2020-02-27,3.380000,3.380000,2.940000,2.970000,2.970000,1513900
2020-02-28,2.580000,3.080000,2.550000,3.050000,3.050000,1257500
2020-03-02,3.140000,3.140000,2.870000,3.040000,3.040000,939800
2020-03-03,3.080000,3.290000,2.950000,3.040000,3.040000,885600
2020-03-04,3.110000,3.400000,3.025000,3.350000,3.350000,818300
2020-03-05,3.300000,3.590000,3.250000,3.330000,3.330000,792900
2020-03-06,3.190000,3.330000,3.130000,3.220000,3.220000,490300
2020-03-09,2.990000,3.175000,2.910000,3.070000,3.070000,887500
2020-03-10,2.600000,2.890000,2.490000,2.570000,2.570000,1319200
2020-03-11,2.470000,2.640000,2.300000,2.360000,2.360000,530600
2020-03-12,2.110000,2.540000,1.970000,2.440000,2.440000,1164800
2020-03-13,2.470000,2.560000,2.235000,2.560000,2.560000,1108100
2020-03-16,2.420000,2.580000,2.250000,2.290000,2.290000,896200
2020-03-17,2.330000,2.740000,2.330000,2.740000,2.740000,990600
2020-03-18,2.530000,2.690000,1.870000,2.010000,2.010000,1089200
2020-03-19,2.000000,2.360000,2.000000,2.230000,2.230000,907900
2020-03-20,2.270000,2.540000,2.215000,2.500000,2.500000,1353500
2020-03-23,2.470000,2.630000,2.310000,2.530000,2.530000,857600
2020-03-24,2.710000,2.840000,2.560000,2.780000,2.780000,802600
2020-03-25,2.780000,2.880000,2.580000,2.640000,2.640000,497900
2020-03-26,2.680000,2.865000,2.630000,2.740000,2.740000,347000
2020-03-27,2.660000,2.680000,2.480000,2.550000,2.550000,483200
2020-03-30,2.490000,2.650000,2.360000,2.520000,2.520000,358800
2020-03-31,2.510000,2.800000,2.470000,2.740000,2.740000,387100
2020-04-01,2.610000,2.690000,2.410000,2.420000,2.420000,381200
2020-04-02,2.400000,2.540000,2.390000,2.510000,2.510000,243400
2020-04-03,2.490000,2.580000,2.435000,2.540000,2.540000,312400
2020-04-06,2.660000,2.890000,2.585000,2.870000,2.870000,573400
2020-04-07,2.880000,2.950000,2.475000,2.490000,2.490000,517000
2020-04-08,2.530000,2.710000,2.490000,2.700000,2.700000,291700
2020-04-09,2.700000,2.880000,2.650000,2.830000,2.830000,494500
2020-04-13,2.800000,3.070000,2.774000,3.030000,3.030000,408600
2020-04-14,3.080000,3.285000,3.040000,3.230000,3.230000,843800
2020-04-15,3.200000,3.230000,2.975000,3.160000,3.160000,626000
2020-04-16,3.160000,3.250000,3.080000,3.220000,3.220000,410000
2020-04-17,3.400000,3.420000,3.060000,3.100000,3.100000,738300
2020-04-20,3.020000,3.240000,3.000000,3.110000,3.110000,588900
2020-04-21,3.070000,3.110000,2.860000,2.950000,2.950000,346900
2020-04-22,3.020000,3.050000,2.880000,2.960000,2.960000,299900
2020-04-23,2.950000,3.020000,2.870000,2.930000,2.930000,264800
2020-04-24,2.920000,3.180000,2.810000,3.160000,3.160000,395000
2020-04-27,3.180000,3.230000,3.090000,3.130000,3.130000,536000
2020-04-28,3.190000,3.190000,2.945000,2.970000,2.970000,281200
2020-04-29,3.100000,3.100000,2.880000,2.940000,2.940000,478100
2020-04-30,2.900000,2.940000,2.675000,2.765000,2.765000,448300
2020-05-01,2.670000,2.780000,2.550000,2.780000,2.780000,408700
2020-05-04,2.740000,2.830000,2.610000,2.710000,2.710000,352300
2020-05-05,2.730000,3.180000,2.730000,3.000000,3.000000,804200
2020-05-06,3.010000,3.130000,2.980000,2.990000,2.990000,412000
2020-05-07,3.030000,3.120000,2.900000,3.010000,3.010000,349300