Date,Open,High,Low,Close,Adj Close,Volume
2014-07-31,25.000000,28.950001,24.049999,27.990000,27.990000,6316000
2014-08-01,26.950001,27.150000,25.000000,25.160000,25.160000,465900
2014-08-04,24.980000,26.400000,24.000000,24.250000,24.250000,141300
2014-08-05,24.129999,24.139999,22.000000,22.600000,22.600000,144500
2014-08-06,22.950001,24.860001,22.059999,23.370001,23.370001,139200
2014-08-07,23.450001,25.000000,22.820000,23.000000,23.000000,73700
2014-08-08,23.209999,24.740000,23.010000,23.540001,23.540001,80300
2014-08-11,23.590000,24.740000,23.549999,23.750000,23.750000,43700
2014-08-12,23.500000,24.129999,22.510000,23.910000,23.910000,124400
2014-08-13,24.000000,25.440001,24.000000,24.379999,24.379999,104100
2014-08-14,24.990000,27.150000,23.910000,26.170000,26.170000,64100
2014-08-15,26.809999,29.799999,26.809999,27.260000,27.260000,76600
2014-08-18,28.799999,28.900000,27.309999,28.299999,28.299999,43300
2014-08-19,28.000000,31.309999,27.799999,30.850000,30.850000,105000
2014-08-20,30.930000,32.375000,29.851000,31.580000,31.580000,177700
2014-08-21,31.350000,31.780001,30.020000,30.150000,30.150000,112300
2014-08-22,30.160000,30.920000,30.010000,30.520000,30.520000,109700
2014-08-25,31.190001,31.570000,29.040001,30.250000,30.250000,385700
2014-08-26,29.980000,30.900000,28.180000,29.270000,29.270000,128200
2014-08-27,29.879999,29.920000,28.451000,29.480000,29.480000,42500
2014-08-28,29.000000,29.500000,28.240000,29.430000,29.430000,45400
2014-08-29,29.400000,31.190001,28.799999,29.629999,29.629999,55600
2014-09-02,29.700001,31.490000,29.309999,30.240000,30.240000,98900
2014-09-03,30.190001,31.100000,30.010000,30.600000,30.600000,81800
2014-09-04,30.900000,31.590000,29.959999,30.549999,30.549999,90900
2014-09-05,30.320000,31.600000,30.290001,31.049999,31.049999,58300
2014-09-08,31.200001,31.403999,29.559999,29.850000,29.850000,52700
2014-09-09,29.969999,30.510000,28.600000,29.990000,29.990000,75100
2014-09-10,29.690001,31.490000,29.610001,30.740000,30.740000,54800
2014-09-11,30.950001,32.599998,30.219999,32.430000,32.430000,159200
2014-09-12,32.509998,36.783001,31.290001,35.700001,35.700001,270700
2014-09-15,35.759998,35.980000,32.000000,33.029999,33.029999,291700
2014-09-16,32.830002,33.529999,31.190001,32.450001,32.450001,89100
2014-09-17,32.299999,34.000000,32.189999,32.779999,32.779999,105300
2014-09-18,33.060001,34.139999,31.250000,31.549999,31.549999,152400
2014-09-19,31.530001,32.140999,30.500000,31.100000,31.100000,318300
2014-09-22,31.100000,33.459999,29.900999,32.880001,32.880001,145100
2014-09-23,33.770000,33.834999,32.099998,33.590000,33.590000,143300
2014-09-24,33.750000,34.700001,32.340000,34.259998,34.259998,90800
2014-09-25,34.200001,36.099998,32.700001,35.259998,35.259998,211600
2014-09-26,35.480000,36.230000,34.020000,36.000000,36.000000,67400
2014-09-29,35.669998,36.700001,34.500999,36.349998,36.349998,179900
2014-09-30,36.250000,36.459999,34.020000,34.189999,34.189999,970300
2014-10-01,34.000000,34.938000,31.209999,32.270000,32.270000,215700
2014-10-02,32.369999,34.400002,31.740000,34.270000,34.270000,153400
2014-10-03,34.560001,34.980000,33.680000,33.700001,33.700001,80900
2014-10-06,33.740002,34.990002,32.910000,33.990002,33.990002,108800
2014-10-07,33.599998,33.599998,31.020000,31.540001,31.540001,58500
2014-10-08,32.000000,32.180000,31.020000,31.350000,31.350000,109200
2014-10-09,31.240000,32.299999,30.150000,30.350000,30.350000,84800
2014-10-10,30.350000,31.174999,29.760000,29.900000,29.900000,135100
2014-10-13,30.030001,31.129999,30.000000,30.270000,30.270000,69900
2014-10-14,30.549999,31.240000,29.760000,29.969999,29.969999,123500
2014-10-15,29.559999,30.879999,28.740999,30.590000,30.590000,83700
2014-10-16,30.980000,30.980000,28.760000,30.410000,30.410000,40700
2014-10-17,30.930000,31.690001,30.020000,30.209999,30.209999,79600
2014-10-20,30.000000,30.930000,29.680000,30.209999,30.209999,53200
2014-10-21,30.330000,32.880001,30.330000,32.669998,32.669998,101100
2014-10-22,32.520000,33.459999,31.540001,32.639999,32.639999,56900
2014-10-23,32.580002,35.299999,32.520000,33.900002,33.900002,86500
2014-10-24,33.930000,34.240002,33.680000,34.220001,34.220001,25100
2014-10-27,32.930000,33.849998,32.750000,33.590000,33.590000,33500
2014-10-28,33.900002,33.900002,33.029999,33.400002,33.400002,70800
2014-10-29,33.279999,34.889999,32.763000,33.529999,33.529999,131200
2014-10-30,34.029999,36.750000,33.250000,35.689999,35.689999,158700
2014-10-31,36.570000,36.990002,35.639999,35.880001,35.880001,77800
2014-11-03,35.880001,36.439999,34.910000,35.980000,35.980000,84700
2014-11-04,36.090000,37.380001,35.450001,36.389999,36.389999,77800
2014-11-05,36.570000,36.889999,32.740002,33.509998,33.509998,88700
2014-11-06,33.400002,34.799999,33.020000,34.750000,34.750000,36700
2014-11-07,34.599998,35.020000,33.020000,35.000000,35.000000,64600
2014-11-10,35.000000,35.709999,33.799999,34.400002,34.400002,34200
2014-11-11,34.480000,35.250000,33.020000,33.119999,33.119999,50700
2014-11-12,32.820000,34.240002,32.700001,33.650002,33.650002,29500
2014-11-13,33.549999,34.939999,33.549999,34.599998,34.599998,151300
2014-11-14,34.520000,34.980000,32.759998,33.959999,33.959999,117600
2014-11-17,33.959999,34.567001,32.810001,32.810001,32.810001,60300
2014-11-18,33.020000,33.849998,32.980000,33.790001,33.790001,40200
2014-11-19,33.840000,33.840000,32.570000,32.639999,32.639999,33000
2014-11-20,32.549999,34.042000,32.020000,33.810001,33.810001,79900
2014-11-21,34.380001,35.380001,33.230999,34.639999,34.639999,55900
2014-11-24,34.849998,36.189999,33.790001,35.669998,35.669998,67200
2014-11-25,35.869999,39.669998,34.900002,38.689999,38.689999,336600
2014-11-26,38.509998,40.820000,38.310001,40.169998,40.169998,244700
2014-11-28,40.209999,40.990002,39.060001,39.490002,39.490002,37400
2014-12-01,39.299999,39.737000,37.035000,37.939999,37.939999,153600
2014-12-02,38.310001,40.000000,37.849998,39.849998,39.849998,134800
2014-12-03,39.990002,42.540001,39.290001,41.169998,41.169998,189400
2014-12-04,41.290001,42.702000,40.009998,42.189999,42.189999,111400
2014-12-05,42.380001,44.349998,42.290001,43.500000,43.500000,137300
2014-12-08,43.810001,44.480000,43.099998,44.259998,44.259998,85900
2014-12-09,43.910000,49.070000,43.570000,46.959999,46.959999,357300
2014-12-10,47.000000,47.040001,45.520000,46.770000,46.770000,123800
2014-12-11,46.759998,54.169998,46.680000,49.910000,49.910000,544900
2014-12-12,49.459999,51.830002,49.000000,50.490002,50.490002,200900
2014-12-15,50.939999,52.400002,48.091000,51.270000,51.270000,217400
2014-12-16,50.900002,52.349998,50.540001,50.790001,50.790001,207100
2014-12-17,50.689999,52.349998,50.009998,50.450001,50.450001,192900
2014-12-18,51.389999,52.400002,48.439999,50.360001,50.360001,156200
2014-12-19,50.709999,52.560001,50.020000,51.560001,51.560001,765200
2014-12-22,51.349998,52.230000,50.580002,51.700001,51.700001,137600
2014-12-23,51.730000,52.000000,48.340000,48.500000,48.500000,129100
2014-12-24,48.419998,48.419998,46.000000,47.299999,47.299999,161200
2014-12-26,47.500000,48.810001,46.514999,48.639999,48.639999,52400
2014-12-29,48.860001,52.630001,48.810001,51.919998,51.919998,119300
2014-12-30,51.639999,55.980000,51.154999,55.889999,55.889999,206800
2014-12-31,56.290001,57.369999,53.849998,54.000000,54.000000,222000
2015-01-02,54.599998,59.130001,54.035000,58.919998,58.919998,182000
2015-01-05,59.490002,60.980000,58.110001,58.945000,58.945000,174800
2015-01-06,58.490002,59.869999,53.759998,53.950001,53.950001,392100
2015-01-07,55.000000,60.700001,55.000000,60.080002,60.080002,295500
2015-01-08,61.820000,62.480000,58.970001,59.169998,59.169998,1909800
2015-01-09,59.250000,60.349998,57.000000,58.660000,58.660000,459400
2015-01-12,58.700001,59.490002,57.020000,58.849998,58.849998,296700
2015-01-13,59.230000,60.700001,57.369999,58.880001,58.880001,229400
2015-01-14,57.900002,58.990002,56.759998,56.950001,56.950001,145600
2015-01-15,57.090000,60.439999,51.080002,51.560001,51.560001,350200
2015-01-16,51.340000,51.340000,46.410000,48.369999,48.369999,696200
2015-01-20,48.610001,50.000000,47.020000,47.639999,47.639999,427400
2015-01-21,47.299999,47.630001,39.930000,41.610001,41.610001,726500
2015-01-22,41.639999,43.508999,37.009998,43.290001,43.290001,761100
2015-01-23,43.000000,43.000000,39.549999,39.919998,39.919998,299800
2015-01-26,39.320000,44.150002,39.000000,43.950001,43.950001,567800
2015-01-27,42.610001,43.459999,41.849998,42.049999,42.049999,361600
2015-01-28,42.070000,43.139999,39.619999,41.009998,41.009998,395700
2015-01-29,41.169998,41.889999,37.775002,39.490002,39.490002,255100
2015-01-30,39.939999,40.459999,39.000000,39.680000,39.680000,436600
2015-02-02,39.770000,39.990002,36.009998,37.610001,37.610001,336100
2015-02-03,37.610001,37.660000,34.040001,35.980000,35.980000,444500
2015-02-04,35.590000,35.590000,33.250000,33.560001,33.560001,299900
2015-02-05,33.779999,34.770000,32.470001,33.279999,33.279999,454700
2015-02-06,33.410000,34.520000,32.919998,33.270000,33.270000,211300
2015-02-09,33.060001,37.540001,32.511002,36.240002,36.240002,706500
2015-02-10,36.500000,39.279999,33.734001,38.880001,38.880001,468900
2015-02-11,38.860001,39.680000,35.779999,36.150002,36.150002,251800
2015-02-12,36.230000,36.779999,35.310001,36.279999,36.279999,238200
2015-02-13,37.740002,38.240002,35.812000,36.290001,36.290001,432600
2015-02-17,36.130001,36.900002,35.759998,36.830002,36.830002,186200
2015-02-18,36.799999,40.250000,36.799999,39.740002,39.740002,567400
2015-02-19,39.299999,40.820000,38.689999,39.950001,39.950001,418100
2015-02-20,39.950001,40.349998,38.020000,40.060001,40.060001,259900
2015-02-23,39.110001,40.209999,36.639999,36.880001,36.880001,280900
2015-02-24,37.040001,37.700001,36.099998,36.689999,36.689999,168900
2015-02-25,36.610001,37.560001,35.570000,36.959999,36.959999,239100
2015-02-26,37.029999,37.445000,36.020000,36.750000,36.750000,209100
2015-02-27,36.770000,37.450001,35.919998,36.180000,36.180000,169200
2015-03-02,36.310001,37.669998,35.950001,36.799999,36.799999,267200
2015-03-03,36.799999,36.910000,34.630001,34.689999,34.689999,279600
2015-03-04,34.549999,36.630001,34.099998,36.610001,36.610001,244100
2015-03-05,36.930000,38.237000,35.959999,37.939999,37.939999,358700
2015-03-06,37.500000,37.619999,35.259998,35.959999,35.959999,292700
2015-03-09,36.150002,37.200001,35.220001,37.080002,37.080002,213800
2015-03-10,37.990002,39.450001,36.340000,37.910000,37.910000,374700
2015-03-11,37.980000,39.000000,37.259998,38.580002,38.580002,305300
2015-03-12,38.779999,40.669998,38.150002,40.509998,40.509998,281100
2015-03-13,40.599998,44.250000,40.380001,43.240002,43.240002,603500
2015-03-16,43.470001,44.428001,41.560001,41.750000,41.750000,358800
2015-03-17,41.680000,42.250000,40.919998,42.099998,42.099998,230400
2015-03-18,42.130001,42.130001,40.520000,41.419998,41.419998,282300
2015-03-19,41.740002,45.139999,41.410000,44.250000,44.250000,408400
2015-03-20,45.000000,45.181999,43.070000,44.610001,44.610001,547500
2015-03-23,44.380001,44.869999,42.970001,43.070000,43.070000,321500
2015-03-24,43.119999,44.509998,42.590000,43.669998,43.669998,270300
2015-03-25,44.580002,44.900002,40.470001,41.040001,41.040001,820200
2015-03-26,41.099998,42.000000,37.653999,38.400002,38.400002,795000
2015-03-27,38.500000,40.410000,38.000000,38.599998,38.599998,475500
2015-03-30,38.730000,39.669998,37.389999,39.410000,39.410000,447300
2015-03-31,39.270000,41.150002,39.049999,40.520000,40.520000,259600
2015-04-01,40.279999,40.279999,38.169998,39.060001,39.060001,478900
2015-04-02,38.910000,39.000000,37.549999,38.000000,38.000000,275800
2015-04-06,37.990002,38.939999,37.419998,38.500000,38.500000,226300
2015-04-07,38.500000,39.299999,38.020000,38.849998,38.849998,356800
2015-04-08,39.200001,40.549999,38.730000,40.480000,40.480000,214300
2015-04-09,40.230000,40.560001,39.080002,39.419998,39.419998,236500
2015-04-10,39.520000,41.279999,39.060001,40.689999,40.689999,190500
2015-04-13,40.560001,41.087002,38.529999,39.209999,39.209999,237800
2015-04-14,39.389999,40.720001,39.160000,40.049999,40.049999,309100
2015-04-15,40.340000,42.099998,40.150002,41.459999,41.459999,323100
2015-04-16,41.349998,42.560001,41.000000,42.090000,42.090000,278000
2015-04-17,41.680000,42.009998,40.029999,40.330002,40.330002,393100
2015-04-20,40.020000,40.650002,39.150002,39.520000,39.520000,218200
2015-04-21,39.869999,39.869999,39.020000,39.349998,39.349998,217000
2015-04-22,39.410000,39.740002,37.860001,38.930000,38.930000,246200
2015-04-23,38.930000,38.959999,38.150002,38.490002,38.490002,161100
2015-04-24,38.619999,39.709999,37.389999,37.570000,37.570000,166900
2015-04-27,36.310001,37.180000,33.730000,35.360001,35.360001,510400
2015-04-28,35.430000,36.560001,34.000000,36.320000,36.320000,309800
2015-04-29,36.660000,37.320000,34.959999,35.040001,35.040001,249700
2015-04-30,35.000000,35.189999,31.620001,31.860001,31.860001,336600
2015-05-01,32.270000,33.650002,31.809999,33.169998,33.169998,267300
2015-05-04,31.700001,32.130001,29.469999,31.000000,31.000000,488200
2015-05-05,30.799999,31.030001,29.049999,29.440001,29.440001,235900
2015-05-06,29.270000,33.650002,29.059999,33.389999,33.389999,460600
2015-05-07,33.509998,34.259998,32.099998,33.040001,33.040001,214000
2015-05-08,33.450001,33.900002,32.099998,32.470001,32.470001,228500
2015-05-11,32.599998,34.980000,32.025002,34.849998,34.849998,261200
2015-05-12,34.869999,34.869999,33.369999,33.880001,33.880001,196200
2015-05-13,33.950001,36.349998,33.509998,35.650002,35.650002,234300
2015-05-14,35.810001,36.240002,34.509998,35.950001,35.950001,300900
2015-05-15,35.959999,36.240002,34.740002,35.099998,35.099998,326300
2015-05-18,35.139999,36.799999,34.770000,36.669998,36.669998,373000
2015-05-19,36.360001,38.709999,36.360001,38.240002,38.240002,351900
2015-05-20,38.430000,39.652000,37.700001,39.049999,39.049999,381400
2015-05-21,39.299999,39.529999,38.480000,38.830002,38.830002,576800
2015-05-22,38.959999,39.299999,37.580002,38.029999,38.029999,204100
2015-05-26,37.939999,38.799999,36.020000,37.020000,37.020000,295600
2015-05-27,37.209999,39.480000,36.981998,39.130001,39.130001,444800
2015-05-28,38.419998,38.980000,36.599998,37.259998,37.259998,412600
2015-05-29,37.330002,38.049999,36.860001,37.279999,37.279999,333300
2015-06-01,37.529999,37.889999,35.639999,37.240002,37.240002,307000
2015-06-02,37.040001,38.490002,36.549999,37.520000,37.520000,256000
2015-06-03,37.650002,38.830002,37.070000,37.509998,37.509998,391000
2015-06-04,37.369999,38.860001,37.209999,38.820000,38.820000,243900
2015-06-05,38.860001,40.528000,38.165001,40.279999,40.279999,343200
2015-06-08,40.150002,40.150002,37.389999,37.700001,37.700001,339900
2015-06-09,37.630001,37.891998,34.959999,37.029999,37.029999,378100
2015-06-10,37.220001,39.990002,36.430000,39.730000,39.730000,359000
2015-06-11,40.009998,40.810001,39.000000,40.790001,40.790001,315500
2015-06-12,40.450001,41.599998,39.790001,41.400002,41.400002,480600
2015-06-15,41.299999,41.299999,38.680000,38.880001,38.880001,2076000
2015-06-16,19.219999,21.000000,17.010000,17.049999,17.049999,10218400
2015-06-17,17.379999,18.400000,16.719999,16.920000,16.920000,3694600
2015-06-18,16.889999,17.160000,16.030001,16.110001,16.110001,2497700
2015-06-19,16.240000,16.320000,15.030000,15.650000,15.650000,3918800
2015-06-22,15.650000,16.420000,15.400000,16.240000,16.240000,1860800
2015-06-23,16.760000,17.000000,16.000000,16.340000,16.340000,1282400
2015-06-24,16.240000,16.969999,16.240000,16.700001,16.700001,1091700
2015-06-25,16.750000,16.799999,16.100000,16.260000,16.260000,734300
2015-06-26,16.200001,16.400000,15.610000,15.850000,15.850000,2568800
2015-06-29,15.610000,15.810000,15.250000,15.280000,15.280000,650000
2015-06-30,15.280000,16.469999,15.280000,16.240000,16.240000,790100
2015-07-01,16.360001,16.610001,16.000000,16.070000,16.070000,573100
2015-07-02,16.020000,16.165001,15.700000,16.030001,16.030001,302900
2015-07-06,15.880000,16.480000,15.703000,16.320000,16.320000,351000
2015-07-07,16.320000,16.420000,15.770000,15.960000,15.960000,473200
2015-07-08,15.820000,16.049999,15.320000,15.460000,15.460000,397800
2015-07-09,15.720000,15.900000,15.320000,15.630000,15.630000,246100
2015-07-10,15.820000,16.459999,15.700000,16.250000,16.250000,289300
2015-07-13,16.370001,16.690001,16.299999,16.440001,16.440001,356600
2015-07-14,16.490000,16.830000,16.360001,16.709999,16.709999,462400
2015-07-15,16.940001,17.010000,16.400000,16.490000,16.490000,613300
2015-07-16,16.559999,16.840000,16.469999,16.510000,16.510000,296000
2015-07-17,16.570000,16.820000,16.299999,16.680000,16.680000,451700
2015-07-20,16.719999,16.900000,16.570000,16.780001,16.780001,502400
2015-07-21,16.750000,16.900000,16.440001,16.620001,16.620001,254900
2015-07-22,16.420000,16.770000,16.250000,16.500000,16.500000,313600
2015-07-23,16.520000,16.730000,16.160000,16.160000,16.160000,199300
2015-07-24,15.370000,15.520000,14.550000,14.730000,14.730000,819800
2015-07-27,14.750000,14.750000,14.030000,14.290000,14.290000,559200
2015-07-28,14.320000,14.710000,14.080000,14.300000,14.300000,515100
2015-07-29,14.250000,14.670000,14.070000,14.290000,14.290000,451800
2015-07-30,14.150000,14.580000,14.010000,14.280000,14.280000,264600
2015-07-31,14.370000,15.280000,14.210000,14.720000,14.720000,301000
2015-08-03,14.780000,15.630000,14.650000,15.390000,15.390000,321700
2015-08-04,15.410000,15.490000,15.000000,15.130000,15.130000,172400
2015-08-05,15.370000,15.600000,14.860000,15.000000,15.000000,327000
2015-08-06,14.990000,15.150000,14.210000,14.330000,14.330000,205300
2015-08-07,14.190000,14.290000,13.790000,14.000000,14.000000,293400
2015-08-10,13.970000,14.870000,13.926000,14.520000,14.520000,253400
2015-08-11,14.420000,14.850000,13.850000,13.930000,13.930000,317300
2015-08-12,13.800000,14.530000,13.750000,14.330000,14.330000,368600
2015-08-13,14.280000,14.840000,13.820000,13.830000,13.830000,584800
2015-08-14,11.640000,12.250000,9.360000,10.010000,10.010000,6516600
2015-08-17,10.500000,11.400000,10.110000,10.990000,10.990000,2071000
2015-08-18,10.800000,11.510000,10.800000,11.050000,11.050000,729100
2015-08-19,10.910000,11.160000,10.360000,10.840000,10.840000,866400
2015-08-20,10.690000,10.930000,10.180000,10.260000,10.260000,703700
2015-08-21,9.970000,10.940000,9.910000,10.620000,10.620000,458800
2015-08-24,10.200000,10.890000,9.940000,10.140000,10.140000,822800
2015-08-25,10.500000,10.500000,9.960000,10.080000,10.080000,501400
2015-08-26,10.310000,10.530000,9.790000,10.510000,10.510000,427800
2015-08-27,10.500000,10.870000,10.460000,10.670000,10.670000,449800
2015-08-28,10.600000,10.860000,10.600000,10.780000,10.780000,449900
2015-08-31,10.670000,10.910000,10.345000,10.460000,10.460000,358300
2015-09-01,10.210000,10.560000,10.120000,10.240000,10.240000,356100
2015-09-02,10.360000,10.663000,10.100000,10.640000,10.640000,330800
2015-09-03,10.660000,10.660000,10.070000,10.150000,10.150000,333400
2015-09-04,10.020000,10.220000,9.910000,10.170000,10.170000,388500
2015-09-08,10.360000,10.630000,10.308000,10.590000,10.590000,609700
2015-09-09,10.620000,10.880000,10.570000,10.780000,10.780000,421200
2015-09-10,10.740000,11.065000,10.540000,11.010000,11.010000,355600
2015-09-11,10.970000,10.970000,10.554000,10.640000,10.640000,201900
2015-09-14,10.690000,10.690000,10.240000,10.580000,10.580000,279800
2015-09-15,10.590000,10.950000,10.480000,10.750000,10.750000,359100
2015-09-16,10.710000,11.170000,10.550000,11.020000,11.020000,333300
2015-09-17,10.980000,11.500000,10.888000,11.320000,11.320000,666400
2015-09-18,11.180000,11.390000,10.970000,11.240000,11.240000,523800
2015-09-21,11.460000,11.460000,10.230000,10.510000,10.510000,625400
2015-09-22,10.290000,10.460000,9.950000,10.170000,10.170000,634900
2015-09-23,10.240000,10.250000,9.790000,9.830000,9.830000,580200
2015-09-24,9.770000,10.050000,9.750000,9.840000,9.840000,405700
2015-09-25,9.940000,9.940000,8.850000,9.130000,9.130000,689600
2015-09-28,9.050000,9.210000,8.380000,8.680000,8.680000,426700
2015-09-29,8.630000,8.710000,7.890000,8.040000,8.040000,539000
2015-09-30,8.200000,8.430000,7.860000,8.240000,8.240000,654100
2015-10-01,8.270000,8.360000,7.900000,8.030000,8.030000,479800
2015-10-02,7.860000,8.500000,7.770000,8.490000,8.490000,350400
2015-10-05,8.730000,9.070000,8.340000,8.680000,8.680000,620200
2015-10-06,8.630000,8.760000,8.140000,8.470000,8.470000,415200
2015-10-07,8.510000,8.900000,8.370000,8.650000,8.650000,381200
2015-10-08,8.590000,8.680000,8.110000,8.470000,8.470000,366200
2015-10-09,8.480000,8.630000,8.375000,8.480000,8.480000,292300
2015-10-12,8.490000,8.655000,8.080000,8.200000,8.200000,189400
2015-10-13,8.180000,8.470000,7.800000,7.820000,7.820000,391800
2015-10-14,7.870000,8.140000,7.800000,7.990000,7.990000,407900
2015-10-15,7.960000,8.385000,7.960000,8.350000,8.350000,530900
2015-10-16,8.330000,8.555000,8.210000,8.490000,8.490000,355600
2015-10-19,8.460000,8.630000,8.310000,8.540000,8.540000,489200
2015-10-20,8.510000,8.710000,8.170000,8.260000,8.260000,239700
2015-10-21,8.220000,8.270000,7.630000,7.840000,7.840000,622400
2015-10-22,7.870000,8.010000,7.500000,7.640000,7.640000,464200
2015-10-23,7.720000,7.930000,7.530000,7.660000,7.660000,332200
2015-10-26,7.660000,7.900000,7.460000,7.490000,7.490000,353900
2015-10-27,7.470000,8.050000,7.400000,8.030000,8.030000,654900
2015-10-28,8.040000,8.580000,7.840000,8.550000,8.550000,402500
2015-10-29,8.520000,8.950000,8.360000,8.460000,8.460000,349900
2015-10-30,8.450000,8.600000,8.300000,8.430000,8.430000,370600
2015-11-02,8.470000,9.360000,8.470000,9.050000,9.050000,676900
2015-11-03,9.050000,9.390000,8.950000,9.280000,9.280000,459000
2015-11-04,9.310000,9.520000,9.160000,9.410000,9.410000,361300
2015-11-05,9.400000,9.400000,8.900000,9.090000,9.090000,249000
2015-11-06,9.120000,9.390000,8.860000,9.320000,9.320000,362700
2015-11-09,9.320000,9.500000,9.220000,9.360000,9.360000,320500
2015-11-10,9.200000,9.200000,7.765000,7.990000,7.990000,939200
2015-11-11,7.990000,8.130000,7.890000,7.900000,7.900000,177900
2015-11-12,7.810000,7.950000,7.610000,7.780000,7.780000,271600
2015-11-13,7.730000,8.250000,7.650000,8.080000,8.080000,262300
2015-11-16,8.030000,8.210000,7.620000,7.840000,7.840000,232500
2015-11-17,7.870000,8.200000,7.650000,7.750000,7.750000,226300
2015-11-18,7.750000,8.480000,7.750000,8.430000,8.430000,603900
2015-11-19,8.410000,8.610000,8.190000,8.460000,8.460000,403100
2015-11-20,8.530000,8.810000,8.400000,8.710000,8.710000,303000
2015-11-23,8.690000,9.170000,8.640000,9.150000,9.150000,320600
2015-11-24,9.070000,9.590000,8.980000,9.510000,9.510000,362000
2015-11-25,9.550000,9.960000,9.480000,9.950000,9.950000,409200
2015-11-27,9.990000,10.329000,9.940000,10.100000,10.100000,270700
2015-11-30,10.140000,10.690000,10.060000,10.480000,10.480000,649600
2015-12-01,10.540000,10.680000,9.730000,9.940000,9.940000,367700
2015-12-02,9.950000,10.310000,9.770000,10.020000,10.020000,266900
2015-12-03,10.050000,10.120000,9.140000,9.240000,9.240000,271200
2015-12-04,9.290000,9.560000,9.190000,9.380000,9.380000,207700
2015-12-07,9.380000,9.380000,8.820000,8.930000,8.930000,214700
2015-12-08,8.800000,9.420000,8.800000,9.290000,9.290000,189000
2015-12-09,9.230000,9.395000,8.950000,9.040000,9.040000,219500
2015-12-10,9.020000,9.220000,8.910000,9.050000,9.050000,171000
2015-12-11,9.150000,9.150000,8.450000,8.540000,8.540000,258100
2015-12-14,8.500000,8.700000,8.290000,8.360000,8.360000,201200
2015-12-15,8.510000,9.010000,8.425000,8.850000,8.850000,187000
2015-12-16,8.900000,9.200000,8.630000,9.090000,9.090000,236500
2015-12-17,9.120000,9.235000,8.755000,8.900000,8.900000,186900
2015-12-18,8.900000,9.490000,8.900000,9.230000,9.230000,391800
2015-12-21,9.310000,9.690000,8.990000,9.690000,9.690000,231000
2015-12-22,9.710000,9.780000,9.150000,9.270000,9.270000,222300
2015-12-23,9.340000,9.520000,9.160000,9.310000,9.310000,149600
2015-12-24,9.370000,9.620000,9.356000,9.550000,9.550000,129700
2015-12-28,9.430000,9.500000,9.110000,9.260000,9.260000,181400
2015-12-29,9.340000,9.750000,9.260000,9.710000,9.710000,284300
2015-12-30,9.730000,9.840000,9.370000,9.450000,9.450000,186000
2015-12-31,9.430000,9.590000,9.362000,9.520000,9.520000,238100
2016-01-04,9.330000,9.365000,8.530000,8.690000,8.690000,300100
2016-01-05,8.750000,8.960000,8.470000,8.800000,8.800000,157700
2016-01-06,8.640000,8.640000,7.820000,7.950000,7.950000,306600
2016-01-07,7.740000,8.215000,7.260000,7.510000,7.510000,284900
2016-01-08,7.600000,7.830000,7.170000,7.280000,7.280000,385000
2016-01-11,7.320000,7.320000,6.455000,6.650000,6.650000,363300
2016-01-12,6.770000,7.010000,6.060000,6.330000,6.330000,445700
2016-01-13,6.370000,6.394000,5.980000,6.020000,6.020000,579300
2016-01-14,6.110000,6.200000,5.720000,6.000000,6.000000,536500
2016-01-15,5.790000,6.090000,5.730000,6.070000,6.070000,361200
2016-01-19,6.180000,6.330000,5.540000,5.750000,5.750000,405300
2016-01-20,5.580000,6.290000,5.410000,6.180000,6.180000,513500
2016-01-21,6.220000,6.400000,5.920000,6.240000,6.240000,332000
2016-01-22,6.380000,6.620000,6.170000,6.420000,6.420000,301600
2016-01-25,6.360000,6.600000,6.290000,6.380000,6.380000,242400
2016-01-26,6.400000,6.510000,5.960000,6.500000,6.500000,315600
2016-01-27,6.480000,6.590000,6.160000,6.300000,6.300000,273700
2016-01-28,6.340000,6.510000,5.740000,5.840000,5.840000,290800
2016-01-29,5.840000,6.240000,5.711000,6.000000,6.000000,412100
2016-02-01,5.940000,6.000000,5.070000,5.220000,5.220000,650300
2016-02-02,5.050000,5.210000,4.750000,4.815000,4.815000,461900
2016-02-03,4.890000,4.890000,4.525000,4.700000,4.700000,671600
2016-02-04,4.670000,5.010000,4.600000,4.710000,4.710000,316800
2016-02-05,4.670000,4.850000,4.420000,4.440000,4.440000,581000
2016-02-08,4.360000,4.380000,4.100000,4.190000,4.190000,715800
2016-02-09,4.100000,4.270000,4.000000,4.150000,4.150000,422000
2016-02-10,4.180000,4.690000,4.110000,4.570000,4.570000,1250300
2016-02-11,4.480000,4.890000,4.170000,4.750000,4.750000,1017800
2016-02-12,4.800000,4.900000,4.640000,4.800000,4.800000,365500
2016-02-16,4.840000,4.995000,4.670000,4.960000,4.960000,476400
2016-02-17,5.020000,5.320000,4.880000,5.200000,5.200000,504600
2016-02-18,5.200000,5.330000,4.970000,5.250000,5.250000,378200
2016-02-19,5.200000,5.550000,4.920000,5.500000,5.500000,450600
2016-02-22,5.560000,5.690000,5.260000,5.510000,5.510000,517500
2016-02-23,5.490000,5.569000,5.260000,5.350000,5.350000,417300
2016-02-24,5.300000,5.380000,5.020000,5.290000,5.290000,287800
2016-02-25,5.300000,5.510000,5.150000,5.300000,5.300000,218700
2016-02-26,5.340000,5.550000,5.140000,5.530000,5.530000,294300
2016-02-29,5.530000,5.570000,5.050000,5.120000,5.120000,482900
2016-03-01,5.160000,5.460000,4.960000,5.440000,5.440000,334900
2016-03-02,5.440000,5.850000,5.160000,5.700000,5.700000,460500
2016-03-03,5.590000,5.820000,5.300000,5.330000,5.330000,543900
2016-03-04,5.180000,5.490000,5.120000,5.360000,5.360000,363500
2016-03-07,5.350000,5.810000,5.090000,5.660000,5.660000,386700
2016-03-08,5.660000,5.700000,5.160000,5.180000,5.180000,279300
2016-03-09,5.200000,5.248000,5.000000,5.120000,5.120000,446800
2016-03-10,5.170000,5.350000,5.040000,5.070000,5.070000,299300
2016-03-11,5.160000,5.200000,4.980000,5.180000,5.180000,440000
2016-03-14,5.180000,5.350000,5.130000,5.280000,5.280000,190800
2016-03-15,5.210000,5.210000,4.850000,4.870000,4.870000,339800
2016-03-16,4.860000,4.980000,4.810000,4.900000,4.900000,234700
2016-03-17,4.900000,5.045000,4.660000,4.990000,4.990000,263500
2016-03-18,5.030000,5.250000,4.830000,5.210000,5.210000,434300
2016-03-21,5.170000,5.470000,5.030000,5.380000,5.380000,269100
2016-03-22,5.340000,5.560000,5.190000,5.400000,5.400000,231800
2016-03-23,5.360000,5.580000,4.940000,4.960000,4.960000,407700
2016-03-24,4.890000,5.255000,4.770000,5.090000,5.090000,225600
2016-03-28,5.060000,5.140000,4.860000,5.000000,5.000000,295900
2016-03-29,4.990000,5.100000,4.840000,5.080000,5.080000,362000
2016-03-30,5.090000,5.230000,4.850000,4.970000,4.970000,397000
2016-03-31,5.010000,5.390000,4.940000,5.170000,5.170000,363100
2016-04-01,5.090000,5.270000,5.040000,5.200000,5.200000,277700
2016-04-04,5.220000,5.500000,5.120000,5.410000,5.410000,448200
2016-04-05,5.370000,5.450000,5.250000,5.350000,5.350000,162900
2016-04-06,5.380000,5.650000,5.310000,5.490000,5.490000,403500
2016-04-07,5.460000,5.548000,5.250000,5.290000,5.290000,292500
2016-04-08,5.390000,5.390000,5.180000,5.200000,5.200000,328600
2016-04-11,5.220000,5.330000,5.075000,5.110000,5.110000,186300
2016-04-12,5.120000,5.220000,5.000000,5.090000,5.090000,218700
2016-04-13,5.190000,5.430000,5.100000,5.340000,5.340000,345700
2016-04-14,5.360000,5.460000,5.260000,5.300000,5.300000,260400
2016-04-15,5.280000,5.470000,5.177000,5.360000,5.360000,260900
2016-04-18,5.460000,5.610000,5.270000,5.580000,5.580000,353900
2016-04-19,5.650000,5.740000,5.270000,5.530000,5.530000,296700
2016-04-20,5.560000,5.710000,5.520000,5.650000,5.650000,196200
2016-04-21,5.670000,6.160000,5.670000,6.110000,6.110000,403000
2016-04-22,6.140000,6.270000,5.990000,6.240000,6.240000,200000
2016-04-25,6.250000,6.310000,5.990000,6.110000,6.110000,194300
2016-04-26,6.100000,6.220000,6.025000,6.140000,6.140000,165900
2016-04-27,6.110000,6.120000,5.710000,5.750000,5.750000,430100
2016-04-28,5.750000,5.790000,5.610000,5.680000,5.680000,350500
2016-04-29,5.680000,5.860000,5.580000,5.640000,5.640000,220100
2016-05-02,5.670000,5.760000,5.490000,5.700000,5.700000,229300
2016-05-03,5.620000,5.675000,5.360000,5.370000,5.370000,204800
2016-05-04,5.300000,5.350000,4.970000,4.990000,4.990000,216900
2016-05-05,5.050000,5.260000,4.750000,4.830000,4.830000,326600
2016-05-06,4.700000,4.830000,4.100000,4.140000,4.140000,542100
2016-05-09,4.150000,4.150000,3.890000,4.030000,4.030000,374900
2016-05-10,4.080000,4.400000,3.950000,4.320000,4.320000,220500
2016-05-11,4.300000,4.300000,4.130000,4.140000,4.140000,283200
2016-05-12,4.140000,4.140000,4.140000,4.140000,4.140000,126700
2016-05-13,3.890000,3.890000,3.620000,3.640000,3.640000,370500
2016-05-16,3.660000,3.900000,3.650000,3.860000,3.860000,239600
2016-05-17,3.750000,4.040000,3.720000,3.860000,3.860000,287400
2016-05-18,3.790000,4.100000,3.750000,4.080000,4.080000,202600
2016-05-19,4.030000,4.180000,3.840000,3.920000,3.920000,169300
2016-05-20,3.960000,4.200000,3.950000,4.090000,4.090000,196600
2016-05-23,4.100000,4.500000,4.090000,4.330000,4.330000,175000
2016-05-24,4.350000,4.580000,4.210000,4.420000,4.420000,481000
2016-05-25,4.220000,4.590000,4.180000,4.320000,4.320000,132200
2016-05-26,4.320000,4.390000,4.160000,4.240000,4.240000,128300
2016-05-27,4.310000,4.560000,4.170000,4.500000,4.500000,205900
2016-05-31,4.540000,4.690000,4.480000,4.520000,4.520000,144000
2016-06-01,4.510000,4.700000,4.490000,4.520000,4.520000,170700
2016-06-02,4.530000,4.700000,4.344000,4.680000,4.680000,132100
2016-06-03,4.670000,4.690000,4.370000,4.460000,4.460000,87200
2016-06-06,4.510000,4.660000,4.330000,4.460000,4.460000,163100
2016-06-07,4.410000,4.600000,4.350000,4.520000,4.520000,111100
2016-06-08,4.360000,4.390000,4.140000,4.170000,4.170000,216600
2016-06-09,4.140000,4.190000,3.900000,3.920000,3.920000,173300
2016-06-10,3.910000,4.000000,3.760000,3.890000,3.890000,196400
2016-06-13,3.830000,3.950000,3.600000,3.700000,3.700000,302900
2016-06-14,3.680000,3.730000,3.400000,3.440000,3.440000,220700
2016-06-15,3.460000,3.525000,3.390000,3.440000,3.440000,120300
2016-06-16,3.450000,3.530000,3.310000,3.500000,3.500000,83900
2016-06-17,3.520000,3.520000,3.300000,3.310000,3.310000,342000
2016-06-20,3.380000,3.490000,3.315000,3.340000,3.340000,118000
2016-06-21,3.330000,3.430000,3.200000,3.270000,3.270000,109000
2016-06-22,3.280000,3.470000,3.200000,3.310000,3.310000,95500
2016-06-23,3.310000,3.560000,3.260000,3.550000,3.550000,145700
2016-06-24,3.370000,3.430000,3.200000,3.230000,3.230000,858100
2016-06-27,3.210000,3.330000,3.000000,3.020000,3.020000,229900
2016-06-28,3.100000,3.310000,3.100000,3.270000,3.270000,128300
2016-06-29,3.290000,3.350000,3.220000,3.260000,3.260000,179000
2016-06-30,3.260000,3.360000,3.130000,3.160000,3.160000,155100
2016-07-01,3.140000,3.380000,3.140000,3.330000,3.330000,275400
2016-07-05,3.340000,3.400000,3.120000,3.170000,3.170000,94700
2016-07-06,3.150000,3.250000,3.060000,3.120000,3.120000,156100
2016-07-07,3.160000,3.240000,3.110000,3.190000,3.190000,128800
2016-07-08,3.260000,3.470000,3.240000,3.380000,3.380000,208800
2016-07-11,3.420000,3.478000,3.320000,3.340000,3.340000,90600
2016-07-12,3.370000,3.440000,3.330000,3.390000,3.390000,134000
2016-07-13,3.410000,3.430000,3.130000,3.140000,3.140000,128400
2016-07-14,3.190000,3.300000,3.000000,3.040000,3.040000,207500
2016-07-15,3.080000,3.200000,3.060000,3.190000,3.190000,132200
2016-07-18,3.190000,3.230000,3.140000,3.190000,3.190000,159000
2016-07-19,3.210000,3.230000,3.030000,3.070000,3.070000,169700
2016-07-20,3.070000,3.170000,3.015000,3.050000,3.050000,235400
2016-07-21,3.050000,3.140000,2.990000,3.050000,3.050000,204700
2016-07-22,3.070000,3.240000,3.020000,3.230000,3.230000,352800
2016-07-25,3.470000,3.489000,3.200000,3.250000,3.250000,396000
2016-07-26,3.250000,3.300000,3.130000,3.240000,3.240000,293400
2016-07-27,3.280000,3.410000,3.240000,3.330000,3.330000,227300
2016-07-28,3.380000,3.780000,3.290000,3.620000,3.620000,1573000
2016-07-29,3.720000,3.740000,3.330000,3.620000,3.620000,1331400
2016-08-01,3.610000,3.630000,3.310000,3.490000,3.490000,533700
2016-08-02,3.510000,3.620000,3.320000,3.540000,3.540000,370700
2016-08-03,3.550000,4.470000,3.451000,4.330000,4.330000,2293300
2016-08-04,4.370000,4.860000,4.190000,4.700000,4.700000,1172500
2016-08-05,4.550000,4.640000,4.230000,4.250000,4.250000,362400
2016-08-08,4.490000,4.640000,4.380000,4.400000,4.400000,330000
2016-08-09,4.390000,4.470000,4.310000,4.410000,4.410000,153900
2016-08-10,4.600000,4.600000,4.430000,4.500000,4.500000,180200
2016-08-11,4.470000,4.590000,4.450000,4.530000,4.530000,160400
2016-08-12,4.520000,4.730000,4.431000,4.650000,4.650000,108500
2016-08-15,4.650000,4.790000,4.626000,4.760000,4.760000,228600
2016-08-16,4.700000,4.780000,4.370000,4.500000,4.500000,148400
2016-08-17,4.500000,4.520000,4.140000,4.270000,4.270000,201700
2016-08-18,4.290000,4.470000,4.220000,4.370000,4.370000,111000
2016-08-19,4.370000,4.370000,4.020000,4.210000,4.210000,184000
2016-08-22,4.200000,4.260000,4.130000,4.240000,4.240000,118100
2016-08-23,4.240000,4.480000,4.202000,4.470000,4.470000,144000
2016-08-24,4.460000,4.520000,4.030000,4.050000,4.050000,158400
2016-08-25,4.040000,4.320000,3.604000,3.680000,3.680000,238200
2016-08-26,3.680000,3.820000,3.515000,3.790000,3.790000,142900
2016-08-29,3.810000,3.860000,3.700000,3.710000,3.710000,108800
2016-08-30,3.710000,3.960000,3.700000,3.740000,3.740000,53900
2016-08-31,3.730000,3.743000,3.510000,3.580000,3.580000,156500
2016-09-01,3.600000,3.690000,3.500000,3.550000,3.550000,82700
2016-09-02,3.590000,3.800000,3.430000,3.740000,3.740000,288400
2016-09-06,3.760000,3.760000,3.450000,3.480000,3.480000,179900
2016-09-07,3.490000,3.770000,3.490000,3.580000,3.580000,170800
2016-09-08,3.530000,3.769000,3.530000,3.720000,3.720000,122600
2016-09-09,3.660000,3.968000,3.630000,3.860000,3.860000,238700
2016-09-12,3.800000,4.060000,3.750000,4.040000,4.040000,217000
2016-09-13,4.020000,4.020000,3.610000,3.670000,3.670000,242800
2016-09-14,3.680000,3.800000,3.563000,3.620000,3.620000,184600
2016-09-15,3.630000,3.780000,3.500000,3.760000,3.760000,127300
2016-09-16,3.790000,3.930000,3.630000,3.790000,3.790000,158900
2016-09-19,3.840000,3.980000,3.640000,3.800000,3.800000,110000
2016-09-20,3.860000,4.150000,3.800000,4.090000,4.090000,214000
2016-09-21,4.150000,4.150000,3.910000,4.080000,4.080000,159100
2016-09-22,4.090000,4.209000,4.020000,4.190000,4.190000,93900
2016-09-23,4.190000,4.400000,4.170000,4.200000,4.200000,337400
2016-09-26,4.220000,4.220000,4.000000,4.020000,4.020000,141100
2016-09-27,4.000000,4.290000,3.870000,4.210000,4.210000,186200
2016-09-28,4.210000,4.390000,4.060000,4.160000,4.160000,120300
2016-09-29,4.200000,4.200000,3.901000,4.010000,4.010000,147400
2016-09-30,4.010000,4.200000,3.940000,4.110000,4.110000,188300
2016-10-03,4.140000,4.270000,4.140000,4.240000,4.240000,177100
2016-10-04,4.250000,4.490000,4.000000,4.180000,4.180000,144500
2016-10-05,4.210000,4.470000,4.110000,4.350000,4.350000,211500
2016-10-06,4.450000,4.550000,4.150000,4.330000,4.330000,163600
2016-10-07,4.320000,4.320000,4.015000,4.040000,4.040000,88500
2016-10-10,4.110000,4.220000,4.070000,4.180000,4.180000,85100
2016-10-11,4.170000,4.170000,3.950000,3.990000,3.990000,109600
2016-10-12,4.000000,4.100000,3.780000,3.810000,3.810000,148800
2016-10-13,3.750000,3.790000,3.650000,3.670000,3.670000,155500
2016-10-14,3.840000,3.934000,3.520000,3.570000,3.570000,157500
2016-10-17,3.550000,3.740000,3.330000,3.370000,3.370000,193000
2016-10-18,3.410000,3.480000,3.290000,3.440000,3.440000,40900
2016-10-19,3.500000,3.500000,3.300000,3.390000,3.390000,56800
2016-10-20,3.320000,3.440000,3.320000,3.360000,3.360000,104800
2016-10-21,3.320000,3.360000,2.975000,3.150000,3.150000,393600
2016-10-24,3.190000,3.210000,3.050000,3.090000,3.090000,128700
2016-10-25,3.090000,3.140000,2.860000,2.920000,2.920000,271600
2016-10-26,2.940000,3.110000,2.920000,3.020000,3.020000,168400
2016-10-27,3.080000,3.090000,2.980000,2.990000,2.990000,136700
2016-10-28,2.990000,3.080000,2.940000,2.970000,2.970000,124300
2016-10-31,3.000000,3.050000,2.900000,2.950000,2.950000,102700
2016-11-01,3.000000,3.050000,2.900000,3.000000,3.000000,70700
2016-11-02,3.050000,3.100000,2.950000,3.050000,3.050000,94800
2016-11-03,3.100000,3.100000,2.850000,2.850000,2.850000,171400
2016-11-04,2.850000,2.950000,2.740000,2.850000,2.850000,167300
2016-11-07,3.000000,3.050000,2.900000,2.950000,2.950000,59200
2016-11-08,2.950000,3.000000,2.850000,2.900000,2.900000,107600
2016-11-09,2.800000,3.350000,2.800000,3.300000,3.300000,415700
2016-11-10,3.300000,3.600000,3.250000,3.575000,3.575000,209300
2016-11-11,3.600000,3.700000,3.450000,3.650000,3.650000,196100
2016-11-14,3.750000,3.800000,3.450000,3.600000,3.600000,185200
2016-11-15,3.500000,3.550000,3.160000,3.400000,3.400000,188900
2016-11-16,3.350000,3.750000,3.300000,3.550000,3.550000,98800
2016-11-17,3.550000,3.700000,3.450000,3.500000,3.500000,75200
2016-11-18,3.500000,3.600000,3.400000,3.550000,3.550000,84200
2016-11-21,3.500000,3.550000,2.750000,3.000000,3.000000,947500
2016-11-22,3.050000,3.050000,2.900000,3.000000,3.000000,223300
2016-11-23,3.000000,3.000000,2.800000,3.000000,3.000000,271400
2016-11-25,3.000000,3.050000,2.850000,2.950000,2.950000,75900
2016-11-28,3.000000,3.000000,2.850000,2.950000,2.950000,228300
2016-11-29,3.000000,3.050000,2.850000,2.900000,2.900000,199700
2016-11-30,2.850000,3.000000,2.850000,2.850000,2.850000,95600
2016-12-01,2.900000,2.950000,2.800000,2.800000,2.800000,230500
2016-12-02,2.850000,2.900000,2.800000,2.850000,2.850000,92500
2016-12-05,2.900000,3.000000,2.850000,3.000000,3.000000,158900
2016-12-06,3.000000,3.050000,2.850000,3.000000,3.000000,202200
2016-12-07,2.950000,3.050000,2.900000,2.950000,2.950000,234400
2016-12-08,2.950000,3.250000,2.950000,3.200000,3.200000,277200
2016-12-09,3.100000,3.300000,3.100000,3.200000,3.200000,202600
2016-12-12,3.150000,3.200000,2.900000,2.950000,2.950000,207600
2016-12-13,3.000000,3.000000,2.900000,2.950000,2.950000,244800
2016-12-14,2.950000,2.950000,2.850000,2.900000,2.900000,178100
2016-12-15,2.900000,3.000000,2.864000,2.950000,2.950000,160200
2016-12-16,3.000000,3.200000,2.950000,3.100000,3.100000,1700400
2016-12-19,3.150000,3.200000,3.100000,3.150000,3.150000,192200
2016-12-20,3.200000,3.460000,3.200000,3.450000,3.450000,267200
2016-12-21,3.450000,3.475000,3.300000,3.350000,3.350000,132600
2016-12-22,3.350000,3.450000,3.250000,3.300000,3.300000,193000
2016-12-23,3.350000,3.425000,3.250000,3.300000,3.300000,131500
2016-12-27,3.300000,3.400000,3.200000,3.250000,3.250000,172600
2016-12-28,3.200000,3.200000,2.950000,3.000000,3.000000,345800
2016-12-29,3.000000,3.100000,2.950000,2.950000,2.950000,292500
2016-12-30,2.950000,3.100000,2.850000,2.900000,2.900000,596000
2017-01-03,3.000000,3.100000,2.900000,2.950000,2.950000,100500
2017-01-04,3.050000,3.350000,3.000000,3.350000,3.350000,237300
2017-01-05,3.350000,3.350000,3.000000,3.050000,3.050000,416100
2017-01-06,3.100000,3.100000,3.000000,3.000000,3.000000,206900
2017-01-09,3.000000,3.150000,3.000000,3.050000,3.050000,142200
2017-01-10,3.100000,3.150000,3.000000,3.000000,3.000000,179400
2017-01-11,3.100000,3.100000,2.900000,2.900000,2.900000,247300
2017-01-12,2.939000,3.050000,2.900000,3.000000,3.000000,246500
2017-01-13,3.000000,3.200000,3.000000,3.150000,3.150000,217000
2017-01-17,3.150000,3.150000,3.050000,3.050000,3.050000,104100
2017-01-18,3.050000,3.100000,3.000000,3.050000,3.050000,159800
2017-01-19,3.000000,3.050000,2.950000,2.950000,2.950000,147000
2017-01-20,2.950000,2.975000,2.875000,2.950000,2.950000,104300
2017-01-23,2.950000,2.950000,2.900000,2.900000,2.900000,63700
2017-01-24,2.900000,2.925000,2.850000,2.850000,2.850000,124700
2017-01-25,2.950000,2.950000,2.850000,2.900000,2.900000,237500
2017-01-26,2.850000,2.950000,2.850000,2.900000,2.900000,198200
2017-01-27,2.900000,2.950000,2.850000,2.850000,2.850000,128700
2017-01-30,2.850000,2.900000,2.850000,2.850000,2.850000,90400
2017-01-31,2.850000,2.900000,2.850000,2.900000,2.900000,182300
2017-02-01,2.900000,2.975000,2.850000,2.950000,2.950000,285100
2017-02-02,2.950000,2.950000,2.900000,2.900000,2.900000,82200
2017-02-03,2.950000,2.950000,2.850000,2.900000,2.900000,133900
2017-02-06,2.950000,2.950000,2.850000,2.950000,2.950000,299100
2017-02-07,2.950000,2.950000,2.850000,2.850000,2.850000,253500
2017-02-08,2.850000,2.950000,2.800000,2.800000,2.800000,383800
2017-02-09,2.800000,2.850000,2.700000,2.700000,2.700000,315300
2017-02-10,2.750000,3.000000,2.700000,3.000000,3.000000,551600
2017-02-13,3.000000,3.100000,2.900000,3.000000,3.000000,494700
2017-02-14,3.000000,3.000000,2.850000,2.900000,2.900000,170900
2017-02-15,2.850000,2.950000,2.800000,2.900000,2.900000,158600
2017-02-16,2.950000,2.950000,2.800000,2.800000,2.800000,196200
2017-02-17,2.850000,2.850000,2.700000,2.800000,2.800000,418200
2017-02-21,2.850000,2.850000,2.750000,2.750000,2.750000,113800
2017-02-22,2.800000,2.850000,2.700000,2.750000,2.750000,92300
2017-02-23,2.750000,2.775000,2.700000,2.750000,2.750000,126400
2017-02-24,2.700000,2.750000,2.650000,2.650000,2.650000,189000
2017-02-27,2.700000,2.750000,2.650000,2.750000,2.750000,133100
2017-02-28,2.700000,2.750000,2.650000,2.650000,2.650000,173000
2017-03-01,2.700000,2.850000,2.650000,2.800000,2.800000,296200
2017-03-02,2.800000,2.850000,2.750000,2.800000,2.800000,84700
2017-03-03,2.800000,2.900000,2.700000,2.850000,2.850000,132700
2017-03-06,2.850000,2.900000,2.750000,2.800000,2.800000,194400
2017-03-07,2.800000,2.825000,2.750000,2.750000,2.750000,158500
2017-03-08,2.800000,2.850000,2.700000,2.800000,2.800000,142300
2017-03-09,2.800000,3.000000,2.710000,2.850000,2.850000,154400
2017-03-10,2.850000,2.850000,2.700000,2.750000,2.750000,145600
2017-03-13,2.750000,2.800000,2.600000,2.800000,2.800000,516800
2017-03-14,2.800000,2.800000,2.700000,2.750000,2.750000,72300
2017-03-15,2.750000,2.800000,2.700000,2.750000,2.750000,135200
2017-03-16,2.700000,2.750000,2.650000,2.750000,2.750000,148700
2017-03-17,2.700000,2.800000,2.650000,2.750000,2.750000,200200
2017-03-20,2.750000,2.750000,2.600000,2.700000,2.700000,182500
2017-03-21,2.700000,2.700000,2.550000,2.550000,2.550000,177800
2017-03-22,2.600000,2.600000,2.550000,2.600000,2.600000,114800
2017-03-23,2.550000,2.750000,2.525000,2.600000,2.600000,549300
2017-03-24,2.625000,2.725000,2.550000,2.650000,2.650000,401900
2017-03-27,2.700000,2.750000,2.600000,2.750000,2.750000,361500
2017-03-28,2.700000,2.800000,2.650000,2.750000,2.750000,163000
2017-03-29,2.700000,2.850000,2.700000,2.800000,2.800000,365000
2017-03-30,2.850000,2.850000,2.650000,2.700000,2.700000,281800
2017-03-31,2.750000,2.750000,2.650000,2.700000,2.700000,159100
2017-04-03,2.700000,2.750000,2.650000,2.650000,2.650000,124800
2017-04-04,2.650000,2.750000,2.600000,2.700000,2.700000,93400
2017-04-05,2.700000,2.750000,2.650000,2.700000,2.700000,141900
2017-04-06,2.650000,2.700000,2.550000,2.575000,2.575000,180800
2017-04-07,2.550000,2.600000,2.500000,2.550000,2.550000,258000
2017-04-10,2.500000,2.750000,2.500000,2.700000,2.700000,239400
2017-04-11,2.750000,2.750000,2.600000,2.750000,2.750000,200700
2017-04-12,2.700000,2.800000,2.600000,2.650000,2.650000,167800
2017-04-13,2.650000,2.700000,2.600000,2.650000,2.650000,100200
2017-04-17,2.700000,2.800000,2.600000,2.650000,2.650000,341300
2017-04-18,2.600000,2.675000,2.550000,2.575000,2.575000,261200
2017-04-19,2.650000,2.650000,2.500000,2.600000,2.600000,344000
2017-04-20,2.650000,2.650000,2.550000,2.650000,2.650000,149900
2017-04-21,2.650000,2.750000,2.600000,2.700000,2.700000,323100
2017-04-24,2.750000,2.750000,2.600000,2.600000,2.600000,158200
2017-04-25,2.650000,2.700000,2.650000,2.650000,2.650000,112400
2017-04-26,2.700000,2.800000,2.650000,2.800000,2.800000,229000
2017-04-27,2.750000,2.800000,2.600000,2.650000,2.650000,163800
2017-04-28,2.700000,2.950000,2.650000,2.850000,2.850000,908700
2017-05-01,2.850000,3.200000,2.805000,3.000000,3.000000,776400
2017-05-02,3.000000,3.031000,2.750000,2.800000,2.800000,334200
2017-05-03,2.800000,2.850000,2.750000,2.800000,2.800000,170100
2017-05-04,2.800000,2.850000,2.750000,2.850000,2.850000,256800
2017-05-05,2.800000,2.850000,2.750000,2.850000,2.850000,237900
2017-05-08,2.800000,2.850000,2.750000,2.800000,2.800000,130200
2017-05-09,2.750000,2.900000,2.750000,2.800000,2.800000,371700
2017-05-10,2.750000,2.850000,2.700000,2.750000,2.750000,203700
2017-05-11,2.750000,2.955000,2.700000,2.900000,2.900000,339900
2017-05-12,2.900000,3.100000,2.850000,3.050000,3.050000,242200
2017-05-15,3.050000,3.150000,2.900000,3.100000,3.100000,361200
2017-05-16,3.100000,3.100000,2.900000,2.950000,2.950000,57700
2017-05-17,2.900000,2.940000,2.800000,2.800000,2.800000,80600
2017-05-18,2.850000,2.925000,2.800000,2.800000,2.800000,149700
2017-05-19,2.800000,2.850000,2.700000,2.725000,2.725000,184700
2017-05-22,2.700000,2.800000,2.700000,2.800000,2.800000,91800
2017-05-23,2.750000,2.800000,2.700000,2.725000,2.725000,113400
2017-05-24,2.700000,2.800000,2.700000,2.750000,2.750000,116700
2017-05-25,2.750000,2.750000,2.650000,2.650000,2.650000,149600
2017-05-26,2.650000,2.700000,2.625000,2.700000,2.700000,244600
2017-05-30,2.700000,2.700000,2.600000,2.600000,2.600000,160100
2017-05-31,2.600000,2.650000,2.550000,2.550000,2.550000,237700
2017-06-01,2.600000,2.700000,2.600000,2.600000,2.600000,179100
2017-06-02,2.650000,2.750000,2.600000,2.750000,2.750000,136100
2017-06-05,2.700000,2.750000,2.650000,2.650000,2.650000,125100
2017-06-06,2.600000,2.725000,2.600000,2.650000,2.650000,163500
2017-06-07,2.650000,2.750000,2.600000,2.700000,2.700000,199400
2017-06-08,2.650000,2.750000,2.650000,2.750000,2.750000,91500
2017-06-09,2.750000,2.750000,2.650000,2.700000,2.700000,171800
2017-06-12,2.650000,2.825000,2.650000,2.750000,2.750000,228600
2017-06-13,2.800000,2.800000,2.700000,2.750000,2.750000,128300
2017-06-14,2.750000,2.800000,2.700000,2.750000,2.750000,96100
2017-06-15,2.750000,2.850000,2.650000,2.700000,2.700000,294000
2017-06-16,2.650000,2.850000,2.650000,2.750000,2.750000,361800
2017-06-19,2.800000,3.050000,2.750000,2.900000,2.900000,1117700
2017-06-20,2.850000,2.950000,2.800000,2.850000,2.850000,520100
2017-06-21,2.850000,3.050000,2.810000,3.000000,3.000000,525200
2017-06-22,3.000000,3.100000,2.800000,2.850000,2.850000,574700
2017-06-23,2.850000,2.950000,2.750000,2.750000,2.750000,2846500
2017-06-26,2.800000,2.950000,2.700000,2.750000,2.750000,531600
2017-06-27,2.750000,2.850000,2.660000,2.700000,2.700000,106400
2017-06-28,2.700000,2.750000,2.500000,2.575000,2.575000,427600
2017-06-29,2.600000,2.600000,2.500000,2.500000,2.500000,530800
2017-06-30,2.550000,2.550000,2.450000,2.500000,2.500000,349100
2017-07-03,2.550000,2.550000,2.450000,2.500000,2.500000,144000
2017-07-05,2.450000,2.550000,2.450000,2.550000,2.550000,165100
2017-07-06,2.550000,2.550000,2.450000,2.450000,2.450000,316000
2017-07-07,2.500000,2.600000,2.500000,2.550000,2.550000,171100
2017-07-10,2.550000,2.600000,2.475000,2.500000,2.500000,268100
2017-07-11,2.500000,2.600000,2.500000,2.500000,2.500000,355700
2017-07-12,2.550000,2.600000,2.500000,2.550000,2.550000,422600
2017-07-13,2.550000,2.600000,2.500000,2.600000,2.600000,142600
2017-07-14,2.575000,2.845000,2.525000,2.600000,2.600000,391500
2017-07-17,2.650000,2.800000,2.650000,2.700000,2.700000,171400
2017-07-18,2.700000,2.750000,2.600000,2.650000,2.650000,130500
2017-07-19,2.650000,2.700000,2.600000,2.650000,2.650000,89500
2017-07-20,2.650000,2.700000,2.625000,2.650000,2.650000,82600
2017-07-21,2.650000,2.800000,2.650000,2.650000,2.650000,112100
2017-07-24,2.700000,2.740000,2.600000,2.700000,2.700000,169600
2017-07-25,2.700000,2.800000,2.600000,2.600000,2.600000,110800
2017-07-26,2.600000,2.650000,2.550000,2.600000,2.600000,148000
2017-07-27,2.600000,2.650000,2.525000,2.550000,2.550000,114800
2017-07-28,2.550000,2.600000,2.500000,2.550000,2.550000,93200
2017-07-31,2.550000,2.600000,2.525000,2.550000,2.550000,87900
2017-08-01,2.550000,2.600000,2.500000,2.500000,2.500000,129800
2017-08-02,2.500000,2.550000,2.450000,2.500000,2.500000,157100
2017-08-03,2.500000,2.550000,2.475000,2.550000,2.550000,94400
2017-08-04,2.550000,2.550000,2.475000,2.500000,2.500000,146100
2017-08-07,2.500000,2.550000,2.460000,2.550000,2.550000,102500
2017-08-08,2.500000,2.550000,2.475000,2.525000,2.525000,142200
2017-08-09,2.550000,2.575000,2.450000,2.500000,2.500000,301000
2017-08-10,2.500000,2.550000,2.500000,2.550000,2.550000,154800
2017-08-11,2.500000,2.550000,2.500000,2.550000,2.550000,65400
2017-08-14,2.550000,2.550000,2.500000,2.550000,2.550000,62000
2017-08-15,2.550000,2.550000,2.500000,2.550000,2.550000,61100
2017-08-16,2.550000,2.550000,2.500000,2.500000,2.500000,59600
2017-08-17,2.500000,2.550000,2.450000,2.450000,2.450000,123600
2017-08-18,2.450000,2.500000,2.400000,2.450000,2.450000,156200
2017-08-21,2.450000,2.600000,2.450000,2.500000,2.500000,264300
2017-08-22,2.500000,2.550000,2.475000,2.500000,2.500000,94200
2017-08-23,2.450000,2.550000,2.450000,2.475000,2.475000,80100
2017-08-24,2.500000,2.750000,2.450000,2.700000,2.700000,592100
2017-08-25,2.700000,2.950000,2.600000,2.600000,2.600000,403200
2017-08-28,2.650000,2.850000,2.645000,2.650000,2.650000,214800
2017-08-29,2.650000,2.800000,2.650000,2.750000,2.750000,79300
2017-08-30,2.775000,2.850000,2.750000,2.800000,2.800000,203800
2017-08-31,2.800000,2.850000,2.750000,2.750000,2.750000,97100
2017-09-01,2.800000,2.850000,2.750000,2.800000,2.800000,184200
2017-09-05,2.800000,2.800000,2.500000,2.550000,2.550000,335900
2017-09-06,2.550000,2.750000,2.550000,2.725000,2.725000,261900
2017-09-07,2.700000,2.950000,2.650000,2.700000,2.700000,428500
2017-09-08,2.700000,2.990000,2.700000,2.800000,2.800000,354900
2017-09-11,2.850000,3.100000,2.850000,3.000000,3.000000,453500
2017-09-12,3.000000,3.050000,2.875000,3.000000,3.000000,194700
2017-09-13,3.050000,3.250000,2.950000,3.150000,3.150000,516900
2017-09-14,3.200000,3.575000,3.112000,3.450000,3.450000,471200
2017-09-15,3.500000,3.700000,3.375000,3.500000,3.500000,877300
2017-09-18,3.500000,3.625000,3.350000,3.450000,3.450000,487700
2017-09-19,3.400000,3.500000,3.400000,3.500000,3.500000,112900
2017-09-20,3.450000,3.600000,3.411000,3.450000,3.450000,99700
2017-09-21,3.450000,3.550000,3.250000,3.550000,3.550000,224800
2017-09-22,3.500000,3.595000,3.300000,3.400000,3.400000,145600
2017-09-25,3.500000,3.550000,3.225000,3.300000,3.300000,269600
2017-09-26,3.350000,3.350000,3.110000,3.350000,3.350000,201400
2017-09-27,3.350000,3.550000,3.250000,3.450000,3.450000,210000
2017-09-28,3.500000,3.600000,3.425000,3.450000,3.450000,121700
2017-09-29,3.400000,3.850000,3.350000,3.650000,3.650000,276700
2017-10-02,3.600000,3.950000,3.550000,3.900000,3.900000,191300
2017-10-03,4.000000,4.000000,3.700000,3.800000,3.800000,316200
2017-10-04,3.800000,3.850000,3.700000,3.750000,3.750000,97800
2017-10-05,3.650000,3.750000,3.600000,3.650000,3.650000,245900
2017-10-06,3.650000,3.650000,3.455000,3.550000,3.550000,173100
2017-10-09,3.600000,3.640000,3.500000,3.550000,3.550000,69300
2017-10-10,3.550000,3.700000,3.550000,3.650000,3.650000,375100
2017-10-11,3.700000,3.700000,3.550000,3.600000,3.600000,197800
2017-10-12,3.750000,4.050000,3.625000,3.950000,3.950000,1749500
2017-10-13,4.100000,4.200000,3.550000,3.800000,3.800000,794800
2017-10-16,3.800000,3.900000,3.550000,3.700000,3.700000,571000
2017-10-17,3.750000,3.750000,3.350000,3.600000,3.600000,366200
2017-10-18,3.600000,3.600000,3.400000,3.450000,3.450000,121700
2017-10-19,3.350000,3.450000,3.290000,3.400000,3.400000,115100
2017-10-20,3.400000,3.525000,3.250000,3.475000,3.475000,225300
2017-10-23,3.500000,3.500000,3.350000,3.350000,3.350000,106800
2017-10-24,3.350000,3.400000,3.150000,3.200000,3.200000,350200
2017-10-25,3.150000,3.300000,3.150000,3.150000,3.150000,147800
2017-10-26,3.200000,3.250000,3.050000,3.150000,3.150000,105700
2017-10-27,3.150000,3.225000,3.000000,3.200000,3.200000,182100
2017-10-30,3.150000,3.300000,3.100000,3.250000,3.250000,287300
2017-10-31,3.250000,3.300000,3.100000,3.250000,3.250000,171400
2017-11-01,3.250000,3.275000,3.050000,3.150000,3.150000,171000
2017-11-02,3.195000,3.250000,3.060000,3.250000,3.250000,115400
2017-11-03,3.200000,3.550000,3.200000,3.250000,3.250000,558100
2017-11-06,3.300000,3.350000,3.150000,3.200000,3.200000,135800
2017-11-07,3.175000,3.200000,3.000000,3.150000,3.150000,192800
2017-11-08,3.100000,3.100000,2.900000,3.000000,3.000000,182900
2017-11-09,2.900000,3.100000,2.900000,2.950000,2.950000,163200
2017-11-10,2.900000,3.000000,2.850000,2.850000,2.850000,348700
2017-11-13,2.950000,3.050000,2.925000,3.000000,3.000000,234500
2017-11-14,3.000000,3.150000,2.900000,3.100000,3.100000,251200
2017-11-15,3.100000,3.150000,2.950000,3.000000,3.000000,149900
2017-11-16,3.050000,3.175000,2.950000,3.150000,3.150000,165100
2017-11-17,3.100000,3.200000,3.050000,3.150000,3.150000,618300
2017-11-20,3.200000,3.250000,2.900000,2.950000,2.950000,306500
2017-11-21,3.000000,3.100000,2.910000,3.000000,3.000000,226800
2017-11-22,3.050000,3.050000,3.000000,3.025000,3.025000,98200
2017-11-24,3.025000,3.050000,2.975000,3.050000,3.050000,65700
2017-11-27,3.000000,3.200000,2.988000,3.050000,3.050000,396300
2017-11-28,3.100000,3.200000,3.050000,3.050000,3.050000,601300
2017-11-29,3.100000,3.200000,2.950000,3.000000,3.000000,241500
2017-11-30,3.000000,3.150000,2.950000,3.050000,3.050000,734900
2017-12-01,3.050000,3.125000,2.950000,3.050000,3.050000,1439400
2017-12-04,3.050000,3.150000,3.000000,3.000000,3.000000,193400
2017-12-05,3.050000,3.175000,2.975000,3.050000,3.050000,407200
2017-12-06,3.100000,3.210000,3.100000,3.150000,3.150000,973300
2017-12-07,3.200000,3.300000,3.100000,3.250000,3.250000,955400
2017-12-08,3.200000,3.500000,3.200000,3.450000,3.450000,673700
2017-12-11,3.500000,3.500000,3.225000,3.300000,3.300000,851000
2017-12-12,3.350000,3.390000,3.150000,3.150000,3.150000,344000
2017-12-13,3.150000,3.200000,3.050000,3.100000,3.100000,428300
2017-12-14,3.150000,3.300000,3.050000,3.100000,3.100000,320200
2017-12-15,3.100000,3.150000,2.950000,3.000000,3.000000,587400
2017-12-18,3.050000,3.350000,3.040000,3.200000,3.200000,831600
2017-12-19,3.250000,3.500000,3.250000,3.350000,3.350000,594700
2017-12-20,3.400000,3.450000,3.300000,3.400000,3.400000,315900
2017-12-21,3.450000,3.500000,3.400000,3.450000,3.450000,238700
2017-12-22,3.400000,3.450000,3.350000,3.450000,3.450000,285400
2017-12-26,3.450000,3.500000,3.400000,3.450000,3.450000,465300
2017-12-27,3.500000,3.550000,3.450000,3.550000,3.550000,705000
2017-12-28,3.600000,3.600000,3.450000,3.600000,3.600000,1354900
2017-12-29,3.650000,3.650000,3.500000,3.500000,3.500000,913000
2018-01-02,3.650000,3.750000,3.500000,3.650000,3.650000,1794300
2018-01-03,3.700000,4.350000,3.700000,4.300000,4.300000,1531900
2018-01-04,4.300000,4.400000,4.050000,4.400000,4.400000,1492000
2018-01-05,4.400000,4.450000,4.300000,4.450000,4.450000,877400
2018-01-08,4.500000,4.500000,4.160000,4.250000,4.250000,649100
2018-01-09,4.250000,4.400000,3.850000,4.100000,4.100000,1063600
2018-01-10,4.100000,4.350000,4.050000,4.250000,4.250000,652500
2018-01-11,4.300000,4.300000,3.950000,3.975000,3.975000,1403100
2018-01-12,4.000000,4.075000,3.950000,3.950000,3.950000,497000
2018-01-16,4.000000,4.550000,3.975000,4.350000,4.350000,1731400
2018-01-17,4.400000,4.650000,4.225000,4.650000,4.650000,660200
2018-01-18,4.700000,4.850000,4.510000,4.650000,4.650000,1554900
2018-01-19,4.700000,4.950000,4.650000,4.900000,4.900000,879000
2018-01-22,4.900000,5.300000,4.850000,5.150000,5.150000,1273200
2018-01-23,5.200000,5.750000,5.100000,5.400000,5.400000,1656600
2018-01-24,5.400000,5.850000,5.400000,5.750000,5.750000,1079800
2018-01-25,5.950000,6.800000,5.850000,6.450000,6.450000,3581800
2018-01-26,6.650000,7.350000,6.450000,7.000000,7.000000,4469000
2018-01-29,7.100000,7.650000,7.000000,7.550000,7.550000,3117800
2018-01-30,7.350000,8.300000,7.008000,7.950000,7.950000,2860200
2018-01-31,8.250000,8.590000,7.100000,7.300000,7.300000,2638300
2018-02-01,7.200000,7.950000,6.950000,7.700000,7.700000,1723000
2018-02-02,7.600000,7.700000,7.150000,7.300000,7.300000,1008900
2018-02-05,7.200000,7.650000,7.000000,7.400000,7.400000,1065200
2018-02-06,7.150000,7.500000,6.305000,6.900000,6.900000,1622000
2018-02-07,6.950000,7.500000,6.950000,7.100000,7.100000,887900
2018-02-08,7.400000,7.850000,7.050000,7.500000,7.500000,6795000
2018-02-09,7.500000,7.650000,6.360000,7.050000,7.050000,1995600
2018-02-12,7.200000,7.300000,6.725000,6.850000,6.850000,985400
2018-02-13,6.750000,7.080000,6.750000,6.900000,6.900000,1479000
2018-02-14,6.850000,6.950000,6.500000,6.500000,6.500000,1252700
2018-02-15,6.750000,6.850000,6.000000,6.400000,6.400000,2602300
2018-02-16,6.400000,6.650000,6.200000,6.400000,6.400000,1874100
2018-02-20,6.450000,6.575000,6.100000,6.200000,6.200000,895700
2018-02-21,6.150000,6.600000,5.950000,6.400000,6.400000,1524500
2018-02-22,6.400000,6.950000,6.250000,6.800000,6.800000,1750900
2018-02-23,6.800000,7.150000,6.600000,6.950000,6.950000,1062200
2018-02-26,7.000000,7.250000,6.625000,6.650000,6.650000,1830800
2018-02-27,6.700000,6.950000,6.650000,6.800000,6.800000,987900
2018-02-28,6.850000,7.325000,6.750000,6.925000,6.925000,1649800
2018-03-01,6.900000,6.990000,6.300000,6.650000,6.650000,1476900
2018-03-02,6.650000,7.200000,6.450000,7.050000,7.050000,1622500
2018-03-05,7.500000,7.850000,7.150000,7.250000,7.250000,2215900
2018-03-06,7.400000,7.600000,6.750000,7.200000,7.200000,1449600
2018-03-07,7.150000,7.250000,6.750000,6.950000,6.950000,886200
2018-03-08,6.900000,7.050000,6.750000,6.800000,6.800000,853400
2018-03-09,6.750000,6.890000,6.450000,6.700000,6.700000,1175800
2018-03-12,6.650000,7.050000,6.373000,6.900000,6.900000,1411400
2018-03-13,6.850000,7.400000,6.700000,6.950000,6.950000,1599000
2018-03-14,7.000000,7.600000,6.950000,7.350000,7.350000,1360800
2018-03-15,7.400000,8.050000,7.250000,7.600000,7.600000,2398100
2018-03-16,7.700000,7.700000,7.000000,7.200000,7.200000,1315000
2018-03-19,7.200000,7.200000,6.500000,6.550000,6.550000,1724000
2018-03-20,6.550000,6.800000,6.400000,6.600000,6.600000,1169700
2018-03-21,6.550000,6.728000,6.000000,6.600000,6.600000,996500
2018-03-22,6.550000,6.675000,6.250000,6.400000,6.400000,663800
2018-03-23,6.350000,6.550000,6.245000,6.400000,6.400000,740500
2018-03-26,6.450000,6.550000,6.200000,6.425000,6.425000,545600
2018-03-27,6.400000,6.525000,5.550000,5.600000,5.600000,856500
2018-03-28,5.650000,5.850000,5.600000,5.650000,5.650000,634300
2018-03-29,5.650000,5.900000,5.350000,5.800000,5.800000,713500
2018-04-02,5.750000,5.775000,5.450000,5.700000,5.700000,783800
2018-04-03,5.700000,5.950000,5.500000,5.550000,5.550000,494200
2018-04-04,5.550000,5.850000,5.450000,5.750000,5.750000,417900
2018-04-05,5.800000,5.922000,5.625000,5.800000,5.800000,463000
2018-04-06,5.750000,6.000000,5.375000,5.450000,5.450000,594300
2018-04-09,5.700000,6.150000,5.700000,5.800000,5.800000,1110100
2018-04-10,5.800000,6.425000,5.750000,6.250000,6.250000,765100
2018-04-11,6.250000,6.400000,5.850000,5.950000,5.950000,681000
2018-04-12,6.000000,6.500000,5.950000,6.450000,6.450000,573600
2018-04-13,6.400000,6.700000,6.275000,6.450000,6.450000,554800
2018-04-16,6.500000,6.500000,6.350000,6.350000,6.350000,272400
2018-04-17,6.350000,6.800000,6.350000,6.700000,6.700000,482700
2018-04-18,6.650000,6.850000,6.400000,6.525000,6.525000,519900
2018-04-19,6.550000,6.700000,6.350000,6.450000,6.450000,384500
2018-04-20,6.500000,6.500000,6.200000,6.300000,6.300000,316000
2018-04-23,6.300000,6.305000,5.750000,6.000000,6.000000,826300
2018-04-24,5.950000,6.150000,5.700000,5.850000,5.850000,480800
2018-04-25,5.800000,6.100000,5.700000,5.900000,5.900000,466100
2018-04-26,5.950000,6.250000,5.950000,6.100000,6.100000,218400
2018-04-27,6.150000,6.550000,6.050000,6.500000,6.500000,532500
2018-04-30,6.450000,6.550000,6.050000,6.250000,6.250000,468100
2018-05-01,6.250000,6.325000,6.025000,6.150000,6.150000,213700
2018-05-02,6.100000,6.450000,6.050000,6.350000,6.350000,364600
2018-05-03,6.300000,6.600000,6.275000,6.350000,6.350000,529500
2018-05-04,5.950000,6.000000,4.925000,5.325000,5.325000,3508300
2018-05-07,5.300000,5.950000,5.300000,5.650000,5.650000,1322700
2018-05-08,5.600000,5.750000,5.500000,5.550000,5.550000,759100
2018-05-09,5.500000,5.900000,5.450000,5.850000,5.850000,477600
2018-05-10,6.000000,6.050000,5.650000,5.750000,5.750000,686900
2018-05-11,5.750000,5.925000,5.600000,5.850000,5.850000,732800
2018-05-14,5.900000,6.140000,5.800000,6.000000,6.000000,552000
2018-05-15,5.950000,6.150000,5.920000,6.000000,6.000000,239000
2018-05-16,6.000000,6.250000,5.950000,6.150000,6.150000,617700
2018-05-17,6.200000,6.200000,5.700000,6.000000,6.000000,690600
2018-05-18,6.100000,6.350000,5.975000,6.100000,6.100000,974200
2018-05-21,6.100000,6.200000,5.850000,5.900000,5.900000,697100
2018-05-22,5.800000,6.125000,5.750000,5.950000,5.950000,713100
2018-05-23,5.950000,6.200000,5.950000,6.150000,6.150000,283000
2018-05-24,6.100000,6.200000,6.050000,6.150000,6.150000,201300
2018-05-25,6.100000,6.200000,6.075000,6.150000,6.150000,238300
2018-05-29,6.200000,6.200000,5.900000,6.050000,6.050000,539100
2018-05-30,6.050000,6.400000,6.050000,6.350000,6.350000,544200
2018-05-31,6.350000,6.450000,6.100000,6.250000,6.250000,541100
2018-06-01,6.250000,6.440000,6.125000,6.350000,6.350000,328300
2018-06-04,6.300000,6.400000,6.100000,6.350000,6.350000,330200
2018-06-05,6.300000,6.500000,6.200000,6.450000,6.450000,388800
2018-06-06,6.450000,6.950000,6.425000,6.900000,6.900000,730300
2018-06-07,6.900000,6.950000,6.400000,6.400000,6.400000,617300
2018-06-08,6.400000,6.550000,6.150000,6.250000,6.250000,520300
2018-06-11,6.300000,6.400000,6.100000,6.200000,6.200000,1178300
2018-06-12,6.200000,6.350000,5.750000,5.800000,5.800000,513000
2018-06-13,5.800000,6.000000,5.650000,5.650000,5.650000,561200
2018-06-14,5.700000,5.925000,5.400000,5.550000,5.550000,534300
2018-06-15,5.550000,5.750000,5.400000,5.550000,5.550000,660600
2018-06-18,5.550000,5.750000,5.400000,5.550000,5.550000,515600
2018-06-19,5.550000,5.900000,5.500000,5.800000,5.800000,568700
2018-06-20,5.850000,6.150000,5.800000,6.000000,6.000000,562700
2018-06-21,5.950000,6.095000,5.650000,5.750000,5.750000,529900
2018-06-22,5.750000,6.100000,5.600000,6.050000,6.050000,6374100
2018-06-25,6.000000,6.250000,5.800000,6.000000,6.000000,1101500
2018-06-26,6.050000,6.150000,5.850000,6.100000,6.100000,613600
2018-06-27,6.050000,6.075000,5.325000,5.400000,5.400000,993700
2018-06-28,5.350000,5.450000,5.200000,5.350000,5.350000,621600
2018-06-29,5.300000,5.525000,5.210000,5.300000,5.300000,512800
2018-07-02,5.300000,5.525000,5.300000,5.400000,5.400000,191300
2018-07-03,5.450000,5.700000,5.400000,5.550000,5.550000,1347900
2018-07-05,5.750000,5.800000,5.500000,5.550000,5.550000,279900
2018-07-06,5.550000,5.950000,5.550000,5.950000,5.950000,502300
2018-07-09,5.950000,6.350000,5.950000,6.100000,6.100000,775600
2018-07-10,6.100000,6.100000,5.650000,5.650000,5.650000,729000
2018-07-11,5.650000,5.850000,5.550000,5.650000,5.650000,487300
2018-07-12,5.650000,5.800000,5.100000,5.400000,5.400000,1791900
2018-07-13,5.400000,5.400000,5.100000,5.150000,5.150000,398700
2018-07-16,5.150000,5.300000,4.800000,5.200000,5.200000,765500
2018-07-17,5.250000,5.400000,5.160000,5.275000,5.275000,313800
2018-07-18,5.250000,5.275000,4.900000,4.950000,4.950000,770300
2018-07-19,4.900000,5.250000,4.900000,5.150000,5.150000,519500
2018-07-20,5.150000,5.250000,4.900000,5.050000,5.050000,422300
2018-07-23,5.000000,5.200000,4.910000,5.100000,5.100000,320000
2018-07-24,5.100000,5.200000,4.900000,5.000000,5.000000,632400
2018-07-25,4.950000,5.375000,4.900000,5.200000,5.200000,594000
2018-07-26,5.250000,5.350000,5.025000,5.300000,5.300000,526800
2018-07-27,5.300000,5.300000,4.650000,4.725000,4.725000,731600
2018-07-30,4.800000,4.800000,4.475000,4.700000,4.700000,438500
2018-07-31,4.700000,4.850000,4.600000,4.700000,4.700000,481500
2018-08-01,4.750000,4.800000,4.550000,4.600000,4.600000,277100
2018-08-02,4.600000,4.750000,4.500000,4.600000,4.600000,425400
2018-08-03,4.650000,4.725000,4.400000,4.550000,4.550000,477100
2018-08-06,4.500000,4.600000,4.350000,4.500000,4.500000,243800
2018-08-07,4.500000,4.700000,4.350000,4.600000,4.600000,460200
2018-08-08,4.650000,4.850000,4.600000,4.750000,4.750000,271100
2018-08-09,4.950000,5.450000,4.800000,5.100000,5.100000,800400
2018-08-10,5.000000,5.350000,4.900000,5.250000,5.250000,530000
2018-08-13,5.300000,5.350000,5.100000,5.300000,5.300000,436200
2018-08-14,5.300000,5.350000,5.150000,5.250000,5.250000,261500
2018-08-15,5.250000,5.250000,5.000000,5.100000,5.100000,294000
2018-08-16,5.100000,5.100000,4.850000,5.050000,5.050000,215900
2018-08-17,5.050000,5.350000,5.000000,5.200000,5.200000,458100
2018-08-20,5.200000,5.400000,5.100000,5.275000,5.275000,304000
2018-08-21,5.250000,5.550000,5.200000,5.500000,5.500000,279500
2018-08-22,5.500000,6.000000,5.500000,5.850000,5.850000,508800
2018-08-23,5.950000,5.950000,5.650000,5.800000,5.800000,579900
2018-08-24,5.850000,5.975000,5.750000,5.950000,5.950000,471100
2018-08-27,5.950000,6.050000,5.425000,5.650000,5.650000,427700
2018-08-28,5.650000,5.850000,5.650000,5.850000,5.850000,295300
2018-08-29,5.900000,6.200000,5.800000,6.125000,6.125000,317100
2018-08-30,6.500000,7.200000,6.400000,7.150000,7.150000,1522400
2018-08-31,7.150000,7.725000,7.150000,7.600000,7.600000,1271300
2018-09-04,7.600000,7.600000,6.870000,7.000000,7.000000,814000
2018-09-05,7.000000,7.325000,6.775000,7.200000,7.200000,639300
2018-09-06,7.250000,7.250000,6.455000,6.550000,6.550000,682900
2018-09-07,6.550000,6.750000,6.450000,6.700000,6.700000,292600
2018-09-10,6.700000,6.725000,6.450000,6.700000,6.700000,358400
2018-09-11,6.600000,6.750000,6.400000,6.400000,6.400000,400700
2018-09-12,6.400000,6.525000,5.950000,6.250000,6.250000,504500
2018-09-13,6.250000,6.275000,6.050000,6.150000,6.150000,296000
2018-09-14,6.000000,6.275000,5.900000,6.150000,6.150000,382500
2018-09-17,6.150000,6.150000,5.750000,5.900000,5.900000,390900
2018-09-18,5.950000,6.050000,5.775000,5.850000,5.850000,403000
2018-09-19,5.750000,5.950000,5.725000,5.850000,5.850000,446300
2018-09-20,6.300000,6.500000,5.624000,5.750000,5.750000,972800
2018-09-21,6.050000,6.150000,5.765000,5.900000,5.900000,1243400
2018-09-24,5.900000,6.100000,5.650000,6.000000,6.000000,735000
2018-09-25,6.000000,6.050000,5.850000,6.000000,6.000000,317800
2018-09-26,6.000000,6.050000,5.850000,5.950000,5.950000,217700
2018-09-27,6.000000,6.175000,5.925000,6.100000,6.100000,552900
2018-09-28,6.050000,6.125000,5.950000,6.050000,6.050000,382600
2018-10-01,6.100000,6.200000,5.810000,5.910000,5.910000,450700
2018-10-02,5.890000,5.900000,5.595000,5.710000,5.710000,390500
2018-10-03,5.730000,5.981000,5.650000,5.920000,5.920000,212000
2018-10-04,5.910000,5.910000,5.530000,5.580000,5.580000,447500
2018-10-05,5.600000,5.830000,5.480000,5.580000,5.580000,406200
2018-10-08,5.550000,5.630000,5.250000,5.510000,5.510000,430000
2018-10-09,5.470000,5.780000,5.257000,5.740000,5.740000,373500
2018-10-10,5.710000,5.720000,5.090000,5.110000,5.110000,687300
2018-10-11,5.120000,5.310000,4.915000,5.105000,5.105000,628400
2018-10-12,5.230000,5.260000,5.065000,5.150000,5.150000,565100
2018-10-15,5.120000,5.150000,4.780000,5.050000,5.050000,547100
2018-10-16,5.100000,5.370000,4.940000,5.220000,5.220000,455400
2018-10-17,5.190000,5.590000,4.875000,5.040000,5.040000,700700
2018-10-18,5.000000,5.180000,4.620000,4.700000,4.700000,738400
2018-10-19,4.660000,4.720000,4.400000,4.490000,4.490000,663600
2018-10-22,4.520000,4.600000,4.340000,4.420000,4.420000,619700
2018-10-23,4.330000,4.610000,4.080000,4.460000,4.460000,971200
2018-10-24,4.450000,4.660000,4.050000,4.070000,4.070000,748100
2018-10-25,4.140000,4.370000,4.100000,4.230000,4.230000,546500
2018-10-26,4.140000,4.340000,4.000000,4.270000,4.270000,354400
2018-10-29,4.350000,4.350000,3.945000,4.070000,4.070000,683700
2018-10-30,4.060000,4.310000,3.950000,4.050000,4.050000,394700
2018-10-31,4.070000,4.250000,4.030000,4.200000,4.200000,645200
2018-11-01,4.220000,4.660000,4.123000,4.550000,4.550000,681800
2018-11-02,2.900000,3.360000,2.620000,3.340000,3.340000,8367000
2018-11-05,3.070000,3.330000,3.060000,3.310000,3.310000,1823000
2018-11-06,3.320000,3.590000,3.260000,3.550000,3.550000,634400
2018-11-07,3.600000,3.890000,3.530000,3.690000,3.690000,1852400
2018-11-08,3.600000,3.960000,3.565000,3.740000,3.740000,361700
2018-11-09,3.650000,3.870000,3.570000,3.760000,3.760000,261600
2018-11-12,3.790000,3.850000,3.560000,3.710000,3.710000,666400
2018-11-13,3.710000,3.753000,3.462000,3.630000,3.630000,2046100
2018-11-14,3.710000,3.820000,3.540000,3.560000,3.560000,310000
2018-11-15,3.540000,3.740000,3.480000,3.730000,3.730000,952000
2018-11-16,3.700000,3.950000,3.690000,3.820000,3.820000,763400
2018-11-19,3.780000,3.850000,3.700000,3.700000,3.700000,362000
2018-11-20,3.600000,3.730000,3.480000,3.620000,3.620000,1065700
2018-11-21,3.570000,3.820000,3.570000,3.760000,3.760000,181300
2018-11-23,3.750000,3.970000,3.714000,3.840000,3.840000,188100
2018-11-26,3.900000,3.930000,3.643000,3.680000,3.680000,527000
2018-11-27,3.670000,3.670000,3.510000,3.540000,3.540000,269200
2018-11-28,3.560000,3.690000,3.490000,3.690000,3.690000,414400
2018-11-29,3.650000,3.750000,3.570000,3.630000,3.630000,229300
2018-11-30,3.590000,3.750000,3.560000,3.590000,3.590000,307600
2018-12-03,3.720000,3.790000,3.651000,3.760000,3.760000,212000
2018-12-04,3.760000,3.860000,3.620000,3.650000,3.650000,335900
2018-12-06,3.570000,3.670000,3.560000,3.610000,3.610000,324200
2018-12-07,3.620000,3.690000,3.590000,3.640000,3.640000,215700
2018-12-10,3.620000,3.710000,3.570000,3.680000,3.680000,192400
2018-12-11,3.780000,3.810000,3.595000,3.690000,3.690000,90900
2018-12-12,3.750000,4.000000,3.730000,3.810000,3.810000,351100
2018-12-13,3.810000,3.840000,3.590000,3.660000,3.660000,278000
2018-12-14,3.650000,3.755000,3.550000,3.590000,3.590000,388600
2018-12-17,3.590000,3.700000,3.425000,3.450000,3.450000,812900
2018-12-18,3.490000,3.560000,3.400000,3.430000,3.430000,925000
2018-12-19,3.400000,3.620000,3.370000,3.430000,3.430000,361200
2018-12-20,3.410000,3.500000,3.124000,3.210000,3.210000,540800
2018-12-21,3.210000,3.250000,2.840000,2.870000,2.870000,1487400
2018-12-24,2.810000,3.120000,2.810000,3.080000,3.080000,180000
2018-12-26,3.100000,3.160000,2.950000,3.140000,3.140000,220700
2018-12-27,3.100000,3.195000,3.020000,3.180000,3.180000,198400
2018-12-28,3.170000,3.270000,3.140000,3.200000,3.200000,226900
2018-12-31,3.200000,3.270000,3.090000,3.150000,3.150000,332800
2019-01-02,3.070000,3.430000,3.070000,3.410000,3.410000,340900
2019-01-03,3.400000,3.510000,3.350000,3.380000,3.380000,233500
2019-01-04,3.440000,3.610000,3.420000,3.560000,3.560000,156500
2019-01-07,3.570000,3.670000,3.490000,3.540000,3.540000,322400
2019-01-08,3.580000,3.580000,3.320000,3.510000,3.510000,201300
2019-01-09,3.630000,3.630000,3.490000,3.510000,3.510000,112300
2019-01-10,3.480000,3.530000,3.410000,3.520000,3.520000,104300
2019-01-11,3.490000,3.600000,3.460000,3.590000,3.590000,110400
2019-01-14,3.550000,3.560000,3.178000,3.200000,3.200000,192000
2019-01-15,3.210000,3.350000,3.210000,3.340000,3.340000,172900
2019-01-16,3.350000,3.470000,3.180000,3.190000,3.190000,227800
2019-01-17,3.190000,3.215000,3.110000,3.150000,3.150000,142000
2019-01-18,3.150000,3.320000,3.080000,3.240000,3.240000,224600
2019-01-22,3.170000,3.280000,3.110000,3.140000,3.140000,182700
2019-01-23,3.120000,3.260000,3.030000,3.050000,3.050000,109800
2019-01-24,3.070000,3.160000,3.050000,3.100000,3.100000,110200
2019-01-25,3.110000,3.240000,3.090000,3.210000,3.210000,97000
2019-01-28,3.190000,3.190000,3.080000,3.110000,3.110000,128500
2019-01-29,3.080000,3.120000,3.020000,3.030000,3.030000,120000
2019-01-30,3.010000,3.070000,2.900000,3.030000,3.030000,318900
2019-01-31,3.060000,3.240000,2.990000,3.180000,3.180000,237800
2019-02-01,3.160000,3.380000,3.160000,3.260000,3.260000,173700
2019-02-04,3.300000,3.555000,3.261000,3.520000,3.520000,211600
2019-02-05,3.510000,3.580000,3.270000,3.340000,3.340000,143400
2019-02-06,3.330000,3.400000,3.280000,3.380000,3.380000,348200
2019-02-07,3.380000,3.500000,3.270000,3.370000,3.370000,199800
2019-02-08,3.340000,3.400000,3.300000,3.330000,3.330000,89100
2019-02-11,3.310000,3.540000,3.310000,3.520000,3.520000,146600
2019-02-12,3.560000,3.600000,3.430000,3.550000,3.550000,281100
2019-02-13,3.560000,3.690000,3.480000,3.640000,3.640000,400700
2019-02-14,3.640000,3.660000,3.440000,3.500000,3.500000,202500
2019-02-15,3.530000,3.900000,3.470000,3.810000,3.810000,372600
2019-02-19,3.820000,3.880000,3.550000,3.690000,3.690000,503300
2019-02-20,3.680000,3.730000,3.555000,3.580000,3.580000,268600
2019-02-21,3.560000,3.670000,3.520000,3.630000,3.630000,247200
2019-02-22,3.620000,3.740000,3.610000,3.700000,3.700000,462100
2019-02-25,3.960000,4.490000,3.910000,4.300000,4.300000,2325900
2019-02-26,4.250000,4.250000,4.010000,4.130000,4.130000,469000
2019-02-27,4.140000,4.440000,4.040000,4.370000,4.370000,426200
2019-02-28,4.360000,4.360000,4.040000,4.050000,4.050000,434400
2019-03-01,4.090000,4.490000,4.050000,4.390000,4.390000,391100
2019-03-04,4.450000,5.086000,4.450000,4.920000,4.920000,1070900
2019-03-05,4.970000,4.970000,4.460000,4.650000,4.650000,878900
2019-03-06,4.630000,4.640000,4.440000,4.450000,4.450000,281600
2019-03-07,4.450000,4.850000,4.250000,4.780000,4.780000,468400
2019-03-08,4.740000,4.740000,4.300000,4.400000,4.400000,249900
2019-03-11,4.400000,4.730000,4.320000,4.700000,4.700000,291500
2019-03-12,4.690000,4.960000,4.650000,4.840000,4.840000,322200
2019-03-13,4.870000,5.090000,4.730000,5.040000,5.040000,572300
2019-03-14,5.040000,5.450000,5.010000,5.330000,5.330000,598600
2019-03-15,5.350000,5.420000,5.200000,5.380000,5.380000,813000
2019-03-18,5.390000,5.760000,5.380000,5.650000,5.650000,876800
2019-03-19,5.710000,5.910000,5.406000,5.700000,5.700000,566400
2019-03-20,5.680000,5.895000,5.543000,5.840000,5.840000,970000
2019-03-21,5.840000,6.220000,5.760000,6.020000,6.020000,575000
2019-03-22,5.950000,5.990000,5.260000,5.510000,5.510000,1346700
2019-03-25,5.470000,5.540000,5.350000,5.410000,5.410000,296700
2019-03-26,5.480000,5.530000,5.390000,5.470000,5.470000,225800
2019-03-27,5.470000,5.470000,4.970000,5.160000,5.160000,253500
2019-03-28,5.210000,5.230000,4.970000,5.060000,5.060000,251600
2019-03-29,5.100000,5.440000,5.040000,5.240000,5.240000,325400
2019-04-01,5.280000,5.450000,5.160000,5.410000,5.410000,366200
2019-04-02,5.420000,5.630000,5.310000,5.550000,5.550000,299400
2019-04-03,5.590000,5.850000,5.485000,5.800000,5.800000,548800
2019-04-04,5.810000,5.960000,5.730000,5.830000,5.830000,720900
2019-04-05,5.870000,5.950000,5.670000,5.760000,5.760000,240200
2019-04-08,5.750000,5.770000,5.420000,5.490000,5.490000,175500
2019-04-09,5.480000,5.580000,5.245000,5.250000,5.250000,143400
2019-04-10,5.250000,5.500000,5.220000,5.420000,5.420000,169500
2019-04-11,5.410000,5.450000,5.080000,5.240000,5.240000,144200
2019-04-12,5.250000,5.340000,5.050000,5.100000,5.100000,159900
2019-04-15,4.440000,5.860000,4.200000,5.690000,5.690000,1240600
2019-04-16,5.660000,5.970000,5.440000,5.940000,5.940000,857900
2019-04-17,5.940000,5.957000,5.440000,5.650000,5.650000,269700
2019-04-18,5.600000,6.170000,5.600000,5.980000,5.980000,623200
2019-04-22,5.950000,6.470000,5.920000,6.420000,6.420000,859400
2019-04-23,6.410000,6.685000,6.160000,6.610000,6.610000,548700
2019-04-24,6.610000,6.820000,6.310000,6.620000,6.620000,380900
2019-04-25,6.570000,6.750000,6.470000,6.650000,6.650000,421000
2019-04-26,6.650000,6.820000,6.579000,6.730000,6.730000,336500
2019-04-29,6.750000,6.900000,6.580000,6.740000,6.740000,275300
2019-04-30,6.710000,6.790000,6.280000,6.450000,6.450000,445200
2019-05-01,6.490000,6.720000,6.400000,6.480000,6.480000,251900
2019-05-02,6.490000,6.638000,6.340000,6.470000,6.470000,207400
2019-05-03,6.470000,6.650000,6.425000,6.630000,6.630000,157100
2019-05-06,6.440000,6.790000,6.440000,6.710000,6.710000,254600
2019-05-07,6.800000,7.190000,6.660000,6.790000,6.790000,682700
2019-05-08,6.780000,6.790000,6.390000,6.420000,6.420000,450200
2019-05-09,6.560000,6.700000,6.080000,6.540000,6.540000,358500
2019-05-10,6.530000,6.700000,6.410000,6.610000,6.610000,205900
2019-05-13,6.490000,6.590000,6.230000,6.330000,6.330000,264500
2019-05-14,6.410000,6.480000,6.260000,6.370000,6.370000,187900
2019-05-15,6.280000,6.480000,6.240000,6.450000,6.450000,259200
2019-05-16,6.480000,8.180000,6.480000,8.130000,8.130000,2155300
2019-05-17,8.000000,9.170000,7.910000,9.050000,9.050000,2675700
2019-05-20,8.870000,9.450000,8.710000,8.890000,8.890000,1453000
2019-05-21,9.000000,9.450000,8.830000,9.290000,9.290000,1343600
2019-05-22,9.300000,9.366000,9.150000,9.260000,9.260000,633600
2019-05-23,9.200000,9.300000,8.890000,9.170000,9.170000,852900
2019-05-24,9.060000,9.300000,9.040000,9.220000,9.220000,627200
2019-05-28,9.230000,9.740000,9.160000,9.550000,9.550000,1819800
2019-05-29,9.500000,9.760000,9.330000,9.520000,9.520000,1389900
2019-05-30,9.600000,10.150000,9.580000,10.100000,10.100000,1026900
2019-05-31,10.020000,10.130000,9.790000,10.050000,10.050000,876000
2019-06-03,10.020000,10.420000,9.880000,10.400000,10.400000,877800
2019-06-04,10.500000,11.140000,10.490000,11.110000,11.110000,1040400
2019-06-05,11.060000,11.190000,10.280000,10.670000,10.670000,1264100
2019-06-06,10.730000,10.950000,10.150000,10.720000,10.720000,878700
2019-06-07,10.760000,11.460000,10.550000,11.150000,11.150000,591400
2019-06-10,11.340000,11.397000,11.070000,11.260000,11.260000,1173100
2019-06-11,11.340000,11.420000,10.880000,11.020000,11.020000,835100
2019-06-12,11.050000,11.360000,10.820000,11.060000,11.060000,250100
2019-06-13,11.110000,11.420000,10.980000,11.410000,11.410000,296500
2019-06-14,11.420000,11.630000,10.680000,10.820000,10.820000,693400
2019-06-17,10.910000,11.830000,10.910000,11.510000,11.510000,675900
2019-06-18,11.650000,12.100000,11.640000,11.700000,11.700000,604000
2019-06-19,11.760000,11.940000,11.250000,11.500000,11.500000,415700
2019-06-20,11.580000,11.950000,11.360000,11.450000,11.450000,502500
2019-06-21,11.350000,11.400000,10.940000,11.400000,11.400000,1492700
2019-06-24,11.400000,11.595000,10.790000,10.960000,10.960000,789300
2019-06-25,10.980000,11.230000,10.840000,11.000000,11.000000,532000
2019-06-26,11.000000,11.070000,10.710000,10.890000,10.890000,399200
2019-06-27,10.820000,11.160000,10.800000,11.000000,11.000000,888700
2019-06-28,11.060000,11.980000,10.920000,11.890000,11.890000,2842000
2019-07-01,12.090000,12.500000,11.360000,11.570000,11.570000,910000
2019-07-02,11.610000,11.730000,10.890000,11.400000,11.400000,564700
2019-07-03,11.470000,11.685000,11.300000,11.620000,11.620000,458500
2019-07-05,11.580000,12.430000,11.530000,12.160000,12.160000,908800
2019-07-08,12.160000,14.960000,11.955000,14.900000,14.900000,3888400
2019-07-09,14.770000,15.680000,14.532000,14.890000,14.890000,2584200
2019-07-10,14.960000,16.200001,14.960000,15.650000,15.650000,1997900
2019-07-11,15.800000,15.925000,15.100000,15.350000,15.350000,1024700
2019-07-12,15.350000,15.350000,14.820000,14.970000,14.970000,931500
2019-07-15,15.150000,15.780000,14.840000,15.460000,15.460000,971600
2019-07-16,15.550000,16.382999,15.450000,15.890000,15.890000,1298200
2019-07-17,15.880000,16.000000,15.105000,15.330000,15.330000,1000900
2019-07-18,15.230000,15.230000,12.510000,13.770000,13.770000,3271300
2019-07-19,13.810000,14.303000,13.640000,13.970000,13.970000,1061900
2019-07-22,14.110000,14.360000,13.890000,14.170000,14.170000,1149600
2019-07-23,14.170000,14.585000,13.800000,14.440000,14.440000,854500
2019-07-24,14.440000,14.670000,13.880000,14.620000,14.620000,950700
2019-07-25,14.570000,14.640000,13.400000,13.470000,13.470000,940400
2019-07-26,13.470000,14.020000,13.390000,13.780000,13.780000,712600
2019-07-29,13.840000,14.020000,13.700000,13.950000,13.950000,552800
2019-07-30,13.790000,14.080000,13.580000,13.690000,13.690000,594700
2019-07-31,13.660000,14.060000,13.220000,13.410000,13.410000,716200
2019-08-01,13.500000,13.950000,12.670000,12.770000,12.770000,1160500
2019-08-02,12.690000,12.860000,11.075000,11.160000,11.160000,1591300
2019-08-05,11.010000,11.440000,10.890000,11.230000,11.230000,1175700
2019-08-06,11.300000,12.070000,11.180000,12.000000,12.000000,746700
2019-08-07,11.730000,12.290000,11.620000,11.710000,11.710000,598200
2019-08-08,11.920000,12.440000,11.510000,12.320000,12.320000,1078200
2019-08-09,12.250000,12.500000,10.860000,11.560000,11.560000,1830700
2019-08-12,11.570000,12.420000,11.405000,11.480000,11.480000,2485600
2019-08-13,11.420000,11.812000,10.554000,11.600000,11.600000,1538900
2019-08-14,11.540000,12.340000,11.320000,12.250000,12.250000,1243700
2019-08-15,12.250000,12.710000,12.067000,12.470000,12.470000,810500
2019-08-16,12.520000,13.420000,12.424000,13.400000,13.400000,1501500
2019-08-19,13.600000,13.870000,12.890000,12.920000,12.920000,1155800
2019-08-20,12.850000,12.890000,11.510000,11.600000,11.600000,1127500
2019-08-21,11.770000,11.970000,11.370000,11.850000,11.850000,662300
2019-08-22,11.800000,11.850000,10.785000,10.990000,10.990000,958100
2019-08-23,10.870000,11.253000,10.440000,10.560000,10.560000,1191300
2019-08-26,10.780000,10.780000,10.370000,10.720000,10.720000,574900
2019-08-27,10.790000,10.835000,10.280000,10.400000,10.400000,882400
2019-08-28,10.350000,11.006000,10.160000,10.670000,10.670000,540300
2019-08-29,10.820000,11.020000,10.660000,10.900000,10.900000,470500
2019-08-30,10.930000,10.930000,10.200000,10.330000,10.330000,869400
2019-09-03,10.240000,10.560000,10.210000,10.390000,10.390000,937500
2019-09-04,10.520000,11.490000,10.050000,11.350000,11.350000,1789800
2019-09-05,11.470000,12.150000,11.190000,12.040000,12.040000,2044300
2019-09-06,12.080000,12.970000,12.000000,12.120000,12.120000,2406900
2019-09-09,12.210000,12.530000,11.545000,12.450000,12.450000,1552600
2019-09-10,12.410000,12.433000,11.560000,11.590000,11.590000,1830800
2019-09-11,11.970000,12.150000,11.360000,12.000000,12.000000,1927100
2019-09-12,8.770000,9.760000,5.750000,5.960000,5.960000,25391700
2019-09-13,6.070000,6.130000,5.010000,5.780000,5.780000,11694100
2019-09-16,5.500000,6.340000,5.415000,6.290000,6.290000,3315900
2019-09-17,6.070000,6.310000,5.890000,6.210000,6.210000,1940400
2019-09-18,6.220000,6.230000,5.950000,6.190000,6.190000,1910300
2019-09-19,6.170000,6.520000,6.060000,6.180000,6.180000,1773000
2019-09-20,6.190000,6.670000,5.940000,6.440000,6.440000,9555900
2019-09-23,6.460000,6.690000,5.730000,5.770000,5.770000,1849400
2019-09-24,5.810000,5.860000,5.375000,5.580000,5.580000,1951700
2019-09-25,5.550000,5.650000,5.330000,5.485000,5.485000,890600
2019-09-26,5.470000,5.540000,5.160000,5.240000,5.240000,1376900
2019-09-27,5.250000,5.980000,5.190000,5.430000,5.430000,2008600
2019-09-30,5.420000,5.600000,5.290000,5.450000,5.450000,1311500
2019-10-01,5.500000,5.600000,5.145000,5.250000,5.250000,1342700
2019-10-02,5.200000,5.660000,5.030000,5.625000,5.625000,1296400
2019-10-03,5.630000,5.650000,5.330000,5.540000,5.540000,1193100
2019-10-04,5.570000,5.930000,5.550000,5.570000,5.570000,788100
2019-10-07,5.580000,5.760000,5.500000,5.610000,5.610000,747700
2019-10-08,5.550000,5.730000,5.460000,5.590000,5.590000,823900
2019-10-09,5.630000,5.650000,5.100000,5.120000,5.120000,1044500
2019-10-10,5.160000,5.250000,4.960000,5.170000,5.170000,1287500
2019-10-11,5.230000,5.410000,5.170000,5.290000,5.290000,1379300
2019-10-14,5.540000,6.350000,5.490000,6.090000,6.090000,3949800
2019-10-15,6.130000,6.710000,6.110000,6.375000,6.375000,2122700
2019-10-16,6.340000,7.080000,6.230000,6.850000,6.850000,1879000
2019-10-17,6.900000,7.160000,6.700000,7.050000,7.050000,1448800
2019-10-18,7.020000,7.100000,6.520000,6.920000,6.920000,1217900
2019-10-21,6.930000,7.140000,6.810000,7.080000,7.080000,757000
2019-10-22,7.140000,7.330000,6.980000,7.210000,7.210000,788500
2019-10-23,7.200000,7.300000,6.960000,6.960000,6.960000,783900
2019-10-24,7.120000,7.150000,6.850000,6.890000,6.890000,819700
2019-10-25,6.890000,7.550000,6.890000,7.500000,7.500000,2268500
2019-10-28,7.450000,7.450000,6.580000,7.320000,7.320000,1450900
2019-10-29,7.360000,7.450000,7.035000,7.060000,7.060000,632500
2019-10-30,7.060000,7.105000,6.860000,6.880000,6.880000,639700
2019-10-31,6.880000,7.300000,6.830000,7.270000,7.270000,900000
2019-11-01,7.300000,8.060000,7.180000,7.910000,7.910000,1561500
2019-11-04,8.000000,8.090000,7.480000,7.750000,7.750000,1021800
2019-11-05,7.740000,7.990000,7.510000,7.970000,7.970000,510100
2019-11-06,7.940000,8.140000,7.810000,8.000000,8.000000,651200
2019-11-07,7.990000,8.230000,7.935000,8.140000,8.140000,607700
2019-11-08,7.640000,9.200000,7.150000,8.715000,8.715000,1301700
2019-11-11,8.720000,9.290000,8.700000,9.150000,9.150000,1269300
2019-11-12,9.160000,9.370000,8.555000,8.730000,8.730000,1776600
2019-11-13,8.710000,9.050000,8.540000,9.020000,9.020000,847600
2019-11-14,9.010000,9.240000,8.870000,9.010000,9.010000,695500
2019-11-15,9.010000,9.380000,8.880000,9.370000,9.370000,849700
2019-11-18,9.380000,9.390000,8.910000,9.130000,9.130000,692100
2019-11-19,9.210000,9.820000,9.020000,9.610000,9.610000,1220000
2019-11-20,9.540000,9.920000,9.430000,9.770000,9.770000,1119700
2019-11-21,9.830000,9.962000,9.560000,9.770000,9.770000,871700
2019-11-22,9.780000,9.910000,9.540000,9.860000,9.860000,593100
2019-11-25,9.920000,10.460000,9.825000,10.420000,10.420000,2015100
2019-11-26,10.480000,10.850000,10.140000,10.770000,10.770000,1321700
2019-11-27,10.800000,11.030000,10.610000,10.905000,10.905000,869700
2019-11-29,10.890000,11.110000,10.815000,10.910000,10.910000,336200
2019-12-02,10.955000,11.030000,10.280000,10.635000,10.635000,1136900
2019-12-03,10.640000,10.870000,10.440000,10.700000,10.700000,917100
2019-12-04,10.760000,11.370000,10.450000,11.340000,11.340000,1203100
2019-12-05,11.310000,11.470000,10.460000,10.545000,10.545000,1855800
2019-12-06,10.630000,11.600000,10.550000,11.430000,11.430000,1022300
2019-12-09,11.450000,11.680000,11.120000,11.180000,11.180000,671200
2019-12-10,11.200000,11.640000,11.010000,11.570000,11.570000,846000
2019-12-11,11.660000,11.670000,10.600000,10.700000,10.700000,2195300
2019-12-12,10.700000,10.860000,10.020000,10.490000,10.490000,1056000
2019-12-13,10.390000,10.710000,10.350000,10.540000,10.540000,625000
2019-12-16,10.650000,11.430000,10.610000,11.060000,11.060000,1321500
2019-12-17,11.170000,11.290000,10.890000,11.020000,11.020000,694500
2019-12-18,11.020000,11.400000,10.650000,10.940000,10.940000,961800
2019-12-19,11.050000,11.050000,10.840000,10.950000,10.950000,807700
2019-12-20,11.030000,11.050000,10.440000,10.650000,10.650000,4245600
2019-12-23,10.650000,11.090000,10.295000,11.060000,11.060000,914500
2019-12-24,11.130000,11.950000,10.970000,11.950000,11.950000,603600
2019-12-26,11.930000,12.460000,11.900000,12.220000,12.220000,1005800
2019-12-27,12.250000,12.250000,11.160000,11.210000,11.210000,1289800
2019-12-30,11.280000,11.370000,10.980000,11.220000,11.220000,535700
2019-12-31,11.100000,11.670000,10.880000,11.520000,11.520000,810100
2020-01-02,11.600000,11.770000,11.200000,11.740000,11.740000,773200
2020-01-03,11.550000,11.920000,11.400000,11.610000,11.610000,649400
2020-01-06,11.430000,11.492000,10.776000,11.120000,11.120000,770500
2020-01-07,11.090000,11.400000,10.810000,11.310000,11.310000,772800
2020-01-08,11.250000,11.446000,10.990000,11.060000,11.060000,678400
2020-01-09,11.110000,11.580000,10.960000,11.030000,11.030000,1023400
2020-01-10,11.100000,11.470000,10.960000,10.985000,10.985000,1311300
2020-01-13,11.500000,11.530000,10.380000,10.590000,10.590000,2092000
2020-01-14,10.590000,11.474000,10.540000,11.410000,11.410000,1998500
2020-01-15,11.440000,12.110000,11.100000,11.330000,11.330000,1343000
2020-01-16,11.520000,11.870000,11.420000,11.700000,11.700000,993400
2020-01-17,11.940000,12.180000,11.460000,11.720000,11.720000,1157700
2020-01-21,11.720000,12.090000,11.480000,11.560000,11.560000,1001000
2020-01-22,11.600000,12.130000,11.540000,11.820000,11.820000,644100
2020-01-23,11.680000,11.750000,11.470000,11.640000,11.640000,1111900
2020-01-24,11.660000,11.800000,11.260000,11.450000,11.450000,673500
2020-01-27,11.110000,11.460000,11.020000,11.190000,11.190000,733100
2020-01-28,11.370000,11.390000,10.550000,10.670000,10.670000,694500
2020-01-29,10.740000,11.000000,10.650000,10.810000,10.810000,468700
2020-01-30,10.750000,10.860000,10.230000,10.390000,10.390000,777800
2020-01-31,10.330000,10.410000,9.775000,9.870000,9.870000,758300
2020-02-03,9.850000,10.230000,9.815000,10.180000,10.180000,646000
2020-02-04,10.420000,10.790000,10.230000,10.720000,10.720000,1022900
2020-02-05,10.820000,11.180000,10.570000,10.800000,10.800000,623800
2020-02-06,10.950000,11.390000,10.760000,10.945000,10.945000,959500
2020-02-07,10.950000,11.190000,9.970000,10.240000,10.240000,704100
2020-02-10,12.000000,14.290000,10.880000,12.050000,12.050000,9221900
2020-02-11,11.200000,14.750000,11.180000,14.355000,14.355000,6491900
2020-02-12,14.920000,15.540000,14.250000,15.050000,15.050000,4776700
2020-02-13,14.850000,15.560000,14.650000,15.270000,15.270000,1431800
2020-02-14,15.200000,15.850000,15.140000,15.790000,15.790000,1313100
2020-02-18,15.980000,16.790001,15.620000,16.315001,16.315001,2229300
2020-02-19,16.540001,16.809999,15.990000,16.190001,16.190001,1289100
2020-02-20,16.150000,16.450001,15.720000,15.750000,15.750000,837000
2020-02-21,15.700000,15.700000,14.680000,14.845000,14.845000,1312900
2020-02-24,14.320000,14.500000,13.390000,13.755000,13.755000,1702100
2020-02-25,13.750000,14.210000,12.970000,13.150000,13.150000,1334200
2020-02-26,13.200000,13.480000,12.610000,12.910000,12.910000,1546600
2020-02-27,12.530000,13.110000,11.910000,12.460000,12.460000,1558700
2020-02-28,11.890000,12.700000,11.590000,12.310000,12.310000,1812100
2020-03-02,12.500000,13.290000,12.050000,13.140000,13.140000,1640600
2020-03-03,13.080000,13.550000,12.460000,12.780000,12.780000,1392200
2020-03-04,12.950000,13.410000,12.770000,13.070000,13.070000,816600
2020-03-05,12.610000,13.640000,12.400000,13.300000,13.300000,884800
2020-03-06,12.820000,13.290000,10.620000,11.870000,11.870000,2282900
2020-03-09,11.000000,11.620000,9.780000,10.010000,10.010000,1840400
2020-03-10,10.410000,10.580000,9.510000,10.210000,10.210000,1713600
2020-03-11,9.880000,10.300000,8.790000,9.260000,9.260000,1524800
2020-03-12,8.360000,8.710000,7.360000,7.980000,7.980000,1975200
2020-03-13,8.020000,11.050000,7.820000,10.330000,10.330000,2768100
2020-03-16,8.930000,9.800000,8.550000,8.970000,8.970000,1939600
2020-03-17,9.140000,10.030000,8.135000,8.770000,8.770000,2741900
2020-03-18,8.010000,8.870000,7.430000,8.260000,8.260000,1490200
2020-03-19,8.220000,9.590000,8.180000,9.360000,9.360000,2446100
2020-03-20,9.540000,10.950000,9.520000,10.500000,10.500000,3508000
2020-03-23,10.660000,11.260000,9.380000,10.380000,10.380000,1408100
2020-03-24,11.020000,11.280000,9.690000,11.220000,11.220000,1085600
2020-03-25,11.280000,11.805000,10.430000,11.070000,11.070000,1052700
2020-03-26,11.050000,12.210000,10.860000,12.090000,12.090000,1110600
2020-03-27,11.700000,12.080000,11.310000,11.430000,11.430000,678400
2020-03-30,11.600000,11.910000,10.680000,10.990000,10.990000,634000
2020-03-31,10.950000,11.235000,9.506000,9.770000,9.770000,1447200
2020-04-01,9.300000,10.210000,8.670000,8.740000,8.740000,1336700
2020-04-02,8.670000,8.870000,8.270000,8.530000,8.530000,1149100
2020-04-03,8.410000,9.060000,8.310000,8.950000,8.950000,1067100
2020-04-06,9.490000,10.030000,9.380000,9.970000,9.970000,712100
2020-04-07,10.390000,10.590000,9.220000,9.860000,9.860000,902000
2020-04-08,10.000000,10.830000,9.380000,10.730000,10.730000,1037700
2020-04-09,10.970000,11.380000,10.130000,11.160000,11.160000,1613400
2020-04-13,11.140000,11.335000,10.720000,11.020000,11.020000,938300
2020-04-14,11.390000,11.850000,11.160000,11.760000,11.760000,1143100
2020-04-15,11.530000,11.530000,10.820000,11.160000,11.160000,816900
2020-04-16,11.210000,11.630000,10.930000,11.620000,11.620000,696400
2020-04-17,11.910000,12.950000,11.800000,12.910000,12.910000,1594700
2020-04-20,12.700000,14.420000,12.260000,14.060000,14.060000,1700800
2020-04-21,13.650000,14.020000,12.310000,12.430000,12.430000,1364900
2020-04-22,12.810000,13.100000,12.150000,12.560000,12.560000,928100
2020-04-23,12.500000,12.920000,12.280000,12.500000,12.500000,824200
2020-04-24,12.500000,12.970000,12.265000,12.960000,12.960000,825100
2020-04-27,13.150000,13.500000,12.132000,12.500000,12.500000,1178900
2020-04-28,13.390000,13.490000,12.080000,12.160000,12.160000,735700
2020-04-29,12.540000,13.250000,12.150000,13.060000,13.060000,1042100
2020-04-30,12.830000,12.858000,11.800000,11.850000,11.850000,647300
2020-05-01,11.540000,12.030000,11.150000,12.000000,12.000000,867400
2020-05-04,12.040000,13.750000,11.720000,13.730000,13.730000,1580800
2020-05-05,16.360001,19.230000,16.150000,18.995001,18.995001,6499000
2020-05-06,19.059999,23.790001,18.795000,20.450001,20.450001,7264700
2020-05-07,20.540001,21.110001,19.360001,19.700001,19.700001,1771600