Date,Open,High,Low,Close,Adj Close,Volume
2019-10-24,25.400000,25.490000,25.290001,25.450001,25.450001,1422300
2019-10-25,25.610001,25.680000,25.559999,25.670000,25.670000,1088300
2019-10-28,25.680000,25.680000,25.549999,25.590000,25.590000,1128400
2019-10-29,25.610001,25.610001,25.500000,25.570000,25.570000,497700
2019-10-30,25.530001,25.670000,25.500000,25.660000,25.660000,1517600
2019-10-31,25.730000,25.809999,25.650000,25.760000,25.760000,4931900
2019-11-01,25.740000,25.820000,25.680000,25.700001,25.700001,475400
2019-11-04,25.680000,25.700001,25.650000,25.670000,25.670000,330500
2019-11-05,25.549999,25.639999,25.469999,25.520000,25.520000,948500
2019-11-06,25.520000,25.590000,25.450001,25.530001,25.530001,900700
2019-11-07,25.500000,25.500000,25.110001,25.200001,25.200001,222400
2019-11-08,25.270000,25.370001,25.250000,25.340000,25.340000,174200
2019-11-11,25.389999,25.420000,25.350000,25.360001,25.360001,88000
2019-11-12,25.389999,25.459999,25.343000,25.450001,25.450001,224000
2019-11-13,25.500000,25.549999,25.476000,25.480000,25.480000,168200
2019-11-14,25.570000,25.650000,25.500000,25.549999,25.549999,178200
2019-11-15,25.580000,25.584999,25.480000,25.530001,25.530001,473200
2019-11-18,25.549999,25.580000,25.480000,25.549999,25.549999,967500
2019-11-19,25.549999,25.559999,25.469999,25.540001,25.540001,383700
2019-11-20,25.549999,25.625000,25.500000,25.510000,25.510000,244100
2019-11-21,25.540001,25.549999,25.450001,25.510000,25.510000,340400
2019-11-22,25.549999,25.549999,25.480000,25.480000,25.480000,156400
2019-11-25,25.559999,25.570000,25.500000,25.510000,25.510000,93700
2019-11-26,25.549999,25.570000,25.500000,25.530001,25.530001,150600
2019-11-27,25.430000,25.440001,25.219999,25.260000,25.260000,167500
2019-11-29,25.330000,25.370001,25.209999,25.260000,25.260000,180400
2019-12-02,25.280001,25.320000,25.200001,25.230000,25.230000,170300
2019-12-03,25.240000,25.280001,25.150000,25.240000,25.240000,89600
2019-12-04,25.309999,25.549999,25.250000,25.280001,25.280001,139000
2019-12-05,25.280001,25.549999,25.209999,25.260000,25.260000,140900
2019-12-06,25.250000,25.250000,25.170000,25.190001,25.190001,69000
2019-12-09,25.240000,25.299999,25.219999,25.260000,25.260000,65300
2019-12-10,25.299999,25.330000,25.240000,25.270000,25.270000,52800
2019-12-11,25.299999,25.330000,25.280001,25.330000,25.330000,193400
2019-12-12,25.340000,25.389999,25.230000,25.290001,25.290001,184500
2019-12-13,25.320000,25.400000,25.292999,25.389999,25.389999,106500
2019-12-16,25.430000,25.530001,25.400000,25.500000,25.500000,258000
2019-12-17,25.530001,25.610001,25.510000,25.600000,25.600000,122700
2019-12-18,25.600000,25.730000,25.549999,25.691999,25.691999,151300
2019-12-19,25.700001,25.780001,25.679001,25.768999,25.768999,89700
2019-12-20,25.750000,25.840000,25.700001,25.785000,25.785000,67200
2019-12-23,25.719999,25.900000,25.719999,25.889999,25.889999,59900
2019-12-24,25.889999,25.920000,25.799999,25.840000,25.840000,24700
2019-12-26,25.860001,25.879999,25.799999,25.799999,25.799999,44300
2019-12-27,25.879999,25.900000,25.799999,25.860001,25.860001,51700
2019-12-30,25.879999,25.899000,25.760000,25.850000,25.850000,78300
2019-12-31,25.799999,25.950001,25.770000,25.950001,25.950001,88000
2020-01-02,25.950001,26.160000,25.940001,26.160000,26.160000,136800
2020-01-03,26.150000,26.150000,26.040001,26.090000,26.090000,91400
2020-01-06,26.049999,26.150000,25.930000,26.010000,26.010000,107200
2020-01-07,26.059999,26.059999,25.930000,25.952000,25.952000,174200
2020-01-08,25.990000,26.059999,25.850000,25.938000,25.938000,225600
2020-01-09,25.860001,26.000000,25.860001,25.959999,25.959999,217000
2020-01-10,26.040001,26.040001,25.959999,25.990000,25.990000,144800
2020-01-13,26.030001,26.030001,25.770000,25.850000,25.850000,266800
2020-01-14,25.879999,25.891001,25.860001,25.889999,25.889999,62500
2020-01-15,25.879999,26.010000,25.600000,25.719999,25.719999,332800
2020-01-16,25.719999,25.778999,25.610001,25.709999,25.709999,137100
2020-01-17,25.709999,25.820000,25.680000,25.809999,25.809999,72500
2020-01-21,25.850000,25.930000,25.690001,25.750000,25.750000,113000
2020-01-22,25.790001,25.790001,25.690001,25.690001,25.690001,99800
2020-01-23,25.740000,25.780001,25.709999,25.719999,25.719999,77600
2020-01-24,25.740000,25.780001,25.709999,25.750000,25.750000,47400
2020-01-27,25.690001,25.760000,25.635000,25.715000,25.715000,141400
2020-01-28,25.750000,25.750000,25.559999,25.600000,25.600000,151200
2020-01-29,25.620001,25.711000,25.608000,25.660000,25.660000,103800
2020-01-30,25.750000,25.879999,25.709999,25.804001,25.804001,96300
2020-01-31,25.840000,26.021000,25.760000,25.820000,25.820000,566700
2020-02-03,25.879999,25.879999,25.743999,25.750000,25.750000,186900
2020-02-04,25.809999,25.850000,25.700001,25.740000,25.740000,250300
2020-02-05,25.790001,25.940001,25.726000,25.809999,25.809999,775700
2020-02-06,25.830000,25.990000,25.790001,25.990000,25.990000,963900
2020-02-07,25.969999,26.150000,25.969999,26.090000,26.090000,91200
2020-02-10,26.080000,26.280001,26.070000,26.280001,26.280001,56200
2020-02-11,26.280001,26.540001,26.146999,26.500000,26.500000,140400
2020-02-12,26.500000,26.531000,26.330000,26.330000,26.330000,107100
2020-02-13,26.379999,26.420000,26.309999,26.330000,26.330000,81400
2020-02-14,26.309999,26.350000,26.240000,26.240000,26.240000,98800
2020-02-18,26.200001,26.200001,26.049999,26.100000,26.100000,93500
2020-02-19,26.110001,26.240000,26.110001,26.110001,26.110001,140200
2020-02-20,26.150000,26.219999,26.129999,26.190001,26.190001,66200
2020-02-21,26.219999,26.231001,26.100000,26.110001,26.110001,55600
2020-02-24,25.990000,26.080000,25.950001,25.959999,25.959999,90800
2020-02-25,26.049999,26.049999,25.430000,25.700001,25.700001,167300
2020-02-26,25.719999,25.830000,25.650000,25.780001,25.780001,235200
2020-02-27,25.350000,25.400000,25.090000,25.230000,25.230000,316100
2020-02-28,25.080000,25.177999,24.820000,24.820000,24.820000,204300
2020-03-02,24.860001,25.240000,24.860001,25.200001,25.200001,258400
2020-03-03,25.379999,25.679001,25.110001,25.110001,25.110001,247800
2020-03-04,25.309999,26.090000,25.219999,26.080000,26.080000,272900
2020-03-05,25.799999,25.929001,25.690001,25.790001,25.790001,84600
2020-03-06,25.650000,25.737000,25.348000,25.459999,25.459999,103600
2020-03-09,25.010000,25.080000,24.309999,24.469999,24.469999,199500
2020-03-10,24.820000,24.950001,24.520000,24.900000,24.900000,143800
2020-03-11,24.840000,24.840000,24.430000,24.510000,24.510000,202500
2020-03-12,24.180000,24.180000,21.500000,21.690001,21.690001,248400
2020-03-13,23.680000,23.690001,22.000000,23.690001,23.690001,85800
2020-03-16,22.000000,22.000000,19.330000,19.330000,19.330000,147200
2020-03-17,19.559999,19.559999,17.370001,17.750000,17.750000,198200
2020-03-18,17.400000,17.429001,11.050000,11.190000,11.190000,160400
2020-03-19,11.710000,13.653000,11.110000,13.000000,13.000000,269200
2020-03-20,15.000000,17.700001,15.000000,15.005000,15.005000,150200
2020-03-23,15.000000,15.300000,13.005000,14.130000,14.130000,167100
2020-03-24,15.500000,18.270000,15.500000,17.000000,17.000000,142000
2020-03-25,17.200001,20.700001,17.000000,19.580000,19.580000,136400
2020-03-26,19.850000,22.000000,19.850000,21.879999,21.879999,193000
2020-03-27,21.600000,21.600000,20.360001,21.120001,21.120001,112300
2020-03-30,20.900000,21.250000,20.219999,20.860001,20.860001,98500
2020-03-31,21.000000,21.177000,20.820000,20.820000,20.820000,83500
2020-04-01,20.290001,20.450001,18.730000,19.219999,19.219999,128100
2020-04-02,19.379999,20.521000,18.665001,18.990000,18.990000,67200
2020-04-03,19.340000,19.340000,18.000000,18.740000,18.740000,113000
2020-04-06,19.340000,19.920000,19.200001,19.900000,19.900000,118200
2020-04-07,20.459999,20.790001,20.000000,20.790001,20.790001,107600
2020-04-08,20.920000,22.469999,20.620001,21.990000,21.990000,114700
2020-04-09,22.299999,23.200001,22.299999,22.969999,22.969999,186600
2020-04-13,22.969999,22.969999,21.780001,22.820000,22.820000,87800
2020-04-14,23.160000,23.270000,22.879999,23.260000,23.260000,95100
2020-04-15,22.799999,23.260000,22.600000,23.170000,23.170000,83000
2020-04-16,23.389999,23.431999,23.010000,23.299999,23.299999,80600
2020-04-17,23.500000,23.600000,23.350000,23.580000,23.580000,85600
2020-04-20,23.580000,23.660000,23.190001,23.330000,23.330000,57100
2020-04-21,23.139999,23.200001,22.299999,22.302999,22.302999,109000
2020-04-22,22.809999,23.160000,22.610001,22.760000,22.760000,53500
2020-04-23,23.000000,23.250000,22.500000,23.100000,23.100000,90200
2020-04-24,23.290001,23.290001,22.950001,23.049999,23.049999,40300
2020-04-27,23.230000,23.240000,22.930000,23.219999,23.219999,52100
2020-04-28,23.219999,23.559999,23.010000,23.389999,23.389999,79700
2020-04-29,23.500000,23.590000,23.180000,23.459999,23.459999,96600
2020-04-30,23.500000,24.090000,23.350000,24.010000,24.010000,276900
2020-05-01,23.959999,24.020000,23.639999,23.809999,23.809999,72600
2020-05-04,23.790001,23.830000,23.219999,23.350000,23.350000,86200
2020-05-05,23.500000,23.809999,23.250000,23.250000,23.250000,63000
2020-05-06,23.469999,23.520000,23.320000,23.320000,23.320000,67700
2020-05-07,23.459999,23.562000,23.410000,23.469999,23.469999,35900