Date,Open,High,Low,Close,Adj Close,Volume
2019-12-17,10.030000,10.030000,10.030000,10.030000,9.998075,100
2019-12-18,10.010000,10.010000,9.995000,9.995000,9.963187,113500
2019-12-19,10.010000,10.028000,10.010000,10.026000,9.994088,4600
2019-12-20,10.110000,10.110000,10.088000,10.089000,10.056888,16200
2019-12-23,10.125000,10.125000,10.125000,10.125000,10.092773,0
2019-12-24,10.125000,10.125000,10.125000,10.125000,10.092773,100
2019-12-26,10.140000,10.480000,10.140000,10.368000,10.335000,4000
2019-12-27,10.125000,10.125000,10.125000,10.125000,10.125000,400
2019-12-30,10.960000,10.960000,10.081000,10.158000,10.158000,2100
2019-12-31,10.045000,10.074000,10.045000,10.074000,10.074000,2000
2020-01-02,10.100000,10.138000,10.100000,10.138000,10.138000,1800
2020-01-03,10.110000,10.122000,10.090000,10.122000,10.122000,2700
2020-01-06,10.100000,10.100000,10.100000,10.100000,10.100000,0
2020-01-07,10.100000,10.470000,10.085000,10.085000,10.085000,2200
2020-01-08,10.160000,10.160000,10.137000,10.137000,10.137000,3400
2020-01-09,10.230000,10.230000,10.215000,10.215000,10.215000,1400
2020-01-10,10.270000,10.270000,10.155000,10.155000,10.155000,800
2020-01-13,10.235000,10.260000,10.235000,10.255000,10.255000,6500
2020-01-14,10.265000,10.265000,10.265000,10.265000,10.265000,200
2020-01-15,10.260000,10.260000,10.250000,10.250000,10.250000,2000
2020-01-16,10.290000,10.325000,10.290000,10.325000,10.325000,10400
2020-01-17,10.370000,10.380000,10.355000,10.375000,10.375000,1100
2020-01-21,10.390000,10.390000,10.355000,10.355000,10.355000,2600
2020-01-22,10.380000,10.380000,10.380000,10.380000,10.380000,99100
2020-01-23,10.450000,10.450000,10.330000,10.390000,10.390000,7100
2020-01-24,10.390000,10.390000,10.390000,10.390000,10.390000,0
2020-01-27,10.180000,10.190000,10.150000,10.180000,10.180000,34200
2020-01-28,10.150000,10.240000,10.150000,10.228000,10.228000,53200
2020-01-29,10.280000,10.320000,10.280000,10.300000,10.300000,15500
2020-01-30,10.160000,10.259000,10.160000,10.259000,10.259000,310900
2020-01-31,10.140000,10.150000,10.078000,10.096000,10.096000,120300
2020-02-03,10.190000,10.190000,10.143000,10.150000,10.150000,1600
2020-02-04,10.330000,10.350000,10.325000,10.325000,10.325000,800
2020-02-05,10.385000,10.405000,10.385000,10.405000,10.405000,400
2020-02-06,10.360000,10.434000,10.360000,10.434000,10.434000,800
2020-02-07,10.419000,10.419000,10.419000,10.419000,10.419000,100
2020-02-10,10.420000,10.456000,10.420000,10.456000,10.456000,400
2020-02-11,10.514000,10.610000,10.500000,10.507000,10.507000,7600
2020-02-12,10.525000,10.525000,10.525000,10.525000,10.525000,0
2020-02-13,10.522000,10.522000,10.522000,10.522000,10.522000,100
2020-02-14,10.512000,10.590000,10.512000,10.590000,10.590000,26200
2020-02-18,10.540000,10.550000,10.500000,10.520000,10.520000,4400
2020-02-19,10.565000,10.565000,10.565000,10.565000,10.565000,0
2020-02-20,10.495000,10.527000,10.495000,10.527000,10.527000,300
2020-02-21,10.425000,10.425000,10.425000,10.425000,10.425000,100
2020-02-24,10.240000,10.240000,10.110000,10.110000,10.110000,11500
2020-02-25,10.020000,10.048000,9.750000,9.792000,9.792000,67100
2020-02-26,9.797000,9.797000,9.780000,9.783000,9.783000,1600
2020-02-27,9.382000,9.382000,9.382000,9.382000,9.382000,0
2020-02-28,9.000000,9.181000,9.000000,9.181000,9.181000,600
2020-03-02,9.480000,9.666000,9.455000,9.666000,9.666000,300
2020-03-03,9.621000,9.621000,9.360000,9.418000,9.418000,1500
2020-03-04,9.610000,9.832000,9.610000,9.832000,9.832000,1800
2020-03-05,9.610000,9.610000,9.515000,9.515000,9.515000,100
2020-03-06,9.310000,9.387000,9.154000,9.387000,9.387000,1200
2020-03-09,8.600000,8.830000,8.600000,8.758000,8.758000,500
2020-03-10,9.000000,9.101000,8.790000,9.101000,9.101000,3300
2020-03-11,8.790000,8.790000,8.707000,8.707000,8.707000,1400
2020-03-12,8.050000,8.195000,7.934000,7.934000,7.934000,4900
2020-03-13,8.339000,8.490000,8.339000,8.490000,8.490000,200
2020-03-16,8.010000,8.010000,7.601000,7.601000,7.601000,1800
2020-03-17,7.750000,8.022000,7.750000,8.022000,8.022000,100
2020-03-18,7.642000,7.642000,7.642000,7.642000,7.642000,100
2020-03-19,7.585000,7.740000,7.200000,7.688000,7.688000,22100
2020-03-20,7.346000,7.346000,7.346000,7.346000,7.346000,0
2020-03-23,7.301000,7.301000,7.301000,7.301000,7.301000,100
2020-03-24,7.490000,7.840000,7.420000,7.785000,7.785000,42600
2020-03-25,7.990000,8.076000,7.810000,7.863000,7.863000,12100
2020-03-26,8.390000,8.440000,8.060000,8.312000,8.312000,696300
2020-03-27,8.149000,8.239000,8.030000,8.030000,8.030000,247800
2020-03-30,7.850000,8.370000,7.380000,8.370000,8.370000,141600
2020-03-31,8.350000,8.370000,8.320000,8.320000,8.320000,32900
2020-04-01,8.000000,8.000000,7.830000,7.890000,7.890000,27100
2020-04-02,7.932000,8.027000,7.932000,8.027000,8.027000,600
2020-04-03,8.060000,8.085000,7.890000,7.940000,7.940000,7000
2020-04-06,8.206000,8.483000,8.206000,8.483000,8.483000,1100
2020-04-07,8.601000,8.601000,8.510000,8.511000,8.511000,80600
2020-04-08,8.590000,8.729000,8.590000,8.729000,8.729000,144000
2020-04-09,8.920000,8.950000,8.869000,8.869000,8.869000,179600
2020-04-13,8.720000,8.810000,8.720000,8.810000,8.810000,52000
2020-04-14,9.030000,9.106000,9.030000,9.106000,9.106000,73400
2020-04-15,8.935000,9.010000,8.935000,8.936000,8.936000,268200
2020-04-16,8.910000,9.050000,8.910000,9.044000,9.044000,15200
2020-04-17,9.100000,9.201000,9.100000,9.201000,9.201000,83300
2020-04-20,9.200000,9.210000,9.050000,9.064000,9.064000,20300
2020-04-21,8.870000,8.875000,8.762000,8.762000,8.762000,556400
2020-04-22,8.930000,8.984000,8.920000,8.984000,8.984000,1980000
2020-04-23,9.060000,9.060000,8.983000,8.983000,8.983000,454100
2020-04-24,8.950000,9.090000,8.950000,9.088000,9.088000,105600
2020-04-27,9.187000,9.193000,9.187000,9.193000,9.193000,3400
2020-04-28,9.200000,9.240000,9.114000,9.114000,9.114000,164000
2020-04-29,9.330000,9.350000,9.329000,9.329000,9.329000,119000
2020-04-30,9.330000,9.330000,9.242000,9.281000,9.281000,3400
2020-05-01,9.060000,9.060000,9.010000,9.016000,9.016000,45600
2020-05-04,8.860000,9.090000,8.860000,9.090000,9.090000,21200
2020-05-05,9.130000,9.280000,9.130000,9.186000,9.186000,113000
2020-05-06,9.195000,9.330000,9.153000,9.153000,9.153000,27500
2020-05-07,9.245000,9.280000,9.208000,9.208000,9.208000,40200