Date,Open,High,Low,Close,Adj Close,Volume
2015-11-20,24.920000,25.049999,24.900000,25.000000,21.024616,188600
2015-11-23,24.969999,25.010000,24.950001,24.959999,20.990976,99000
2015-11-24,24.980000,25.010000,24.959999,24.990000,21.016207,116900
2015-11-25,24.990000,25.100000,24.959999,24.990000,21.016207,115300
2015-11-27,25.070000,25.070000,24.969999,24.980000,21.007799,28500
2015-11-30,25.020000,25.049999,24.830000,24.920000,20.957342,165000
2015-12-01,24.940001,25.070000,24.920000,25.055000,21.070869,166000
2015-12-02,25.080000,25.200001,25.049999,25.090000,21.100307,156600
2015-12-03,25.070000,25.090000,24.860001,24.920000,20.957342,197800
2015-12-04,24.850000,25.000000,24.850000,24.950001,20.982571,67700
2015-12-07,24.959999,24.959999,24.840000,24.879999,20.923702,94200
2015-12-08,24.860001,24.940001,24.809999,24.930000,20.965748,64300
2015-12-09,24.910000,24.990000,24.900000,24.980000,21.007799,66800
2015-12-10,24.980000,25.049999,24.961000,24.980000,21.007799,72500
2015-12-11,24.979000,24.980000,24.870001,24.930000,20.965748,43100
2015-12-14,24.889999,24.900000,24.350000,24.590000,20.679817,68500
2015-12-15,24.596001,24.910000,24.551001,24.570000,20.662994,31700
2015-12-16,24.730000,24.948999,24.600000,24.926001,20.962387,47700
2015-12-17,25.020000,25.080000,24.990000,25.080000,21.091896,120800
2015-12-18,25.080000,25.080000,24.950001,25.020000,21.041439,98400
2015-12-21,25.110001,25.139999,25.010000,25.110001,21.117126,106000
2015-12-22,25.160000,25.174000,25.040001,25.129999,21.133949,55500
2015-12-23,25.120001,25.150000,25.070000,25.120001,21.125536,36500
2015-12-24,25.120001,25.190001,25.120001,25.190001,21.184408,14500
2015-12-28,25.190001,25.719999,25.190001,25.280001,21.260096,65100
2015-12-29,24.980000,25.268999,24.980000,25.180000,21.175995,38600
2015-12-30,25.180000,25.440001,24.980000,25.440001,21.394651,47000
2015-12-31,25.440001,25.809999,25.440001,25.670000,21.588081,29900
2016-01-04,25.580000,25.580000,25.139999,25.370001,21.335783,60100
2016-01-05,25.400000,25.410000,25.180000,25.270000,21.251686,61400
2016-01-06,25.240000,25.540001,25.100000,25.290001,21.268503,44400
2016-01-07,25.120001,25.350000,25.120001,25.209999,21.201221,38000
2016-01-08,25.379999,25.500000,25.290001,25.320000,21.293734,104400
2016-01-11,25.480000,25.480000,25.280001,25.309999,21.285326,51200
2016-01-12,25.400000,25.459999,25.230000,25.299999,21.276913,83900
2016-01-13,25.280001,25.400000,25.260000,25.280001,21.260096,68000
2016-01-14,25.299999,25.450001,25.100000,25.280001,21.260096,100700
2016-01-15,25.299999,25.330000,24.820000,24.910000,20.948931,55200
2016-01-19,25.059999,25.299999,25.059999,25.250000,21.234865,39400
2016-01-20,25.270000,25.270000,25.000000,25.190001,21.184408,37900
2016-01-21,25.150000,25.150000,24.930000,25.080000,21.091896,57400
2016-01-22,25.080000,25.299999,25.080000,25.110001,21.117126,35200
2016-01-25,25.250000,25.260000,25.000000,25.059999,21.075079,49400
2016-01-26,25.150000,25.160000,24.990000,25.070000,21.083488,57200
2016-01-27,25.129999,25.200001,25.108000,25.160000,21.159178,25600
2016-01-28,24.889999,25.100000,24.809999,24.910000,20.948931,76800
2016-01-29,25.080000,25.150000,25.000000,25.139999,21.142357,50500
2016-02-01,25.100000,25.150000,25.059999,25.129999,21.133949,53200
2016-02-02,25.030001,25.139999,25.030001,25.059999,21.075079,57700
2016-02-03,25.090000,25.209999,24.959999,25.080000,21.091896,53300
2016-02-04,25.180000,25.250000,25.010000,25.030001,21.049849,42800
2016-02-05,25.000000,25.290001,24.910000,25.260000,21.243277,68800
2016-02-08,25.240000,25.350000,25.100000,25.340000,21.310555,34100
2016-02-09,25.320000,25.350000,25.000000,25.290001,21.268503,57700
2016-02-10,25.250000,25.250000,24.950001,24.990000,21.016207,60300
2016-02-11,24.879999,24.950001,23.471001,24.790001,20.848011,64500
2016-02-12,24.840000,25.230000,24.389999,24.850000,20.898470,46500
2016-02-16,24.850000,24.850000,24.510000,24.770000,20.831196,77400
2016-02-17,24.980000,25.260000,24.780001,25.000000,21.024616,58500
2016-02-18,25.150000,25.150000,24.920000,24.950001,20.982571,54700
2016-02-19,24.980000,25.190001,24.980000,25.139999,21.142357,45300
2016-02-22,25.170000,25.200001,24.959999,25.049999,21.066669,111300
2016-02-23,25.080000,25.080000,24.860001,25.010000,21.033030,77600
2016-02-24,25.000000,25.000000,24.780001,24.934999,20.969955,31700
2016-02-25,24.992001,25.090000,24.959999,25.090000,21.100307,30500
2016-02-26,25.170000,25.250000,25.049999,25.190001,21.184408,28400
2016-02-29,25.100000,25.219999,25.000000,25.090000,21.100307,106800
2016-03-01,25.049999,25.120001,24.959999,25.049999,21.066669,74600
2016-03-02,25.100000,25.129999,25.010000,25.090000,21.100307,36700
2016-03-03,25.100000,25.120001,24.969999,25.049999,21.066669,49600
2016-03-04,25.070000,25.090000,24.924999,25.070000,21.083488,18400
2016-03-07,25.100000,25.172001,24.950001,25.090000,21.100307,57000
2016-03-08,25.150000,25.170000,25.020000,25.150000,21.150768,34100
2016-03-09,25.160000,25.170000,25.054001,25.170000,21.167587,36200
2016-03-10,25.150000,25.209999,25.059999,25.070000,21.083488,63400
2016-03-11,25.120001,25.200001,25.110001,25.129999,21.133949,13000
2016-03-14,25.180000,25.180000,25.059999,25.059999,21.075079,20000
2016-03-15,25.170000,25.190001,25.100000,25.139999,21.142357,33600
2016-03-16,25.180000,25.219999,25.090000,25.160000,21.159178,34800
2016-03-17,25.190001,25.290001,25.170000,25.219999,21.209635,22900
2016-03-18,25.200001,25.370001,25.200001,25.370001,21.335783,20700
2016-03-21,25.370001,25.370001,25.299999,25.340000,21.310555,16100
2016-03-22,25.350000,25.379999,25.250000,25.290001,21.268503,26700
2016-03-23,25.230000,25.360001,25.230000,25.309999,21.285326,33000
2016-03-24,25.200001,25.350000,25.200001,25.299999,21.276913,19900
2016-03-28,25.250000,25.350000,25.160000,25.209999,21.201221,181700
2016-03-29,25.250000,25.330000,25.219999,25.309999,21.285326,44900
2016-03-30,25.389999,25.389999,25.250000,25.370001,21.335783,41200
2016-03-31,25.350000,25.400000,25.320000,25.400000,21.361013,46300
2016-04-01,25.209999,25.410000,25.209999,25.360001,21.327372,92500
2016-04-04,25.360001,25.379999,25.270000,25.360001,21.327372,36400
2016-04-05,25.240000,25.379999,25.240000,25.350000,21.318962,39000
2016-04-06,25.389999,25.450001,25.309999,25.340000,21.310555,64200
2016-04-07,25.400000,25.480000,25.379999,25.420000,21.377832,44800
2016-04-08,25.500000,25.580000,25.410000,25.500000,21.445110,13600
2016-04-11,25.570000,25.580000,25.459999,25.559999,21.495567,22500
2016-04-12,25.570000,25.600000,25.479000,25.570000,21.503979,28000
2016-04-13,25.650000,25.680000,25.549999,25.670000,21.588081,35300
2016-04-14,25.680000,26.100000,25.643999,25.980000,21.848783,27800
2016-04-15,25.940001,25.940001,25.643999,25.660000,21.579668,20500
2016-04-18,25.809999,25.809999,25.610001,25.650000,21.571259,31400
2016-04-19,25.709999,26.010000,25.709999,25.980000,21.848783,31400
2016-04-20,25.990000,26.320000,25.990000,26.150000,21.991751,30900
2016-04-21,26.170000,26.170000,26.059999,26.170000,22.008574,23300
2016-04-22,26.170000,26.170000,25.809999,26.000000,21.865602,51200
2016-04-25,26.000000,26.080000,25.719999,25.959999,21.831964,34500
2016-04-26,26.000000,26.000000,25.650000,25.879999,21.764685,47100
2016-04-27,25.590000,25.700001,25.520000,25.700001,21.613306,44100
2016-04-28,25.700001,25.870001,25.645000,25.790001,21.688997,27700
2016-04-29,25.790001,25.790001,25.719999,25.750000,21.655357,13900
2016-05-02,25.750000,25.879999,25.688000,25.799999,21.697407,18800
2016-05-03,26.180000,26.180000,25.792000,26.000000,21.865602,46000
2016-05-04,25.969999,25.969999,25.790001,25.820000,21.714228,45800
2016-05-05,25.969999,25.969999,25.809999,25.950001,21.823553,19500
2016-05-06,25.950001,26.000000,25.770000,25.770000,21.672180,49700
2016-05-09,25.820000,25.860001,25.660000,25.681000,21.597326,38500
2016-05-10,25.740000,25.771999,25.620001,25.650000,21.571259,55700
2016-05-11,25.620001,25.719999,25.610001,25.639999,21.562847,52600
2016-05-12,25.700001,25.719999,25.629999,25.650000,21.571259,40500
2016-05-13,25.719999,25.780001,25.610001,25.780001,21.680592,23800
2016-05-16,25.790001,25.879999,25.700001,25.879999,21.764685,27800
2016-05-17,25.879999,25.900000,25.760000,25.889999,21.773094,72500
2016-05-18,25.900000,25.969999,25.660000,25.799999,21.697407,59200
2016-05-19,25.799999,25.860001,25.694000,25.780001,21.680592,50900
2016-05-20,25.809999,26.000000,25.660000,25.990000,21.857193,23200
2016-05-23,25.990000,26.120001,25.930000,26.010000,21.874014,33700
2016-05-24,26.020000,26.139999,25.910000,26.100000,21.949705,29600
2016-05-25,26.160000,26.200001,26.040001,26.120001,21.966524,46300
2016-05-26,26.170000,26.330000,26.100000,26.270000,22.092670,35800
2016-05-27,26.209999,26.260000,26.118999,26.160000,22.000162,32700
2016-05-31,26.209999,26.209999,25.840000,25.879999,21.764685,66800
2016-06-01,25.930000,25.959999,25.780001,25.780001,21.680592,35700
2016-06-02,25.850000,25.980000,25.780001,25.910000,21.789915,24100
2016-06-03,25.959999,26.107000,25.910000,26.100000,21.949705,31600
2016-06-06,26.129999,26.129999,26.010000,26.129999,21.974934,23200
2016-06-07,26.129999,26.180000,26.020000,26.150000,21.991751,23600
2016-06-08,26.180000,26.180000,26.010000,26.160000,22.000162,48300
2016-06-09,26.160000,26.219999,26.020000,26.080000,21.932882,36400
2016-06-10,26.080000,26.230000,25.910000,25.959999,21.831964,40800
2016-06-13,26.010000,26.100000,25.980000,25.990000,21.857193,27600
2016-06-14,26.070000,26.090000,25.969999,26.049999,21.907652,24500
2016-06-15,26.070000,26.190001,26.059999,26.150000,21.991751,29300
2016-06-16,26.150000,26.200001,26.072001,26.200001,22.033800,11900
2016-06-17,26.200001,26.290001,26.180000,26.290001,22.109489,15200
2016-06-20,26.270000,26.280001,26.160000,26.280001,22.101082,15700
2016-06-21,26.299999,26.420000,26.240000,26.420000,22.218817,20300
2016-06-22,26.410000,26.410000,26.290001,26.309999,22.126308,31200
2016-06-23,26.379999,26.500000,26.299999,26.500000,22.286097,16800
2016-06-24,26.250000,26.430000,25.910000,26.360001,22.168360,23600
2016-06-27,26.309999,26.330000,26.110001,26.200001,22.033800,30400
2016-06-28,26.280001,26.450001,26.219999,26.379999,22.185177,22200
2016-06-29,26.450001,26.530001,26.353001,26.530001,22.311329,23300
2016-06-30,26.450001,26.930000,26.450001,26.879999,22.605669,14500
2016-07-01,26.920000,27.340000,26.740000,26.740000,22.487930,20300
2016-07-05,26.870001,26.980000,26.700001,26.969999,22.681356,16200
2016-07-06,26.959999,27.370001,26.749001,27.110001,22.799101,44300
2016-07-07,27.260000,27.500000,26.969999,27.410000,23.051390,33500
2016-07-08,27.500000,27.920000,27.260000,27.540001,23.160719,36100
2016-07-11,27.600000,28.020000,27.040001,27.049999,22.748634,38600
2016-07-12,27.170000,27.200001,26.723000,26.740000,22.487930,28300
2016-07-13,26.610001,27.055000,26.610001,26.830000,22.563620,22300
2016-07-14,26.969999,26.990000,26.830000,26.860001,22.588848,31500
2016-07-15,26.980000,27.459000,26.886999,27.320000,22.975704,23400
2016-07-18,27.459999,27.459999,26.941000,27.139000,22.823484,21600
2016-07-19,27.129999,27.389999,26.940001,27.389999,23.034571,19400
2016-07-20,27.379999,27.680000,27.260000,27.559999,23.177540,21700
2016-07-21,27.549999,27.639999,27.389999,27.629999,23.236408,10100
2016-07-22,27.639999,27.850000,27.530001,27.850000,23.421423,20400
2016-07-25,27.850000,27.850000,27.490000,27.559999,23.177540,21700
2016-07-26,27.510000,27.620001,27.110001,27.520000,23.143902,45200
2016-07-27,27.510000,27.520000,27.240000,27.450001,23.085033,30500
2016-07-28,27.000000,27.230000,26.910000,27.129999,22.815918,32500
2016-07-29,27.129999,27.139999,27.059999,27.129999,22.815918,15400
2016-08-01,27.170000,27.270000,27.059999,27.230000,22.900015,28000
2016-08-02,27.200001,27.240000,27.010000,27.030001,22.731823,29800
2016-08-03,27.059999,27.160000,27.031000,27.160000,22.841146,18300
2016-08-04,27.150000,27.230000,27.090000,27.180000,22.857967,19400
2016-08-05,27.150000,27.230000,26.990000,27.000000,22.706585,13600
2016-08-08,27.040001,27.190001,27.040001,27.080000,22.773869,13000
2016-08-09,27.190001,27.190001,27.100000,27.190001,22.866377,14900
2016-08-10,27.200001,27.240000,27.110001,27.240000,22.908422,13000
2016-08-11,27.250000,27.270000,27.040001,27.250000,22.916836,23400
2016-08-12,27.170000,27.389999,27.105000,27.360001,23.009342,16500
2016-08-15,27.450001,27.490000,27.200001,27.370001,23.017754,20100
2016-08-16,27.340000,27.400000,27.250999,27.389999,23.034571,23000
2016-08-17,27.370001,27.400000,27.280001,27.400000,23.042980,28400
2016-08-18,27.400000,27.400000,27.180000,27.230000,22.900015,26800
2016-08-19,27.350000,27.370001,27.290001,27.350000,23.000935,7600
2016-08-22,27.350000,27.500000,27.290001,27.424000,23.063166,37800
2016-08-23,27.580000,27.580000,27.330000,27.549999,23.169130,22400
2016-08-24,27.559999,27.605000,27.330000,27.410000,23.051390,25200
2016-08-25,27.430000,27.670000,27.360001,27.650000,23.253229,20300
2016-08-26,27.670000,27.889999,27.629999,27.840000,23.413013,16600
2016-08-29,27.840000,27.850000,27.420000,27.610001,23.219593,24200
2016-08-30,27.639999,27.639999,27.139999,27.230000,22.900015,42200
2016-08-31,27.200001,27.299999,27.139999,27.299999,22.958885,17100
2016-09-01,27.350000,27.559999,27.260000,27.559999,23.177540,9900
2016-09-02,27.670000,27.799999,27.379999,27.480000,23.110260,16300
2016-09-06,27.360001,27.680000,27.320000,27.430000,23.068214,11900
2016-09-07,27.549999,27.680000,27.410000,27.450001,23.085033,12000
2016-09-08,27.440001,27.680000,27.440001,27.680000,23.278460,11200
2016-09-09,27.500000,27.650000,27.260000,27.610001,23.219593,22400
2016-09-12,27.590000,27.610001,27.049999,27.200001,22.874788,43800
2016-09-13,27.379999,27.379999,27.000000,27.139999,22.824324,21900
2016-09-14,27.200001,27.280001,26.990000,27.160000,22.841146,22700
2016-09-15,27.299999,27.540001,27.209999,27.430000,23.068214,14800
2016-09-16,27.480000,27.480000,27.219999,27.230000,22.900015,8500
2016-09-19,27.350000,27.440001,27.100000,27.129999,22.815918,24800
2016-09-20,27.280001,27.340000,27.070000,27.190001,22.866377,16700
2016-09-21,27.190001,27.440001,27.150000,27.190001,22.866377,8600
2016-09-22,27.440001,27.440001,27.219999,27.360001,23.009342,11700
2016-09-23,27.240000,27.480000,27.180000,27.280001,22.942066,15200
2016-09-26,27.190001,27.299999,27.070000,27.100000,22.790689,19600
2016-09-27,27.090000,27.280001,27.090000,27.129999,22.815918,7500
2016-09-28,27.150000,27.299999,27.110001,27.110001,22.799101,16700
2016-09-29,27.250000,27.280001,26.850000,26.850000,22.580442,28800
2016-09-30,26.840000,27.250000,26.840000,27.180000,22.857967,14800
2016-10-03,27.170000,27.350000,27.020000,27.100000,22.790689,12400
2016-10-04,27.200001,27.200001,26.860001,26.860001,22.588848,16600
2016-10-05,27.030001,27.030001,26.820000,26.889999,22.614079,15300
2016-10-06,26.900000,27.149000,26.850000,27.080000,22.773869,7000
2016-10-07,27.139999,27.200001,26.850000,27.080000,22.773869,10400
2016-10-10,27.028000,27.139999,26.830000,27.049999,22.748634,9700
2016-10-11,27.020000,27.090000,26.820000,27.020000,22.723412,8100
2016-10-12,26.830000,27.080000,26.830000,26.990000,22.698175,11900
2016-10-13,26.930000,27.010000,26.760000,26.780001,22.521574,9100
2016-10-14,26.830000,27.020000,26.830000,26.910000,22.630896,18300
2016-10-17,26.870001,27.000000,26.799999,26.893999,22.617443,7700
2016-10-18,26.879999,27.000000,26.860001,26.860001,22.588848,7600
2016-10-19,26.980000,27.219999,26.813999,27.219999,22.891603,16900
2016-10-20,27.200001,27.240000,26.992001,27.219999,22.891603,7000
2016-10-21,27.278999,27.410000,27.049999,27.219999,22.891603,9200
2016-10-24,27.379999,27.396999,27.146000,27.389999,23.034571,9300
2016-10-25,27.379999,27.430000,27.200001,27.350000,23.000935,7400
2016-10-26,27.400000,27.400000,27.190001,27.299999,22.958885,11200
2016-10-27,27.190001,27.370001,27.090000,27.160000,22.841146,14700
2016-10-28,26.830000,26.830000,26.444000,26.680000,22.437473,8000
2016-10-31,26.639999,26.879999,26.344999,26.799999,22.538389,27100
2016-11-01,26.780001,26.870001,26.730000,26.830000,22.563620,26100
2016-11-02,26.770000,26.780001,26.485001,26.690001,22.445881,12500
2016-11-03,26.660000,26.688999,26.372999,26.490000,22.277685,6100
2016-11-04,26.600000,26.639999,26.400000,26.570000,22.344965,6600
2016-11-07,26.709999,26.719999,26.500000,26.670000,22.429066,3400
2016-11-08,26.680000,26.680000,26.379999,26.590000,22.361788,7300
2016-11-09,26.360001,26.360001,25.410000,25.600000,21.529209,55600
2016-11-10,25.600000,25.600000,24.740000,25.000000,21.024616,43500
2016-11-11,25.170000,25.330000,24.740000,25.010000,21.033030,25700
2016-11-14,24.950001,24.950001,24.440001,24.660000,20.738686,53900
2016-11-15,24.709999,24.980000,24.620001,24.797001,20.853901,55100
2016-11-16,24.980000,25.129999,24.868000,25.000000,21.024616,55000
2016-11-17,25.000000,25.090000,24.738001,24.799999,20.856422,34400
2016-11-18,24.889999,25.129999,24.680000,24.959999,20.990976,21300
2016-11-21,24.959999,25.160000,24.809999,25.100000,21.108717,16000
2016-11-22,25.100000,25.299999,25.049999,25.129999,21.133949,34500
2016-11-23,25.100000,25.146000,25.006001,25.120001,21.125536,23900
2016-11-25,25.290001,25.290001,25.020000,25.049999,21.066669,6200
2016-11-28,25.129999,25.184000,24.889999,24.900000,20.940521,15400
2016-11-29,24.863001,24.889999,24.561001,24.889999,20.932108,14500
2016-11-30,24.940001,24.940001,24.350000,24.590000,20.679817,18500
2016-12-01,24.389999,24.660000,23.770000,23.910000,20.107944,22000
2016-12-02,24.190001,24.320000,23.740000,23.740000,19.964977,23800
2016-12-05,23.740000,23.950001,23.740000,23.760000,19.981798,47600
2016-12-06,23.809999,24.110001,23.809999,24.075001,20.246708,24900
2016-12-07,24.070000,24.320000,23.959999,24.240000,20.385469,31200
2016-12-08,24.139999,24.350000,24.129999,24.219999,20.368649,39300
2016-12-09,24.350000,24.360001,24.150000,24.264999,20.406492,24300
2016-12-12,24.260000,24.280001,24.150000,24.160000,20.318192,28700
2016-12-13,24.150000,24.230000,23.820000,23.893000,20.093647,22900
2016-12-14,24.040001,24.209999,23.830000,23.830000,20.040667,22500
2016-12-15,23.900000,23.980000,23.580000,23.709999,19.939749,35100
2016-12-16,23.760000,24.129999,23.760000,24.090000,20.259323,28800
2016-12-19,24.170000,24.219000,23.855000,24.200001,20.351831,10500
2016-12-20,24.040001,24.086000,23.850000,24.020000,20.200451,23900
2016-12-21,24.010000,24.848000,24.010000,24.790001,20.848011,30100
2016-12-22,24.780001,24.969999,24.700001,24.879999,20.923702,21000
2016-12-23,24.879999,24.910000,24.549999,24.809999,20.864834,23400
2016-12-27,24.690001,24.930000,24.527000,24.830000,20.881653,20700
2016-12-28,24.850000,24.879999,24.510000,24.635000,20.717659,11800
2016-12-29,24.520000,24.739000,24.510000,24.530001,20.629358,13600
2016-12-30,24.520000,25.100000,24.520000,25.000000,21.024616,17800
2017-01-03,25.000000,25.440001,25.000000,25.440001,21.394651,15000
2017-01-04,25.500000,25.500000,25.170000,25.370001,21.335783,13700
2017-01-05,25.440001,25.479000,25.065001,25.360001,21.327372,12600
2017-01-06,25.379999,25.393000,25.000000,25.379999,21.344193,21700
2017-01-09,25.379999,25.559999,25.209999,25.549999,21.487160,14700
2017-01-10,25.549999,25.559999,25.302000,25.549999,21.487160,12900
2017-01-11,25.410000,25.549999,25.360001,25.500000,21.445110,14000
2017-01-12,25.450001,25.549999,25.281000,25.469999,21.419878,15000
2017-01-13,25.350000,25.350000,25.139999,25.139999,21.142357,10600
2017-01-17,25.200001,25.530001,25.200001,25.250000,21.234865,28300
2017-01-18,25.260000,25.447001,25.250000,25.389999,21.352600,11100
2017-01-19,25.309999,25.517000,25.250000,25.389999,21.352600,49100
2017-01-20,25.372000,25.659000,25.309999,25.590000,21.520800,29100
2017-01-23,25.540001,25.670000,25.400999,25.670000,21.588081,9700
2017-01-24,25.639999,26.129999,25.469999,26.129999,21.974934,28400
2017-01-25,25.980000,25.980000,25.700001,25.790001,21.688997,18600
2017-01-26,25.799999,25.910000,25.350000,25.420000,21.377832,34600
2017-01-27,25.500000,25.660999,25.200001,25.325001,21.297937,41700
2017-01-30,25.120001,25.445000,25.040001,25.135000,21.138153,24600
2017-01-31,25.160000,25.459999,25.010000,25.415001,21.373625,55700
2017-02-01,25.260000,25.480000,25.250000,25.400000,21.361013,18500
2017-02-02,25.400000,25.780001,25.398001,25.719999,21.630127,15900
2017-02-03,25.809999,25.809999,25.587999,25.587999,21.519121,6700
2017-02-06,25.580000,25.799000,25.580000,25.600000,21.529209,6700
2017-02-07,25.700001,25.780001,25.500000,25.645000,21.567055,11900
2017-02-08,25.730000,25.799999,25.700001,25.799999,21.697407,16900
2017-02-09,25.799999,25.799999,25.480000,25.600000,21.529209,15700
2017-02-10,25.500000,25.796000,25.500000,25.792999,21.691519,7100
2017-02-13,25.770000,25.780001,25.610001,25.730000,21.638540,10000
2017-02-14,25.629999,25.740999,25.400000,25.545000,21.482954,17300
2017-02-15,25.680000,25.750000,25.600000,25.629999,21.554440,12800
2017-02-16,25.760000,25.790001,25.580000,25.590000,21.520800,13300
2017-02-17,25.629999,25.709999,25.587000,25.587000,21.518278,9200
2017-02-21,25.670000,25.799999,25.530001,25.799999,21.697407,21300
2017-02-22,25.799999,25.879999,25.660000,25.879999,21.764685,14600
2017-02-23,25.750000,26.070000,25.750000,26.070000,21.924473,10400
2017-02-24,25.850000,26.122999,25.850000,26.010000,21.874014,9800
2017-02-27,26.010000,26.120001,25.950001,25.959999,21.831964,15300
2017-02-28,25.830000,26.139999,25.830000,26.110001,21.958115,18100
2017-03-01,26.080000,26.080000,25.760000,25.980000,21.848783,17600
2017-03-02,26.020000,26.030001,25.809999,26.010000,21.874014,11500
2017-03-03,25.870001,25.980000,25.830000,25.930000,21.806734,10100
2017-03-06,26.040001,26.040001,25.850000,25.969999,21.840370,8100
2017-03-07,25.900000,25.959999,25.719999,25.930000,21.806734,6400
2017-03-08,25.670000,25.882999,25.530001,25.530001,21.470343,3800
2017-03-09,25.770000,25.770000,25.461000,25.598000,21.527527,7800
2017-03-10,25.450001,25.701000,25.260000,25.410000,21.369423,8400
2017-03-13,25.520000,25.625000,25.441999,25.549999,21.487160,5600
2017-03-14,25.653000,25.653000,25.309999,25.320000,21.293734,16800
2017-03-15,25.320000,25.598000,25.320000,25.450001,21.403059,15400
2017-03-16,25.549999,25.731001,25.459999,25.650000,21.571259,7800
2017-03-17,25.690001,25.969999,25.690001,25.969999,21.840370,10700
2017-03-20,25.959999,26.040001,25.768999,26.040001,21.899242,9700
2017-03-21,25.950001,26.049999,25.950001,26.049999,21.907652,6900
2017-03-22,26.049999,26.200001,25.921000,26.200001,22.033800,5700
2017-03-23,26.209999,26.209999,26.100000,26.200001,22.033800,8800
2017-03-24,26.100000,26.176001,26.100000,26.176001,22.013617,4300
2017-03-27,26.063999,26.209999,26.040001,26.209999,22.042212,6900
2017-03-28,26.121000,26.450001,26.121000,26.450001,22.244045,10600
2017-03-29,26.290001,26.549999,26.290001,26.540001,22.319733,4900
2017-03-30,26.540001,26.617001,26.540001,26.580000,22.353376,8700
2017-03-31,26.450001,26.639999,26.413000,26.450001,22.244045,11700
2017-04-03,26.580000,27.110001,26.580000,26.959999,22.672949,13500
2017-04-04,26.840000,27.070000,26.770000,26.959999,22.672949,23800
2017-04-05,26.889999,26.980000,26.794001,26.809999,22.546799,12400
2017-04-06,26.900000,26.900000,26.620001,26.780001,22.521574,11100
2017-04-07,26.860001,26.860001,26.518000,26.600000,22.370195,22900
2017-04-10,26.530001,26.715000,26.530001,26.610001,22.378605,9700
2017-04-11,26.559999,26.559999,26.090000,26.230000,22.059031,18200
2017-04-12,26.299999,26.320000,26.159000,26.309999,22.126308,17700
2017-04-13,26.430000,26.430000,26.129999,26.129999,21.974934,20600
2017-04-17,26.150000,26.320000,26.150000,26.320000,22.134720,5100
2017-04-18,26.230000,26.350000,26.110001,26.150000,21.991751,19200
2017-04-19,26.200001,26.330000,26.139999,26.280001,22.101082,12800
2017-04-20,26.200001,26.330000,26.200001,26.299999,22.117899,12300
2017-04-21,26.389999,26.650000,26.379999,26.500000,22.286097,49600
2017-04-24,26.639999,26.650000,26.360001,26.471001,22.261707,19900
2017-04-25,26.490000,26.712000,26.409000,26.540001,22.319733,30200
2017-04-26,26.639999,26.700001,26.461000,26.500000,22.286097,52400
2017-04-27,26.360001,26.360001,26.049999,26.049999,21.907652,10200
2017-04-28,26.180000,26.211000,26.049999,26.150000,21.991751,25200
2017-05-01,26.150000,26.280001,26.006001,26.110001,21.958115,16700
2017-05-02,26.150000,26.322001,26.122000,26.177000,22.014458,5600
2017-05-03,26.230000,26.240000,26.129999,26.129999,21.974934,10000
2017-05-04,26.150000,26.249001,26.052000,26.129999,21.974934,11200
2017-05-05,26.129999,26.639999,26.080000,26.540001,22.319733,27700
2017-05-08,26.500000,26.694000,26.500000,26.590000,22.361788,23200
2017-05-09,26.590000,26.930000,26.590000,26.910000,22.630896,21400
2017-05-10,26.799999,26.920000,26.771000,26.900000,22.622486,26600
2017-05-11,26.900000,27.150000,26.780001,27.139999,22.824324,29600
2017-05-12,27.150000,27.400000,26.830000,27.240000,22.908422,19800
2017-05-15,27.240000,27.400000,27.111000,27.230000,22.900015,13300
2017-05-16,27.389999,27.500000,26.900000,26.900000,22.622486,30100
2017-05-17,26.809999,27.180000,26.670000,26.690001,22.445881,11600
2017-05-18,26.889999,27.280001,26.650000,26.730000,22.479523,12300
2017-05-19,26.860001,27.230000,26.730000,26.900000,22.622486,17300
2017-05-22,27.150000,27.469999,26.775000,27.430000,23.068214,19200
2017-05-23,27.020000,27.450001,27.020000,27.379999,23.026165,13100
2017-05-24,27.400000,27.531000,27.233999,27.330000,22.984114,17400
2017-05-25,27.570000,27.850000,27.437000,27.690001,23.286871,12900
2017-05-26,27.780001,27.820000,27.549999,27.719999,23.312094,23400
2017-05-30,27.940001,28.010000,27.613001,27.790001,23.370966,46600
2017-05-31,27.650000,27.799999,27.629999,27.629999,23.236408,19200
2017-06-01,27.629999,27.782000,27.124001,27.124001,22.810871,6700
2017-06-02,27.600000,27.770000,27.243999,27.570000,23.185951,14800
2017-06-05,27.790001,27.790001,27.209999,27.386999,23.032049,5600
2017-06-06,27.580000,27.580000,27.309999,27.513000,23.138014,6000
2017-06-07,27.280001,27.469999,27.080000,27.080000,22.773869,10200
2017-06-08,27.150000,27.270000,26.910000,26.950001,22.664537,11500
2017-06-09,27.000000,27.049999,26.910000,26.966000,22.677996,4700
2017-06-12,26.969999,26.969999,26.927999,26.927999,22.646034,6800
2017-06-13,27.049999,27.049999,26.941999,27.049999,22.748634,4800
2017-06-14,27.000000,27.268000,26.945000,27.062000,22.758728,15400
2017-06-15,27.150000,27.591999,27.070000,27.090000,22.782280,5500
2017-06-16,27.219999,27.219999,26.980000,27.010000,22.715000,6500
2017-06-19,27.000000,27.392000,27.000000,27.076000,22.770502,4100
2017-06-20,27.150000,27.378000,27.108999,27.164000,22.844507,2300
2017-06-21,27.110001,27.368999,26.990000,26.990000,22.698175,9000
2017-06-22,27.160000,27.270000,27.030001,27.170000,22.849558,18300
2017-06-23,27.150000,27.150000,27.059999,27.129999,22.815918,4500
2017-06-26,27.139999,27.254000,27.115999,27.250000,22.916836,6200
2017-06-27,27.080000,27.298000,27.080000,27.240000,22.908422,6200
2017-06-28,27.260000,27.448999,27.200001,27.448000,23.083349,20000
2017-06-29,27.450001,27.709000,27.410000,27.451000,23.085871,7200
2017-06-30,27.590000,27.590000,27.440001,27.450001,23.085033,5300
2017-07-03,27.450001,27.450001,27.266001,27.440001,23.076622,2400
2017-07-05,27.260000,27.440001,27.260000,27.440001,23.076622,1300
2017-07-06,27.440001,27.500000,27.389999,27.500000,23.127079,10000
2017-07-07,27.120001,27.780001,27.120001,27.600000,23.211180,11000
2017-07-10,27.500000,28.400000,27.480000,28.379999,23.867146,33500
2017-07-11,28.320000,28.320000,27.639999,27.740000,23.328917,18500
2017-07-12,27.600000,27.889999,27.420000,27.490000,23.118670,16900
2017-07-13,27.709999,27.709999,27.348000,27.650000,23.253229,10200
2017-07-14,27.389999,27.730000,27.330000,27.559999,23.177540,3200
2017-07-17,27.570000,27.680000,27.570000,27.600000,23.211180,6600
2017-07-18,27.480000,27.590000,27.392000,27.549999,23.169130,17400
2017-07-19,27.660000,27.660000,27.455000,27.570000,23.185951,8700
2017-07-20,27.530001,27.628000,27.406000,27.406000,23.048029,5400
2017-07-21,27.530001,28.200001,27.424999,28.200001,23.715767,9800
2017-07-24,27.940001,28.021000,27.636000,27.700001,23.295279,9300
2017-07-25,27.709999,28.000000,27.709999,28.000000,23.547571,6700
2017-07-26,27.860001,27.860001,27.719999,27.780001,23.362558,6600
2017-07-27,27.799999,28.180000,27.620001,27.629999,23.236408,11200
2017-07-28,27.500000,27.780001,27.280001,27.490000,23.436758,12600
2017-07-31,27.290001,27.440001,27.290001,27.360001,23.325928,4600
2017-08-01,27.400000,27.400000,27.299999,27.320000,23.291824,6100
2017-08-02,27.299999,27.455999,27.243000,27.400000,23.360027,15200
2017-08-03,27.400000,27.466999,27.400000,27.420000,23.377083,4600
2017-08-04,27.299999,27.351999,27.167999,27.200001,23.189520,5100
2017-08-07,27.139999,27.209999,27.139999,27.170000,23.163940,7200
2017-08-08,27.129999,27.219000,27.110001,27.121000,23.122166,7700
2017-08-09,27.209999,27.209999,26.870001,26.940001,22.967854,11400
2017-08-10,26.950001,26.950001,26.490000,26.490000,22.584208,11900
2017-08-11,26.520000,26.819000,26.299999,26.580000,22.660934,15300
2017-08-14,26.510000,27.114000,26.510000,27.114000,23.116199,3000
2017-08-15,26.860001,27.070000,26.650000,26.719999,22.780291,13200
2017-08-16,26.770000,26.850000,26.719999,26.719999,22.780291,2700
2017-08-17,26.680000,26.889999,26.582001,26.650000,22.720612,10900
2017-08-18,26.730000,26.860001,26.559999,26.860001,22.899649,3900
2017-08-21,26.889999,26.889999,26.648001,26.648001,22.718912,3300
2017-08-22,26.870001,26.870001,26.709999,26.809999,22.857019,6400
2017-08-23,26.809999,26.851000,26.709999,26.851000,22.891973,2900
2017-08-24,26.730000,26.775999,26.693001,26.693001,22.757273,2700
2017-08-25,26.780001,27.299999,26.760000,27.299999,23.274776,6900
2017-08-28,27.299999,27.299999,27.030001,27.222000,23.208275,2600
2017-08-29,26.969999,26.969999,26.760000,26.799999,22.848495,7100
2017-08-30,26.820000,26.871000,26.580000,26.799999,22.848495,4200
2017-08-31,26.750000,26.900000,26.670000,26.900000,22.933748,4700
2017-09-01,27.030001,27.209999,26.995001,27.209999,23.198046,4400
2017-09-05,27.180000,27.180000,26.830000,26.990000,23.010481,4300
2017-09-06,26.950001,26.950001,26.910000,26.950001,22.976379,6900
2017-09-07,26.980000,26.999001,26.500000,26.910000,22.942276,12800
2017-09-08,26.889999,26.889999,26.500000,26.809999,22.857019,7800
2017-09-11,26.889999,26.900000,26.827000,26.889000,22.924379,2500
2017-09-12,26.900000,26.900000,26.770000,26.861000,22.900499,2900
2017-09-13,26.820000,26.900000,26.780001,26.889999,22.925226,7100
2017-09-14,26.750000,26.780001,26.750000,26.780001,22.831446,2100
2017-09-15,26.740000,26.840000,26.629999,26.840000,22.882599,5500
2017-09-18,26.740000,26.820999,26.660000,26.660000,22.729137,11700
2017-09-19,26.690001,26.900000,26.667000,26.701000,22.764091,5200
2017-09-20,26.850000,26.850000,26.681000,26.785000,22.835707,5400
2017-09-21,26.760000,26.799999,26.719999,26.780001,22.831446,3100
2017-09-22,26.719999,26.840000,26.701000,26.830000,22.874069,5800
2017-09-25,26.830000,26.840000,26.719999,26.830000,22.874069,6600
2017-09-26,26.820000,26.902000,26.740000,26.740000,22.797340,5400
2017-09-27,26.780001,26.860001,26.730000,26.850000,22.891127,4100
2017-09-28,26.740000,26.840000,26.670000,26.840000,22.882599,6700
2017-09-29,26.760000,26.809999,26.660000,26.760000,22.814396,5800
2017-10-02,26.760000,26.799999,26.660000,26.667999,22.735960,6100
2017-10-03,26.709999,26.709999,26.600000,26.620001,22.695038,5400
2017-10-04,26.590000,26.639999,26.480000,26.510000,22.601254,6700
2017-10-05,26.600000,26.648001,26.500000,26.539000,22.625980,3700
2017-10-06,26.500000,26.510000,26.202999,26.419001,22.523668,11800
2017-10-09,26.309999,26.555000,26.309999,26.483999,22.579092,2400
2017-10-10,26.320000,26.496000,26.320000,26.468000,22.565447,2100
2017-10-11,26.370001,26.589001,26.370001,26.370001,22.481897,10600
2017-10-12,26.570000,26.660000,26.389999,26.660000,22.729137,12000
2017-10-13,26.610001,26.650000,26.510000,26.650000,22.720612,2600
2017-10-16,26.610001,26.980000,26.610001,26.709999,22.771765,13500
2017-10-17,26.750000,26.926001,26.750000,26.830000,22.874069,5200
2017-10-18,26.830000,26.830000,26.540001,26.598000,22.676277,7600
2017-10-19,26.520000,26.770000,26.450001,26.690001,22.754715,3800
2017-10-20,26.520000,26.730000,26.180000,26.219999,22.354013,25800
2017-10-23,26.430000,26.490000,26.320000,26.480000,22.575678,9700
2017-10-24,26.420000,26.570000,26.420000,26.549999,22.635355,5600
2017-10-25,26.549999,26.559999,26.330000,26.330000,22.447792,11900
2017-10-26,26.350000,26.461000,26.230000,26.299999,22.422218,10600
2017-10-27,26.280001,26.886999,26.280001,26.600000,22.677984,8400
2017-10-30,26.559999,26.840000,26.320000,26.830000,22.874069,10900
2017-10-31,26.459999,26.524000,26.170000,26.223000,22.673473,5800
2017-11-01,26.180000,26.504000,26.070000,26.480000,22.895687,6300
2017-11-02,26.299999,26.520000,26.110001,26.459999,22.878395,10800
2017-11-03,26.400000,26.459999,26.304001,26.459999,22.878395,2000
2017-11-06,26.280001,26.370001,26.200001,26.357000,22.789337,7400
2017-11-07,26.200001,26.360001,26.200001,26.360001,22.791929,2700
2017-11-08,26.299999,26.549999,26.299999,26.500000,22.912981,8300
2017-11-09,26.340000,26.610001,26.340000,26.530001,22.938925,8400
2017-11-10,26.610001,26.610001,26.219999,26.500000,22.912981,12600
2017-11-13,26.459999,26.540001,26.360001,26.410000,22.835161,6000
2017-11-14,26.330000,26.700001,26.330000,26.700001,23.085911,6200
2017-11-15,26.610001,26.660000,26.330000,26.610001,23.008093,4500
2017-11-16,26.570000,26.799999,26.520000,26.799999,23.172371,14500
2017-11-17,26.600000,26.860001,26.600000,26.849001,23.214741,8100
2017-11-20,26.730000,26.959999,26.730000,26.898001,23.257109,2400
2017-11-21,26.969999,26.969999,26.825001,26.941000,23.294291,3100
2017-11-22,26.850000,26.912001,26.760000,26.823000,23.192261,2500
2017-11-24,26.990000,26.990000,26.968000,26.990000,23.336655,3600
2017-11-27,26.669001,27.100000,26.424000,27.090000,23.423120,3200
2017-11-28,27.010000,27.110001,26.813999,27.110001,23.440413,3100
2017-11-29,27.090000,27.090000,26.420000,26.570000,22.973503,6700
2017-11-30,26.730000,26.731001,26.580000,26.731001,23.112711,2800
2017-12-01,26.750000,26.750000,26.400000,26.514999,22.925951,6000
2017-12-04,26.469999,26.638000,26.364000,26.459999,22.878395,5000
2017-12-05,26.430000,26.430000,26.309999,26.309999,22.748699,4900
2017-12-06,26.330000,26.680000,26.299999,26.650000,23.042675,13600
2017-12-07,26.549999,26.629999,26.549999,26.629999,23.025383,2400
2017-12-08,26.629999,26.629999,26.459999,26.566999,22.970911,3300
2017-12-11,26.459999,26.659000,26.374001,26.374001,22.804037,4200
2017-12-12,26.379999,26.528000,26.350000,26.355000,22.787607,4200
2017-12-13,26.459999,26.549999,26.170000,26.549999,22.956211,17400
2017-12-14,26.350000,26.670000,26.299999,26.670000,23.059969,7500
2017-12-15,26.660000,26.940001,26.520000,26.840000,23.206959,16300
2017-12-18,26.750000,26.916000,26.600000,26.799999,23.172371,6500
2017-12-19,26.709999,26.950001,26.665001,26.950001,23.302069,10400
2017-12-20,26.920000,26.969999,26.809999,26.969999,23.319365,9000
2017-12-21,26.930000,26.930000,26.250000,26.350000,22.783283,17400
2017-12-22,26.350000,26.559999,26.250000,26.370001,22.800579,8900
2017-12-26,26.370001,26.516001,26.299999,26.410000,22.835161,6000
2017-12-27,26.420000,26.653999,26.350000,26.350000,22.783283,6400
2017-12-28,26.430000,26.430000,26.219999,26.320000,22.757343,7400
2017-12-29,26.320000,26.388000,26.100000,26.219999,22.670881,10200
2018-01-02,26.200001,26.410000,25.809999,25.850000,22.350962,17500
2018-01-03,26.080000,26.170000,25.809999,25.900000,22.394194,12000
2018-01-04,25.910000,26.252001,25.900000,26.150000,22.610355,15200
2018-01-05,26.240000,26.348000,26.150000,26.291000,22.732271,3100
2018-01-08,26.340000,26.400000,26.129999,26.280001,22.722761,16600
2018-01-09,26.230000,26.440001,26.230000,26.379999,22.809223,15300
2018-01-10,26.370001,26.379999,26.150000,26.264999,22.709787,7600
2018-01-11,26.129999,26.379999,26.129999,26.370001,22.800579,16400
2018-01-12,26.240000,26.459999,26.180000,26.290001,22.731409,24100
2018-01-16,26.440001,26.440001,26.190001,26.309000,22.747835,6700
2018-01-17,26.370001,26.370001,26.090000,26.120001,22.584419,10300
2018-01-18,26.090000,26.090000,25.830000,26.000000,22.480659,9600
2018-01-19,25.990000,26.000000,25.868999,25.900000,22.394194,11300
2018-01-22,25.930000,26.139999,25.900000,26.000000,22.480659,11700
2018-01-23,26.080000,26.080000,25.920000,26.010000,22.489307,8500
2018-01-24,26.150000,26.200001,25.941000,26.200001,22.653589,12900
2018-01-25,26.100000,26.230000,25.980000,26.100000,22.567125,15100
2018-01-26,26.100000,26.219999,26.040001,26.180000,22.636295,6700
2018-01-29,26.010000,26.100000,25.930000,26.000000,22.480659,14400
2018-01-30,25.920000,26.049000,25.809999,25.809999,22.316380,16500
2018-01-31,25.719999,25.719999,25.240000,25.459999,22.338310,14000
2018-02-01,25.450001,25.450001,25.299999,25.430000,22.311991,11200
2018-02-02,25.389999,25.400000,25.000000,25.150000,22.066324,13600
2018-02-05,25.059999,25.299999,25.059999,25.080000,22.004904,19800
2018-02-06,25.250000,25.350000,25.090000,25.190001,22.101419,18300
2018-02-07,25.280001,25.517000,25.250000,25.350000,22.241798,16700
2018-02-08,25.490000,25.520000,25.180000,25.469999,22.347088,17200
2018-02-09,25.180000,25.285000,25.059999,25.110001,22.031227,29900
2018-02-12,25.120001,25.260000,25.120001,25.260000,22.162834,23100
2018-02-13,25.270000,25.490000,25.209999,25.250000,22.154062,20700
2018-02-14,25.200001,25.341999,25.150000,25.150000,22.066324,8400
2018-02-15,25.330000,25.330000,25.100000,25.150000,22.066324,16000
2018-02-16,25.200001,25.280001,25.110001,25.110001,22.031227,16300
2018-02-20,25.200001,25.430000,25.200001,25.430000,22.311991,20800
2018-02-21,25.430000,25.600000,25.429001,25.531000,22.400610,22700
2018-02-22,25.549999,25.570000,25.500000,25.500000,22.373411,6700
2018-02-23,25.580000,25.600000,25.549999,25.600000,22.461147,5400
2018-02-26,25.600000,25.971001,25.600000,25.757999,22.599775,6000
2018-02-27,25.730000,25.844999,25.650000,25.840000,22.671721,8700
2018-02-28,25.830000,25.931999,25.760000,25.837999,22.669964,11800
2018-03-01,25.740000,25.900000,25.709999,25.719999,22.566433,13000
2018-03-02,25.730000,25.750000,25.209999,25.450001,22.329540,36100
2018-03-05,25.420000,25.540001,25.330000,25.340000,22.233028,10500
2018-03-06,25.379999,25.479000,25.379999,25.379999,22.268122,16100
2018-03-07,25.400000,25.518999,25.330999,25.500000,22.373411,13100
2018-03-08,25.500000,25.700001,25.500000,25.700001,22.548887,21200
2018-03-09,25.760000,25.760000,25.620001,25.760000,22.601530,14100
2018-03-12,25.650000,25.691000,25.530001,25.639999,22.496243,11700
2018-03-13,25.559999,25.709999,25.559999,25.700001,22.548887,5600
2018-03-14,25.620001,25.718000,25.580000,25.610001,22.469921,8600
2018-03-15,25.620001,25.730000,25.620001,25.730000,22.575209,11700
2018-03-16,25.750000,25.870001,25.657000,25.870001,22.698042,11800
2018-03-19,25.870001,25.870001,25.672001,25.850000,22.680494,18000
2018-03-20,25.700001,25.799999,25.700001,25.740000,22.583981,3600
2018-03-21,25.830000,25.830000,25.660000,25.700001,22.548887,12500
2018-03-22,25.629999,25.716999,25.606001,25.716999,22.563801,4600
2018-03-23,25.790001,25.870001,25.725000,25.870001,22.698042,3700
2018-03-26,25.680000,25.870001,25.680000,25.853001,22.683130,6000
2018-03-27,25.860001,25.900000,25.840000,25.843000,22.674355,6300
2018-03-28,25.900000,25.900000,25.770000,25.809999,22.645397,8600
2018-03-29,25.770000,25.980000,25.667000,25.980000,22.794554,13900
2018-04-02,26.080000,26.080000,25.700001,25.760000,22.601530,12000
2018-04-03,25.719999,25.907000,25.690001,25.760000,22.601530,27800
2018-04-04,25.750000,25.870001,25.610001,25.629999,22.487467,6300
2018-04-05,25.620001,25.820000,25.620001,25.660000,22.513792,5400
2018-04-06,25.670000,25.782000,25.530001,25.530001,22.399731,10900
2018-04-09,25.680000,25.680000,25.530001,25.549999,22.417278,9200
2018-04-10,25.590000,25.650000,25.590000,25.590000,22.452372,8600
2018-04-11,25.620001,25.680000,25.620001,25.620001,22.478695,7400
2018-04-12,25.680000,25.680000,25.590000,25.610001,22.469921,7000
2018-04-13,25.660000,25.760000,25.590000,25.730000,22.575209,16900
2018-04-16,25.730000,25.735001,25.639999,25.650000,22.505016,14100
2018-04-17,25.680000,25.879999,25.680000,25.879999,22.706818,6600
2018-04-18,25.870001,25.889999,25.670000,25.730000,22.575209,11000
2018-04-19,25.690001,25.767000,25.620001,25.620001,22.478695,9900
2018-04-20,25.690001,25.690001,25.600000,25.600000,22.461147,6800
2018-04-23,25.620001,25.677999,25.600000,25.660000,22.513792,7900
2018-04-24,25.660000,25.670000,25.450001,25.459999,22.338310,13000
2018-04-25,25.500000,25.559000,25.250000,25.260000,22.162834,13800
2018-04-26,25.320000,25.450001,25.320000,25.440001,22.320765,11100
2018-04-27,25.379999,25.490000,25.320999,25.490000,22.364634,8100
2018-04-30,25.160000,25.190001,25.076000,25.110001,22.360184,8800
2018-05-01,25.190001,25.190001,25.020000,25.190001,22.431423,15300
2018-05-02,25.190001,25.260000,25.110001,25.110001,22.360184,12800
2018-05-03,25.110001,25.379999,25.110001,25.209999,22.449230,6800
2018-05-04,25.200001,25.358000,25.200001,25.219999,22.458136,7800
2018-05-07,25.219999,25.370001,25.219999,25.370001,22.591711,6500
2018-05-08,25.260000,25.379999,25.250000,25.379999,22.600615,12400
2018-05-09,25.379999,25.424000,25.350000,25.350000,22.573898,8600
2018-05-10,25.350000,25.480000,25.260000,25.480000,22.689663,12500
2018-05-11,25.450001,25.480000,25.330000,25.415001,22.631783,9300
2018-05-14,25.459999,25.480000,25.340000,25.415001,22.631783,9900
2018-05-15,25.430000,25.629999,25.320000,25.400000,22.618422,15800
2018-05-16,25.400000,25.600000,25.400000,25.540001,22.743093,4600
2018-05-17,25.530001,25.674999,25.480000,25.639999,22.832142,16400
2018-05-18,25.600000,25.690001,25.450001,25.590000,22.787615,19600
2018-05-21,25.690001,25.690001,25.480000,25.480000,22.689663,12300
2018-05-22,25.480000,25.525000,25.264000,25.299999,22.529375,13700
2018-05-23,25.320000,25.448999,25.320000,25.340000,22.564997,11300
2018-05-24,25.400000,25.469999,25.320000,25.469999,22.680759,13200
2018-05-25,25.430000,25.511999,25.389999,25.400000,22.618422,19100
2018-05-29,25.400000,25.518999,25.388000,25.493999,22.702131,21500
2018-05-30,25.500000,25.530001,25.410000,25.490000,22.698568,12600
2018-05-31,25.480000,25.530001,25.459999,25.530001,22.734188,15700
2018-06-01,25.469999,25.570000,25.469999,25.530001,22.734188,15700
2018-06-04,25.530001,25.559999,25.420000,25.420000,22.636234,14100
2018-06-05,25.510000,25.639999,25.420000,25.580000,22.778713,16700
2018-06-06,25.530001,25.670000,25.520000,25.590000,22.787615,11400
2018-06-07,25.639999,25.650000,25.530001,25.549999,22.751999,14100
2018-06-08,25.559999,25.719999,25.540001,25.680000,22.867762,13100
2018-06-11,25.670000,25.750000,25.610001,25.709999,22.894476,19400
2018-06-12,25.760000,25.799999,25.760000,25.760000,22.939001,14700
2018-06-13,25.780001,25.809999,25.760000,25.760000,22.939001,7000
2018-06-14,25.790001,25.860001,25.770000,25.780001,22.956814,6300
2018-06-15,25.870001,26.079000,25.809999,26.040001,23.188339,15900
2018-06-18,25.990000,26.040001,25.893000,26.040001,23.188339,5500
2018-06-19,26.030001,26.030001,25.839001,25.850000,23.019144,10500
2018-06-20,25.920000,26.007999,25.809999,25.850000,23.019144,13200
2018-06-21,25.850000,25.923000,25.840000,25.850000,23.019144,8900
2018-06-22,25.969999,25.969999,25.850000,25.920000,23.081478,4900
2018-06-25,25.820000,25.969999,25.780001,25.910000,23.072575,14400
2018-06-26,25.990000,25.990000,25.750000,25.750000,22.930096,13800
2018-06-27,25.850000,25.950001,25.770000,25.770000,22.947908,10900
2018-06-28,25.770000,25.844999,25.770000,25.780001,22.956814,10200
2018-06-29,25.870001,25.920000,25.760000,25.799999,22.974621,11900
2018-07-02,25.980000,26.030001,25.809999,26.010000,23.161625,10700
2018-07-03,26.000000,26.000000,25.896000,25.950001,23.108196,12400
2018-07-05,25.910000,25.959999,25.860001,25.959999,23.117100,31800
2018-07-06,25.959999,26.059999,25.959999,26.059999,23.206152,13800
2018-07-09,26.110001,26.110001,25.959999,26.045000,23.192789,11400
2018-07-10,26.049999,26.049999,25.870001,25.870001,23.036955,6000
2018-07-11,25.959999,25.959999,25.870001,25.870001,23.036955,9200
2018-07-12,25.900000,25.930000,25.770000,25.889999,23.054766,427800
2018-07-13,25.910000,25.910000,25.799999,25.799999,22.974621,6800
2018-07-16,25.930000,26.049999,25.846001,25.870001,23.036955,19700
2018-07-17,25.870001,25.959999,25.770000,25.920000,23.081478,12200
2018-07-18,25.860001,25.864000,25.770000,25.780001,22.956814,15800
2018-07-19,25.770000,25.940001,25.650000,25.760000,22.939001,13600
2018-07-20,25.760000,25.790001,25.735001,25.754000,22.933659,4300
2018-07-23,25.910000,25.950001,25.750000,25.799999,22.974621,3500
2018-07-24,25.680000,25.920000,25.680000,25.770000,22.947908,3900
2018-07-25,25.889999,25.889999,25.700001,25.719999,22.903379,5200
2018-07-26,25.719999,25.740000,25.639999,25.691999,22.878447,8100
2018-07-27,25.730000,25.740000,25.559999,25.570000,22.769806,11900
2018-07-30,25.650000,25.662001,25.559999,25.600000,22.796522,21100
2018-07-31,25.240000,25.400000,25.240000,25.320000,22.882378,19100
2018-08-01,25.320000,25.379000,25.250000,25.250000,22.819115,27200
2018-08-02,25.400000,25.400000,25.333000,25.389999,22.945637,13900
2018-08-03,25.389999,25.450001,25.350000,25.386000,22.942022,7300
2018-08-06,25.440001,25.500000,25.389999,25.420000,22.972750,7900
2018-08-07,25.420000,25.459999,25.309999,25.459999,23.008896,7200
2018-08-08,25.490000,25.490000,25.280001,25.280001,22.846231,12000
2018-08-09,25.299999,25.340000,25.209999,25.209999,22.782965,24900
2018-08-10,25.200001,25.311001,25.180000,25.190001,22.764893,16200
2018-08-13,25.250000,25.330000,25.250000,25.330000,22.891415,10400
2018-08-14,25.420000,25.430000,25.316000,25.350000,22.909489,6600
2018-08-15,25.410000,25.520000,25.360001,25.410000,22.963713,9800
2018-08-16,25.480000,25.480000,25.379999,25.379999,22.936600,9600
2018-08-17,25.469999,25.469999,25.330000,25.350000,22.909489,7700
2018-08-20,25.490000,25.590000,25.360001,25.530001,23.072159,13700
2018-08-21,25.590000,25.690001,25.520000,25.620001,23.153496,12800
2018-08-22,25.680000,25.680000,25.520000,25.580000,23.117346,9100
2018-08-23,25.680000,25.680000,25.410000,25.469999,23.017935,15500
2018-08-24,25.650000,25.650000,25.440001,25.540001,23.081196,6600
2018-08-27,25.549999,25.549999,25.480000,25.549999,23.090235,8000
2018-08-28,25.700001,25.700001,25.430000,25.469999,23.017935,6800
2018-08-29,25.500000,25.549999,25.450001,25.450001,22.999861,10000
2018-08-30,25.580000,25.580000,25.520000,25.520000,23.063122,22000
2018-08-31,25.570000,25.570000,25.500000,25.500000,23.045050,9600
2018-09-04,25.629999,25.629999,25.440001,25.570000,23.108309,9700
2018-09-05,25.600000,25.670000,25.469999,25.469999,23.017935,12400
2018-09-06,25.520000,25.639000,25.410000,25.410000,22.963713,10200
2018-09-07,25.520000,25.520000,25.360001,25.360001,22.918526,10000
2018-09-10,25.430000,25.530001,25.424000,25.520000,23.063122,7800
2018-09-11,25.520000,25.629999,25.510000,25.600000,23.135420,8600
2018-09-12,25.650000,25.740000,25.556999,25.719999,23.243866,21000
2018-09-13,25.719999,25.719999,25.580000,25.620001,23.153496,14800
2018-09-14,25.580000,25.646999,25.580000,25.600000,23.135420,8300
2018-09-17,25.639999,25.669001,25.600000,25.669001,23.197779,7400
2018-09-18,25.670000,25.670000,25.593000,25.670000,23.198683,6100
2018-09-19,25.660000,25.660000,25.495001,25.530001,23.072159,12100
2018-09-20,25.430000,25.520000,25.309999,25.309999,22.873337,30400
2018-09-21,25.500000,25.510000,25.340000,25.459999,23.008896,14200
2018-09-24,25.520000,25.520000,25.370001,25.389999,22.945637,8700
2018-09-25,25.490000,25.500000,25.309999,25.370001,22.927563,10300
2018-09-26,25.389999,25.459999,25.309999,25.309999,22.873337,7800
2018-09-27,25.320000,25.410000,25.320000,25.340000,22.900452,6600
2018-09-28,25.330000,25.540001,25.330000,25.540001,23.081196,11500
2018-10-01,25.500000,25.599001,25.340000,25.466999,23.015223,17100
2018-10-02,25.500000,25.500000,25.344000,25.410000,22.963713,8000
2018-10-03,25.360001,25.469000,25.230000,25.264000,22.831770,25200
2018-10-04,25.370001,25.370001,24.709999,24.840000,22.448587,52600
2018-10-05,24.830000,24.889999,24.760000,24.780001,22.394365,15900
2018-10-08,24.770000,24.895000,24.770000,24.870001,22.475700,16700
2018-10-09,24.889999,25.040001,24.889999,25.007999,22.600414,12800
2018-10-10,24.959999,25.030001,24.770000,24.780001,22.394365,23400
2018-10-11,24.820000,25.090000,24.820000,24.990000,22.584146,21700
2018-10-12,25.059999,25.160000,24.950001,25.000000,22.593187,17500
2018-10-15,25.080000,25.080000,24.930000,24.950001,22.547997,9500
2018-10-16,24.900000,25.080000,24.900000,24.950001,22.547997,16200
2018-10-17,25.040001,25.040001,24.930000,24.990000,22.584146,17100
2018-10-18,25.000000,25.040001,24.920000,24.950001,22.547997,36100
2018-10-19,25.080000,25.080000,24.969999,24.969999,22.566071,22400
2018-10-22,25.070000,25.070000,24.910000,25.014999,22.606737,8600
2018-10-23,25.020000,25.100000,25.010000,25.030001,22.620296,15300
2018-10-24,25.090000,25.100000,25.025000,25.030001,22.620296,16900
2018-10-25,25.030001,25.190001,25.030001,25.080000,22.665483,10200
2018-10-26,25.170000,25.170000,25.030001,25.080000,22.665483,12000
2018-10-29,25.139999,25.204000,25.049999,25.195999,22.770315,15200
2018-10-30,25.299999,25.440001,25.250000,25.440001,22.990826,22900
2018-10-31,25.070000,25.110001,24.920000,25.040001,22.967894,16400
2018-11-01,25.090000,25.090000,24.969999,24.969999,22.903685,19100
2018-11-02,25.040001,25.080000,24.950001,24.972000,22.905519,13800
2018-11-05,25.090000,25.090000,24.920000,25.000000,22.931204,15700
2018-11-06,24.950001,25.090000,24.950001,25.030001,22.958721,14400
2018-11-07,25.150000,25.160999,25.010000,25.010000,22.940376,13400
2018-11-08,25.040001,25.170000,25.040001,25.070000,22.995411,9700
2018-11-09,25.150000,25.230000,25.080000,25.208000,23.121990,13400
2018-11-12,25.209999,25.230000,25.150000,25.160000,23.077961,15600
2018-11-13,25.299999,25.299999,25.150000,25.212999,23.126577,6100
2018-11-14,25.209999,25.209999,25.070000,25.070000,22.995411,15500
2018-11-15,25.150000,25.190001,25.080000,25.190001,23.105484,13400
2018-11-16,25.080000,25.190001,25.055000,25.170000,23.087135,9500
2018-11-19,25.160000,25.170000,25.100000,25.125999,23.046774,3600
2018-11-20,25.100000,25.139999,25.100000,25.110001,23.032101,8900
2018-11-21,25.110001,25.150000,25.100000,25.110001,23.032101,9300
2018-11-23,25.100000,25.150000,25.065001,25.150000,23.068789,8000
2018-11-26,25.139999,25.139999,24.959999,24.959999,22.894512,9300
2018-11-27,25.080000,25.240000,25.035999,25.200001,23.114653,23000
2018-11-28,25.219999,25.309999,25.080000,25.240000,23.151342,18700
2018-11-29,25.240000,25.330000,25.160000,25.180000,23.096310,5500
2018-11-30,25.160000,25.330000,25.160000,25.280001,23.188036,6600
2018-12-03,25.360001,25.360001,25.139999,25.139999,23.059616,7600
2018-12-04,25.299999,25.299999,25.105000,25.136999,23.056866,6800
2018-12-06,25.100000,25.202000,24.799999,25.150000,23.068789,16500
2018-12-07,25.049999,25.247000,25.049999,25.180000,23.096310,7700
2018-12-10,25.139999,25.270000,24.930000,24.990000,22.922033,14700
2018-12-11,25.049999,25.209999,24.889999,24.889999,22.830305,11200
2018-12-12,25.000000,25.049999,24.900000,24.910000,22.848650,8000
2018-12-13,25.000000,25.032000,24.910000,24.910000,22.848650,6600
2018-12-14,24.620001,24.993000,24.180000,24.270000,22.261614,36500
2018-12-17,24.340000,24.480000,24.160000,24.290001,22.279957,20700
2018-12-18,24.299999,24.340000,24.195000,24.312000,22.300137,18900
2018-12-19,24.180000,24.469999,24.180000,24.459999,22.435888,15400
2018-12-20,24.459999,24.540001,24.209000,24.290001,22.279957,14600
2018-12-21,24.490000,24.500000,23.020000,23.620001,21.665403,38700
2018-12-24,23.709999,23.990000,23.650000,23.730000,21.766298,12700
2018-12-26,23.750000,23.961000,23.549999,23.549999,21.601192,22200
2018-12-27,24.000000,24.000000,23.549999,23.730000,21.766298,43900
2018-12-28,23.920000,24.080000,23.820000,24.080000,22.087336,43600
2018-12-31,24.070000,24.840000,24.059999,24.440001,22.417545,45500
2019-01-02,24.350000,25.049999,24.350000,25.040001,22.967894,18500
2019-01-03,24.990000,25.030001,24.709999,25.030001,22.958721,12900
2019-01-04,25.040001,25.490000,25.040001,25.490000,23.380657,19200
2019-01-07,25.490000,25.639999,25.374001,25.590000,23.472380,13300
2019-01-08,25.590000,25.879999,25.590000,25.879999,23.738382,26600
2019-01-09,25.879999,25.879999,25.600000,25.650000,23.527412,11700
2019-01-10,25.580000,25.638000,25.350000,25.469999,23.362309,13200
2019-01-11,25.510000,25.690001,25.400000,25.650000,23.527412,11500
2019-01-14,25.650000,25.650000,25.530001,25.530001,23.417345,5500
2019-01-15,25.580000,25.596001,25.513000,25.573999,23.457705,5600
2019-01-16,25.549999,25.600000,25.315001,25.379999,23.279758,14300
2019-01-17,25.480000,25.620001,25.393999,25.610001,23.490726,9500
2019-01-18,25.700001,25.700001,25.350000,25.660000,23.536585,8200
2019-01-22,25.660000,25.708000,25.469999,25.600000,23.481550,10700
2019-01-23,25.719999,25.719999,25.570000,25.608000,23.488890,7900
2019-01-24,25.610001,25.610001,25.500000,25.590000,23.472380,11800
2019-01-25,25.809999,25.870001,25.450001,25.700001,23.573278,10000
2019-01-28,25.780001,26.250000,25.520000,26.000000,23.848450,22500
2019-01-29,26.000000,26.252001,25.820000,25.900000,23.756723,20200
2019-01-30,26.150000,26.150000,26.027000,26.080000,23.921831,8300
2019-01-31,25.750000,25.976000,25.480000,25.520000,23.749666,51300
2019-02-01,25.379999,25.601999,25.379999,25.549999,23.777584,5200
2019-02-04,25.570000,25.700001,25.420000,25.420000,23.656603,28600
2019-02-05,25.610001,25.610001,25.420000,25.420000,23.656603,11100
2019-02-06,25.420000,25.605000,25.250000,25.510000,23.740360,10700
2019-02-07,25.559999,25.809999,25.280001,25.809999,24.019548,26100
2019-02-08,25.690001,25.799999,25.600000,25.650000,23.870646,17100
2019-02-11,25.650000,25.790001,25.650000,25.790001,24.000937,8200
2019-02-12,25.790001,25.930000,25.785000,25.910000,24.112610,3900
2019-02-13,25.750000,25.802000,25.680000,25.802000,24.012104,3200
2019-02-14,25.920000,25.920000,25.820000,25.900000,24.103302,2400
2019-02-15,25.900000,25.900000,25.799999,25.820000,24.028854,8100
2019-02-19,25.809999,25.905001,25.660000,25.680000,23.898567,6400
2019-02-20,25.690001,26.010000,25.690001,25.760000,23.973017,15400
2019-02-21,25.870001,25.920000,25.760000,25.760000,23.973017,6500
2019-02-22,25.860001,25.879999,25.760000,25.760000,23.973017,6500
2019-02-25,25.870001,25.870001,25.594999,25.610001,23.833424,19500
2019-02-26,25.730000,25.799999,25.677999,25.799999,24.010241,9500
2019-02-27,25.870001,26.010000,25.691000,26.010000,24.205673,18900
2019-02-28,26.010000,26.139999,25.924000,25.959999,24.159142,13400
2019-03-01,26.129999,26.129999,25.600000,26.080000,24.270817,15400
2019-03-04,26.129999,26.129999,25.832001,25.832001,24.040022,6100
2019-03-05,25.980000,26.070000,25.857000,26.070000,24.261509,8500
2019-03-06,26.059999,26.059999,25.879999,25.959999,24.159142,18000
2019-03-07,26.030001,26.030001,25.839001,25.860001,24.066078,6400
2019-03-08,25.840000,26.110001,25.840000,26.000000,24.196365,7600
2019-03-11,26.000000,26.023001,25.750000,25.799999,24.010241,15100
2019-03-12,25.950001,25.962999,25.790001,25.790001,24.000937,18000
2019-03-13,25.790001,25.924999,25.719999,25.860001,24.066078,8200
2019-03-14,25.908001,26.120001,25.900000,26.070000,24.261509,12800
2019-03-15,26.100000,26.118000,25.910000,26.010000,24.205673,8200
2019-03-18,25.910000,26.100000,25.910000,25.959999,24.159142,12100
2019-03-19,26.100000,26.100000,25.650000,25.719999,23.935791,16400
2019-03-20,25.740000,25.740000,25.570000,25.700001,23.917179,14200
2019-03-21,25.570000,25.730000,25.570000,25.629999,23.852034,22800
2019-03-22,25.690001,25.690001,25.608000,25.660000,23.879951,9800
2019-03-25,25.660000,25.735001,25.559999,25.686001,23.904150,21000
2019-03-26,25.690001,25.830000,25.608000,25.830000,24.038160,25600
2019-03-27,25.750000,26.129999,25.702000,26.129999,24.317348,20500
2019-03-28,26.070000,26.370001,26.020000,26.360001,24.531393,19300
2019-03-29,26.340000,26.340000,25.870001,25.870001,24.075384,25900
2019-04-01,26.070000,26.070000,25.809999,26.049999,24.242899,8900
2019-04-02,26.059999,26.059999,25.882000,26.030001,24.224289,14900
2019-04-03,25.886999,26.002001,25.879999,25.930000,24.131224,10100
2019-04-04,25.830000,25.980000,25.830000,25.980000,24.177755,21100
2019-04-05,25.920000,25.969999,25.875999,25.969999,24.168447,6300
2019-04-08,25.910000,26.040001,25.900000,25.976000,24.174034,10900
2019-04-09,25.900000,26.040001,25.900000,25.999001,24.195438,4700
2019-04-10,25.910000,26.389999,25.910000,26.389999,24.559313,21200
2019-04-11,26.250000,26.270000,26.120001,26.270000,24.447638,6400
2019-04-12,26.190001,26.270000,26.150000,26.190001,24.373188,9100
2019-04-15,26.150000,26.410000,26.150000,26.410000,24.577923,4300
2019-04-16,26.336000,26.410000,26.230000,26.299999,24.475555,6300
2019-04-17,26.267000,26.400000,26.250000,26.370001,24.540701,12700
2019-04-18,26.290001,26.330000,26.271000,26.299999,24.475555,7600
2019-04-22,26.250000,26.386999,26.209999,26.245001,24.424372,7900
2019-04-23,26.209999,26.240000,26.190001,26.209999,24.391796,16100
2019-04-24,26.190001,26.318001,26.100000,26.100000,24.289429,15500
2019-04-25,26.100000,26.152000,26.030001,26.030001,24.224289,8100
2019-04-26,26.174999,26.230000,26.030001,26.100000,24.289429,11700
2019-04-29,26.040001,26.240000,26.040001,26.200001,24.382492,11200
2019-04-30,25.860001,26.490000,25.760000,26.240000,24.774313,262400
2019-05-01,26.070000,26.280001,26.070000,26.250000,24.783754,13300
2019-05-02,26.090000,26.200001,26.045000,26.100000,24.642134,22600
2019-05-03,26.049999,26.062000,25.959999,26.030001,24.576044,16900
2019-05-06,25.980000,26.160000,25.959999,26.010000,24.557161,6400
2019-05-07,26.010000,26.129999,25.959999,25.990000,24.538277,6600
2019-05-08,25.959999,26.105000,25.959999,26.105000,24.646854,7400
2019-05-09,25.980000,26.110001,25.959999,26.110001,24.651575,4000
2019-05-10,26.000000,26.120001,25.980000,26.100000,24.642134,8300
2019-05-13,26.010000,26.100000,25.931999,26.080000,24.623249,4000
2019-05-14,26.000000,26.035000,25.959999,25.980000,24.528835,6000
2019-05-15,26.059999,26.139999,25.990999,26.139999,24.679897,4100
2019-05-16,26.080000,26.139999,26.040001,26.100000,24.642134,4000
2019-05-17,26.059999,26.129999,26.040001,26.110001,24.651575,10500
2019-05-20,26.040001,26.129999,26.030001,26.110001,24.651575,5600
2019-05-21,26.049999,26.200001,26.049999,26.180000,24.717665,4300
2019-05-22,26.129999,26.209999,26.090000,26.190001,24.727106,5600
2019-05-23,26.120001,26.221001,26.049999,26.139999,24.679897,7400
2019-05-24,26.100000,26.270000,26.100000,26.230000,24.764872,5200
2019-05-28,26.200001,26.270000,26.148001,26.219999,24.755430,4300
2019-05-29,26.150000,26.410000,26.150000,26.360001,24.887611,8700
2019-05-30,26.330000,26.430000,26.240000,26.299999,24.830959,5000
2019-05-31,26.240000,26.469999,26.190001,26.430000,24.953699,78900
2019-06-03,26.360001,26.360001,26.139999,26.330000,24.859287,8400
2019-06-04,26.330000,26.330000,26.150000,26.290001,24.821520,5900
2019-06-05,26.230000,26.250000,26.062000,26.100000,24.642134,28100
2019-06-06,26.070000,26.240000,26.070000,26.219999,24.755430,10900
2019-06-07,26.191999,26.200001,26.150000,26.160000,24.698782,4200
2019-06-10,26.170000,26.170000,26.094999,26.110001,24.651575,10500
2019-06-11,26.110001,26.170000,26.080000,26.100000,24.642134,8200
2019-06-12,26.100000,26.141001,26.100000,26.100000,24.642134,5700
2019-06-13,26.100000,26.167999,26.100000,26.100000,24.642134,10700
2019-06-14,26.100000,26.180000,26.100000,26.150000,24.689339,4100
2019-06-17,26.110001,26.180000,26.093000,26.093000,24.635525,9800
2019-06-18,26.110001,26.219999,26.100000,26.150000,24.689339,17200
2019-06-19,26.153999,26.200001,26.100000,26.100000,24.642134,5000
2019-06-20,26.219999,26.309999,26.181000,26.230000,24.764872,5300
2019-06-21,26.270000,26.320000,26.139999,26.240000,24.774313,4200
2019-06-24,26.299999,26.330000,26.139999,26.299999,24.830959,4100
2019-06-25,26.200001,26.290001,26.170000,26.290001,24.821520,5000
2019-06-26,26.200001,26.299999,26.200001,26.299999,24.830959,6200
2019-06-27,26.250000,26.379999,26.250000,26.379999,24.906492,11500
2019-06-28,26.340000,26.520000,26.340000,26.490000,25.010349,81600
2019-07-01,26.490000,26.490000,26.250999,26.250999,24.784697,8800
2019-07-02,26.330000,26.420000,26.296000,26.420000,24.944258,9700
2019-07-03,26.375999,26.403999,26.351999,26.351999,24.880054,1600
2019-07-05,26.330000,26.368999,26.326000,26.326000,24.855507,1900
2019-07-08,26.270000,26.360001,26.270000,26.350000,24.878168,2300
2019-07-09,26.336000,26.350000,26.290001,26.299999,24.830959,5000
2019-07-10,26.309999,26.309999,26.240000,26.240000,24.774313,15800
2019-07-11,26.240000,26.294001,26.240000,26.252001,24.785643,4000
2019-07-12,26.240000,26.250000,26.180000,26.209999,24.745989,39700
2019-07-15,26.230000,26.316000,26.230000,26.316000,24.846066,2600
2019-07-16,26.250000,26.330000,26.250000,26.330000,24.859287,5500
2019-07-17,26.379999,26.420000,26.365999,26.410000,24.934816,4500
2019-07-18,26.400000,26.450001,26.400000,26.440001,24.963142,11000
2019-07-19,26.410000,26.450001,26.389999,26.400000,24.925375,12900
2019-07-22,26.421000,26.424999,26.358999,26.400000,24.925375,13000
2019-07-23,26.360001,26.450001,26.356001,26.450001,24.972584,13600
2019-07-24,26.450001,26.480000,26.400000,26.459999,24.982023,7400
2019-07-25,26.469999,26.480000,26.433001,26.469999,24.991467,4200
2019-07-26,26.379999,26.480000,26.379999,26.469999,24.991467,7200
2019-07-29,26.379999,26.580000,26.379999,26.530001,25.048115,12000
2019-07-30,26.507000,26.629999,26.507000,26.629999,25.142529,10800
2019-07-31,26.340000,26.340000,26.139999,26.139999,25.032400,33200
2019-08-01,26.170000,26.330000,26.121000,26.190001,25.080282,14300
2019-08-02,26.180000,26.240000,26.150000,26.190001,25.080282,4800
2019-08-05,26.100000,26.150000,25.959999,26.000000,24.898333,9200
2019-08-06,25.969999,26.049000,25.910000,25.930000,24.831299,14000
2019-08-07,25.870001,25.969999,25.773001,25.910000,24.812147,12800
2019-08-08,25.940001,26.049999,25.940001,26.040001,24.936638,8500
2019-08-09,25.950001,26.080000,25.950001,26.080000,24.974941,12900
2019-08-12,25.950001,26.080000,25.950001,26.000000,24.898333,4800
2019-08-13,25.900000,26.179001,25.900000,26.170000,25.061129,6800
2019-08-14,26.049999,26.250000,26.049999,26.180000,25.070705,8500
2019-08-15,26.250000,26.305000,26.059999,26.170000,25.061129,14300
2019-08-16,26.240000,26.250000,26.087999,26.090000,24.984520,5800
2019-08-19,26.100000,26.219999,26.033001,26.150000,25.041977,9900
2019-08-20,26.049999,26.190001,26.020000,26.030001,24.927061,8700
2019-08-21,26.020000,26.164000,26.020000,26.129999,25.022825,10100
2019-08-22,26.160000,26.170000,26.090000,26.170000,25.061129,16500
2019-08-23,26.170000,26.219999,26.049999,26.129999,25.022825,8600
2019-08-26,26.070000,26.200001,26.059999,26.200001,25.089859,10000
2019-08-27,26.139999,26.230000,26.070000,26.219999,25.109011,8900
2019-08-28,26.110001,26.290001,26.110001,26.280001,25.166468,13300
2019-08-29,26.280001,26.299999,26.219000,26.290001,25.176044,5900
2019-08-30,26.160000,26.242001,26.040001,26.040001,24.936638,29800
2019-09-03,26.139999,26.150000,26.059999,26.150000,25.041977,5800
2019-09-04,26.110001,26.150000,26.080000,26.139999,25.032400,6400
2019-09-05,26.100000,26.150000,26.077999,26.125000,25.018036,4800
2019-09-06,26.049999,26.139999,26.049999,26.139999,25.032400,4100
2019-09-09,26.143999,26.209000,26.090000,26.180000,25.070705,6800
2019-09-10,26.100000,26.190001,26.094999,26.190001,25.080282,12500
2019-09-11,26.100000,26.190001,26.090000,26.180000,25.070705,8500
2019-09-12,26.100000,26.180000,26.100000,26.150000,25.041977,7900
2019-09-13,26.111000,26.135000,25.900999,26.049999,24.946213,20500
2019-09-16,25.969999,26.059999,25.850000,26.000000,24.898333,17700
2019-09-17,25.980000,26.040001,25.940001,26.030001,24.927061,4800
2019-09-18,26.040001,26.120001,26.040001,26.120001,25.013250,18100
2019-09-19,26.070000,26.200001,26.040001,26.120001,25.013250,16700
2019-09-20,26.070000,26.160000,26.030001,26.129999,25.022825,17800
2019-09-23,26.160000,26.219999,26.143000,26.219999,25.109011,11400
2019-09-24,26.219999,26.250000,26.094000,26.250000,25.137739,5400
2019-09-25,26.129999,26.250000,26.110001,26.250000,25.137739,8400
2019-09-26,26.180000,26.389999,26.180000,26.389999,25.271807,5400
2019-09-27,26.200001,26.379999,26.200001,26.379999,25.262232,17000
2019-09-30,26.360001,26.370001,26.020000,26.020000,24.917486,52300
2019-10-01,26.170000,26.190001,26.112000,26.148001,25.040062,10000
2019-10-02,26.040001,26.090000,26.000000,26.080000,24.974941,10500
2019-10-03,26.040001,26.139999,26.040001,26.139999,25.032400,7100
2019-10-04,26.059999,26.139999,26.059999,26.135000,25.027613,1800
2019-10-07,26.100000,26.160000,26.100000,26.160000,25.051554,3800
2019-10-08,26.170000,26.219999,26.141001,26.164000,25.055386,13100
2019-10-09,26.160000,26.280001,26.139999,26.270000,25.156893,7100
2019-10-10,26.120001,26.270000,26.110001,26.240000,25.128164,7900
2019-10-11,26.150000,26.270000,26.150000,26.270000,25.156893,3600
2019-10-14,26.160000,26.270000,26.160000,26.270000,25.156893,7200
2019-10-15,26.274000,26.340000,26.200001,26.340000,25.223927,11600
2019-10-16,26.360001,26.360001,26.230000,26.330000,25.214350,8900
2019-10-17,26.320000,26.410000,26.250000,26.410000,25.290960,4600
2019-10-18,26.309999,26.450001,26.309999,26.450001,25.329268,7300
2019-10-21,26.299999,26.459999,26.299999,26.340000,25.223927,8000
2019-10-22,26.360001,26.459999,26.309999,26.430000,25.310112,13000
2019-10-23,26.420000,26.490000,26.420000,26.450001,25.329268,12600
2019-10-24,26.500000,26.537001,26.459999,26.520000,25.396299,9600
2019-10-25,26.559999,26.569000,26.450001,26.450001,25.329268,7200
2019-10-28,26.549999,26.558001,26.430000,26.430000,25.310112,3700
2019-10-29,26.459999,26.530001,26.450001,26.450001,25.329268,9200
2019-10-30,26.430000,26.620001,26.400000,26.600000,25.472910,37200
2019-10-31,26.400000,26.450001,25.900000,26.020000,25.273790,168800
2019-11-01,26.100000,26.129999,25.840000,25.959999,25.215509,46000
2019-11-04,25.930000,25.940001,25.820000,25.860001,25.118378,37200
2019-11-05,25.860001,25.886999,25.760000,25.840000,25.098951,22900
2019-11-06,25.920000,26.021000,25.910000,25.969999,25.225224,57000
2019-11-07,25.959999,25.980000,25.900000,25.900000,25.157230,66700
2019-11-08,25.900000,25.980000,25.900000,25.975000,25.230080,7200
2019-11-11,25.950001,26.040001,25.930000,25.955000,25.210653,51100
2019-11-12,25.990000,25.990000,25.900000,25.940001,25.196085,14600
2019-11-13,25.965000,26.010000,25.965000,25.980000,25.234936,14800
2019-11-14,26.038000,26.090000,26.025000,26.090000,25.341782,10700
2019-11-15,26.170000,26.170000,26.010000,26.010000,25.264076,11900
2019-11-18,26.028999,26.080000,25.930000,26.080000,25.332069,7400
2019-11-19,25.980000,26.115000,25.980000,26.115000,25.366064,12000
2019-11-20,26.059999,26.100000,26.059999,26.100000,25.351496,12300
2019-11-21,26.040001,26.100000,25.930000,26.094999,25.346638,30400
2019-11-22,26.139999,26.139999,26.040001,26.080000,25.332069,11300
2019-11-25,26.030001,26.080000,25.950001,26.080000,25.332069,18900
2019-11-26,26.090000,26.190001,26.069000,26.139000,25.389376,15900
2019-11-27,25.980000,26.190001,25.980000,26.190001,25.438913,21300
2019-11-29,26.200001,26.209999,26.030001,26.030001,25.283503,26900
2019-12-02,26.129999,26.129999,25.930000,26.000000,25.254364,7500
2019-12-03,25.930000,26.200001,25.924999,26.180000,25.429201,28000
2019-12-04,26.120001,26.240000,26.009001,26.200001,25.448626,11300
2019-12-05,26.129999,26.129999,25.941999,25.969999,25.225224,6400
2019-12-06,25.940001,26.030001,25.930000,25.969999,25.225224,9000
2019-12-09,26.049999,26.112000,26.000000,26.100000,25.351496,7300
2019-12-10,26.080000,26.180000,26.080000,26.145000,25.395205,5200
2019-12-11,26.146999,26.332001,26.146999,26.299999,25.545757,6100
2019-12-12,26.299999,26.299999,26.101999,26.299999,25.545757,4400
2019-12-13,26.230000,26.459999,26.230000,26.459999,25.701168,5000
2019-12-16,26.424000,26.530001,26.392000,26.450001,25.691458,7600
2019-12-17,26.530001,26.566999,26.299999,26.520000,25.759449,16600
2019-12-18,26.510000,26.549999,26.420000,26.440001,25.681744,18700
2019-12-19,26.480000,26.559999,26.389999,26.389999,25.633177,31700
2019-12-20,26.389999,26.455000,26.340000,26.340000,25.584612,7900
2019-12-23,26.350000,26.406000,26.290001,26.290001,25.536045,17000
2019-12-24,26.290001,26.290001,26.070000,26.120001,25.370922,25400
2019-12-26,26.160000,26.214001,25.959999,26.010000,25.264076,28100
2019-12-27,26.190001,26.290001,26.110001,26.290001,25.536045,31900
2019-12-30,26.209999,26.209999,26.049999,26.170000,25.419489,17200
2019-12-31,26.190001,26.270000,26.049999,26.270000,25.516619,66700
2020-01-02,26.230000,26.420000,26.230000,26.420000,25.662317,23800
2020-01-03,26.430000,26.469999,26.350000,26.350000,25.594324,11900
2020-01-06,26.450001,26.500000,26.430000,26.430000,25.672029,9700
2020-01-07,26.444000,26.500000,26.299999,26.469999,25.710882,10300
2020-01-08,26.469999,26.475000,26.430000,26.430000,25.672029,15400
2020-01-09,26.450001,26.465000,26.270000,26.379999,25.623463,13700
2020-01-10,26.320000,26.469999,26.320000,26.459999,25.701168,6900
2020-01-13,26.350000,26.500000,26.350000,26.500000,25.740023,8100
2020-01-14,26.330999,26.520000,26.330999,26.520000,25.759449,5200
2020-01-15,26.510000,26.510000,26.360001,26.475000,25.715740,8800
2020-01-16,26.400000,26.540001,26.260000,26.270000,25.516619,21400
2020-01-17,26.360001,26.360001,26.260000,26.270000,25.516619,10700
2020-01-21,26.350000,26.350000,26.209999,26.209999,25.458338,21200
2020-01-22,26.250000,26.271000,26.200001,26.200001,25.448626,21000
2020-01-23,26.200001,26.309999,26.190001,26.230000,25.477764,17000
2020-01-24,26.309999,26.309999,26.230000,26.240000,25.487478,5500
2020-01-27,26.200001,26.302999,26.110001,26.160000,25.409775,19700
2020-01-28,26.139999,26.270000,26.139999,26.160000,25.409775,13400
2020-01-29,26.150000,26.235001,26.150000,26.180000,25.429201,14800
2020-01-30,25.900000,26.020000,25.879000,26.020000,25.641069,21900
2020-01-31,25.940001,26.090000,25.940001,26.090000,25.710049,24400
2020-02-03,26.049999,26.090000,25.990000,26.080000,25.700195,6700
2020-02-04,26.030001,26.139999,26.030001,26.094999,25.714975,8100
2020-02-05,26.059999,26.159000,26.059999,26.150000,25.769175,5700
2020-02-06,26.150000,26.209999,26.150000,26.180000,25.798738,8000
2020-02-07,26.219999,26.299999,26.170000,26.170000,25.788885,11500
2020-02-10,26.129999,26.290001,26.129999,26.260000,25.877573,5000
2020-02-11,26.280001,26.280001,26.190001,26.270000,25.887428,8000
2020-02-12,26.270000,26.270000,26.160000,26.160000,25.779030,6500
2020-02-13,26.170000,26.254999,25.969999,25.969999,25.591797,27200
2020-02-14,26.080000,26.080000,26.000000,26.080000,25.700195,9800
2020-02-18,26.020000,26.030001,25.910000,25.910000,25.532671,12500
2020-02-19,25.920000,25.945999,25.820000,25.820000,25.443981,14500
2020-02-20,25.850000,25.930000,25.809999,25.850000,25.473545,31900
2020-02-21,25.860001,25.902000,25.750000,25.750000,25.375000,21400
2020-02-24,25.670000,25.799999,25.549999,25.590000,25.217331,12400
2020-02-25,25.600000,25.730000,25.500000,25.590000,25.217331,47700
2020-02-26,25.600000,25.688999,25.450001,25.620001,25.246895,24800
2020-02-27,25.580000,25.580000,25.360001,25.525000,25.153276,14800
2020-02-28,25.379999,25.500000,25.305000,25.500000,25.128641,27300
2020-03-02,25.440001,25.670000,25.400000,25.670000,25.296165,37400
2020-03-03,25.620001,25.799999,25.580000,25.580000,25.207476,19600
2020-03-04,25.780001,25.900000,25.670000,25.900000,25.522816,18000
2020-03-05,25.700001,25.870001,25.620001,25.760000,25.384855,7500
2020-03-06,25.690001,25.730000,25.469999,25.500000,25.128641,20000
2020-03-09,25.299999,25.448999,25.180000,25.209999,24.842863,22300
2020-03-10,25.700001,25.700001,25.250000,25.500000,25.128641,18100
2020-03-11,25.379999,25.440001,25.190001,25.389999,25.020243,10400
2020-03-12,25.000000,25.000000,23.110001,23.690001,23.345001,69100
2020-03-13,24.020000,24.480000,23.680000,24.270000,23.916553,22600
2020-03-16,23.930000,23.930000,22.115000,22.650000,22.320147,35800
2020-03-17,22.650000,23.474001,22.209999,22.459999,22.132912,36700
2020-03-18,22.250000,22.350000,15.000000,17.209999,16.959368,61400
2020-03-19,17.250000,19.660000,17.000000,19.100000,18.821846,51900
2020-03-20,20.000000,23.049999,19.010000,21.980000,21.659903,48300
2020-03-23,21.570000,21.570000,19.180000,19.180000,18.900681,34400
2020-03-24,19.510000,21.612000,19.510000,20.450001,20.152185,21400
2020-03-25,21.049999,23.490000,21.000000,23.090000,22.753738,35200
2020-03-26,22.990000,24.250000,22.900000,24.190001,23.837719,59500
2020-03-27,24.190001,24.240000,23.500000,24.190001,23.837719,22100
2020-03-30,24.080000,24.080000,23.379999,23.959999,23.611067,22500
2020-03-31,23.799999,24.320000,23.410000,24.299999,23.946115,20900
2020-04-01,23.780001,23.780001,22.780001,23.320000,22.980389,21800
2020-04-02,22.879999,23.610001,22.750000,23.400000,23.059223,20300
2020-04-03,22.889999,23.520000,22.850000,23.270000,22.931118,12000
2020-04-06,23.309999,23.747000,22.760000,22.889999,22.556650,15200
2020-04-07,23.350000,23.590000,23.049999,23.290001,22.950827,11600
2020-04-08,23.530001,24.160000,23.070000,23.900000,23.551943,34100
2020-04-09,24.209999,25.030001,24.209999,24.924999,24.562014,34100
2020-04-13,24.879999,24.950001,24.290001,24.670000,24.310728,30700
2020-04-14,24.650000,25.270000,24.620001,25.270000,24.901991,47700
2020-04-15,24.959999,25.330000,24.540001,25.280001,24.911846,19200
2020-04-16,24.840000,25.340000,24.780001,25.200001,24.833012,37900
2020-04-17,25.190001,25.740000,25.170000,25.740000,25.365147,28500
2020-04-20,25.500000,25.639999,25.330000,25.639999,25.266602,10900
2020-04-21,25.500000,25.510000,25.271999,25.490000,25.118786,15800
2020-04-22,25.490000,25.688999,25.490000,25.510000,25.138496,19800
2020-04-23,25.480000,25.629999,25.480000,25.590000,25.217331,18400
2020-04-24,25.549999,25.600000,25.379999,25.400000,25.030098,12500
2020-04-27,25.400000,25.600000,25.400000,25.450001,25.079370,11400
2020-04-28,25.450001,25.600000,25.420000,25.600000,25.227186,19500
2020-04-29,25.629999,25.750000,25.559999,25.750000,25.375000,8800
2020-04-30,25.350000,25.459999,25.110001,25.110001,25.110001,37000
2020-05-01,25.180000,25.219999,25.080000,25.219999,25.219999,23200
2020-05-04,25.040001,25.205000,25.040001,25.129999,25.129999,7900
2020-05-05,25.110001,25.240000,25.080000,25.139999,25.139999,19200
2020-05-06,25.090000,25.200001,25.040001,25.180000,25.180000,21300
2020-05-07,25.200001,25.250000,25.150000,25.150000,25.150000,8600