Date,Open,High,Low,Close,Adj Close,Volume
2018-10-02,10.020000,10.020000,10.010000,10.020000,9.665025,8900
2018-10-03,10.050000,10.070000,10.040000,10.050000,9.693961,6100
2018-10-04,10.050000,10.060000,9.980000,10.050000,9.693961,15600
2018-10-05,10.060000,10.070000,10.020000,10.060000,9.703606,6200
2018-10-08,10.050000,10.070000,10.030000,10.050000,9.693961,8300
2018-10-09,10.060000,10.070000,10.020000,10.030000,9.674669,11900
2018-10-10,10.060000,10.100000,9.980000,10.040000,9.684318,1222000
2018-10-11,10.040000,10.060000,9.970000,10.050000,9.693961,14900
2018-10-12,10.020000,10.060000,10.020000,10.040000,9.684318,14300
2018-10-15,10.050000,10.050000,9.950000,10.010000,9.665968,14700
2018-10-16,10.050000,10.050000,10.000000,10.010000,9.665968,112400
2018-10-17,10.050000,10.100000,10.030000,10.040000,9.694939,386800
2018-10-18,10.040000,10.060000,10.040000,10.050000,9.704595,14300
2018-10-19,10.060000,10.070000,10.020000,10.020000,9.675626,12100
2018-10-22,10.070000,10.080000,10.050000,10.080000,9.733562,61700
2018-10-23,10.050000,10.060000,9.980000,9.990000,9.646653,15900
2018-10-24,9.350000,10.060000,9.350000,10.020000,9.675626,12500
2018-10-25,10.050000,10.060000,9.960000,10.050000,9.704595,154600
2018-10-26,10.040000,10.060000,9.970000,10.030000,9.685280,63300
2018-10-29,10.020000,10.040000,9.940000,10.030000,9.685280,9000
2018-10-30,10.720000,10.720000,10.010000,10.050000,9.704595,13400
2018-10-31,10.050000,10.060000,10.020000,10.020000,9.675626,9100
2018-11-01,10.040000,10.060000,10.020000,10.030000,9.685280,12500
2018-11-02,10.060000,10.070000,10.040000,10.070000,9.723904,4100
2018-11-05,9.330000,10.080000,9.330000,10.050000,9.704595,12300
2018-11-06,10.060000,10.070000,10.040000,10.060000,9.714250,12700
2018-11-07,10.040000,10.080000,10.020000,10.070000,9.723904,11500
2018-11-08,10.050000,10.080000,10.020000,10.040000,9.694939,32900
2018-11-09,10.040000,10.070000,10.040000,10.070000,9.723904,11200
2018-11-12,10.050000,10.060000,10.020000,10.060000,9.714250,21400
2018-11-13,10.050000,10.080000,10.050000,10.060000,9.714250,1299400
2018-11-14,10.050000,10.050000,10.030000,10.050000,9.704595,8700
2018-11-15,10.010000,10.030000,10.000000,10.030000,9.697823,155400
2018-11-16,9.330000,10.040000,9.330000,10.040000,9.707494,89100
2018-11-19,9.900000,10.060000,9.900000,10.010000,9.678487,65100
2018-11-20,10.020000,10.030000,10.000000,10.030000,9.697823,20600
2018-11-21,10.040000,10.040000,10.010000,10.040000,9.707494,10100
2018-11-23,9.990000,10.020000,9.990000,10.000000,9.668818,1100
2018-11-26,10.010000,10.010000,10.000000,10.010000,9.678487,5000
2018-11-27,10.000000,10.030000,9.990000,10.010000,9.678487,25100
2018-11-28,10.020000,10.020000,10.000000,10.020000,9.688156,62000
2018-11-29,10.000000,10.030000,9.980000,10.010000,9.678487,32800
2018-11-30,10.030000,10.030000,9.990000,9.990000,9.659149,14600
2018-12-03,10.010000,10.030000,9.990000,9.990000,9.659149,19800
2018-12-04,10.000000,10.000000,9.970000,9.970000,9.639812,35600
2018-12-06,9.410000,10.010000,9.410000,10.010000,9.678487,55200
2018-12-07,9.930000,10.000000,9.930000,9.990000,9.659149,51200
2018-12-10,9.970000,10.000000,9.960000,9.980000,9.649479,16100
2018-12-11,9.320000,9.980000,9.320000,9.970000,9.639812,21500
2018-12-12,9.970000,10.000000,9.960000,9.980000,9.649479,26200
2018-12-13,9.960000,9.990000,9.960000,9.970000,9.639812,24000
2018-12-14,9.960000,9.970000,9.940000,9.950000,9.620472,24100
2018-12-17,10.590000,10.590000,9.890000,9.910000,9.624358,13500
2018-12-18,9.910000,9.920000,9.880000,9.910000,9.624358,23300
2018-12-19,9.900000,9.910000,9.880000,9.890000,9.604935,19400
2018-12-20,9.870000,9.880000,9.850000,9.880000,9.595225,26900
2018-12-21,9.890000,9.920000,9.880000,9.900000,9.614645,15400
2018-12-24,9.880000,9.910000,9.860000,9.880000,9.595225,25000
2018-12-26,9.900000,9.920000,9.880000,9.900000,9.614645,35500
2018-12-27,9.870000,9.910000,9.870000,9.900000,9.614645,32200
2018-12-28,9.890000,9.930000,9.870000,9.900000,9.614645,36100
2018-12-31,9.890000,9.930000,9.880000,9.900000,9.614645,24700
2019-01-02,9.910000,9.920000,9.850000,9.900000,9.614645,42200
2019-01-03,9.900000,9.930000,9.880000,9.910000,9.624358,6400
2019-01-04,9.900000,9.940000,9.890000,9.910000,9.624358,9100
2019-01-07,9.900000,9.940000,9.880000,9.920000,9.634070,35500
2019-01-08,9.550000,9.950000,9.550000,9.920000,9.634070,25100
2019-01-09,9.920000,9.970000,9.270000,9.930000,9.643782,22700
2019-01-10,9.930000,9.970000,9.920000,9.950000,9.663204,11100
2019-01-11,9.500000,9.950000,9.500000,9.940000,9.653495,22800
2019-01-14,9.960000,9.980000,9.930000,9.960000,9.672918,10000
2019-01-15,9.930000,9.960000,9.920000,9.950000,9.672916,12400
2019-01-16,9.930000,9.980000,9.910000,9.940000,9.663197,10300
2019-01-17,9.930000,9.970000,9.900000,9.950000,9.672916,38800
2019-01-18,9.940000,9.970000,9.930000,9.940000,9.663197,8500
2019-01-22,9.940000,9.970000,9.920000,9.960000,9.682641,32400
2019-01-23,9.990000,9.990000,9.930000,9.950000,9.672916,31000
2019-01-24,9.940000,9.990000,9.920000,9.970000,9.692361,18800
2019-01-25,9.950000,10.000000,9.930000,9.980000,9.702082,18500
2019-01-28,10.050000,10.050000,9.940000,9.970000,9.692361,11000
2019-01-29,9.940000,10.010000,9.940000,9.980000,9.702082,18900
2019-01-30,9.960000,10.010000,9.940000,9.980000,9.702082,63300
2019-01-31,9.990000,10.010000,9.940000,9.990000,9.711802,28000
2019-02-01,9.960000,10.010000,9.940000,9.990000,9.711802,12800
2019-02-04,9.990000,10.020000,9.960000,9.970000,9.692361,45600
2019-02-05,10.000000,10.020000,9.980000,9.980000,9.702082,18500
2019-02-06,9.960000,10.020000,9.960000,9.990000,9.711802,15400
2019-02-07,9.980000,9.990000,9.970000,9.990000,9.711802,12800
2019-02-08,10.000000,10.010000,9.970000,9.990000,9.711802,26900
2019-02-11,9.990000,10.010000,9.970000,10.010000,9.731247,29100
2019-02-12,9.960000,10.010000,9.960000,10.000000,9.721525,14700
2019-02-13,9.990000,10.010000,9.970000,10.000000,9.721525,11900
2019-02-14,9.950000,10.020000,9.950000,9.990000,9.711802,12300
2019-02-15,10.000000,10.000000,9.960000,9.980000,9.723495,14000
2019-02-19,9.970000,9.990000,9.900000,9.960000,9.704009,23400
2019-02-20,9.980000,10.030000,9.960000,9.980000,9.723495,9800
2019-02-21,9.980000,10.030000,9.970000,10.010000,9.752725,6800
2019-02-22,9.980000,10.000000,9.970000,9.990000,9.733238,10800
2019-02-25,9.990000,10.020000,9.980000,9.980000,9.723495,3600
2019-02-26,10.000000,10.030000,9.970000,9.980000,9.723495,18000
2019-02-27,9.990000,10.030000,9.970000,10.000000,9.742983,14500
2019-02-28,9.990000,10.030000,9.990000,9.990000,9.733238,9200
2019-03-01,9.920000,10.030000,9.920000,10.030000,9.772210,7700
2019-03-04,10.020000,10.030000,10.000000,10.020000,9.762469,9800
2019-03-05,10.020000,10.060000,10.010000,10.030000,9.772210,20300
2019-03-06,10.020000,10.060000,10.010000,10.020000,9.762469,12500
2019-03-07,10.040000,10.060000,10.020000,10.040000,9.781954,20300
2019-03-08,10.020000,10.050000,10.010000,10.010000,9.752725,10000
2019-03-11,10.010000,10.050000,10.000000,10.020000,9.762469,19900
2019-03-12,10.040000,10.050000,10.000000,10.030000,9.772210,23300
2019-03-13,10.010000,10.050000,10.010000,10.030000,9.772210,128700
2019-03-14,10.010000,10.060000,10.010000,10.040000,9.781954,8300
2019-03-15,10.000000,10.040000,10.000000,10.020000,9.782931,20400
2019-03-18,10.000000,10.030000,9.990000,10.010000,9.773165,14700
2019-03-19,10.000000,10.030000,10.000000,10.020000,9.782931,14600
2019-03-20,10.000000,10.020000,10.000000,10.010000,9.773165,53300
2019-03-21,10.000000,10.030000,9.990000,10.000000,9.763404,26700
2019-03-22,12.000000,12.000000,9.980000,10.000000,9.763404,15300
2019-03-25,9.990000,10.030000,9.990000,10.010000,9.773165,28500
2019-03-26,9.980000,10.020000,9.980000,10.000000,9.763404,53400
2019-03-27,9.990000,10.020000,9.970000,9.990000,9.753639,19100
2019-03-28,9.990000,10.010000,9.970000,9.990000,9.753639,12800
2019-03-29,9.980000,10.020000,9.980000,9.990000,9.753639,67700
2019-04-01,9.970000,9.990000,9.970000,9.980000,9.743875,4400
2019-04-02,10.000000,10.040000,10.000000,10.030000,9.792695,6500
2019-04-03,10.030000,10.040000,10.010000,10.030000,9.792695,41600
2019-04-04,10.070000,10.070000,10.010000,10.030000,9.792695,6700
2019-04-05,10.010000,10.030000,9.990000,10.020000,9.782931,14300
2019-04-08,10.030000,10.050000,10.030000,10.050000,9.812221,17400
2019-04-09,9.900000,10.020000,9.900000,10.010000,9.773165,14100
2019-04-10,10.030000,10.050000,10.010000,10.030000,9.792695,248600
2019-04-11,10.030000,10.030000,10.010000,10.020000,9.782931,10700
2019-04-12,10.040000,10.050000,10.000000,10.040000,9.802458,15700
2019-04-15,9.980000,10.020000,9.980000,10.010000,9.795605,14700
2019-04-16,10.020000,10.030000,10.010000,10.020000,9.805394,9000
2019-04-17,10.020000,10.030000,10.010000,10.020000,9.805394,9200
2019-04-18,10.010000,10.010000,9.990000,10.000000,9.785822,10100
2019-04-22,10.000000,10.030000,9.990000,10.020000,9.805394,21500
2019-04-23,10.010000,10.020000,9.990000,10.020000,9.805394,13700
2019-04-24,9.990000,10.030000,9.990000,10.010000,9.795605,17100
2019-04-25,10.000000,10.030000,9.990000,10.010000,9.795605,62700
2019-04-26,10.000000,10.030000,9.990000,10.000000,9.785822,99700
2019-04-29,9.960000,10.010000,9.960000,9.990000,9.776034,89000
2019-04-30,9.990000,10.020000,9.970000,9.990000,9.776034,192900
2019-05-01,9.950000,10.010000,9.950000,9.990000,9.776034,13100
2019-05-02,10.000000,10.020000,9.960000,10.000000,9.785822,1693700
2019-05-03,10.060000,10.060000,9.990000,10.020000,9.805394,76300
2019-05-06,10.030000,10.030000,10.000000,10.020000,9.805394,57800
2019-05-07,10.300000,10.300000,10.000000,10.000000,9.785822,19800
2019-05-08,10.020000,10.030000,10.000000,10.010000,9.795605,4000
2019-05-09,10.000000,10.010000,9.990000,10.010000,9.795605,5700
2019-05-10,9.960000,10.000000,9.960000,9.990000,9.776034,6000
2019-05-13,10.010000,10.010000,9.980000,9.990000,9.776034,6800
2019-05-14,9.990000,10.010000,9.980000,9.990000,9.776034,21100
2019-05-15,9.940000,9.970000,9.940000,9.960000,9.772111,77800
2019-05-16,9.940000,9.960000,9.930000,9.950000,9.762299,179200
2019-05-17,9.880000,9.970000,9.880000,9.950000,9.762299,7600
2019-05-20,9.930000,9.940000,9.920000,9.930000,9.742677,7500
2019-05-21,9.930000,9.960000,9.930000,9.950000,9.762299,13900
2019-05-22,9.980000,9.980000,9.940000,9.950000,9.762299,9600
2019-05-23,9.980000,9.980000,9.960000,9.970000,9.781921,2400
2019-05-24,9.910000,9.920000,9.820000,9.910000,9.723053,42900
2019-05-28,9.940000,9.960000,9.930000,9.960000,9.772111,10200
2019-05-29,9.930000,9.930000,9.910000,9.920000,9.732864,1500
2019-05-30,9.860000,9.940000,9.860000,9.930000,9.742677,17700
2019-05-31,9.940000,9.950000,9.910000,9.950000,9.762299,2300
2019-06-03,9.890000,9.920000,9.880000,9.900000,9.713243,32100
2019-06-04,9.900000,9.900000,9.860000,9.870000,9.683807,3800
2019-06-05,9.910000,9.930000,9.900000,9.910000,9.723053,6600
2019-06-06,9.930000,9.950000,9.910000,9.930000,9.742677,6100
2019-06-07,9.970000,9.980000,9.940000,9.960000,9.772111,7100
2019-06-10,9.910000,9.910000,9.860000,9.880000,9.693620,10900
2019-06-11,9.920000,9.940000,9.900000,9.900000,9.713243,33100
2019-06-12,9.910000,9.940000,9.910000,9.930000,9.742677,9000
2019-06-13,9.990000,9.990000,9.910000,9.930000,9.742677,29900
2019-06-14,9.870000,9.890000,9.870000,9.890000,9.703430,500
2019-06-17,9.860000,9.870000,9.850000,9.860000,9.697531,7400
2019-06-18,9.870000,9.900000,9.870000,9.880000,9.717200,4400
2019-06-19,9.840000,9.880000,9.840000,9.880000,9.717200,700
2019-06-20,9.880000,9.890000,9.840000,9.850000,9.687696,42000
2019-06-21,9.830000,9.840000,9.830000,9.840000,9.677858,1000
2019-06-24,9.890000,9.900000,9.880000,9.900000,9.736870,3600
2019-06-25,9.900000,9.900000,9.850000,9.870000,9.707365,14700
2019-06-26,9.840000,9.860000,9.830000,9.840000,9.677858,3100
2019-06-27,9.880000,9.910000,9.870000,9.890000,9.727036,24000
2019-06-28,9.860000,9.880000,9.840000,9.860000,9.697531,11600
2019-07-01,9.880000,9.880000,9.850000,9.880000,9.717200,24300
2019-07-02,9.940000,9.940000,9.900000,9.930000,9.766377,7000
2019-07-03,10.140000,10.140000,9.890000,9.900000,9.736870,182100
2019-07-05,9.840000,9.840000,9.830000,9.840000,9.677858,1600
2019-07-08,9.890000,9.900000,9.880000,9.880000,9.717200,6200
2019-07-09,9.890000,9.900000,9.870000,9.880000,9.717200,6100
2019-07-10,9.870000,9.890000,9.860000,9.890000,9.727036,9000
2019-07-11,9.900000,9.910000,9.870000,9.870000,9.707365,5100
2019-07-12,9.950000,9.950000,9.910000,9.940000,9.776212,3400
2019-07-15,9.900000,9.910000,9.880000,9.900000,9.754534,6300
2019-07-16,9.880000,9.880000,9.850000,9.870000,9.724976,5900
2019-07-17,9.890000,9.940000,9.890000,9.920000,9.774240,1800
2019-07-18,9.880000,9.890000,9.850000,9.890000,9.744681,14400
2019-07-19,9.850000,9.870000,9.850000,9.870000,9.724976,2300
2019-07-22,9.870000,9.880000,9.860000,9.880000,9.734829,3800
2019-07-23,9.820000,9.840000,9.800000,9.820000,9.675710,7700
2019-07-24,9.750000,9.890000,9.750000,9.890000,9.744681,1200
2019-07-25,9.840000,9.870000,9.750000,9.850000,9.705270,85800
2019-07-26,9.870000,9.890000,9.850000,9.880000,9.734829,10700
2019-07-29,9.880000,9.890000,9.880000,9.890000,9.744681,2700
2019-07-30,9.870000,9.870000,9.860000,9.870000,9.724976,17700
2019-07-31,9.860000,9.880000,9.850000,9.870000,9.724976,2000
2019-08-01,9.870000,9.910000,9.870000,9.910000,9.764388,4000
2019-08-02,9.810000,9.830000,9.810000,9.830000,9.685564,7300
2019-08-05,9.820000,9.850000,9.820000,9.840000,9.695415,13900
2019-08-06,9.760000,9.770000,9.760000,9.760000,9.616592,900
2019-08-07,9.770000,9.770000,9.730000,9.730000,9.587032,1237200
2019-08-08,9.650000,9.670000,9.650000,9.670000,9.527914,7600
2019-08-09,9.660000,9.720000,9.640000,9.640000,9.498354,601800
2019-08-12,9.710000,9.720000,9.690000,9.720000,9.577179,382300
2019-08-13,9.540000,9.690000,9.540000,9.660000,9.518063,82600
2019-08-14,9.940000,9.940000,9.690000,9.710000,9.567327,46700
2019-08-15,9.650000,9.660000,9.630000,9.660000,9.542632,32000
2019-08-16,9.570000,9.580000,9.550000,9.570000,9.453724,125400
2019-08-19,9.570000,9.600000,9.560000,9.580000,9.463602,12300
2019-08-20,9.650000,9.660000,9.640000,9.660000,9.542632,4600
2019-08-21,9.660000,9.660000,9.630000,9.650000,9.532751,154800
2019-08-22,9.650000,9.650000,9.640000,9.650000,9.532751,1600
2019-08-23,9.550000,9.710000,9.550000,9.700000,9.582144,1000
2019-08-26,9.670000,9.700000,9.640000,9.660000,9.542632,6000
2019-08-27,9.710000,9.710000,9.660000,9.700000,9.582144,140300
2019-08-28,9.690000,9.690000,9.630000,9.670000,9.552508,46800
2019-08-29,9.630000,9.650000,9.610000,9.640000,9.522874,25700
2019-08-30,9.670000,9.680000,9.650000,9.680000,9.562388,42200
2019-09-03,9.670000,9.690000,9.670000,9.670000,9.552508,2200
2019-09-04,9.710000,9.730000,9.690000,9.730000,9.611779,12500
2019-09-05,9.690000,9.690000,9.660000,9.660000,9.542632,17200
2019-09-06,9.720000,9.760000,9.720000,9.740000,9.621658,2400
2019-09-09,9.700000,9.700000,9.670000,9.680000,9.562388,20900
2019-09-10,9.700000,9.720000,9.690000,9.690000,9.572266,17600
2019-09-11,9.760000,9.760000,9.740000,9.740000,9.621658,27500
2019-09-12,9.730000,9.740000,9.720000,9.730000,9.611779,11300
2019-09-13,9.870000,9.870000,9.700000,9.710000,9.592025,44300
2019-09-16,9.880000,9.880000,9.780000,9.810000,9.711812,5400
2019-09-17,9.740000,9.770000,9.740000,9.760000,9.662312,3800
2019-09-18,9.760000,9.800000,9.740000,9.750000,9.652411,2500
2019-09-19,9.730000,9.740000,9.690000,9.720000,9.622711,40900
2019-09-20,9.680000,9.760000,9.680000,9.760000,9.662312,40700
2019-09-23,9.760000,9.760000,9.710000,9.720000,9.622711,35600
2019-09-24,9.750000,9.770000,9.750000,9.770000,9.672214,200
2019-09-25,9.710000,9.720000,9.650000,9.680000,9.583114,4800
2019-09-26,9.740000,9.760000,9.720000,9.740000,9.642512,5300
2019-09-27,9.740000,9.740000,9.720000,9.730000,9.632611,24600
2019-09-30,9.910000,9.910000,9.710000,9.740000,9.642512,11500
2019-10-01,9.750000,9.750000,9.720000,9.740000,9.642512,3700
2019-10-02,9.780000,9.780000,9.780000,9.780000,9.682110,12800
2019-10-03,9.810000,9.810000,9.810000,9.810000,9.711812,400
2019-10-04,9.810000,9.810000,9.810000,9.810000,9.711812,1900
2019-10-07,9.780000,9.790000,9.780000,9.790000,9.692012,1000
2019-10-08,9.790000,9.800000,9.790000,9.800000,9.701912,300
2019-10-09,9.790000,9.800000,9.780000,9.790000,9.692012,12300
2019-10-10,9.720000,9.730000,9.690000,9.720000,9.622711,12900
2019-10-11,9.740000,9.740000,9.700000,9.710000,9.612814,21300
2019-10-14,9.740000,9.740000,9.730000,9.740000,9.642512,9600
2019-10-15,9.710000,9.710000,9.700000,9.700000,9.622671,2900
2019-10-16,9.740000,9.750000,9.730000,9.740000,9.662353,20400
2019-10-17,9.730000,9.750000,9.710000,9.730000,9.652431,4200
2019-10-18,9.740000,9.740000,9.720000,9.740000,9.662353,3900
2019-10-21,9.680000,9.700000,9.680000,9.690000,9.612751,6500
2019-10-22,9.770000,9.770000,9.670000,9.730000,9.652431,31300
2019-10-23,9.740000,9.740000,9.740000,9.740000,9.662353,0
2019-10-24,9.660000,9.720000,9.660000,9.720000,9.642511,10000
2019-10-25,9.780000,9.780000,9.680000,9.690000,9.612751,23900
2019-10-28,9.690000,9.700000,9.660000,9.680000,9.602832,10700
2019-10-29,9.720000,9.720000,9.700000,9.700000,9.622671,1800
2019-10-30,9.740000,9.740000,9.700000,9.730000,9.652431,1400
2019-10-31,9.730000,9.740000,9.720000,9.740000,9.662353,9100
2019-11-01,9.680000,9.700000,9.680000,9.700000,9.622671,500
2019-11-04,9.680000,9.720000,9.680000,9.700000,9.622671,2400
2019-11-05,9.690000,9.720000,9.690000,9.720000,9.642511,1000
2019-11-06,9.790000,9.810000,9.750000,9.780000,9.702032,13000
2019-11-07,9.710000,9.740000,9.700000,9.720000,9.642511,3900
2019-11-08,9.800000,9.800000,9.800000,9.800000,9.721874,0
2019-11-11,9.790000,9.790000,9.790000,9.790000,9.711954,2100
2019-11-12,9.810000,9.810000,9.770000,9.790000,9.711954,6200
2019-11-13,9.820000,9.820000,9.800000,9.800000,9.721874,5000
2019-11-14,9.820000,9.820000,9.810000,9.810000,9.731795,7700
2019-11-15,9.740000,9.740000,9.740000,9.740000,9.680115,0
2019-11-18,9.880000,9.880000,9.750000,9.770000,9.709931,40300
2019-11-19,9.750000,9.770000,9.750000,9.770000,9.709931,8400
2019-11-20,9.760000,9.780000,9.760000,9.780000,9.719868,2200
2019-11-21,9.710000,9.730000,9.700000,9.700000,9.640360,16800
2019-11-22,9.740000,9.740000,9.710000,9.740000,9.680115,2700
2019-11-25,9.750000,9.750000,9.730000,9.740000,9.680115,2900
2019-11-26,9.750000,9.750000,9.750000,9.750000,9.690052,0
2019-11-27,9.750000,9.750000,9.740000,9.740000,9.680115,200
2019-11-29,9.740000,9.740000,9.740000,9.740000,9.680115,0
2019-12-02,9.720000,9.730000,9.720000,9.730000,9.670176,900
2019-12-03,9.810000,9.830000,9.790000,9.810000,9.749684,9100
2019-12-04,9.970000,9.970000,9.760000,9.760000,9.699991,4600
2019-12-05,9.760000,9.760000,9.760000,9.760000,9.699991,1200
2019-12-06,9.770000,9.780000,9.750000,9.770000,9.709931,134000
2019-12-09,9.780000,9.790000,9.770000,9.790000,9.729807,5400
2019-12-10,9.780000,9.780000,9.770000,9.770000,9.709931,1800
2019-12-11,9.790000,9.790000,9.770000,9.780000,9.719868,51600
2019-12-12,9.730000,9.740000,9.730000,9.730000,9.670176,600
2019-12-13,9.770000,9.790000,9.770000,9.790000,9.729807,49600
2019-12-16,9.740000,9.740000,9.710000,9.720000,9.680012,1500
2019-12-17,9.740000,9.750000,9.740000,9.750000,9.709888,2900
2019-12-18,9.740000,9.750000,9.740000,9.740000,9.699930,1100
2019-12-19,9.740000,9.740000,9.740000,9.740000,9.699930,900
2019-12-20,9.730000,9.740000,9.720000,9.740000,9.699930,1300
2019-12-23,9.740000,9.750000,9.730000,9.740000,9.699930,1900
2019-12-24,9.850000,9.850000,9.720000,9.760000,9.719848,2800
2019-12-26,9.730000,9.760000,9.730000,9.760000,9.719848,200
2019-12-27,9.760000,9.780000,9.760000,9.760000,9.719848,4500
2019-12-30,9.930000,9.930000,9.700000,9.720000,9.680012,4900
2019-12-31,9.720000,9.720000,9.680000,9.700000,9.660094,5100
2020-01-02,9.760000,9.760000,9.740000,9.760000,9.719848,3400
2020-01-03,9.770000,9.780000,9.750000,9.770000,9.729808,12100
2020-01-06,9.740000,9.740000,9.730000,9.740000,9.699930,300
2020-01-07,9.720000,9.740000,9.720000,9.740000,9.699930,400
2020-01-08,9.720000,9.740000,9.720000,9.740000,9.699930,50400
2020-01-09,9.730000,9.750000,9.730000,9.750000,9.709888,4200
2020-01-10,9.750000,9.750000,9.720000,9.740000,9.699930,15000
2020-01-13,9.710000,9.730000,9.700000,9.730000,9.689971,2800
2020-01-14,9.750000,9.750000,9.730000,9.730000,9.689971,600
2020-01-15,9.730000,9.750000,9.730000,9.750000,9.709888,500
2020-01-16,9.740000,9.740000,9.720000,9.730000,9.696933,3100
2020-01-17,9.730000,9.730000,9.700000,9.720000,9.686967,1000
2020-01-21,9.730000,9.770000,9.730000,9.760000,9.726831,4200
2020-01-22,9.750000,9.760000,9.730000,9.740000,9.706899,1500
2020-01-23,9.760000,9.760000,9.750000,9.760000,9.726831,900
2020-01-24,9.740000,9.740000,9.740000,9.740000,9.706899,100
2020-01-27,9.740000,9.760000,9.740000,9.750000,9.716865,900
2020-01-28,9.730000,9.730000,9.710000,9.720000,9.686967,12300
2020-01-29,9.740000,9.740000,9.720000,9.740000,9.706899,3600
2020-01-30,9.750000,9.750000,9.740000,9.740000,9.706899,1300
2020-01-31,9.750000,9.770000,9.750000,9.770000,9.736797,5100
2020-02-03,9.750000,9.750000,9.740000,9.740000,9.706899,7000
2020-02-04,9.740000,9.740000,9.710000,9.730000,9.696933,24700
2020-02-05,9.720000,9.730000,9.720000,9.730000,9.696933,1300
2020-02-06,9.730000,9.750000,9.730000,9.750000,9.716865,1000
2020-02-07,9.770000,9.780000,9.760000,9.770000,9.736797,15700
2020-02-10,9.730000,9.770000,9.730000,9.770000,9.736797,8200
2020-02-11,9.740000,9.760000,9.740000,9.750000,9.716865,900
2020-02-12,9.740000,9.740000,9.740000,9.740000,9.706899,700
2020-02-13,9.750000,9.760000,9.730000,9.740000,9.706899,60200
2020-02-14,9.730000,9.770000,9.730000,9.740000,9.719872,33000
2020-02-18,9.880000,9.880000,9.740000,9.770000,9.749811,4600
2020-02-19,9.570000,9.750000,9.570000,9.740000,9.719872,28400
2020-02-20,9.750000,9.760000,9.690000,9.740000,9.719872,193100
2020-02-21,9.760000,9.770000,9.750000,9.760000,9.739831,19200
2020-02-24,9.800000,9.800000,9.790000,9.790000,9.769770,900
2020-02-25,9.830000,9.830000,9.790000,9.800000,9.779749,32800
2020-02-26,9.780000,9.820000,9.780000,9.780000,9.759789,13700
2020-02-27,9.810000,9.820000,9.800000,9.800000,9.779749,7800
2020-02-28,9.860000,9.890000,9.850000,9.890000,9.869562,800
2020-03-02,9.910000,9.930000,9.870000,9.880000,9.859584,1000
2020-03-03,10.060000,10.060000,9.910000,9.980000,9.959376,1600
2020-03-04,9.980000,9.990000,9.930000,9.940000,9.919459,8000
2020-03-05,10.010000,10.010000,10.010000,10.010000,9.989315,100
2020-03-06,10.090000,10.120000,10.080000,10.080000,10.059170,41900
2020-03-09,10.120000,10.120000,10.050000,10.090000,10.069149,2300
2020-03-10,10.190000,10.190000,10.030000,10.040000,10.019253,7600
2020-03-11,10.120000,10.120000,9.950000,9.950000,9.929439,1300
2020-03-12,9.870000,10.020000,9.580000,9.640000,9.620079,4000
2020-03-13,10.010000,10.060000,9.980000,10.050000,10.044863,10600
2020-03-16,9.910000,10.040000,9.910000,10.040000,10.034867,36700
2020-03-17,9.880000,9.880000,9.590000,9.590000,9.585097,700
2020-03-18,9.450000,9.640000,9.110000,9.130000,9.125333,10200
2020-03-19,9.590000,9.810000,9.510000,9.810000,9.804985,3200
2020-03-20,9.550000,9.740000,9.440000,9.570000,9.565107,25800
2020-03-23,9.690000,9.750000,9.680000,9.750000,9.745015,600
2020-03-24,9.550000,9.760000,9.550000,9.680000,9.675052,146100
2020-03-25,9.660000,9.680000,9.660000,9.680000,9.675052,3800
2020-03-26,9.550000,9.650000,9.470000,9.610000,9.605086,1636300
2020-03-27,9.680000,9.700000,9.610000,9.700000,9.695041,1369400
2020-03-30,9.770000,9.770000,9.610000,9.730000,9.725025,561600
2020-03-31,10.490000,10.490000,9.690000,9.690000,9.685046,1400
2020-04-01,9.680000,9.760000,9.600000,9.710000,9.705036,7000
2020-04-02,9.770000,9.790000,9.760000,9.770000,9.765006,600
2020-04-03,9.750000,9.770000,9.620000,9.720000,9.715031,101600
2020-04-06,9.740000,9.780000,9.740000,9.780000,9.775000,900
2020-04-07,9.700000,9.760000,9.700000,9.740000,9.735021,1772900
2020-04-08,9.710000,9.780000,9.590000,9.720000,9.715031,924200
2020-04-09,9.780000,9.890000,9.780000,9.860000,9.854959,1411600
2020-04-13,9.740000,9.760000,9.710000,9.710000,9.705036,50400
2020-04-14,9.810000,9.830000,9.730000,9.780000,9.775000,316700
2020-04-15,10.080000,10.080000,9.770000,9.820000,9.820000,358200
2020-04-16,9.800000,9.860000,9.790000,9.830000,9.830000,28500
2020-04-17,9.800000,9.850000,9.760000,9.800000,9.800000,714800
2020-04-20,10.180000,10.180000,9.740000,9.790000,9.790000,357500
2020-04-21,10.220000,10.220000,9.780000,9.810000,9.810000,1761400
2020-04-22,9.780000,9.820000,9.750000,9.800000,9.800000,2435500
2020-04-23,9.830000,9.850000,9.760000,9.760000,9.760000,905800
2020-04-24,9.820000,9.820000,9.750000,9.780000,9.780000,616100
2020-04-27,9.790000,9.800000,9.740000,9.770000,9.770000,16200
2020-04-28,9.800000,9.880000,9.780000,9.820000,9.820000,890700
2020-04-29,9.800000,9.820000,9.780000,9.810000,9.810000,491700
2020-04-30,9.810000,9.830000,9.760000,9.790000,9.790000,17400
2020-05-01,9.780000,9.820000,9.770000,9.800000,9.800000,438900
2020-05-04,9.690000,9.840000,9.290000,9.810000,9.810000,17900
2020-05-05,9.810000,9.830000,9.770000,9.780000,9.780000,571700
2020-05-06,9.760000,9.980000,9.730000,9.740000,9.740000,108200
2020-05-07,9.830000,9.830000,9.800000,9.800000,9.800000,22300