Date,Open,High,Low,Close,Adj Close,Volume
2018-07-19,13.150000,16.799999,13.150000,15.000000,12.252363,601700
2018-07-20,15.000000,15.190000,13.750000,13.980000,11.419204,795600
2018-07-23,13.500000,14.500000,13.340000,14.220000,11.615240,787000
2018-07-24,13.900000,14.260000,13.900000,14.080000,11.500886,450000
2018-07-25,13.850000,14.440000,13.850000,14.050000,11.476382,397400
2018-07-26,13.900000,14.470000,13.700000,14.290000,11.672421,319500
2018-07-27,14.210000,14.900000,14.210000,14.860000,12.138009,238900
2018-07-30,14.510000,14.950000,14.510000,14.910000,12.178849,179200
2018-07-31,14.750000,15.050000,14.530000,14.610000,11.933803,182500
2018-08-01,14.650000,14.950000,14.650000,14.950000,12.211522,107500
2018-08-02,14.760000,15.000000,14.690000,14.730000,12.031820,258800
2018-08-03,14.760000,14.940000,14.700000,14.800000,12.089000,117900
2018-08-06,14.900000,15.000000,14.750000,14.980000,12.236027,185700
2018-08-07,14.800000,15.030000,14.800000,14.980000,12.236027,217600
2018-08-08,14.820000,14.960000,14.780000,14.880000,12.154345,156400
2018-08-09,14.780000,15.000000,14.780000,14.850000,12.161716,213600
2018-08-10,14.810000,15.500000,14.770000,15.500000,12.694046,261000
2018-08-13,15.410000,16.000000,15.340000,16.000000,13.103531,290100
2018-08-14,15.850000,16.490000,15.500000,16.309999,13.357415,598000
2018-08-15,16.209999,16.340000,15.670000,16.340000,13.381981,204700
2018-08-16,16.240000,16.490000,15.800000,16.430000,13.455690,262900
2018-08-17,16.450001,16.450001,16.110001,16.420000,13.447499,158900
2018-08-20,16.379999,16.490000,16.040001,16.490000,13.504828,230900
2018-08-21,16.389999,16.490000,16.240000,16.400000,13.431120,214600
2018-08-22,16.450001,16.490000,16.250000,16.490000,13.504828,151400
2018-08-23,16.360001,16.740000,16.360001,16.629999,13.619484,367000
2018-08-24,16.500000,16.740000,16.049999,16.740000,13.709571,243700
2018-08-27,16.600000,16.719999,16.360001,16.520000,13.529398,263800
2018-08-28,16.370001,16.690001,16.260000,16.469999,13.488450,212800
2018-08-29,16.469999,16.639999,16.070000,16.350000,13.390172,214200
2018-08-30,16.420000,16.430000,15.690000,15.860000,12.988875,194400
2018-08-31,15.800000,16.070000,15.620000,15.750000,12.898789,189300
2018-09-04,15.650000,15.980000,15.550000,15.640000,12.808702,129300
2018-09-05,15.560000,16.000000,15.400000,15.990000,13.095342,123600
2018-09-06,15.980000,16.000000,15.540000,15.890000,13.013447,107300
2018-09-07,15.960000,15.960000,15.170000,15.540000,12.726807,126700
2018-09-10,15.360000,16.750000,14.900000,16.250000,13.387533,954700
2018-09-11,16.160000,16.410000,15.700000,16.219999,13.362815,577800
2018-09-12,16.120001,16.730000,16.040001,16.700001,13.758267,601700
2018-09-13,16.559999,16.730000,16.360001,16.690001,13.750029,432300
2018-09-14,16.650000,16.879999,16.610001,16.850000,13.881842,587000
2018-09-17,16.879999,17.170000,16.610001,17.000000,14.005419,652900
2018-09-18,16.950001,17.790001,16.950001,17.510000,14.425583,894000
2018-09-19,16.990000,18.219999,16.799999,17.690001,14.573874,1487400
2018-09-20,17.680000,18.500000,17.510000,17.760000,14.631542,1413400
2018-09-21,17.670000,17.980000,17.240000,17.530001,14.442057,2917200
2018-09-24,17.490000,17.650000,16.209999,16.320000,13.445202,719700
2018-09-25,16.320000,16.889999,15.570000,15.620000,12.868506,632000
2018-09-26,15.540000,15.880000,15.200000,15.220000,12.538968,263400
2018-09-27,15.200000,15.450000,14.840000,14.950000,12.316528,409700
2018-09-28,14.920000,15.280000,14.750000,15.260000,12.571921,227600
2018-10-01,15.580000,15.830000,15.030000,15.290000,12.596639,233200
2018-10-02,15.220000,15.350000,14.780000,15.110000,12.448343,248100
2018-10-03,15.050000,15.230000,14.920000,15.060000,12.407154,110800
2018-10-04,14.990000,15.090000,14.700000,14.770000,12.168238,113900
2018-10-05,14.750000,14.880000,14.100000,14.150000,11.657452,177300
2018-10-08,14.170000,15.000000,14.170000,14.350000,11.822222,111900
2018-10-09,14.310000,14.930000,14.290000,14.790000,12.184715,127400
2018-10-10,14.590000,15.000000,14.590000,14.960000,12.401914,357500
2018-10-11,14.880000,14.990000,14.370000,14.550000,12.062022,416900
2018-10-12,14.470000,14.740000,13.280000,14.490000,12.012282,514800
2018-10-15,14.210000,14.510000,13.900000,14.510000,12.028862,299300
2018-10-16,14.490000,14.510000,13.920000,14.000000,11.606069,353600
2018-10-17,14.090000,14.480000,13.930000,14.270000,11.829901,272300
2018-10-18,14.100000,14.380000,14.060000,14.160000,11.738708,243400
2018-10-19,14.160000,14.220000,13.920000,14.090000,11.680677,181200
2018-10-22,14.040000,14.140000,13.750000,13.850000,11.481720,337300
2018-10-23,13.750000,14.290000,13.750000,14.000000,11.606069,257900
2018-10-24,13.960000,14.160000,13.800000,13.900000,11.523169,186500
2018-10-25,14.000000,14.140000,13.600000,13.850000,11.481720,254300
2018-10-26,13.700000,13.880000,13.520000,13.640000,11.307628,161400
2018-10-29,13.740000,13.910000,13.370000,13.550000,11.233015,155400
2018-10-30,13.650000,13.800000,13.320000,13.540000,11.224726,192400
2018-10-31,13.320000,13.740000,13.150000,13.370000,11.083794,278000
2018-11-01,13.450000,13.580000,13.010000,13.240000,10.976025,157600
2018-11-02,13.170000,13.500000,13.030000,13.390000,11.100374,195200
2018-11-05,13.360000,13.490000,13.080000,13.220000,10.959444,237200
2018-11-06,13.190000,13.820000,12.220000,12.670000,10.503492,311800
2018-11-07,12.490000,12.790000,12.070000,12.230000,10.212888,291100
2018-11-08,12.070000,12.700000,12.000000,12.270000,10.246292,284400
2018-11-09,12.320000,13.050000,12.170000,12.790000,10.680527,218600
2018-11-12,12.890000,13.240000,12.610000,13.110000,10.947747,165800
2018-11-13,13.110000,13.550000,13.030000,13.480000,11.256723,243100
2018-11-14,13.510000,13.680000,12.890000,13.030000,10.880941,399700
2018-11-15,13.150000,13.380000,12.920000,13.130000,10.964450,289200
2018-11-16,13.120000,14.140000,13.030000,14.140000,11.807869,499700
2018-11-19,14.020000,14.050000,13.690000,14.000000,11.690960,301400
2018-11-20,13.830000,14.130000,13.640000,13.920000,11.624154,285100
2018-11-21,13.880000,13.960000,13.650000,13.770000,11.498894,138500
2018-11-23,13.600000,14.010000,13.480000,13.860000,11.574051,130200
2018-11-26,13.650000,13.950000,13.600000,13.860000,11.574051,379500
2018-11-27,13.660000,13.930000,13.400000,13.650000,11.398686,284400
2018-11-28,13.590000,13.970000,13.550000,13.720000,11.457140,165600
2018-11-29,13.660000,13.900000,13.370000,13.390000,11.181566,280000
2018-11-30,13.310000,14.000000,13.310000,13.840000,11.557348,824600
2018-12-03,13.890000,13.960000,13.330000,13.580000,11.340230,204100
2018-12-04,13.540000,13.630000,12.820000,13.280000,11.089709,233300
2018-12-06,13.060000,13.500000,12.750000,13.490000,11.265075,353600
2018-12-07,13.390000,13.730000,13.000000,13.490000,11.342428,406600
2018-12-10,13.390000,14.190000,13.230000,13.710000,11.527405,621800
2018-12-11,13.860000,13.980000,13.540000,13.570000,11.409694,312700
2018-12-12,13.510000,13.930000,12.820000,13.560000,11.401285,295600
2018-12-13,13.570000,14.160000,13.570000,13.940000,11.720789,495900
2018-12-14,13.890000,13.900000,12.830000,13.120000,11.031332,397800
2018-12-17,13.080000,13.400000,13.000000,13.200000,11.098596,762500
2018-12-18,13.330000,13.890000,13.060000,13.850000,11.645119,885000
2018-12-19,13.720000,13.980000,13.620000,13.860000,11.653527,790300
2018-12-20,13.760000,13.980000,13.640000,13.900000,11.687159,774900
2018-12-21,14.000000,14.000000,13.200000,13.520000,11.367653,1628300
2018-12-24,13.340000,13.520000,13.020000,13.320000,11.199492,350000
2018-12-26,13.230000,13.690000,13.230000,13.670000,11.493773,259500
2018-12-27,13.700000,13.800000,13.010000,13.540000,11.384469,342900
2018-12-28,13.480000,13.630000,13.290000,13.460000,11.317204,459800
2018-12-31,13.370000,13.500000,13.020000,13.320000,11.199492,494200
2019-01-02,13.100000,13.320000,13.000000,13.170000,11.073372,176700
2019-01-03,13.120000,13.570000,13.000000,13.410000,11.275164,224400
2019-01-04,13.470000,13.690000,13.230000,13.370000,11.241531,256400
2019-01-07,13.340000,13.650000,13.240000,13.510000,11.359243,225100
2019-01-08,13.520000,13.860000,13.310000,13.780000,11.586262,174600
2019-01-09,13.780000,13.880000,13.440000,13.600000,11.434917,331300
2019-01-10,13.490000,13.800000,12.950000,13.190000,11.090188,559100
2019-01-11,13.000000,13.150000,12.770000,13.090000,11.083413,542900
2019-01-14,13.170000,13.290000,12.760000,12.970000,10.981810,412200
2019-01-15,12.820000,13.490000,12.800000,13.210000,11.185019,557000
2019-01-16,12.950000,13.350000,12.950000,13.260000,11.227355,405100
2019-01-17,13.150000,13.450000,13.020000,13.380000,11.328958,369400
2019-01-18,13.250000,13.360000,12.820000,13.100000,11.091882,550100
2019-01-22,12.960000,13.220000,12.860000,12.930000,10.947940,414200
2019-01-23,12.880000,13.160000,12.770000,12.890000,10.914073,337800
2019-01-24,12.820000,12.910000,12.560000,12.730000,10.778599,310700
2019-01-25,12.660000,13.090000,12.600000,13.020000,11.024145,423800
2019-01-28,12.980000,13.210000,12.720000,13.190000,11.168084,344700
2019-01-29,13.070000,13.140000,12.720000,12.750000,10.795532,350600
2019-01-30,12.690000,13.180000,12.680000,13.000000,11.007211,528700
2019-01-31,12.980000,13.190000,12.800000,12.990000,10.998744,435400
2019-02-01,12.920000,13.110000,12.650000,12.780000,10.820933,306900
2019-02-04,12.710000,12.850000,12.270000,12.370000,10.473784,399700
2019-02-05,12.400000,12.690000,12.170000,12.630000,10.693930,471600
2019-02-06,12.620000,12.820000,12.530000,12.550000,10.626191,261300
2019-02-07,12.400000,12.540000,12.010000,12.070000,10.295241,338200
2019-02-08,12.030000,12.200000,11.850000,11.870000,10.124651,465000
2019-02-11,11.820000,12.090000,11.700000,11.840000,10.099062,435800
2019-02-12,11.810000,11.950000,11.180000,11.340000,9.672580,648500
2019-02-13,11.260000,11.460000,11.150000,11.300000,9.638462,584500
2019-02-14,11.080000,11.310000,10.860000,11.160000,9.519047,1548200
2019-02-15,11.150000,11.200000,10.860000,11.030000,9.408161,707300
2019-02-19,11.020000,11.530000,10.880000,11.420000,9.740818,613500
2019-02-20,11.440000,11.500000,10.840000,11.070000,9.442280,1002600
2019-02-21,11.190000,11.390000,11.010000,11.330000,9.664051,400600
2019-02-22,11.200000,11.500000,11.060000,11.430000,9.749347,512900
2019-02-25,11.500000,11.500000,11.190000,11.350000,9.681110,347400
2019-02-26,11.370000,11.480000,11.270000,11.400000,9.723759,613400
2019-02-27,11.310000,11.420000,10.740000,10.800000,9.211981,561300
2019-02-28,10.780000,10.980000,10.600000,10.810000,9.220510,594400
2019-03-01,10.810000,11.000000,10.540000,10.640000,9.075509,450200
2019-03-04,10.640000,10.920000,10.360000,10.690000,9.118155,452700
2019-03-05,10.640000,10.800000,10.530000,10.560000,9.007272,656300
2019-03-06,10.560000,11.100000,10.450000,10.880000,9.280219,995100
2019-03-07,10.710000,11.120000,10.710000,10.760000,9.256132,548100
2019-03-08,10.750000,10.870000,10.540000,10.700000,9.204517,420000
2019-03-11,10.650000,10.960000,10.650000,10.850000,9.333553,442300
2019-03-12,10.850000,11.050000,10.730000,10.910000,9.385167,441000
2019-03-13,10.950000,11.200000,10.860000,11.050000,9.505599,864400
2019-03-14,11.080000,11.360000,11.000000,11.090000,9.540009,857200
2019-03-15,11.100000,11.190000,10.960000,11.130000,9.574419,729300
2019-03-18,11.100000,11.250000,10.820000,10.980000,9.445381,790600
2019-03-19,10.950000,11.030000,10.690000,10.810000,9.299143,658300
2019-03-20,10.770000,11.190000,10.770000,10.950000,9.419578,530500
2019-03-21,10.940000,11.230000,10.900000,11.130000,9.574419,468200
2019-03-22,11.110000,11.150000,10.680000,10.750000,9.247529,422000
2019-03-25,10.790000,10.850000,10.530000,10.680000,9.187315,235100
2019-03-26,10.670000,10.940000,10.640000,10.700000,9.204517,330700
2019-03-27,10.710000,10.790000,10.600000,10.700000,9.204517,301600
2019-03-28,10.650000,10.830000,10.650000,10.770000,9.264732,222300
2019-03-29,10.830000,10.850000,10.630000,10.800000,9.290540,399400
2019-04-01,10.830000,10.850000,10.600000,10.810000,9.299143,507500
2019-04-02,10.790000,10.800000,10.560000,10.710000,9.213120,460800
2019-04-03,10.680000,10.880000,10.670000,10.720000,9.221724,407800
2019-04-04,10.740000,10.870000,10.510000,10.620000,9.135696,387500
2019-04-05,10.620000,10.750000,10.520000,10.620000,9.135696,334700
2019-04-08,10.610000,10.680000,10.460000,10.530000,9.058277,402000
2019-04-09,10.420000,10.500000,10.060000,10.120000,8.782310,524900
2019-04-10,10.160000,10.500000,10.160000,10.460000,9.077370,410500
2019-04-11,10.520000,10.520000,10.120000,10.190000,8.843060,314200
2019-04-12,10.170000,10.300000,10.010000,10.160000,8.817024,322500
2019-04-15,10.160000,10.280000,9.910000,10.020000,8.695529,407800
2019-04-16,10.000000,10.040000,9.670000,9.810000,8.513289,755600
2019-04-17,9.760000,9.820000,9.420000,9.720000,8.435184,903700
2019-04-18,9.700000,9.820000,9.600000,9.660000,8.383116,547200
2019-04-22,9.480000,9.630000,9.360000,9.520000,8.261622,662500
2019-04-23,9.530000,9.690000,9.470000,9.610000,8.339725,501000
2019-04-24,9.610000,9.810000,9.560000,9.590000,8.322369,296400
2019-04-25,9.610000,9.700000,9.510000,9.660000,8.383116,470100
2019-04-26,9.640000,9.820000,9.600000,9.740000,8.452541,442000
2019-04-29,9.730000,9.880000,9.640000,9.690000,8.409149,401900
2019-04-30,9.650000,9.850000,9.580000,9.810000,8.513289,365500
2019-05-01,9.750000,9.890000,9.690000,9.690000,8.409149,340500
2019-05-02,9.710000,9.820000,9.590000,9.760000,8.469895,343400
2019-05-03,9.730000,10.070000,9.730000,9.930000,8.617429,336300
2019-05-06,9.850000,10.020000,9.770000,9.830000,8.530644,457500
2019-05-07,9.740000,9.890000,9.480000,9.520000,8.339675,513700
2019-05-08,9.530000,10.080000,9.530000,9.900000,8.672560,479400
2019-05-09,9.820000,10.200000,9.670000,10.110000,8.856524,495500
2019-05-10,10.070000,10.400000,9.970000,10.310000,9.031725,567300
2019-05-13,10.290000,10.400000,10.050000,10.310000,9.031725,776200
2019-05-14,10.340000,10.800000,10.340000,10.730000,9.399652,965100
2019-05-15,10.820000,11.310000,10.770000,11.260000,9.863942,1367800
2019-05-16,11.210000,11.870000,11.180000,11.790000,10.328230,1156600
2019-05-17,11.770000,11.780000,11.330000,11.520000,10.091707,1036500
2019-05-20,11.440000,11.680000,11.190000,11.360000,9.951542,752500
2019-05-21,11.370000,11.500000,11.320000,11.390000,9.977822,624400
2019-05-22,11.400000,11.500000,11.080000,11.290000,9.890224,668200
2019-05-23,11.270000,11.520000,11.190000,11.450000,10.030384,821800
2019-05-24,11.500000,11.680000,11.330000,11.620000,10.179306,661400
2019-05-28,11.620000,11.620000,10.510000,10.620000,9.303292,4331700
2019-05-29,10.610000,10.710000,10.200000,10.340000,9.058006,1301600
2019-05-30,10.400000,10.580000,10.010000,10.160000,8.900324,882100
2019-05-31,10.130000,10.540000,10.020000,10.460000,9.163128,520300
2019-06-03,10.430000,10.510000,10.030000,10.090000,8.839003,619100
2019-06-04,10.120000,10.190000,9.940000,10.160000,8.900324,495800
2019-06-05,10.200000,10.470000,10.030000,10.430000,9.136847,509000
2019-06-06,10.440000,10.490000,10.140000,10.260000,8.987926,384200
2019-06-07,10.190000,10.450000,10.170000,10.430000,9.219518,706400
2019-06-10,10.430000,10.660000,10.180000,10.320000,9.122285,714900
2019-06-11,10.310000,10.400000,9.980000,10.350000,9.148805,831000
2019-06-12,10.340000,10.650000,10.310000,10.450000,9.237197,763200
2019-06-13,10.490000,10.790000,10.400000,10.660000,9.422824,517600
2019-06-14,10.670000,10.850000,10.500000,10.770000,9.520059,526400
2019-06-17,10.820000,10.990000,10.730000,10.900000,9.634972,570300
2019-06-18,11.000000,11.150000,10.870000,10.990000,9.714526,717100
2019-06-19,10.940000,11.170000,10.740000,11.080000,9.794081,690900
2019-06-20,11.150000,11.350000,11.110000,11.160000,9.864797,548800
2019-06-21,11.160000,11.160000,10.600000,10.670000,9.431664,982000
2019-06-24,10.610000,10.860000,10.610000,10.690000,9.449343,808100
2019-06-25,10.690000,10.830000,10.570000,10.640000,9.405147,1045000
2019-06-26,10.640000,10.690000,10.170000,10.330000,9.131125,1436200
2019-06-27,10.360000,10.850000,10.360000,10.760000,9.511220,1189400
2019-06-28,10.750000,11.070000,10.750000,10.900000,9.634972,14654400
2019-07-01,10.900000,10.990000,10.590000,10.780000,9.528897,832500
2019-07-02,10.850000,11.090000,10.800000,11.050000,9.767563,918200
2019-07-03,11.030000,11.350000,11.030000,11.240000,9.935510,361900
2019-07-05,11.190000,11.300000,10.960000,11.250000,9.944350,507900
2019-07-08,11.210000,11.390000,11.100000,11.360000,10.041585,522600
2019-07-09,11.370000,11.680000,11.350000,11.600000,10.253731,941900
2019-07-10,11.500000,11.670000,11.390000,11.560000,10.300064,658500
2019-07-11,11.500000,11.640000,11.230000,11.380000,10.139683,1016400
2019-07-12,11.350000,11.530000,11.210000,11.440000,10.193143,767100
2019-07-15,11.460000,11.490000,11.240000,11.290000,10.059493,529600
2019-07-16,11.270000,11.540000,11.230000,11.440000,10.193143,541600
2019-07-17,11.450000,11.480000,11.340000,11.410000,10.166413,556700
2019-07-18,11.390000,11.520000,11.290000,11.500000,10.246603,372700
2019-07-19,11.400000,11.660000,11.340000,11.570000,10.308973,759500
2019-07-22,11.600000,11.600000,11.360000,11.410000,10.166413,356300
2019-07-23,11.410000,11.500000,11.310000,11.450000,10.202051,449300
2019-07-24,11.420000,11.760000,11.390000,11.740000,10.460444,380300
2019-07-25,11.740000,11.740000,11.560000,11.650000,10.380254,376300
2019-07-26,11.670000,11.820000,11.650000,11.720000,10.442625,320400
2019-07-29,11.700000,11.790000,11.560000,11.640000,10.371346,245100
2019-07-30,11.590000,11.690000,11.430000,11.670000,10.398074,460200
2019-07-31,11.750000,11.940000,11.660000,11.710000,10.433715,478800
2019-08-01,11.680000,11.950000,11.630000,11.810000,10.522815,593600
2019-08-02,11.790000,11.910000,11.730000,11.820000,10.531727,413100
2019-08-05,11.760000,11.790000,11.260000,11.470000,10.219873,548500
2019-08-06,11.450000,11.710000,11.400000,11.610000,10.344614,627200
2019-08-07,11.460000,11.760000,11.390000,11.680000,10.490109,480300
2019-08-08,11.320000,11.940000,11.320000,11.780000,10.579923,650500
2019-08-09,11.750000,12.000000,11.700000,11.970000,10.750567,380700
2019-08-12,11.950000,12.050000,11.900000,12.010000,10.786491,433200
2019-08-13,12.000000,12.190000,11.840000,12.090000,10.858341,466600
2019-08-14,11.970000,12.110000,11.900000,12.080000,10.849359,324800
2019-08-15,12.080000,12.250000,11.990000,12.240000,10.993060,390000
2019-08-16,12.250000,12.540000,12.230000,12.280000,11.028986,378300
2019-08-19,12.320000,12.500000,12.130000,12.440000,11.172686,442200
2019-08-20,12.400000,12.600000,12.260000,12.270000,11.020006,306600
2019-08-21,12.310000,12.350000,12.020000,12.100000,10.867323,261800
2019-08-22,12.100000,12.230000,11.900000,12.040000,10.813435,299500
2019-08-23,12.040000,12.160000,11.570000,11.620000,10.436221,410300
2019-08-26,11.630000,11.990000,11.630000,11.850000,10.642792,542800
2019-08-27,11.960000,11.980000,11.670000,11.710000,10.517055,350200
2019-08-28,11.700000,11.900000,11.530000,11.840000,10.633810,237100
2019-08-29,11.910000,11.940000,11.820000,11.870000,10.660751,230600
2019-08-30,11.800000,12.000000,11.800000,11.970000,10.750567,264400
2019-09-03,11.960000,12.210000,11.920000,12.120000,10.885285,360500
2019-09-04,12.090000,12.240000,12.020000,12.220000,10.975100,322800
2019-09-05,12.250000,12.340000,11.930000,11.940000,10.723621,590500
2019-09-06,11.860000,11.970000,11.680000,11.810000,10.689230,361100
2019-09-09,11.780000,12.440000,11.780000,12.410000,11.232289,963200
2019-09-10,12.420000,12.860000,12.380000,12.720000,11.512870,1247100
2019-09-11,12.720000,13.100000,12.650000,12.970000,11.739145,1405800
2019-09-12,12.940000,13.340000,12.900000,13.160000,11.911114,1177600
2019-09-13,13.110000,13.590000,13.110000,13.360000,12.092134,746700
2019-09-16,13.380000,13.980000,13.300000,13.600000,12.309359,1600000
2019-09-17,13.600000,13.740000,12.640000,13.700000,12.399868,1404300
2019-09-18,13.730000,13.800000,13.310000,13.320000,12.055930,1030300
2019-09-19,13.370000,13.650000,13.320000,13.560000,12.273153,1114100
2019-09-20,13.550000,13.860000,13.540000,13.820000,12.508480,6982500
2019-09-23,13.900000,14.000000,13.220000,13.810000,12.499428,816600
2019-09-24,13.980000,13.990000,13.730000,13.870000,12.553735,895900
2019-09-25,13.880000,14.100000,13.880000,13.980000,12.653296,1286800
2019-09-26,13.980000,14.090000,13.840000,14.070000,12.734755,775400
2019-09-27,14.100000,14.120000,13.800000,13.880000,12.562785,525900
2019-09-30,13.850000,14.030000,13.800000,13.960000,12.635195,724000
2019-10-01,13.890000,14.000000,13.550000,13.700000,12.399868,434000
2019-10-02,13.660000,13.980000,13.610000,13.980000,12.653296,610100
2019-10-03,14.100000,14.250000,13.810000,13.830000,12.517530,902000
2019-10-04,13.810000,14.190000,13.810000,14.180000,12.834316,496600
2019-10-07,14.110000,14.240000,14.050000,14.090000,12.752857,855500
2019-10-08,13.990000,14.100000,13.880000,13.940000,12.617092,493300
2019-10-09,13.900000,13.990000,13.640000,13.650000,12.354611,708000
2019-10-10,13.640000,13.840000,13.590000,13.770000,12.547796,481400
2019-10-11,13.900000,14.000000,13.840000,13.850000,12.620696,385400
2019-10-14,13.880000,13.980000,13.800000,13.880000,12.648033,217500
2019-10-15,13.970000,14.300000,13.810000,14.190000,12.930516,614300
2019-10-16,14.150000,14.340000,14.030000,14.260000,12.994307,416500
2019-10-17,14.310000,14.480000,14.120000,14.210000,12.948743,620600
2019-10-18,14.160000,14.320000,14.050000,14.240000,12.976080,436500
2019-10-21,14.310000,14.730000,14.200000,14.450000,13.167440,751800
2019-10-22,14.500000,14.770000,14.350000,14.610000,13.313239,542100
2019-10-23,14.600000,14.750000,14.440000,14.720000,13.413476,603500
2019-10-24,14.700000,14.800000,14.470000,14.490000,13.203891,497800
2019-10-25,14.470000,14.550000,14.340000,14.420000,13.140102,471300
2019-10-28,14.420000,14.660000,14.350000,14.450000,13.167440,447700
2019-10-29,14.440000,14.800000,14.430000,14.630000,13.331464,624600
2019-10-30,14.500000,14.900000,14.500000,14.870000,13.550162,581600
2019-10-31,14.850000,14.940000,14.680000,14.800000,13.486375,493300
2019-11-01,14.840000,15.000000,14.800000,15.000000,13.668623,520400
2019-11-04,14.990000,15.090000,14.770000,14.960000,13.632174,734200
2019-11-05,14.960000,15.050000,14.410000,14.760000,13.449925,2130600
2019-11-06,14.730000,14.990000,14.700000,14.850000,13.531937,893500
2019-11-07,14.110000,15.000000,14.100000,14.880000,13.643802,869900
2019-11-08,14.830000,15.000000,14.760000,14.770000,13.542942,1210000
2019-11-11,14.810000,15.180000,14.770000,15.120000,13.863863,535600
2019-11-12,15.100000,15.120000,14.630000,14.650000,13.432909,498200
2019-11-13,14.620000,14.740000,14.470000,14.610000,13.396233,686600
2019-11-14,14.680000,15.080000,14.590000,14.840000,13.607125,479200
2019-11-15,14.910000,15.120000,14.850000,15.000000,13.753832,671300
2019-11-18,15.050000,15.170000,14.990000,15.100000,13.845523,605300
2019-11-19,15.150000,15.180000,15.030000,15.030000,13.781341,579600
2019-11-20,14.960000,15.050000,14.580000,14.830000,13.597956,649000
2019-11-21,14.740000,14.860000,14.420000,14.730000,13.506263,433000
2019-11-22,14.820000,14.890000,14.540000,14.640000,13.423740,350200
2019-11-25,14.700000,14.870000,14.620000,14.700000,13.478756,435400
2019-11-26,14.600000,14.870000,14.600000,14.770000,13.542942,632100
2019-11-27,14.750000,15.050000,14.700000,14.980000,13.735494,495000
2019-11-29,15.000000,15.100000,14.770000,14.790000,13.561278,345000
2019-12-02,14.770000,14.830000,14.420000,14.450000,13.249525,516000
2019-12-03,14.300000,14.630000,14.290000,14.560000,13.350387,543100
2019-12-04,14.600000,14.740000,14.500000,14.560000,13.350387,330800
2019-12-05,14.520000,14.620000,14.320000,14.380000,13.185341,581800
2019-12-06,14.330000,14.550000,14.300000,14.420000,13.307154,299800
2019-12-09,14.350000,14.690000,14.350000,14.660000,13.528633,685500
2019-12-10,14.730000,14.770000,14.470000,14.530000,13.408665,982000
2019-12-11,14.540000,14.610000,14.230000,14.300000,13.196416,512100
2019-12-12,14.300000,14.470000,13.790000,14.040000,12.956480,691300
2019-12-13,13.930000,14.140000,13.530000,13.620000,12.568893,674500
2019-12-16,13.550000,13.990000,13.550000,13.600000,12.550437,1227800
2019-12-17,13.620000,13.710000,13.350000,13.360000,12.328959,1521500
2019-12-18,13.440000,13.530000,13.180000,13.340000,12.310502,1021600
2019-12-19,13.350000,13.550000,13.260000,13.350000,12.319731,560900
2019-12-20,13.360000,13.610000,13.330000,13.520000,12.476611,1851800
2019-12-23,13.510000,13.600000,13.290000,13.480000,12.439698,657100
2019-12-24,13.450000,13.490000,13.290000,13.350000,12.319731,293100
2019-12-26,13.330000,13.390000,13.170000,13.250000,12.227447,504200
2019-12-27,13.280000,13.340000,13.140000,13.190000,12.172077,449100
2019-12-30,13.220000,13.280000,13.010000,13.130000,12.116708,567500
2019-12-31,13.070000,13.330000,13.070000,13.260000,12.236675,779300
2020-01-02,13.250000,13.310000,12.670000,12.760000,12.207019,638000
2020-01-03,12.550000,12.900000,12.550000,12.780000,12.226152,595800
2020-01-06,12.760000,13.120000,12.610000,12.960000,12.398351,726100
2020-01-07,12.830000,12.900000,12.590000,12.640000,12.092219,563000
2020-01-08,12.580000,12.830000,12.530000,12.790000,12.235718,677900
2020-01-09,12.830000,12.920000,12.670000,12.730000,12.178318,545800
2020-01-10,12.590000,12.750000,12.500000,12.680000,12.218791,749600
2020-01-13,12.680000,12.980000,12.650000,12.910000,12.440425,340900
2020-01-14,12.830000,13.070000,12.800000,12.920000,12.450062,664400
2020-01-15,12.990000,13.270000,12.990000,13.180000,12.700604,476500
2020-01-16,13.260000,13.500000,13.170000,13.190000,12.710241,305300
2020-01-17,13.250000,13.370000,13.200000,13.220000,12.739150,337100
2020-01-21,13.220000,13.490000,13.170000,13.300000,12.816240,412400
2020-01-22,13.330000,13.420000,13.090000,13.130000,12.652424,296600
2020-01-23,13.090000,13.320000,13.040000,13.210000,12.729513,416500
2020-01-24,13.270000,13.290000,13.120000,13.230000,12.748785,448700
2020-01-27,13.160000,13.300000,13.070000,13.080000,12.604241,259500
2020-01-28,13.110000,13.170000,12.960000,13.090000,12.613877,436600
2020-01-29,13.110000,13.200000,13.020000,13.130000,12.652424,321600
2020-01-30,13.090000,13.180000,12.970000,13.090000,12.613877,484500
2020-01-31,13.110000,13.180000,12.910000,12.970000,12.498243,474700
2020-02-03,12.980000,13.200000,12.980000,13.130000,12.652424,365800
2020-02-04,13.140000,13.290000,13.050000,13.190000,12.710241,348100
2020-02-05,13.170000,13.570000,13.160000,13.440000,12.951147,588100
2020-02-06,13.520000,13.660000,13.480000,13.540000,13.047510,589400
2020-02-07,13.320000,13.480000,13.050000,13.190000,12.797194,330600
2020-02-10,13.250000,13.380000,13.190000,13.240000,12.845704,291100
2020-02-11,13.280000,13.490000,13.160000,13.220000,12.826302,373900
2020-02-12,13.300000,13.360000,13.130000,13.310000,12.913620,556000
2020-02-13,13.250000,13.490000,13.230000,13.460000,13.059154,314600
2020-02-14,13.480000,13.530000,13.390000,13.410000,13.010642,280900
2020-02-18,13.420000,13.510000,13.300000,13.410000,13.010642,352000
2020-02-19,13.380000,13.380000,12.910000,12.930000,12.544937,391400
2020-02-20,12.930000,13.100000,12.900000,12.930000,12.544937,306900
2020-02-21,12.950000,13.260000,12.930000,13.210000,12.816598,457900
2020-02-24,13.000000,13.100000,12.860000,12.880000,12.496427,318100
2020-02-25,12.850000,12.910000,12.290000,12.410000,12.040422,411000
2020-02-26,12.510000,12.600000,11.980000,12.120000,11.759059,661700
2020-02-27,11.660000,11.890000,10.890000,10.960000,10.633605,1014500
2020-02-28,10.020000,10.820000,9.400000,10.400000,10.090281,1018200
2020-03-02,10.340000,10.750000,10.190000,10.750000,10.429858,529000
2020-03-03,10.720000,11.200000,10.520000,10.710000,10.391049,651600
2020-03-04,10.890000,11.070000,10.740000,11.030000,10.701520,503500
2020-03-05,10.840000,10.850000,10.100000,10.380000,10.070878,624700
2020-03-06,9.900000,10.320000,9.800000,10.110000,9.896634,434100
2020-03-09,9.590000,9.660000,8.960000,9.180000,8.986261,818500
2020-03-10,9.480000,9.620000,8.620000,9.440000,9.240774,1112400
2020-03-11,9.180000,9.290000,8.450000,8.520000,8.340191,774100
2020-03-12,8.000000,8.060000,6.830000,6.880000,6.734801,1214200
2020-03-13,7.500000,7.820000,6.590000,7.290000,7.136148,732100
2020-03-16,6.300000,6.930000,5.830000,5.840000,5.716750,686200
2020-03-17,6.010000,6.290000,5.100000,5.330000,5.217513,1689200
2020-03-18,5.000000,5.020000,4.200000,4.790000,4.688910,1213500
2020-03-19,5.000000,6.830000,4.820000,6.610000,6.470500,1107900
2020-03-20,6.730000,7.600000,6.650000,7.220000,7.067626,1880200
2020-03-23,7.280000,7.410000,6.400000,6.900000,6.754380,782600
2020-03-24,7.360000,7.800000,6.760000,7.490000,7.331928,1071600
2020-03-25,7.540000,7.850000,6.910000,6.970000,6.822902,1108600
2020-03-26,7.320000,7.420000,6.640000,7.080000,6.930581,900100
2020-03-27,6.840000,7.420000,6.640000,7.110000,6.959948,583700
2020-03-30,7.110000,7.180000,6.190000,6.840000,6.695646,1059400
2020-03-31,6.640000,6.750000,5.660000,6.250000,6.118097,1381200
2020-04-01,5.800000,5.950000,5.240000,5.380000,5.266459,716400
2020-04-02,5.470000,5.530000,5.020000,5.290000,5.178358,474800
2020-04-03,5.280000,5.400000,4.740000,4.980000,4.874900,756100
2020-04-06,5.020000,5.790000,5.020000,5.670000,5.550338,468800
2020-04-07,6.010000,6.470000,5.660000,5.820000,5.697172,649000
2020-04-08,6.010000,6.680000,5.970000,6.480000,6.343243,829900
2020-04-09,6.750000,7.280000,6.450000,6.940000,6.868795,725500
2020-04-13,6.810000,6.940000,6.400000,6.760000,6.690642,432200
2020-04-14,6.940000,7.400000,6.770000,7.190000,7.116230,599800
2020-04-15,6.920000,7.090000,6.270000,6.740000,6.670846,1049800
2020-04-16,6.680000,6.750000,6.500000,6.650000,6.581770,468700
2020-04-17,6.980000,7.210000,6.650000,6.800000,6.730231,558300
2020-04-20,6.610000,6.860000,6.400000,6.550000,6.482797,430700
2020-04-21,6.300000,6.630000,6.210000,6.400000,6.334335,390500
2020-04-22,6.550000,6.630000,6.300000,6.350000,6.284848,333000
2020-04-23,6.380000,6.680000,6.250000,6.470000,6.403617,437400
2020-04-24,6.470000,6.560000,6.040000,6.330000,6.265053,405700
2020-04-27,6.410000,7.260000,6.340000,7.140000,7.066743,679600
2020-04-28,7.450000,8.000000,7.250000,7.480000,7.403255,875400
2020-04-29,7.760000,8.730000,7.500000,8.610000,8.521660,1234900
2020-04-30,8.450000,8.450000,7.430000,7.710000,7.630895,933500
2020-05-01,7.420000,7.620000,7.030000,7.350000,7.274588,670100
2020-05-04,7.150000,7.200000,6.710000,7.010000,6.938077,523300
2020-05-05,7.190000,7.420000,6.930000,7.010000,6.938077,355000
2020-05-06,6.990000,7.160000,6.610000,6.920000,6.849000,508600
2020-05-07,6.920000,7.800000,6.680000,6.970000,6.970000,593500