Date,Open,High,Low,Close,Adj Close,Volume
2015-03-12,17.719999,17.719999,17.660000,17.660000,13.164207,17400
2015-03-13,17.600000,17.610001,17.540001,17.580000,13.104574,22000
2015-03-16,18.270000,18.290001,18.219999,18.230000,13.589100,32600
2015-03-17,18.400000,18.420000,18.299999,18.360001,13.686006,79100
2015-03-18,18.860001,18.969999,18.680000,18.920000,14.103442,137900
2015-03-19,18.969999,18.969999,18.750000,18.858999,14.057973,29600
2015-03-20,19.420000,19.420000,19.000000,19.174999,14.293525,57000
2015-03-23,19.410000,19.410000,19.260000,19.270000,14.364342,38800
2015-03-24,19.200001,19.200001,19.000000,19.093000,14.232403,36000
2015-03-25,18.980000,18.980000,18.709999,18.740000,13.969268,39500
2015-03-26,18.910000,18.930000,18.850000,18.879999,14.073627,52100
2015-03-27,19.023001,19.045000,18.980000,19.030001,14.185441,13100
2015-03-30,20.120001,20.120001,19.910000,20.096001,14.980063,207700
2015-03-31,19.610001,19.610001,19.360001,19.420000,14.476156,106900
2015-04-01,19.910000,19.910000,19.820000,19.860001,14.804144,76400
2015-04-02,19.770000,19.770000,19.556000,19.590000,14.602879,10900
2015-04-06,19.980000,20.150000,19.980000,20.080000,14.968136,13600
2015-04-07,20.444000,20.459999,20.350000,20.370001,15.184311,17700
2015-04-08,21.230000,21.230000,20.629999,20.780001,15.489934,95100
2015-04-09,20.740000,20.740000,20.235001,20.459999,15.251398,86400
2015-04-10,20.879999,21.190001,20.879999,21.030001,15.676290,86800
2015-04-13,21.219999,21.440001,21.160000,21.209999,15.810466,25500
2015-04-14,21.309999,21.410000,21.230000,21.309999,15.885010,375100
2015-04-15,21.200001,21.528999,21.200001,21.430000,15.974461,1179600
2015-04-16,22.190001,22.780001,22.190001,22.700001,16.921150,47700
2015-04-17,21.610001,21.639999,21.200001,21.480000,16.011732,107600
2015-04-20,22.020000,22.299999,22.020000,22.250000,16.585709,126800
2015-04-21,22.700001,22.715000,22.600000,22.629999,16.868969,138600
2015-04-22,23.160000,23.340000,23.160000,23.309999,17.375858,79800
2015-04-23,22.670000,22.892000,22.670000,22.870001,17.047874,57200
2015-04-24,22.670000,22.773001,22.670000,22.680000,16.906242,36200
2015-04-27,23.370001,23.370001,23.150000,23.160000,17.264048,312100
2015-04-28,23.430000,23.469999,23.330000,23.370001,17.420586,233200
2015-04-29,23.400000,23.400000,23.030001,23.100000,17.219322,1871400
2015-04-30,23.010000,23.049999,22.820000,22.820000,17.010601,29900
2015-05-01,23.020000,23.260000,23.010000,23.180000,17.278955,76500
2015-05-04,23.290001,23.430000,23.270000,23.360001,17.413132,16200
2015-05-05,22.360001,22.423000,22.205000,22.240000,16.578255,109300
2015-05-06,22.080000,22.150000,21.820000,21.889999,16.317354,26200
2015-05-07,21.610001,21.809999,21.490000,21.809999,16.257721,54500
2015-05-08,21.981001,22.150000,21.930000,22.059999,16.444078,66600
2015-05-11,22.398001,22.419001,22.219999,22.219999,16.563345,50200
2015-05-12,22.190001,22.378000,22.141001,22.370001,16.675161,28300
2015-05-13,22.180000,22.180000,21.910000,21.950001,16.362082,91800
2015-05-14,22.090000,22.100000,22.020000,22.080000,16.458986,16100
2015-05-15,21.590000,21.700001,21.530001,21.700001,16.175726,135100
2015-05-18,21.299999,21.299999,21.110001,21.150000,15.765743,18900
2015-05-19,22.080000,22.209999,21.985001,22.190001,16.540983,90600
2015-05-20,22.080000,22.180000,22.025000,22.120001,16.488806,54200
2015-05-21,22.350000,22.410000,22.334999,22.389999,16.690065,31400
2015-05-22,23.020000,23.370001,23.010000,23.370001,17.420586,66500
2015-05-26,24.400000,24.400000,23.799999,23.834999,17.767206,81300
2015-05-27,23.790001,23.790001,23.469999,23.559999,17.562216,24700
2015-05-28,22.389999,22.389999,22.000000,22.290001,16.615526,111100
2015-05-29,22.040001,22.040001,21.850000,21.870001,16.302448,27500
2015-06-01,22.820000,22.910000,22.750000,22.799999,16.995693,112600
2015-06-02,22.760000,22.809999,22.629999,22.690001,16.913696,42600
2015-06-03,22.690001,22.770000,22.680000,22.690001,16.913696,65100
2015-06-04,23.510000,23.510000,23.070000,23.070000,17.196959,34800
2015-06-05,23.389999,23.389999,23.070000,23.070000,17.196959,51000
2015-06-08,24.219999,24.750000,24.219999,24.629999,18.359821,92600
2015-06-09,23.690001,24.010000,23.690001,23.896999,17.813423,43700
2015-06-10,23.920000,23.920000,23.660000,23.760000,17.711302,84800
2015-06-11,23.510000,23.629999,23.400000,23.520000,17.532398,157700
2015-06-12,23.709999,23.750000,23.639999,23.690001,17.659122,363900
2015-06-15,23.100000,23.100000,22.695000,22.809999,17.003147,65800
2015-06-16,22.440001,22.440001,22.165001,22.340000,16.652798,110000
2015-06-17,22.340000,22.600000,22.340000,22.480000,16.757156,154100
2015-06-18,21.870001,21.889999,21.610001,21.840000,16.280085,42500
2015-06-19,20.740000,20.870001,20.650000,20.750000,15.467572,158300
2015-06-22,21.000000,21.049999,20.870001,20.870001,15.557022,25200
2015-06-23,21.430000,21.520000,21.350000,21.480000,16.011732,22800
2015-06-24,22.200001,22.200001,21.840000,21.889999,16.317354,178300
2015-06-25,21.379999,21.379999,21.030001,21.030001,15.676290,110700
2015-06-26,19.990000,19.990000,19.150000,19.200001,14.312163,61400
2015-06-29,19.209999,19.889999,19.209999,19.469999,14.513426,156600
2015-06-30,21.049999,21.160000,20.660000,20.730000,15.452662,101000
2015-07-01,19.980000,20.049999,19.740000,19.980000,14.893593,125900
2015-07-02,19.639999,19.820000,19.639999,19.770000,14.737055,31100
2015-07-06,20.000000,20.127001,19.895000,20.000000,14.908502,218700
2015-07-07,19.780001,19.809999,18.995001,19.799999,14.759418,373300
2015-07-08,17.879999,18.087000,17.430000,17.510000,13.052395,411300
2015-07-09,18.385000,20.670000,18.385000,20.670000,15.407936,711300
2015-07-10,21.650000,21.650000,20.820000,21.490000,16.019186,853400
2015-07-13,20.600000,20.730000,20.450001,20.680000,15.415391,508800
2015-07-14,20.160000,20.160000,19.930000,20.010000,14.915958,61900
2015-07-15,19.799999,19.910000,19.620001,19.650000,14.647602,136900
2015-07-16,19.980000,20.420000,19.980000,20.410000,15.214127,151600
2015-07-17,20.809999,20.809999,20.459999,20.650000,15.393029,54900
2015-07-20,20.099001,20.280001,20.020000,20.030001,14.930864,33300
2015-07-21,20.000000,20.125000,19.969999,19.969999,14.886138,50200
2015-07-22,19.950001,19.950001,19.790001,19.870001,14.811597,74100
2015-07-23,20.150000,20.405001,20.150000,20.200001,15.057588,114100
2015-07-24,19.750000,19.805000,19.677999,19.750000,14.722145,54000
2015-07-27,17.900000,18.770000,17.170000,18.080000,13.477287,92000
2015-07-28,18.129999,18.719999,18.129999,18.719999,13.954358,134500
2015-07-29,18.740000,18.900000,18.639999,18.840000,14.043810,20300
2015-07-30,18.349001,18.459999,18.209999,18.459999,13.760547,118200
2015-07-31,18.129999,18.280001,18.129999,18.250000,13.604010,45200
2015-08-03,18.150000,18.350000,18.000000,18.190001,13.559283,67200
2015-08-04,18.690001,18.709999,18.670000,18.690001,13.931997,23700
2015-08-05,18.400000,18.400000,18.240000,18.240000,13.596555,7400
2015-08-06,18.325001,18.325001,18.100000,18.110001,13.499649,18700
2015-08-07,18.410000,18.480000,18.360001,18.360001,13.686006,52800
2015-08-10,18.950001,19.330000,18.950001,19.299999,14.386703,24800
2015-08-11,18.410000,18.629999,18.410000,18.559999,13.835091,113900
2015-08-12,18.000000,18.040001,17.790001,18.020000,13.432561,127300
2015-08-13,18.190001,18.256001,18.170000,18.243000,13.598790,18200
2015-08-14,18.299999,18.299999,18.090000,18.100000,13.492195,17100
2015-08-17,17.889999,17.959999,17.719999,17.840000,13.298384,52300
2015-08-18,17.180000,17.180000,16.969999,17.020000,12.687137,35900
2015-08-19,17.129999,17.150000,16.830000,16.830000,12.545506,36000
2015-08-20,16.840000,16.840000,16.469999,16.469999,12.277150,59300
2015-08-21,16.170000,16.250000,16.030001,16.030001,11.949165,9800
2015-08-24,15.300000,15.300000,13.000000,13.870000,10.339046,69300
2015-08-25,14.260000,14.606000,13.720000,13.720000,10.227233,71800
2015-08-26,13.500000,14.100000,13.420000,14.100000,10.510495,67200
2015-08-27,14.680000,15.360000,14.670000,15.360000,11.449729,150200
2015-08-28,14.860000,15.080000,14.860000,15.060000,11.226103,36700
2015-08-31,15.050000,15.220000,14.750000,14.790000,11.024837,78200
2015-09-01,14.630000,15.100000,14.320000,14.530000,10.831028,158500
2015-09-02,14.710000,14.920000,14.500000,14.590000,10.875753,157300
2015-09-03,14.900000,15.040000,14.750000,14.770000,11.009931,13200
2015-09-04,14.210000,14.290000,13.850000,14.060000,10.480677,23100
2015-09-08,15.310000,15.430000,15.250000,15.400000,11.479548,38300
2015-09-09,15.280000,15.340000,14.930000,15.150000,11.293191,121800
2015-09-10,15.400000,15.550000,15.100000,15.320000,11.419911,49600
2015-09-11,15.260000,15.480000,15.210000,15.430000,11.501910,9500
2015-09-14,15.040000,15.240000,15.000000,15.170000,11.308100,117100
2015-09-15,15.150000,15.390000,15.150000,15.350000,11.442276,6200
2015-09-16,15.620000,15.800000,15.600000,15.750000,11.740446,20800
2015-09-17,15.250000,15.710000,15.130000,15.420000,11.494455,55200
2015-09-18,15.070000,15.130000,14.830000,14.890000,11.099380,79300
2015-09-21,14.950000,15.320000,14.950000,15.220000,11.345370,47200
2015-09-22,15.080000,15.190000,15.010000,15.010000,11.188831,109300
2015-09-23,14.990000,15.090000,14.840000,14.840000,11.062109,59400
2015-09-24,14.740000,14.990000,14.740000,14.950000,11.144106,55600
2015-09-25,15.020000,15.030000,14.840000,14.840000,11.062109,34800
2015-09-28,14.880000,14.880000,14.770000,14.770000,11.009931,11000
2015-09-29,14.850000,14.950000,14.800000,14.820000,11.047200,9000
2015-09-30,15.160000,15.160000,14.860000,14.930000,11.129197,21600
2015-10-01,15.040000,15.040000,14.980000,15.000000,11.181377,5500
2015-10-02,15.210000,15.420000,15.210000,15.390000,11.472093,7600
2015-10-05,15.610000,15.720000,15.430000,15.660000,11.673357,9600
2015-10-06,15.660000,15.660000,15.460000,15.470000,11.531726,14700
2015-10-07,16.190001,16.190001,15.860000,15.960000,11.896985,23500
2015-10-08,15.300000,15.670000,15.290000,15.610000,11.636086,27900
2015-10-09,15.450000,15.520000,15.360000,15.370000,11.457184,13500
2015-10-12,16.139999,16.139999,15.860000,15.920000,11.867167,20700
2015-10-13,15.690000,15.740000,15.560000,15.710000,11.710629,13900
2015-10-14,15.450000,15.580000,15.450000,15.540000,11.583906,2300
2015-10-15,15.950000,16.209999,15.950000,16.200001,12.075887,19600
2015-10-16,16.150000,16.290001,16.101000,16.250000,12.113158,16400
2015-10-19,16.059999,16.059999,15.870000,15.880000,11.837352,14600
2015-10-20,16.097000,16.120001,16.061001,16.120001,12.016253,7500
2015-10-21,15.891000,15.910000,15.820000,15.820000,11.792624,13400
2015-10-22,16.049999,16.230000,16.049999,16.209999,12.083341,5900
2015-10-23,16.379999,16.580000,16.379999,16.549999,12.336785,19200
2015-10-26,16.330000,16.330000,16.120001,16.150000,12.038616,3600
2015-10-27,16.020000,16.090000,16.010000,16.030001,11.949165,6300
2015-10-28,15.946000,15.987000,15.770000,15.800000,11.777719,6500
2015-10-29,15.990000,16.020000,15.900000,15.900000,11.852259,5500
2015-10-30,16.049999,16.070000,15.990000,16.049999,11.964073,13200
2015-11-02,15.870000,15.910000,15.850000,15.910000,11.859715,3600
2015-11-03,15.790000,15.922000,15.790000,15.850000,11.814989,3700
2015-11-04,16.520000,16.520000,16.370001,16.370001,12.202610,8100
2015-11-05,17.049999,17.049999,16.825001,16.910000,12.605139,46000
2015-11-06,16.910000,17.200001,16.910000,17.200001,12.821313,17900
2015-11-09,17.480000,17.480000,17.180000,17.180000,12.806403,16600
2015-11-10,17.230000,17.260000,17.200001,17.219999,12.836220,4700
2015-11-11,17.379000,17.450001,17.290001,17.360001,12.940581,147700
2015-11-12,17.040001,17.040001,16.770000,16.770000,12.500779,14200
2015-11-13,16.476999,16.730000,16.440001,16.697001,12.446364,173700
2015-11-16,17.160000,17.370001,17.059999,17.219999,12.836220,64400
2015-11-17,17.120001,17.129999,16.930000,17.020000,12.687137,99100
2015-11-18,16.959999,17.059999,16.959999,17.040001,12.702044,4000
2015-11-19,17.129999,17.160000,17.059999,17.059999,12.716952,79000
2015-11-20,17.160000,17.170000,17.120001,17.139999,12.776587,8200
2015-11-23,16.948000,16.990000,16.910000,16.980000,12.657319,10700
2015-11-24,16.879999,16.950001,16.870001,16.950001,12.634956,1100
2015-11-25,17.000000,17.030001,16.930000,17.000000,12.672228,15700
2015-11-27,16.009001,16.040001,15.966000,16.020000,11.941711,9900
2015-11-30,16.100000,16.350000,16.100000,16.340000,12.180246,45300
2015-12-01,16.440001,16.440001,16.230000,16.250000,12.113158,4200
2015-12-02,16.930000,17.120001,16.900000,16.910000,12.605139,47800
2015-12-03,17.030001,17.030001,16.950001,16.950001,12.634956,36400
2015-12-04,16.719999,16.920000,16.680000,16.910000,12.605139,34500
2015-12-07,16.650000,16.650000,16.480000,16.500000,12.299514,58100
2015-12-08,16.150000,16.389999,16.150000,16.340000,12.180246,27400
2015-12-09,16.330000,16.430000,16.280001,16.290001,12.142977,25900
2015-12-10,16.290001,16.290001,16.190001,16.250000,12.113158,18200
2015-12-11,16.040001,16.059999,15.890000,15.940000,11.882076,25000
2015-12-14,16.370001,16.639999,16.370001,16.639999,12.403873,78900
2015-12-15,16.530001,16.600000,16.450001,16.450001,12.262244,33600
2015-12-16,16.483999,16.780001,16.415001,16.719999,12.463509,46500
2015-12-17,16.790001,16.790001,16.430000,16.480000,12.284606,184800
2015-12-18,14.410000,14.530000,14.190000,14.480000,12.620156,1023800
2015-12-21,14.870000,14.980000,14.800000,14.951000,13.030661,85500
2015-12-22,14.946000,15.020000,14.946000,15.000000,13.073367,13300
2015-12-23,14.850000,14.960000,14.820000,14.890000,12.977495,34100
2015-12-24,14.798000,14.860000,14.798000,14.830000,12.925202,30700
2015-12-28,14.100000,14.370000,14.100000,14.340000,12.498138,22200
2015-12-29,14.440000,14.440000,14.325000,14.355000,12.511211,30400
2015-12-30,14.340000,14.370000,14.250000,14.250000,12.419699,26400
2015-12-31,14.330000,14.330000,14.210000,14.230000,12.402267,26000
2016-01-04,13.060000,13.540000,13.010000,13.130000,11.443553,43800
2016-01-05,13.490000,13.490000,13.390000,13.440000,11.713737,8900
2016-01-06,13.352000,13.365000,13.300000,13.340000,11.626581,5300
2016-01-07,12.720000,13.040000,12.590000,12.620000,10.999059,13500
2016-01-08,12.840000,12.880000,12.710000,12.750000,11.112361,17500
2016-01-11,12.700000,12.700000,12.555000,12.570000,10.955481,8700
2016-01-12,12.790000,12.859000,12.610000,12.660000,11.033922,21100
2016-01-13,12.450000,12.470000,12.310000,12.310000,10.728877,2700
2016-01-14,12.470000,12.760000,12.470000,12.730000,11.094930,18200
2016-01-15,12.220000,12.220000,12.012000,12.190000,10.624289,4200
2016-01-19,12.620000,12.620000,12.530000,12.570000,10.955481,16700
2016-01-20,12.180000,12.390000,12.040000,12.390000,10.798601,39500
2016-01-21,12.180000,12.290000,12.180000,12.220000,10.650435,6300
2016-01-22,12.210000,12.301000,12.210000,12.270000,10.694014,12200
2016-01-25,12.090000,12.092000,12.000000,12.000000,10.458693,11300
2016-01-26,11.690000,11.750000,11.690000,11.720000,10.214657,17700
2016-01-27,11.540000,11.635000,11.460000,11.480000,10.005483,15700
2016-01-28,11.480000,11.490000,11.408000,11.408000,9.942731,6900
2016-01-29,11.730000,11.790000,11.720000,11.790000,10.275666,16200
2016-02-01,11.380000,11.420000,11.330000,11.330000,9.874750,13000
2016-02-02,11.530000,11.570000,11.454000,11.454000,9.982823,5200
2016-02-03,11.549000,11.660000,11.530000,11.660000,10.162363,5200
2016-02-04,11.720000,11.800000,11.720000,11.800000,10.284382,10900
2016-02-05,11.700000,11.700000,11.700000,11.700000,10.197225,1100
2016-02-08,11.440000,11.500000,11.340000,11.360000,9.900896,4700
2016-02-09,11.380000,11.380000,11.325000,11.325000,9.870393,800
2016-02-10,11.502000,11.502000,11.502000,11.502000,10.024657,100
2016-02-11,11.220000,11.220000,11.090000,11.150000,9.717870,7300
2016-02-12,11.150000,11.150000,11.150000,11.150000,9.717870,0
2016-02-16,11.940000,11.972000,11.890000,11.972000,10.434290,5100
2016-02-17,12.000000,12.210000,12.000000,12.200000,10.633005,15400
2016-02-18,12.030000,12.030000,11.995000,11.995000,10.454335,1800
2016-02-19,11.980000,12.040000,11.958000,11.990000,10.449977,29400
2016-02-22,12.290000,12.368000,12.275000,12.368000,10.779427,1700
2016-02-23,12.080000,12.080000,11.960000,11.960000,10.423832,3600
2016-02-24,12.000000,12.180000,11.990000,12.180000,10.615575,6700
2016-02-25,11.660000,11.660000,11.570000,11.610000,10.118786,7200
2016-02-26,11.819000,11.820000,11.760000,11.760000,10.249519,1600
2016-02-29,11.736000,11.739000,11.671000,11.700000,10.197225,4800
2016-03-01,11.873000,11.900000,11.820000,11.820000,10.301812,8500
2016-03-02,12.110000,12.110000,12.030000,12.090000,10.537134,8300
2016-03-03,12.180000,12.220000,12.120000,12.160000,10.598143,14600
2016-03-04,12.610000,12.670000,12.590000,12.660000,11.033922,6200
2016-03-07,12.510000,12.550000,12.510000,12.520000,10.911902,9100
2016-03-08,12.380000,12.410000,12.320000,12.320000,10.737592,5400
2016-03-09,12.400000,12.420000,12.290000,12.410000,10.816032,23300
2016-03-10,12.241000,12.241000,12.110000,12.160000,10.598143,8800
2016-03-11,12.360000,12.430000,12.350000,12.410000,10.816032,10700
2016-03-14,12.450000,12.500000,12.330000,12.350000,10.763738,19800
2016-03-15,12.390000,12.470000,12.360000,12.410000,10.816032,32600
2016-03-16,12.570000,12.780000,12.540000,12.780000,11.138508,35300
2016-03-17,12.790000,12.890000,12.785000,12.850000,11.199517,9700
2016-03-18,12.970000,12.990000,12.925000,12.930000,11.269242,18100
2016-03-21,13.180000,13.200000,13.100000,13.197000,11.501947,19300
2016-03-22,12.990000,13.000000,12.920000,12.930000,11.269242,13900
2016-03-23,12.930000,12.930000,12.830000,12.835000,11.186445,9700
2016-03-24,12.640000,12.660000,12.620000,12.635000,11.012133,10000
2016-03-28,12.650000,12.700000,12.650000,12.660000,11.033922,12100
2016-03-29,12.610000,12.745000,12.600000,12.705000,11.073141,22200
2016-03-30,13.110000,13.140000,13.025000,13.050000,11.373829,31500
2016-03-31,12.985000,13.010000,12.985000,12.990000,11.321536,5300
2016-04-01,12.910000,12.990000,12.910000,12.980000,11.312819,15600
2016-04-04,13.031000,13.031000,13.020000,13.020000,11.347683,500
2016-04-05,13.040000,13.040000,12.850000,12.850000,11.199517,19300
2016-04-06,12.920000,13.030000,12.920000,12.980000,11.312819,40600
2016-04-07,12.780000,12.780000,12.600000,12.605000,10.985985,20800
2016-04-08,12.909000,12.909000,12.720000,12.730000,11.094930,22800
2016-04-11,12.960000,12.960000,12.850000,12.870000,11.216949,15200
2016-04-12,12.860000,12.940000,12.860000,12.940000,11.277958,1900
2016-04-13,13.090000,13.120000,13.050000,13.070000,11.391260,56400
2016-04-14,13.023000,13.040000,12.990000,12.990000,11.321536,35400
2016-04-15,13.020000,13.030000,12.910000,12.910000,11.251811,19200
2016-04-18,12.950000,13.040000,12.940000,12.960000,11.295389,25700
2016-04-19,13.020000,13.060000,12.980000,12.980000,11.312819,24200
2016-04-20,12.850000,12.875000,12.790000,12.790000,11.147223,31800
2016-04-21,12.860000,12.870000,12.780000,12.780000,11.138508,5600
2016-04-22,12.920000,12.930000,12.800000,12.810000,11.164656,30800
2016-04-25,12.770000,12.780000,12.710000,12.720000,11.086215,18900
2016-04-26,12.890000,12.900000,12.820000,12.840000,11.190802,20000
2016-04-27,12.830000,12.880000,12.770000,12.800000,11.155939,18900
2016-04-28,12.770000,12.780000,12.750000,12.780000,11.138508,1800
2016-04-29,12.760000,12.800000,12.720000,12.760000,11.121078,3100
2016-05-02,12.760000,12.760000,12.760000,12.760000,11.121078,0
2016-05-03,12.800000,12.830000,12.800000,12.800000,11.155939,400
2016-05-04,12.740000,12.740000,12.740000,12.740000,11.103646,400
2016-05-05,12.772000,12.772000,12.720000,12.720000,11.086215,2500
2016-05-06,12.520000,12.520000,12.470000,12.479000,10.876169,1500
2016-05-09,12.220000,12.246000,12.160000,12.160000,10.598143,1700
2016-05-10,12.350000,12.360000,12.320000,12.350000,10.763738,12700
2016-05-11,12.320000,12.335000,12.300000,12.300000,10.720160,1300
2016-05-12,12.350000,12.350000,12.350000,12.350000,10.763738,500
2016-05-13,12.350000,12.350000,12.350000,12.350000,10.763738,0
2016-05-16,12.320000,12.352000,12.300000,12.340000,10.755023,1900
2016-05-17,12.210000,12.231000,12.210000,12.230000,10.659151,400
2016-05-18,12.230000,12.230000,12.140000,12.140000,10.580711,1000
2016-05-19,12.190000,12.220000,12.190000,12.210000,10.641721,2700
2016-05-20,12.270000,12.329000,12.270000,12.320000,10.737592,600
2016-05-23,12.210000,12.300000,12.210000,12.290000,10.711445,22400
2016-05-24,12.170000,12.310000,12.170000,12.250000,10.676582,32100
2016-05-25,12.220000,12.260000,12.120000,12.120000,10.563280,20800
2016-05-26,12.223000,12.230000,12.200000,12.200000,10.633005,3900
2016-05-27,12.240000,12.260000,12.177000,12.190000,10.624289,6600
2016-05-31,12.660000,12.730000,12.640000,12.730000,11.094930,6800
2016-06-01,12.730000,12.730000,12.730000,12.730000,11.094930,0
2016-06-02,12.550000,12.590000,12.550000,12.590000,10.972913,1600
2016-06-03,12.590000,12.590000,12.590000,12.590000,10.972913,0
2016-06-06,12.640000,12.660000,12.640000,12.660000,11.033922,600
2016-06-07,12.630000,12.710000,12.630000,12.630000,11.007774,3500
2016-06-08,12.570000,12.570000,12.565000,12.570000,10.955481,1000
2016-06-09,12.550000,12.550000,12.501000,12.501000,10.895344,1400
2016-06-10,12.240000,12.285000,12.234000,12.260000,10.685299,5100
2016-06-13,12.170000,12.240000,12.150000,12.150000,10.589426,2900
2016-06-14,12.251000,12.290000,12.239000,12.239000,10.666996,400
2016-06-15,12.310000,12.310000,12.310000,12.310000,10.728877,800
2016-06-16,12.350000,12.382000,12.350000,12.382000,10.791628,500
2016-06-17,12.360000,12.360000,12.340000,12.349000,10.762867,900
2016-06-20,12.390000,12.390000,12.380000,12.380000,10.789885,400
2016-06-21,12.380000,12.380000,12.380000,12.380000,10.789885,0
2016-06-22,12.460000,12.470000,12.410000,12.470000,10.868326,1800
2016-06-23,12.435000,12.435000,12.435000,12.435000,10.837822,100
2016-06-24,12.430000,12.430000,12.231000,12.231000,10.660024,5000
2016-06-27,12.179000,12.180000,12.120000,12.120000,10.563280,1700
2016-06-28,12.267000,12.267000,12.210000,12.210000,10.641721,1200
2016-06-29,12.417000,12.419000,12.417000,12.419000,10.823876,700
2016-06-30,12.360000,12.360000,12.360000,12.360000,10.772454,600
2016-07-01,12.383000,12.383000,12.380000,12.380000,10.789885,500
2016-07-05,12.560000,12.560000,12.470000,12.490000,10.885756,2300
2016-07-06,12.750000,12.800000,12.650000,12.800000,11.155939,73400
2016-07-07,12.840000,12.870000,12.761000,12.777000,11.135894,6500
2016-07-08,12.820000,12.850000,12.800000,12.824000,11.176858,4500
2016-07-11,12.810000,12.829000,12.809000,12.829000,11.181215,3200
2016-07-12,13.120000,13.180000,13.120000,13.180000,11.487131,5600
2016-07-13,13.119000,13.130000,13.104000,13.130000,11.443553,700
2016-07-14,13.100000,13.130000,13.070000,13.081000,11.400847,7000
2016-07-15,13.090000,13.090000,13.060000,13.080000,11.399975,2100
2016-07-18,13.043000,13.090000,13.043000,13.090000,11.408691,2400
2016-07-19,12.970000,13.120000,12.970000,13.010000,11.338967,8900
2016-07-20,13.000000,13.100000,13.000000,13.100000,11.417408,7600
2016-07-21,13.090000,13.110000,13.090000,13.110000,11.426123,1300
2016-07-22,12.980000,13.060000,12.980000,13.060000,11.382545,3700
2016-07-25,12.990000,13.020000,12.990000,13.000000,11.330251,5100
2016-07-26,13.070000,13.140000,13.070000,13.140000,11.452270,3000
2016-07-27,13.040000,13.130000,13.020000,13.110000,11.426123,6300
2016-07-28,13.060000,13.110000,13.060000,13.100000,11.417408,9300
2016-07-29,13.080000,13.130000,13.080000,13.120000,11.434838,3800
2016-08-01,12.960000,13.030000,12.960000,12.990000,11.321536,6100
2016-08-02,13.060000,13.080000,13.020000,13.070000,11.391260,8300
2016-08-03,13.070000,13.070000,13.070000,13.070000,11.391260,0
2016-08-04,13.040000,13.080000,13.040000,13.080000,11.399975,5200
2016-08-05,13.070000,13.070000,13.070000,13.070000,11.391260,200
2016-08-08,13.130000,13.130000,13.130000,13.130000,11.443553,100
2016-08-09,13.240000,13.240000,13.223000,13.223000,11.524608,1100
2016-08-10,13.240000,13.240000,13.240000,13.240000,11.539425,200
2016-08-11,13.320000,13.340000,13.300000,13.330000,11.617865,6900
2016-08-12,13.540000,13.560000,13.490000,13.500000,11.766030,6400
2016-08-15,13.910000,13.990000,13.880000,13.970000,12.175663,13800
2016-08-16,13.820000,13.820000,13.760000,13.760000,11.992635,300
2016-08-17,13.705000,13.705000,13.640000,13.678000,11.921167,3200
2016-08-18,13.660000,13.660000,13.610000,13.610000,11.861900,900
2016-08-19,13.648000,13.660000,13.648000,13.660000,11.905478,600
2016-08-22,13.595000,13.620000,13.595000,13.619000,11.869746,1200
2016-08-23,13.651000,13.651000,13.640000,13.650000,11.896763,700
2016-08-24,13.620000,13.620000,13.567000,13.567000,11.824425,2200
2016-08-25,13.567000,13.567000,13.567000,13.567000,11.824425,0
2016-08-26,13.570000,13.600000,13.500000,13.535000,11.796534,6400
2016-08-29,13.510000,13.510000,13.500000,13.500000,11.766030,1000
2016-08-30,13.500000,13.500000,13.500000,13.500000,11.766030,0
2016-08-31,13.500000,13.500000,13.500000,13.500000,11.766030,0
2016-09-01,13.500000,13.520000,13.500000,13.520000,11.783462,1100
2016-09-02,13.690000,13.690000,13.660000,13.671000,11.915067,2700
2016-09-06,13.740000,13.740000,13.711000,13.711000,11.949929,1600
2016-09-07,13.790000,13.790000,13.710000,13.710000,11.949056,4800
2016-09-08,13.730000,13.790000,13.720000,13.740000,11.975204,4300
2016-09-09,13.560000,13.560000,13.560000,13.560000,11.818324,100
2016-09-12,13.420000,13.590000,13.420000,13.500000,11.766030,11100
2016-09-13,13.380000,13.397000,13.380000,13.397000,11.676259,1300
2016-09-14,13.350000,13.350000,13.350000,13.350000,11.635297,600
2016-09-15,13.430000,13.454000,13.430000,13.454000,11.725939,600
2016-09-16,13.525000,13.570000,13.520000,13.570000,11.827039,15100
2016-09-19,13.530000,13.530000,13.450000,13.450000,11.722452,1100
2016-09-20,13.480000,13.480000,13.430000,13.440000,11.713737,2200
2016-09-21,13.440000,13.440000,13.440000,13.440000,11.713737,0
2016-09-22,13.560000,13.580000,13.530000,13.530000,11.792176,4200
2016-09-23,13.462000,13.488000,13.462000,13.488000,11.755570,800
2016-09-26,13.300000,13.300000,13.300000,13.300000,11.591718,400
2016-09-27,13.364000,13.400000,13.360000,13.400000,11.678874,3400
2016-09-28,13.320000,13.410000,13.320000,13.410000,11.687589,1200
2016-09-29,13.435000,13.435000,13.435000,13.435000,11.709378,300
2016-09-30,13.460000,13.520000,13.440000,13.520000,11.783462,3300
2016-10-03,13.453000,13.490000,13.453000,13.490000,11.757314,1100
2016-10-04,13.470000,13.470000,13.420000,13.420000,11.696305,700
2016-10-05,13.460000,13.470000,13.400000,13.440000,11.713737,5300
2016-10-06,13.503000,13.503000,13.480000,13.490000,11.757314,700
2016-10-07,13.522000,13.540000,13.490000,13.490000,11.757314,800
2016-10-10,13.690000,13.690000,13.510000,13.510000,11.774746,900
2016-10-11,13.650000,13.650000,13.468000,13.470000,11.739884,1500
2016-10-12,13.478000,13.478000,13.460000,13.460000,11.731167,600
2016-10-13,13.400000,13.400000,13.400000,13.400000,11.678874,300
2016-10-14,13.520000,13.550000,13.480000,13.500000,11.766030,6900
2016-10-17,13.328000,13.328000,13.328000,13.328000,11.616121,400
2016-10-18,13.520000,13.560000,13.520000,13.560000,11.818324,3300
2016-10-19,13.537000,13.537000,13.537000,13.537000,11.798278,500
2016-10-20,13.515000,13.515000,13.515000,13.515000,11.779104,200
2016-10-21,13.590000,13.610000,13.500000,13.500000,11.766030,7100
2016-10-24,13.710000,13.710000,13.580000,13.580000,11.835754,5400
2016-10-25,13.810000,13.810000,13.604000,13.640000,11.888049,9100
2016-10-26,13.720000,13.720000,13.550000,13.590000,11.844470,1400
2016-10-27,13.545000,13.545000,13.545000,13.545000,11.805250,800
2016-10-28,13.530000,13.530000,13.510000,13.514000,11.778232,3400
2016-10-31,13.530000,13.530000,13.520000,13.520000,11.783462,400
2016-11-01,13.560000,13.560000,13.560000,13.560000,11.818324,500
2016-11-02,13.560000,13.560000,13.520000,13.520000,11.783462,800
2016-11-03,13.520000,13.520000,13.520000,13.520000,11.783462,0
2016-11-04,13.620000,13.620000,13.580000,13.600000,11.853186,1400
2016-11-07,13.670000,13.670000,13.670000,13.670000,11.914195,100
2016-11-08,13.730000,13.750000,13.660000,13.670000,11.914195,6600
2016-11-09,13.330000,13.649000,13.330000,13.628000,11.877589,12500
2016-11-10,13.610000,13.630000,13.390000,13.500000,11.766030,7700
2016-11-11,13.430000,13.640000,13.430000,13.610000,11.861900,7100
2016-11-14,13.610000,13.610000,13.610000,13.610000,11.861900,400
2016-11-15,13.510000,13.522000,13.490000,13.510000,11.774746,9800
2016-11-16,13.500000,13.500000,13.480000,13.500000,11.766030,4300
2016-11-17,13.500000,13.500000,13.500000,13.500000,11.766030,0
2016-11-18,13.420000,13.420000,13.400000,13.400000,11.678874,2200
2016-11-21,13.570000,13.590000,13.570000,13.590000,11.844470,7800
2016-11-22,13.705000,13.740000,13.670000,13.720000,11.957773,4600
2016-11-23,13.710000,13.710000,13.710000,13.710000,11.949056,200
2016-11-25,13.920000,14.000000,13.860000,13.950000,12.158230,12400
2016-11-28,14.160000,14.160000,13.940000,14.036000,12.233185,10700
2016-11-29,14.200000,14.280000,14.200000,14.280000,12.445844,6200
2016-11-30,14.070000,14.080000,14.060000,14.080000,12.271533,700
2016-12-01,14.170000,14.181000,14.170000,14.181000,12.359560,1500
2016-12-02,14.200000,14.200000,14.125000,14.125000,12.310753,1600
2016-12-05,13.962000,13.962000,13.930000,13.930000,12.140800,1700
2016-12-06,13.940000,13.940000,13.900000,13.903000,12.117268,1100
2016-12-07,13.900000,13.900000,13.880000,13.890000,12.105938,4200
2016-12-08,13.879000,13.879000,13.877000,13.879000,12.096350,500
2016-12-09,13.940000,14.084000,13.940000,14.059000,12.253231,5600
2016-12-12,14.050000,14.050000,13.860000,13.860000,12.079790,12800
2016-12-13,13.810000,13.810000,13.810000,13.810000,12.036213,500
2016-12-14,13.860000,13.970000,13.780000,13.970000,12.175663,4100
2016-12-15,13.530000,13.530000,13.409000,13.458000,11.729424,4200
2016-12-16,13.320000,13.320000,13.120000,13.120000,11.567202,2000
2016-12-19,13.040000,13.130000,13.000000,13.060000,11.514303,33900
2016-12-20,13.210000,13.210000,13.010000,13.034000,11.491380,2900
2016-12-21,13.110000,13.130000,13.020000,13.130000,11.576018,2800
2016-12-22,13.030000,13.055000,13.030000,13.050000,11.505486,2600
2016-12-23,12.960000,12.960000,12.960000,12.960000,11.426138,300
2016-12-27,12.990000,13.070000,12.990000,13.050000,11.505486,7000
2016-12-28,12.920000,12.920000,12.910000,12.910000,11.382055,1000
2016-12-29,12.920000,12.920000,12.920000,12.920000,11.390872,200
2016-12-30,12.977000,12.977000,12.950000,12.950000,11.417321,200
2017-01-03,13.113000,13.113000,13.113000,13.113000,11.561029,1100
2017-01-04,13.310000,13.470000,13.310000,13.450000,11.858146,1300
2017-01-05,13.530000,13.570000,13.530000,13.550000,11.946309,1600
2017-01-06,13.310000,13.380000,13.310000,13.380000,11.796430,600
2017-01-09,13.348000,13.348000,13.320000,13.320000,11.743530,1100
2017-01-10,13.210000,13.327000,13.210000,13.300000,11.725898,400
2017-01-11,13.220000,13.230000,13.220000,13.230000,11.664183,500
2017-01-12,13.330000,13.360000,13.310000,13.335000,11.756756,9200
2017-01-13,13.320000,13.440000,13.320000,13.440000,11.849328,4300
2017-01-17,13.610000,13.658000,13.600000,13.610000,11.999207,700
2017-01-18,13.680000,13.710000,13.660000,13.660000,12.043291,2600
2017-01-19,13.580000,13.601000,13.580000,13.590000,11.981576,1400
2017-01-20,13.710000,13.720000,13.708000,13.720000,12.096189,3600
2017-01-23,13.620000,13.730000,13.620000,13.720000,12.096189,10900
2017-01-24,13.880000,13.880000,13.730000,13.730000,12.105006,3600
2017-01-25,13.730000,13.730000,13.730000,13.730000,12.105006,0
2017-01-26,13.780000,13.810000,13.780000,13.780000,12.149088,6500
2017-01-27,13.820000,13.820000,13.820000,13.820000,12.184353,3000
2017-01-30,13.851000,13.858000,13.851000,13.858000,12.217856,700
2017-01-31,13.888000,13.888000,13.888000,13.888000,12.244306,400
2017-02-01,13.910000,13.910000,13.910000,13.910000,12.263702,100
2017-02-02,13.910000,13.910000,13.910000,13.910000,12.263702,0
2017-02-03,13.788000,13.840000,13.788000,13.810000,12.175538,8400
2017-02-06,13.800000,13.825000,13.800000,13.802000,12.168485,4200
2017-02-07,13.740000,13.740000,13.737000,13.740000,12.113823,3900
2017-02-08,13.730000,13.760000,13.725000,13.760000,12.131455,1000
2017-02-09,13.820000,13.820000,13.780000,13.780000,12.149088,1300
2017-02-10,13.864000,13.910000,13.864000,13.910000,12.263702,1600
2017-02-13,13.910000,13.910000,13.910000,13.910000,12.263702,0
2017-02-14,13.960000,13.970000,13.960000,13.970000,12.316602,700
2017-02-15,13.930000,13.950000,13.930000,13.950000,12.298967,1200
2017-02-16,14.030000,14.030000,13.970000,13.995000,12.338641,2200
2017-02-17,13.910000,13.920000,13.889000,13.889000,12.245188,1100
2017-02-21,14.100000,14.148000,14.091000,14.100000,12.431215,8500
2017-02-22,14.120000,14.180000,14.110000,14.180000,12.501747,7400
2017-02-23,14.020000,14.135000,14.020000,14.090000,12.422399,2800
2017-02-24,14.080000,14.100000,14.063000,14.063000,12.398594,1900
2017-02-27,13.945000,13.990000,13.920000,13.920000,12.272519,5000
2017-02-28,13.990000,14.120000,13.990000,14.120000,12.448848,3000
2017-03-01,14.014000,14.018000,14.010000,14.010000,12.351867,400
2017-03-02,13.840000,13.840000,13.798000,13.830000,12.193171,5100
2017-03-03,13.800000,13.813000,13.800000,13.813000,12.178183,1000
2017-03-06,13.840000,13.840000,13.790000,13.790000,12.157905,4400
2017-03-07,13.790000,13.790000,13.790000,13.790000,12.157905,0
2017-03-08,13.830000,13.840000,13.830000,13.840000,12.201986,800
2017-03-09,13.760000,13.760000,13.738000,13.738000,12.112059,1100
2017-03-10,13.738000,13.738000,13.738000,13.738000,12.112059,0
2017-03-13,13.930000,13.930000,13.930000,13.930000,12.281336,200
2017-03-14,13.880000,13.890000,13.840000,13.870000,12.228436,4800
2017-03-15,13.870000,14.030000,13.870000,14.030000,12.369499,1100
2017-03-16,14.000000,14.022000,13.950000,13.960000,12.307785,7300
2017-03-17,13.750000,13.769000,13.720000,13.720000,12.096189,13100
2017-03-20,13.770000,13.780000,13.770000,13.780000,12.149088,1200
2017-03-21,13.580000,13.817000,13.580000,13.817000,12.181709,800
2017-03-22,13.770000,13.770000,13.770000,13.770000,12.140272,900
2017-03-23,13.750000,13.790000,13.680000,13.760000,12.131455,13500
2017-03-24,13.760000,13.760000,13.760000,13.760000,12.131455,0
2017-03-27,13.880000,13.930000,13.880000,13.900000,12.254886,4800
2017-03-28,13.910000,13.910000,13.810000,13.810000,12.175538,600
2017-03-29,13.810000,13.810000,13.810000,13.810000,12.175538,0
2017-03-30,13.810000,13.810000,13.810000,13.810000,12.175538,0
2017-03-31,13.800000,13.845000,13.800000,13.845000,12.206396,500
2017-04-03,13.830000,13.860000,13.830000,13.840000,12.201986,1800
2017-04-04,13.840000,13.840000,13.840000,13.840000,12.201986,0
2017-04-05,13.950000,13.950000,13.880000,13.880000,12.237253,5900
2017-04-06,13.880000,13.880000,13.880000,13.880000,12.237253,0
2017-04-07,13.900000,13.900000,13.900000,13.900000,12.254886,200
2017-04-10,13.900000,13.900000,13.770000,13.770000,12.140272,4100
2017-04-11,13.800000,13.800000,13.795000,13.795000,12.162313,1300
2017-04-12,13.820000,13.820000,13.780000,13.820000,12.184353,7800
2017-04-13,13.820000,13.820000,13.820000,13.820000,12.184353,0
2017-04-17,13.720000,13.750000,13.680000,13.680000,12.060924,1800
2017-04-18,13.630000,13.630000,13.610000,13.610000,11.999207,3500
2017-04-19,13.550000,13.550000,13.495000,13.530000,11.928677,9200
2017-04-20,13.660000,13.660000,13.660000,13.660000,12.043291,11200
2017-04-21,13.670000,13.670000,13.670000,13.670000,12.052108,300
2017-04-24,13.620000,13.620000,13.620000,13.620000,12.008025,100
2017-04-25,13.690000,13.740000,13.690000,13.690000,12.069740,500
2017-04-26,13.670000,13.670000,13.650000,13.650000,12.034473,200
2017-04-27,13.680000,13.700000,13.680000,13.700000,12.078556,6300
2017-04-28,13.680000,13.680000,13.680000,13.680000,12.060924,200
2017-05-01,13.680000,13.713000,13.670000,13.670000,12.052108,4900
2017-05-02,13.670000,13.670000,13.670000,13.670000,12.052108,1100
2017-05-03,13.580000,13.600000,13.580000,13.600000,11.990392,10900
2017-05-04,13.534000,13.534000,13.534000,13.534000,11.932204,500
2017-05-05,13.535000,13.550000,13.520000,13.520000,11.919861,9300
2017-05-08,13.520000,13.520000,13.450000,13.450000,11.858146,5700
2017-05-09,13.500000,13.520000,13.500000,13.500000,11.902228,1800
2017-05-10,13.600000,13.600000,13.600000,13.600000,11.990392,1300
2017-05-11,13.630000,13.685000,13.630000,13.660000,12.043291,2000
2017-05-12,13.977000,13.990000,13.960000,13.960000,12.307785,6600
2017-05-15,14.000000,14.025000,13.990000,14.000000,12.343050,17500
2017-05-16,13.950000,14.000000,13.950000,13.960000,12.307785,1500
2017-05-17,13.930000,13.930000,13.790000,13.830000,12.193171,15700
2017-05-18,13.825000,13.825000,13.825000,13.825000,12.188762,200
2017-05-19,13.890000,13.890000,13.880000,13.880000,12.237253,800
2017-05-22,13.960000,13.995000,13.940000,13.960000,12.307785,1400
2017-05-23,14.160000,14.199000,14.140000,14.140000,12.466481,4300
2017-05-24,14.140000,14.180000,14.140000,14.180000,12.501747,5100
2017-05-25,14.610000,14.620000,14.590000,14.590000,12.863222,8100
2017-05-26,14.630000,14.670000,14.630000,14.630000,12.898487,6600
2017-05-30,14.662000,14.710000,14.640000,14.710000,12.969020,9200
2017-05-31,14.830000,14.830000,14.770000,14.770000,13.021919,15200
2017-06-01,14.957000,14.990000,14.950000,14.950000,13.180614,4000
2017-06-02,14.820000,14.830000,14.791000,14.800000,13.048368,6300
2017-06-05,14.645000,14.665000,14.645000,14.650000,12.916121,1100
2017-06-06,14.840000,14.840000,14.820000,14.820000,13.066000,2200
2017-06-07,14.940000,14.940000,14.920000,14.920000,13.154165,300
2017-06-08,15.100000,15.110000,15.100000,15.100000,13.312861,1900
2017-06-09,15.250000,15.250000,15.170000,15.180000,13.383394,6300
2017-06-12,15.118000,15.130000,15.118000,15.130000,13.339312,2900
2017-06-13,15.140000,15.140000,15.140000,15.140000,13.348127,600
2017-06-14,14.970000,14.999000,14.960000,14.960000,13.189431,2400
2017-06-15,14.780000,14.780000,14.780000,14.780000,13.030735,2000
2017-06-16,14.730000,14.750000,14.720000,14.720000,12.977837,1600
2017-06-19,14.830000,14.900000,14.800000,14.870000,13.110083,13800
2017-06-20,14.980000,14.980000,14.760000,14.760000,13.013103,1800
2017-06-21,14.930000,14.930000,14.930000,14.930000,13.162982,0
2017-06-22,15.040000,15.075000,15.040000,15.075000,13.290820,700
2017-06-23,15.150000,15.180000,15.131000,15.131000,13.340192,4000
2017-06-26,15.200000,15.247000,15.200000,15.231000,13.428357,1900
2017-06-27,15.320000,15.360000,15.320000,15.350000,13.533274,2700
2017-06-28,15.300000,15.300000,15.280000,15.290000,13.480375,5400
2017-06-29,15.340000,15.340000,15.275000,15.275000,13.467150,6000
2017-06-30,15.380000,15.385000,15.350000,15.385000,13.564131,3300
2017-07-03,15.235000,15.235000,15.235000,15.235000,13.431884,100
2017-07-05,15.260000,15.360000,15.260000,15.360000,13.542089,6200
2017-07-06,15.360000,15.360000,15.360000,15.360000,13.542089,0
2017-07-07,15.360000,15.360000,15.360000,15.360000,13.542089,0
2017-07-10,15.300000,15.300000,15.300000,15.300000,13.489191,1500
2017-07-11,15.500000,15.590000,15.500000,15.590000,13.744868,1300
2017-07-12,15.590000,15.630000,15.550000,15.630000,13.780134,3100
2017-07-13,15.770000,15.810000,15.770000,15.810000,13.938831,1000
2017-07-14,15.970000,15.990000,15.966000,15.990000,14.097528,4700
2017-07-17,15.980000,16.004000,15.980000,15.987000,14.094882,2400
2017-07-18,15.988000,15.990000,15.970000,15.970000,14.079895,1100
2017-07-19,16.181000,16.209999,16.181000,16.209999,14.291489,3600
2017-07-20,16.270000,16.270000,16.209999,16.219999,14.300304,5300
2017-07-21,16.104000,16.120001,16.101999,16.110001,14.203325,3000
2017-07-24,16.110001,16.110001,16.110001,16.110001,14.203325,0
2017-07-25,16.270000,16.270000,16.200001,16.200001,14.282674,900
2017-07-26,16.097000,16.179001,16.097000,16.179001,14.264159,4300
2017-07-27,16.180000,16.180000,16.100000,16.110001,14.203325,1900
2017-07-28,16.156000,16.219999,16.156000,16.219999,14.300304,2000
2017-07-31,16.200001,16.200001,16.200001,16.200001,14.282674,100
2017-08-01,16.396999,16.430000,16.389999,16.389999,14.450185,10400
2017-08-02,16.365000,16.430000,16.365000,16.430000,14.485452,3700
2017-08-03,16.200001,16.200001,16.170000,16.170000,14.256223,900
2017-08-04,16.049999,16.049999,16.030001,16.030001,14.132793,1100
2017-08-07,16.040001,16.073999,16.040001,16.073999,14.171585,1600
2017-08-08,16.100000,16.180000,16.100000,16.180000,14.265040,1200
2017-08-09,16.150000,16.150000,16.056000,16.070000,14.168058,2300
2017-08-10,16.120001,16.120001,15.930000,15.951000,14.063143,4100
2017-08-11,15.840000,15.840000,15.774000,15.780000,13.912381,2000
2017-08-14,15.850000,15.860000,15.850000,15.860000,13.982913,400
2017-08-15,15.946000,15.950000,15.946000,15.950000,14.062261,800
2017-08-16,16.120001,16.120001,16.056999,16.110001,14.203325,5800
2017-08-17,16.110001,16.129999,16.110001,16.129999,14.220957,2000
2017-08-18,16.160000,16.200001,16.160000,16.200001,14.282674,1000
2017-08-21,16.280001,16.280001,16.219999,16.250000,14.326756,4000
2017-08-22,16.350000,16.450001,16.350000,16.450001,14.503085,4500
2017-08-23,16.610001,16.610001,16.520000,16.559999,14.600065,6800
2017-08-24,16.590000,16.590000,16.469999,16.480000,14.529534,1500
2017-08-25,16.850000,16.950001,16.850000,16.940001,14.935092,2600
2017-08-28,17.139999,17.190001,17.139999,17.190001,15.155503,16300
2017-08-29,17.209999,17.219999,17.110001,17.186001,15.151978,12800
2017-08-30,17.200001,17.200001,17.128000,17.165001,15.133463,6000
2017-08-31,17.030001,17.090000,17.010000,17.090000,15.067338,9500
2017-09-01,17.110001,17.219999,17.110001,17.219999,15.181951,6100
2017-09-05,17.357000,17.370001,17.340000,17.360001,15.305384,9100
2017-09-06,17.379999,17.379999,17.299999,17.340000,15.287750,8400
2017-09-07,17.290001,17.319000,17.290001,17.319000,15.269236,300
2017-09-08,17.309999,17.309999,17.190001,17.250000,15.208402,7700
2017-09-11,17.170000,17.170000,17.094999,17.135000,15.107013,5200
2017-09-12,17.360001,17.360001,17.173000,17.209999,15.173134,39100
2017-09-13,17.230000,17.230000,17.120001,17.139999,15.111421,3400
2017-09-14,17.150000,17.150000,16.969999,17.030001,15.014440,3800
2017-09-15,17.160000,17.160000,16.969999,17.010000,14.996806,9700
2017-09-18,17.129999,17.129999,17.000000,17.000000,14.987990,5000
2017-09-19,17.000000,17.000000,16.871000,16.940001,14.935092,2500
2017-09-20,17.059999,17.129999,16.930000,16.940001,14.935092,3500
2017-09-21,17.150000,17.180000,17.049999,17.049999,15.032072,4900
2017-09-22,17.120001,17.120001,17.000000,17.018999,15.004741,7400
2017-09-25,16.980000,16.980000,16.790001,16.795000,14.807253,17100
2017-09-26,16.990000,16.990000,16.990000,16.990000,14.979174,300
2017-09-27,17.170000,17.170000,16.756001,16.791000,14.803726,600
2017-09-28,16.768999,16.768999,16.750000,16.750000,14.767578,600
2017-09-29,16.930000,16.930000,16.799999,16.811001,14.821360,6900
2017-10-02,17.080000,17.080000,16.910000,16.930000,14.926274,5800
2017-10-03,17.237000,17.270000,17.237000,17.256001,15.213693,4300
2017-10-04,17.350000,17.375999,17.350000,17.375999,15.319489,1200
2017-10-05,17.549999,17.780001,17.370001,17.410000,15.349465,7700
2017-10-06,17.250000,17.250000,17.250000,17.250000,15.208402,200
2017-10-09,17.173000,17.173000,17.173000,17.173000,15.140515,200
2017-10-10,17.330000,17.330000,17.330000,17.330000,15.278934,400
2017-10-11,17.410000,17.410000,17.368999,17.389999,15.331832,4900
2017-10-12,17.420000,17.438999,17.377001,17.420000,15.358282,8700
2017-10-13,17.549999,17.549999,17.440001,17.440001,15.375915,5900
2017-10-16,17.420000,17.450001,17.420000,17.447001,15.382086,6000
2017-10-17,17.320000,17.400000,17.320000,17.400000,15.340648,2300
2017-10-18,17.600000,17.610001,17.570000,17.580000,15.499346,8000
2017-10-19,17.559999,17.559999,17.450001,17.480000,15.411180,5500
2017-10-20,17.620001,17.620001,17.447001,17.473000,15.405008,2900
2017-10-23,17.334999,17.334999,17.334999,17.334999,15.283340,300
2017-10-24,17.480000,17.530001,17.480000,17.525000,15.450853,2900
2017-10-25,17.540001,17.565001,17.510000,17.565001,15.486120,4800
2017-10-26,17.690001,17.690001,17.690001,17.690001,15.596327,900
2017-10-27,17.840000,18.010000,17.840000,17.959999,15.834371,17700
2017-10-30,17.830000,17.900999,17.830000,17.881001,15.764721,3800
2017-10-31,17.870001,17.959999,17.870001,17.957001,15.831725,2300
2017-11-01,17.950001,18.030001,17.950001,18.000000,15.869636,7400
2017-11-02,18.070000,18.070000,18.010000,18.021999,15.889030,3400
2017-11-03,17.900000,17.920000,17.898001,17.903999,15.784999,2000
2017-11-06,18.090000,18.090000,18.004999,18.004999,15.874044,4900
2017-11-07,18.250000,18.250000,18.100000,18.129999,15.984249,14400
2017-11-08,18.037001,18.070000,18.037001,18.070000,15.931352,4000
2017-11-09,18.110001,18.145000,18.110001,18.145000,15.997477,400
2017-11-10,18.299999,18.410000,18.299999,18.330000,16.160580,3800
2017-11-13,18.320000,18.410000,18.320000,18.403000,16.224939,1800
2017-11-14,18.440001,18.440001,18.290001,18.290001,16.125315,5000
2017-11-15,18.230000,18.280001,18.230000,18.230000,16.072414,6000
2017-11-16,18.513000,18.577000,18.510000,18.577000,16.378347,3700
2017-11-17,18.879999,18.879999,18.750000,18.768000,16.546741,13900
2017-11-20,18.790001,18.920000,18.790001,18.920000,16.680750,20500
2017-11-21,19.490000,19.510000,19.421000,19.510000,17.200922,18500
2017-11-22,19.580000,19.600000,19.500000,19.559999,17.245005,11000
2017-11-24,19.219999,19.219999,18.930000,19.000000,16.751284,29300
2017-11-27,18.830000,18.830000,18.580000,18.740000,16.522055,17800
2017-11-28,18.610001,18.680000,18.610001,18.677000,16.466513,16200
2017-11-29,18.639999,18.639999,18.500000,18.504999,16.314869,9900
2017-11-30,18.510000,18.510000,18.330000,18.370001,16.195847,7400
2017-12-01,18.120001,18.125999,18.051001,18.120001,15.975435,3900
2017-12-04,18.469999,18.469999,18.301001,18.337999,16.167633,6700
2017-12-05,18.580999,18.650000,18.580999,18.625999,16.421547,17100
2017-12-06,18.469999,18.469999,18.219999,18.330000,16.160580,12900
2017-12-07,18.219999,18.219999,18.170000,18.205000,16.050373,2200
2017-12-08,18.360001,18.370001,18.330000,18.365999,16.192320,4000
2017-12-11,18.700001,18.700001,18.618999,18.620001,16.416258,2700
2017-12-12,18.370001,18.370001,18.139999,18.295000,16.129723,9500
2017-12-13,18.549999,18.558001,18.549999,18.558001,16.361595,1600
2017-12-14,18.469999,18.469999,18.361000,18.379999,16.204660,6200
2017-12-15,17.030001,17.035000,16.969999,16.980000,15.983454,13100
2017-12-18,17.080000,17.129999,17.049999,17.073999,16.071936,10900
2017-12-19,17.520000,17.520000,17.320000,17.320999,16.304440,11600
2017-12-20,17.540001,17.540001,17.440001,17.480000,16.454109,15700
2017-12-21,17.679001,17.719999,17.679001,17.719999,16.680023,5400
2017-12-22,17.580000,17.600000,17.570000,17.584999,16.552946,4600
2017-12-26,17.750000,17.750000,17.740000,17.740000,16.698849,800
2017-12-27,17.400000,17.400000,17.250999,17.320000,16.303499,5600
2017-12-28,17.565001,17.565001,17.549999,17.549999,16.520000,2400
2017-12-29,17.606001,17.606001,17.606001,17.606001,16.572716,900
2018-01-02,18.059999,18.059999,17.980000,17.980000,16.924765,4500
2018-01-03,17.990000,18.065001,17.990000,18.049999,16.990656,6500
2018-01-04,18.190001,18.190001,18.120001,18.139999,17.075373,7600
2018-01-05,18.170000,18.280001,18.170000,18.280001,17.207157,7600
2018-01-08,18.160000,18.315001,18.160000,18.299999,17.225983,6300
2018-01-09,18.370001,18.480000,18.370001,18.430000,17.348356,25300
2018-01-10,18.540001,18.650000,18.540001,18.629999,17.536617,8100
2018-01-11,18.629999,18.770000,18.629999,18.770000,17.668400,8000
2018-01-12,18.889999,19.090000,18.889999,19.090000,17.969620,6600
2018-01-16,19.250000,19.469999,19.250000,19.420000,18.280252,40000
2018-01-17,19.400000,19.570000,19.400000,19.530001,18.383797,20200
2018-01-18,19.680000,19.719999,19.639999,19.705000,18.548527,17500
2018-01-19,19.730000,19.860001,19.730000,19.860001,18.694427,7000
2018-01-22,19.870001,20.080000,19.870001,20.080000,18.901516,23800
2018-01-23,20.309999,20.330000,20.209999,20.320000,19.127432,18900
2018-01-24,20.440001,20.510000,20.379999,20.430000,19.230976,13600
2018-01-25,20.340000,20.440001,20.280001,20.309000,19.117077,19100
2018-01-26,20.389999,20.510000,20.389999,20.490000,19.287453,59100
2018-01-29,19.860001,19.959999,19.750000,19.809999,18.647364,24800
2018-01-30,19.600000,19.667000,19.500000,19.520000,18.374384,29400
2018-01-31,20.010000,20.125000,20.010000,20.059999,18.882689,43900
2018-02-01,19.940001,20.040001,19.940001,19.969999,18.797972,25300
2018-02-02,20.030001,20.030001,19.879999,19.879999,18.713253,16100
2018-02-05,20.180000,20.240000,19.790001,19.790001,18.628538,21500
2018-02-06,19.530001,20.115000,19.370001,20.059999,18.882689,34600
2018-02-07,19.090000,19.209999,18.900000,18.950001,17.837837,41200
2018-02-08,18.610001,18.610001,18.000000,18.000000,16.943592,53900
2018-02-09,17.389999,17.750000,16.980000,17.510000,16.482347,41000
2018-02-12,17.920000,18.096001,17.719999,18.030001,16.971832,64500
2018-02-13,18.209999,18.280001,18.139999,18.280001,17.207157,11700
2018-02-14,18.341999,18.629999,18.341999,18.629999,17.536617,9400
2018-02-15,18.969999,19.049999,18.790001,19.049999,17.931967,5600
2018-02-16,19.000000,19.143999,19.000000,19.049999,17.931967,5700
2018-02-20,18.650000,18.731001,18.520000,18.631001,17.537558,17700
2018-02-21,18.799999,18.990000,18.690001,18.690001,17.593096,5000
2018-02-22,18.950001,18.950001,18.809999,18.881001,17.772886,24600
2018-02-23,19.040001,19.040001,18.875000,18.969999,17.856661,12400
2018-02-26,19.240000,19.340000,19.115000,19.340000,18.204947,12300
2018-02-27,18.660000,18.691000,18.459999,18.459999,17.376595,25800
2018-02-28,18.365000,18.365000,18.200001,18.200001,17.131853,8400
2018-03-01,18.360001,18.389999,17.950001,18.070000,17.009483,38800
2018-03-02,17.940001,18.240000,17.940001,18.240000,17.169506,6400
2018-03-05,18.100000,18.379999,18.100000,18.330000,17.254223,5400
2018-03-06,18.670000,18.670000,18.510000,18.559999,17.470724,4400
2018-03-07,18.430000,18.520000,18.420000,18.520000,17.433073,3200
2018-03-08,18.540001,18.608000,18.540001,18.584999,17.494255,2200
2018-03-09,18.820000,18.889999,18.764000,18.889999,17.781357,6100
2018-03-12,18.740000,18.750000,18.700001,18.700001,17.602509,9700
2018-03-13,18.719999,18.719999,18.490000,18.496000,17.410482,4000
2018-03-14,18.600000,18.600000,18.427000,18.440001,17.357769,6400
2018-03-15,18.700001,18.700001,18.570000,18.620001,17.527205,3500
2018-03-16,18.480000,18.480000,18.389999,18.440001,17.357769,4800
2018-03-19,18.410000,18.420000,18.410000,18.420000,17.338942,700
2018-03-20,18.555000,18.600000,18.555000,18.600000,17.508377,1000
2018-03-21,18.440001,18.469999,18.330000,18.469999,17.386007,2300
2018-03-22,18.110001,18.110001,17.809999,17.850000,16.802395,7800
2018-03-23,17.660000,17.715000,17.500000,17.500000,16.472935,7100
2018-03-26,17.645000,17.816000,17.540001,17.799999,16.755329,2600
2018-03-27,17.809999,17.809999,17.370001,17.440001,16.416458,13900
2018-03-28,17.240000,17.240000,17.055000,17.068001,16.066290,1700
2018-03-29,17.797001,17.797001,17.750000,17.780001,16.736504,1400
2018-04-02,17.091999,17.129999,17.090000,17.110001,16.105824,2000
2018-04-03,17.320000,17.410000,17.309999,17.410000,16.388218,1200
2018-04-04,17.200001,17.530001,17.200001,17.525000,16.496468,1300
2018-04-05,17.540001,17.610001,17.410000,17.610001,16.576481,1600
2018-04-06,17.320000,17.320000,17.261999,17.261999,16.248903,1100
2018-04-09,17.290001,17.323000,17.290001,17.309999,16.294085,2400
2018-04-10,17.830000,17.830000,17.740000,17.808001,16.762859,5800
2018-04-11,17.920000,17.920000,17.889999,17.920000,16.868286,1900
2018-04-12,17.740000,17.785000,17.740000,17.785000,16.741209,8700
2018-04-13,17.610001,17.610001,17.400000,17.400000,16.378805,500
2018-04-16,17.110001,17.120001,17.000000,17.120001,16.115238,1900
2018-04-17,17.170000,17.190001,17.077000,17.150000,16.143476,6500
2018-04-18,16.980000,17.048000,16.972000,17.048000,16.047462,1600
2018-04-19,17.197001,17.197001,17.080000,17.080000,16.077585,600
2018-04-20,17.000000,17.070000,16.830000,16.879999,15.889323,2800
2018-04-23,17.004999,17.040001,16.980000,17.000000,16.002281,13300
2018-04-24,17.580000,17.580000,17.410000,17.410000,16.388218,3100
2018-04-25,17.240000,17.240000,17.170000,17.240000,16.228195,1400
2018-04-26,16.879999,17.170000,16.879999,17.170000,16.162304,5900
2018-04-27,16.780001,16.837999,16.760000,16.837999,15.849787,1200
2018-04-30,16.940001,17.070000,16.910000,16.930000,15.936388,4000
2018-05-01,16.930000,16.930000,16.930000,16.930000,15.936388,0
2018-05-02,16.770000,16.770000,16.530001,16.709999,15.729300,2600
2018-05-03,16.740000,16.740000,16.740000,16.740000,15.757539,100
2018-05-04,16.549000,16.770000,16.540001,16.770000,15.785779,1300
2018-05-07,16.879999,16.940001,16.879999,16.914000,15.921327,2500
2018-05-08,17.170000,17.250000,17.170000,17.250000,16.237608,18000
2018-05-09,17.320000,17.320000,17.188999,17.250000,16.237608,3400
2018-05-10,17.400000,17.520000,17.400000,17.520000,16.491762,1500
2018-05-11,17.400000,17.440001,17.389999,17.400000,16.378805,3500
2018-05-14,17.510000,17.670000,17.510000,17.629999,16.595306,16300
2018-05-15,17.420000,17.420000,17.320000,17.340000,16.322325,4100
2018-05-16,17.329000,17.375000,17.329000,17.375000,16.355272,300
2018-05-17,17.209999,17.209999,17.120001,17.139999,16.134064,1900
2018-05-18,17.283001,17.290001,17.283001,17.290001,16.275261,700
2018-05-21,17.340000,17.430000,17.340000,17.400000,16.378805,8400
2018-05-22,17.360001,17.360001,17.299999,17.299999,16.284672,5100
2018-05-23,16.920000,16.980000,16.860001,16.920000,15.926975,9100
2018-05-24,16.840000,16.840000,16.740000,16.750000,15.766953,5600
2018-05-25,16.790001,16.790001,16.700001,16.754999,15.771659,5800
2018-05-29,16.760000,16.760000,16.480000,16.547001,15.575868,30000
2018-05-30,16.549999,16.600000,16.457001,16.600000,15.625756,7500
2018-05-31,16.889999,16.910000,16.795000,16.844999,15.856376,8700
2018-06-01,16.860001,16.870001,16.770000,16.830000,15.842257,15900
2018-06-04,17.170000,17.170000,17.090000,17.148001,16.141596,8600
2018-06-05,17.270000,17.270000,17.170000,17.170000,16.162304,1600
2018-06-06,17.200001,17.219999,17.170000,17.219999,16.209368,3100
2018-06-07,17.190001,17.209999,17.084000,17.129999,16.124649,5300
2018-06-08,16.969999,16.969999,16.850000,16.959000,15.963685,5200
2018-06-11,17.110001,17.110001,17.010000,17.010000,16.011694,1900
2018-06-12,17.290001,17.290001,17.110001,17.110001,16.105824,2500
2018-06-13,17.150000,17.150000,16.980000,16.980000,15.983454,4600
2018-06-14,17.200001,17.200001,16.945000,16.945000,15.950508,4100
2018-06-15,16.850000,16.910000,16.820000,16.909000,15.916622,4700
2018-06-18,16.660000,16.660000,16.629999,16.660000,15.682234,2300
2018-06-19,16.370001,16.370001,16.240000,16.273001,15.317947,6000
2018-06-20,16.490000,16.490000,16.309999,16.370001,15.409255,3900
2018-06-21,16.340000,16.340000,16.136000,16.136000,15.188988,1900
2018-06-22,16.209999,16.209999,16.180000,16.208000,15.256763,2000
2018-06-25,15.920000,15.920000,15.720000,15.804000,14.876473,5200
2018-06-26,15.620000,15.620000,15.510000,15.580000,14.665619,5500
2018-06-27,15.300000,15.300000,14.935000,14.965000,14.086713,7200
2018-06-28,14.990000,15.001000,14.930000,15.000000,14.119659,3800
2018-06-29,15.310000,15.320000,15.253000,15.260000,14.364400,3800
2018-07-02,14.540000,14.610000,14.456000,14.500000,13.649004,11400
2018-07-03,14.530000,14.530000,14.530000,14.530000,13.677243,200
2018-07-05,14.545000,14.576000,14.460000,14.460000,13.611352,4000
2018-07-06,14.710000,14.760000,14.651000,14.748000,13.882449,6400
2018-07-09,15.360000,15.360000,15.160000,15.330000,14.430292,7300
2018-07-10,15.270000,15.270000,15.090000,15.110000,14.223203,4300
2018-07-11,14.830000,14.830000,14.700000,14.755000,13.889038,21400
2018-07-12,15.190000,15.200000,15.130000,15.151000,14.261797,4000
2018-07-13,15.151000,15.151000,15.151000,15.151000,14.261797,0
2018-07-16,15.000000,15.020000,14.980000,15.020000,14.138486,3900
2018-07-17,14.810000,14.959000,14.810000,14.959000,14.081065,1200
2018-07-18,14.690000,14.773000,14.681000,14.770000,13.903157,3300
2018-07-19,14.720000,14.720000,14.595000,14.610000,13.752547,2500
2018-07-20,15.076000,15.076000,15.071000,15.071000,14.186492,300
2018-07-23,15.240000,15.240000,15.110000,15.150000,14.260856,6600
2018-07-24,15.440000,15.590000,15.440000,15.590000,14.675033,14100
2018-07-25,15.590000,15.590000,15.470000,15.531000,14.619495,2300
2018-07-26,15.270000,15.290000,15.200000,15.200000,14.307921,8000
2018-07-27,15.190000,15.210000,15.099000,15.170000,14.279681,2000
2018-07-30,15.240000,15.240000,15.220000,15.220000,14.326748,4700
2018-07-31,15.320000,15.350000,15.320000,15.329000,14.429351,1000
2018-08-01,14.920000,14.920000,14.760000,14.760000,13.893745,9300
2018-08-02,14.380000,14.470000,14.340000,14.470000,13.620765,9000
2018-08-03,14.409000,14.428000,14.400000,14.428000,13.581230,1500
2018-08-06,14.140000,14.280000,14.140000,14.275000,13.437208,5900
2018-08-07,14.730000,14.830000,14.730000,14.815000,13.945517,27000
2018-08-08,14.580000,14.580000,14.361000,14.540000,13.686656,7800
2018-08-09,14.830000,14.980000,14.830000,14.940000,14.063180,4100
2018-08-10,14.760000,14.760000,14.630000,14.719000,13.855151,4800
2018-08-13,14.620000,14.620000,14.551000,14.551000,13.697010,2000
2018-08-14,14.509000,14.560000,14.488000,14.490000,13.639590,17700
2018-08-15,14.010000,14.010000,13.830000,13.900000,13.084217,9100
2018-08-16,14.110000,14.275000,14.110000,14.240000,13.404263,3200
2018-08-17,14.053000,14.380000,14.053000,14.356000,13.513455,4500
2018-08-20,14.250000,14.365000,14.250000,14.312000,13.472037,6300
2018-08-21,14.750000,14.750000,14.634000,14.740000,13.874918,6600
2018-08-22,14.670000,14.670000,14.589000,14.610000,13.752547,3700
2018-08-23,14.470000,14.470000,14.420000,14.420000,13.573699,800
2018-08-24,14.620000,14.870000,14.620000,14.870000,13.997288,8700
2018-08-27,15.160000,15.220000,15.110000,15.160000,14.270269,7100
2018-08-28,15.077000,15.080000,15.015000,15.040000,14.157311,7100
2018-08-29,14.810000,15.050000,14.810000,15.050000,14.166725,12100
2018-08-30,14.651000,14.651000,14.651000,14.651000,13.791142,400
2018-08-31,14.520000,14.730000,14.520000,14.700000,13.837266,4100
2018-09-04,14.725000,14.770000,14.717000,14.730000,13.865505,2200
2018-09-05,14.510000,14.510000,14.460000,14.490000,13.639590,2000
2018-09-06,14.540000,14.540000,14.380000,14.390000,13.545460,1800
2018-09-07,14.420000,14.510000,14.229000,14.229000,13.393909,3800
2018-09-10,14.250000,14.500000,14.250000,14.270000,13.432503,1900
2018-09-11,14.020000,14.020000,13.959000,13.992000,13.170817,2300
2018-09-12,14.000000,14.392000,14.000000,14.392000,13.547342,3200
2018-09-13,14.400000,14.650000,14.400000,14.500000,13.649004,9500
2018-09-14,14.390000,14.390000,14.250000,14.250000,13.413676,3100
2018-09-17,14.350000,14.440000,14.270000,14.270000,13.432503,3200
2018-09-18,14.590000,14.629000,14.540000,14.629000,13.770432,2900
2018-09-19,14.809000,14.870000,14.809000,14.860000,13.987876,4300
2018-09-20,14.990000,14.990000,14.840000,14.930000,14.053768,2400
2018-09-21,15.200000,15.310000,15.200000,15.290000,14.392639,6000
2018-09-24,15.150000,15.150000,15.084000,15.120000,14.232616,1000
2018-09-25,15.080000,15.080000,15.080000,15.080000,14.194963,600
2018-09-26,15.340000,15.400000,15.300000,15.350000,14.449119,5400
2018-09-27,15.080000,15.230000,15.080000,15.200000,14.307921,6200
2018-09-28,15.350000,15.354000,15.350000,15.354000,14.452883,1600
2018-10-01,15.352000,15.530000,15.332000,15.332000,14.432175,15200
2018-10-02,14.960000,15.130000,14.960000,15.059000,14.175197,2300
2018-10-03,15.010000,15.120000,15.010000,15.100000,14.213791,700
2018-10-04,14.875000,14.875000,14.650000,14.650000,13.790200,9300
2018-10-05,14.610000,14.850000,14.610000,14.767000,13.900333,7100
2018-10-08,14.490000,14.590000,14.400000,14.460000,13.611352,6300
2018-10-09,14.530000,14.600000,14.483000,14.570000,13.714895,7400
2018-10-10,14.405000,14.530000,14.250000,14.270000,13.432503,10200
2018-10-11,14.044000,14.300000,14.044000,14.235000,13.399556,3900
2018-10-12,14.460000,14.460000,14.250000,14.370000,13.526634,12900
2018-10-15,14.150000,14.280000,14.150000,14.260000,13.423090,5800
2018-10-16,14.324000,14.410000,14.324000,14.410000,13.564285,2500
2018-10-17,14.260000,14.310000,14.120000,14.170000,13.338372,8000
2018-10-18,13.960000,13.990000,13.800000,13.820000,13.008912,12200
2018-10-19,14.390000,14.390000,14.290000,14.330000,13.488981,11200
2018-10-22,14.940000,14.940000,14.816000,14.890000,14.016115,17700
2018-10-23,14.410000,14.579000,14.287000,14.579000,13.723368,9900
2018-10-24,14.530000,14.530000,14.375000,14.375000,13.531340,3400
2018-10-25,14.450000,14.720000,14.450000,14.700000,13.837266,5300
2018-10-26,14.470000,14.580000,14.361000,14.550000,13.696070,9100
2018-10-29,14.020000,14.020000,13.735000,13.820000,13.008912,13200
2018-10-30,13.940000,14.030000,13.935000,13.980000,13.159521,19300
2018-10-31,14.320000,14.360000,14.250000,14.305000,13.465448,16400
2018-11-01,14.510000,14.900000,14.500000,14.880000,14.006701,13600
2018-11-02,15.070000,15.070000,14.760000,14.880000,14.006701,22500
2018-11-05,14.760000,14.785000,14.660000,14.730000,13.865505,5800
2018-11-06,14.550000,14.620000,14.540000,14.620000,13.761961,8400
2018-11-07,14.760000,14.760000,14.575000,14.710000,13.846679,4400
2018-11-08,14.490000,14.600000,14.400000,14.430000,13.583113,4600
2018-11-09,14.025000,14.048000,13.952000,14.048000,13.223532,3100
2018-11-12,14.034000,14.064000,13.980000,13.990000,13.168935,7500
2018-11-13,14.400000,14.495000,14.360000,14.420000,13.573699,5800
2018-11-14,14.310000,14.310000,14.100000,14.140000,13.310132,4500
2018-11-15,14.330000,14.575000,14.315000,14.510000,13.658417,14200
2018-11-16,14.470000,14.650000,14.400000,14.590000,13.733722,11800
2018-11-19,14.530000,14.580000,14.430000,14.490000,13.639590,4900
2018-11-20,14.175000,14.175000,14.023000,14.100000,13.272480,3500
2018-11-21,14.450000,14.450000,14.380000,14.380000,13.536046,3000
2018-11-23,14.000000,14.110000,13.990000,14.080000,13.253653,18400
2018-11-26,14.120000,14.140000,14.067000,14.099000,13.271539,13600
2018-11-27,13.970000,13.970000,13.880000,13.900000,13.084217,7200
2018-11-28,14.088000,14.310000,14.088000,14.310000,13.470155,2200
2018-11-29,14.050000,14.140000,13.850000,14.140000,13.310132,11900
2018-11-30,14.070000,14.190000,14.070000,14.190000,13.357197,4900
2018-12-03,14.730000,14.730000,14.640000,14.720000,13.856092,18100
2018-12-04,14.820000,14.820000,14.450000,14.510000,13.658417,13900
2018-12-06,14.130000,14.300000,14.130000,14.300000,13.460742,4900
2018-12-07,14.280000,14.390000,14.055000,14.055000,13.230122,3900
2018-12-10,14.020000,14.068000,13.900000,14.049000,13.224472,5400
2018-12-11,14.200000,14.280000,14.160000,14.160000,13.328959,1700
2018-12-12,14.180000,14.400000,14.180000,14.230000,13.394850,2600
2018-12-13,14.395000,14.455000,14.390000,14.410000,13.564285,2000
2018-12-14,13.990000,14.010000,13.951000,13.973000,13.378539,5600
2018-12-17,13.850000,13.890000,13.776000,13.820000,13.232048,9900
2018-12-18,13.920000,13.920000,13.839000,13.868000,13.278007,1600
2018-12-19,13.780000,13.785000,13.330000,13.480000,12.906513,23100
2018-12-20,13.360000,13.510000,13.360000,13.396000,12.826087,1100
2018-12-21,13.210000,13.210000,13.079000,13.100000,12.542680,111100
2018-12-24,13.020000,13.230000,13.020000,13.050000,12.494807,3400
2018-12-26,13.170000,13.250000,13.100000,13.250000,12.686298,2500
2018-12-27,13.100000,13.110000,12.973000,13.060000,12.504382,6200
2018-12-28,13.040000,13.205000,13.040000,13.120000,12.561829,9800
2018-12-31,13.130000,13.210000,13.090000,13.110000,12.552254,2400
2019-01-02,13.005000,13.032000,13.003000,13.020000,12.466084,5000
2019-01-03,12.970000,13.031000,12.970000,12.990000,12.437359,9500
2019-01-04,13.540000,13.540000,13.300000,13.480000,12.906513,12100
2019-01-07,13.410000,13.410000,13.300000,13.385000,12.815555,4400
2019-01-08,13.340000,13.374000,13.340000,13.366000,12.797363,400
2019-01-09,13.650000,13.650000,13.590000,13.646000,13.065451,8100
2019-01-10,13.660000,13.696000,13.660000,13.680000,13.098004,7000
2019-01-11,13.660000,13.798000,13.660000,13.798000,13.210984,7200
2019-01-14,13.588000,13.639000,13.588000,13.639000,13.058749,200
2019-01-15,13.970000,13.970000,13.860000,13.899000,13.307688,1300
2019-01-16,14.027000,14.100000,14.027000,14.060000,13.461839,5500
2019-01-17,13.860000,14.050000,13.860000,14.024000,13.427370,7800
2019-01-18,14.190000,14.260000,14.190000,14.221000,13.615988,16500
2019-01-22,14.070000,14.070000,13.931000,13.931000,13.338326,3500
2019-01-23,14.060000,14.080000,14.035000,14.059000,13.460880,2200
2019-01-24,14.126000,14.210000,14.126000,14.210000,13.605456,700
2019-01-25,14.500000,14.522000,14.495000,14.498000,13.881204,1900
2019-01-28,14.290000,14.400000,14.290000,14.384000,13.772054,3500
2019-01-29,14.465000,14.490000,14.465000,14.490000,13.873544,700
2019-01-30,14.530000,14.645000,14.510000,14.645000,14.021951,4400
2019-01-31,14.750000,14.964000,14.750000,14.964000,14.327378,5600
2019-02-01,14.820000,14.829000,14.820000,14.829000,14.198122,2400
2019-02-04,14.770000,14.800000,14.770000,14.793000,14.163653,2700
2019-02-05,14.890000,14.975000,14.890000,14.975000,14.337911,200
2019-02-06,14.940000,14.940000,14.841000,14.841000,14.209611,100
2019-02-07,14.756000,14.790000,14.650000,14.701000,14.075568,3100
2019-02-08,14.561000,14.631000,14.561000,14.631000,14.008545,1200
2019-02-11,14.941000,14.950000,14.910000,14.920000,14.285251,2300
2019-02-12,14.947000,14.970000,14.910000,14.931000,14.295782,61100
2019-02-13,15.050000,15.220000,15.050000,15.140000,14.495892,15800
2019-02-14,15.010000,15.190000,15.010000,15.168000,14.522700,8000
2019-02-15,14.860000,14.980000,14.860000,14.950000,14.313974,17900
2019-02-19,15.070000,15.410000,15.070000,15.410000,14.754404,8100
2019-02-20,15.300000,15.480000,15.300000,15.455000,14.797490,10300
2019-02-21,15.400000,15.400000,15.258000,15.269000,14.619403,4500
2019-02-22,15.500000,15.590000,15.497000,15.564000,14.901853,4100
2019-02-25,16.410000,16.650000,16.410000,16.620001,15.912928,23800
2019-02-26,16.129999,16.280001,16.129999,16.247999,15.556752,12000
2019-02-27,16.160000,16.238001,16.160000,16.238001,15.547179,4600
2019-02-28,16.240000,16.254999,16.143000,16.170000,15.482071,4700
2019-03-01,16.570000,16.740000,16.570000,16.729000,16.017290,15900
2019-03-04,17.000000,17.010000,16.743000,16.823999,16.108248,50900
2019-03-05,16.783001,16.899000,16.780001,16.889999,16.171440,9700
2019-03-06,16.750000,16.820000,16.730000,16.764999,16.051758,22100
2019-03-07,16.343000,16.343000,16.150000,16.200001,15.510796,13700
2019-03-08,15.640000,15.750000,15.540000,15.650000,14.984194,23700
2019-03-11,15.880000,16.160000,15.880000,16.158001,15.470583,23500
2019-03-12,16.200001,16.200001,16.132000,16.174999,15.486857,6200
2019-03-13,16.219999,16.219999,16.139999,16.145000,15.458136,1500
2019-03-14,16.090000,16.132999,16.090000,16.132999,15.446645,1300
2019-03-15,16.360001,16.400000,16.346001,16.360001,15.663988,9300
2019-03-18,16.730000,16.829000,16.730000,16.760000,16.046970,11900
2019-03-19,16.650000,16.726999,16.650000,16.653000,15.944523,7600
2019-03-20,16.730000,16.760000,16.620001,16.714001,16.002928,8300
2019-03-21,16.650000,16.670000,16.594999,16.670000,15.960799,6900
2019-03-22,16.480000,16.480000,16.250000,16.299999,15.606540,6700
2019-03-25,16.000000,16.150000,16.000000,16.100000,15.415050,4400
2019-03-26,16.020000,16.160000,16.020000,16.120001,15.434199,14900
2019-03-27,16.218000,16.218000,16.070000,16.169001,15.481114,5300
2019-03-28,16.120001,16.230000,16.120001,16.180000,15.491646,8300
2019-03-29,16.891001,16.910000,16.780001,16.787001,16.072823,7300
2019-04-01,17.180000,17.360001,17.180000,17.313999,16.577400,20700
2019-04-02,17.270000,17.270000,17.162001,17.162001,16.431870,3200
2019-04-03,17.379999,17.415001,17.320000,17.320000,16.583145,3900
2019-04-04,17.570000,17.670000,17.509001,17.620001,16.870384,6100
2019-04-05,17.629999,17.820000,17.629999,17.798000,17.040810,5600
2019-04-08,17.600000,17.719999,17.600000,17.700001,16.946980,6900
2019-04-09,17.670000,17.716000,17.655001,17.655001,16.903894,3500
2019-04-10,17.690001,17.787001,17.690001,17.787001,17.030279,3000
2019-04-11,17.500000,17.530001,17.350000,17.379999,16.640593,15500
2019-04-12,17.820000,17.820000,17.580000,17.750000,16.994852,61800
2019-04-15,17.700001,17.709999,17.389999,17.445000,16.702827,17700
2019-04-16,18.010000,18.086000,18.010000,18.021000,17.254322,22500
2019-04-17,18.180000,18.180000,18.096001,18.105000,17.334749,9600
2019-04-18,17.920000,18.080000,17.920000,18.040001,17.272516,30500
2019-04-22,17.780001,17.783001,17.750000,17.783001,17.026449,8500
2019-04-23,17.719999,17.959999,17.700001,17.929001,17.166239,93100
2019-04-24,17.820000,17.820000,17.639999,17.690001,16.937405,10300
2019-04-25,17.430000,17.430000,17.250000,17.360001,16.621445,14900
2019-04-26,17.240000,17.510000,17.240000,17.510000,16.765062,13400
2019-04-29,17.600000,17.750000,17.549999,17.750000,16.994852,16600
2019-04-30,17.760000,17.760000,17.570000,17.660000,16.908682,17600
2019-05-01,17.760000,17.850000,17.660000,17.660000,16.908682,10900
2019-05-02,17.700001,17.700001,17.455999,17.490000,16.745913,5000
2019-05-03,17.690001,17.820000,17.690001,17.802000,17.044640,2500
2019-05-06,16.870001,17.075001,16.701000,17.059999,16.334208,23400
2019-05-07,16.709999,16.709999,16.280001,16.388000,15.690797,15200
2019-05-08,16.389999,16.440001,16.230000,16.280001,15.587392,13300
2019-05-09,15.920000,16.150000,15.651000,16.080000,15.395900,10700
2019-05-10,16.270000,16.410000,16.080000,16.410000,15.711861,13300
2019-05-13,15.830000,15.830000,15.585000,15.653000,14.987066,10400
2019-05-14,16.080000,16.250000,16.040001,16.099001,15.414093,5700
2019-05-15,16.330000,16.420000,16.245001,16.346001,15.650584,2900
2019-05-16,16.480000,16.600000,16.448000,16.448000,15.748244,4000
2019-05-17,16.062000,16.180000,16.030001,16.030001,15.348028,8400
2019-05-20,15.866000,15.875000,15.835000,15.875000,15.199621,3000
2019-05-21,16.040001,16.100000,16.030001,16.100000,15.415050,3500
2019-05-22,16.049999,16.049999,16.000000,16.000000,15.319304,5100
2019-05-23,15.880000,15.880000,15.758000,15.858000,15.183345,10800
2019-05-24,15.911000,15.925000,15.858000,15.858000,15.183345,2700
2019-05-28,16.049999,16.160000,16.010000,16.040001,15.357603,1700
2019-05-29,16.040001,16.219999,16.040001,16.209999,15.520369,5800
2019-05-30,16.070000,16.160000,16.070000,16.121000,15.435156,2500
2019-05-31,16.020000,16.059999,16.007000,16.032000,15.349941,7200
2019-06-03,16.120001,16.260000,16.120001,16.260000,15.568242,3300
2019-06-04,16.115999,16.205999,16.097000,16.198999,15.509837,3600
2019-06-05,16.034000,16.049999,16.034000,16.049999,15.367176,700
2019-06-06,15.940000,16.070000,15.940000,16.040001,15.357603,4700
2019-06-07,16.150000,16.235001,16.150000,16.160000,15.472496,3400
2019-06-10,16.200001,16.320000,16.200001,16.264999,15.573029,4900
2019-06-11,16.580000,16.684999,16.580000,16.629999,15.922501,5100
2019-06-12,16.620001,16.620001,16.420000,16.441999,15.742498,3800
2019-06-13,16.490000,16.500000,16.479000,16.479000,15.777925,600
2019-06-14,16.309999,16.334999,16.299999,16.334999,15.640051,2000
2019-06-17,16.459999,16.469999,16.447001,16.447001,15.747287,1800
2019-06-18,16.459999,16.910000,16.459999,16.889999,16.171440,4000
2019-06-19,16.969999,16.969999,16.860001,16.952000,16.230803,3900
2019-06-20,17.629999,17.667999,17.540001,17.610001,16.860809,4900
2019-06-21,17.280001,17.459999,17.280001,17.340000,16.602295,8000
2019-06-24,17.513000,17.514000,17.490000,17.490000,16.745913,4800
2019-06-25,17.250000,17.250000,17.129999,17.131001,16.402187,7400
2019-06-26,17.280001,17.289000,17.200001,17.202000,16.470165,2500
2019-06-27,17.379000,17.385000,17.370001,17.385000,16.645380,600
2019-06-28,17.430000,17.440001,17.400000,17.427999,16.686550,7900
2019-07-01,17.990000,18.020000,17.889999,17.936001,17.172939,5000
2019-07-02,17.930000,17.950001,17.785000,17.846001,17.086769,25300
2019-07-03,17.830000,17.830000,17.722000,17.775000,17.018789,5400
2019-07-05,17.730000,17.730000,17.600000,17.611000,16.861767,25100
2019-07-08,17.500000,17.500000,17.420000,17.420000,16.678892,12000
2019-07-09,17.320000,17.356001,17.299999,17.351999,16.613785,4200
2019-07-10,17.410000,17.480000,17.410000,17.455000,16.712402,3000
2019-07-11,17.309999,17.327000,17.309999,17.323999,16.586975,1200
2019-07-12,17.370001,17.429001,17.368999,17.429001,16.687510,1800
2019-07-15,17.549999,17.549999,17.468000,17.510000,16.765062,5500
2019-07-16,17.450001,17.450001,17.320000,17.333000,16.595592,7600
2019-07-17,17.200001,17.309999,17.200001,17.297001,16.561125,1700
2019-07-18,17.250000,17.350000,17.250000,17.323000,16.586018,500
2019-07-19,17.427000,17.458000,17.372000,17.388000,16.648254,4600
2019-07-22,17.500000,17.510000,17.405001,17.405001,16.664530,1800
2019-07-23,17.500000,17.500000,17.386000,17.452999,16.710487,3900
2019-07-24,17.549999,17.555000,17.532000,17.551001,16.804319,2700
2019-07-25,17.680000,17.680000,17.570999,17.591000,16.842617,3300
2019-07-26,17.705000,17.760000,17.684999,17.749001,16.993895,6300
2019-07-29,17.670000,17.730000,17.670000,17.719999,16.966127,100400
2019-07-30,17.459999,17.636999,17.459999,17.625000,16.875170,99600
2019-07-31,17.670000,17.670000,17.408001,17.408001,16.667402,11000
2019-08-01,17.420000,17.430000,16.700001,16.719999,16.008671,7800
2019-08-02,16.907000,16.907000,16.580000,16.639999,15.932076,73900
2019-08-05,16.110001,16.180000,15.760000,15.820000,15.146961,16200
2019-08-06,16.209999,16.309999,16.139999,16.223000,15.532816,7500
2019-08-07,15.910000,16.260000,15.910000,16.219999,15.529943,6400
2019-08-08,16.420000,16.450001,16.420000,16.430000,15.731010,16600
2019-08-09,16.360001,16.360001,16.150000,16.238001,15.547179,6400
2019-08-12,16.299999,16.330000,16.245001,16.245001,15.553881,3900
2019-08-13,16.760000,16.840000,16.719999,16.730000,16.018246,3600
2019-08-14,16.379999,16.379999,16.299999,16.299999,15.606540,10300
2019-08-15,16.459999,16.500000,16.410000,16.440001,15.740585,8800
2019-08-16,16.629999,16.681999,16.629999,16.650000,15.941649,4000
2019-08-19,16.799999,16.822001,16.760000,16.760000,16.046970,1300
2019-08-20,16.770000,16.830000,16.770000,16.770000,16.056545,1400
2019-08-21,16.886999,16.920000,16.879999,16.909000,16.189632,3900
2019-08-22,16.820000,16.856001,16.770000,16.820000,16.104418,3400
2019-08-23,16.844999,16.924999,16.576000,16.576000,15.870799,2600
2019-08-26,16.610001,16.610001,16.566999,16.589001,15.883246,1400
2019-08-27,16.753000,16.760000,16.629999,16.629999,15.922501,3700
2019-08-28,16.540001,16.639999,16.540001,16.540001,15.836330,17900
2019-08-29,16.820000,16.820000,16.726000,16.768000,16.054630,103800
2019-08-30,16.840000,16.840000,16.610001,16.670000,15.960799,96000
2019-09-03,16.657000,16.721001,16.657000,16.721001,16.009630,1100
2019-09-04,16.760000,16.980000,16.760000,16.969999,16.248035,7100
2019-09-05,17.110001,17.243000,17.110001,17.240000,16.506550,7800
2019-09-06,17.360001,17.427000,17.360001,17.379999,16.640593,4300
2019-09-09,17.295000,17.309999,17.270000,17.306999,16.570698,4600
2019-09-10,17.240000,17.261999,17.120001,17.240000,16.506550,5000
2019-09-11,17.200001,17.200001,17.115000,17.179001,16.448145,1500
2019-09-12,17.299999,17.500000,17.299999,17.471001,16.727722,3200
2019-09-13,17.566999,17.615000,17.540001,17.601000,16.852192,3100
2019-09-16,17.350000,17.351000,17.260000,17.260000,16.525700,7200
2019-09-17,17.030001,17.143000,17.030001,17.143000,16.413675,4900
2019-09-18,17.120001,17.219999,17.120001,17.207001,16.474955,13200
2019-09-19,17.139999,17.250000,17.139999,17.139999,16.410803,6900
2019-09-20,17.230000,17.230000,16.959999,16.982000,16.259525,4500
2019-09-23,16.910000,16.975000,16.910000,16.975000,16.252825,1000
2019-09-24,17.040001,17.040001,16.947001,16.980000,16.257610,1700
2019-09-25,16.950001,17.030001,16.900999,17.025000,16.300695,19400
2019-09-26,16.930000,17.010000,16.930000,16.969999,16.248035,11300
2019-09-27,17.030001,17.030001,16.687000,16.750000,16.037395,19000
2019-09-30,16.764999,16.790001,16.761000,16.761000,16.047928,1500
2019-10-01,16.840000,16.840000,16.629999,16.643000,15.934948,12800
2019-10-02,16.600000,16.625999,16.580000,16.625999,15.918671,6900
2019-10-03,16.750000,16.750000,16.667000,16.730000,16.018246,2800
2019-10-04,16.610001,16.775000,16.610001,16.775000,16.061333,900
2019-10-07,16.770000,16.770000,16.730000,16.737000,16.024948,5200
2019-10-08,16.730000,16.790001,16.700001,16.715000,16.003885,1500
2019-10-09,16.990000,17.030001,16.969999,16.969999,16.248035,1400
2019-10-10,17.209999,17.219999,17.195999,17.195999,16.464420,800
2019-10-11,17.476000,17.577000,17.430000,17.440001,16.698042,12700
2019-10-14,17.600000,17.639999,17.570000,17.570000,16.822510,4200
2019-10-15,17.540001,17.632999,17.540001,17.590000,16.841660,6800
2019-10-16,17.520000,17.520000,17.450001,17.450001,16.707617,6600
2019-10-17,17.580000,17.620001,17.580000,17.608999,16.859850,6000
2019-10-18,17.389999,17.389999,17.306999,17.313999,16.577400,6100
2019-10-21,17.459999,17.474001,17.440001,17.474001,16.730595,700
2019-10-22,17.405001,17.450001,17.400000,17.419001,16.677935,3600
2019-10-23,17.382000,17.429001,17.360001,17.429001,16.687510,1900
2019-10-24,17.430000,17.430000,17.337999,17.368000,16.629105,3300
2019-10-25,17.357000,17.497999,17.357000,17.479000,16.735382,3900
2019-10-28,17.511999,17.540001,17.510000,17.528999,16.783255,2700
2019-10-29,17.400000,17.445000,17.400000,17.424999,16.683678,1000
2019-10-30,17.299999,17.420000,17.290001,17.416000,16.675062,1200
2019-10-31,17.320000,17.360001,17.320000,17.358000,16.619530,300
2019-11-01,17.660000,17.760000,17.660000,17.743000,16.988150,9100
2019-11-04,17.889999,17.990000,17.889999,17.922001,17.159536,14700
2019-11-05,18.030001,18.049999,18.010000,18.020000,17.253366,4500
2019-11-06,18.034000,18.034000,17.933001,17.958000,17.194004,2300
2019-11-07,18.090000,18.260000,18.090000,18.150000,17.377834,15400
2019-11-08,18.090000,18.090000,17.980000,18.040001,17.272516,9200
2019-11-11,17.740000,17.790001,17.670000,17.790001,17.033152,5000
2019-11-12,18.000000,18.000000,17.520000,17.570000,16.822510,10700
2019-11-13,17.500000,17.552999,17.490000,17.511999,16.766977,1500
2019-11-14,17.549999,17.583000,17.535000,17.583000,16.834957,900
2019-11-15,17.510000,17.580000,17.500000,17.547001,16.800489,32500
2019-11-18,17.530001,17.580000,17.500000,17.577999,16.830170,25200
2019-11-19,17.643999,17.653000,17.606001,17.639999,16.889532,11600
2019-11-20,17.540001,17.620001,17.407000,17.506001,16.761234,6600
2019-11-21,17.430000,17.440001,17.403999,17.430000,16.688467,4500
2019-11-22,17.280001,17.280001,17.132000,17.187000,16.455805,19900
2019-11-25,17.520000,17.520000,17.350000,17.392000,16.652082,13200
2019-11-26,17.344999,17.421000,17.344999,17.421000,16.679850,4200
2019-11-27,17.400000,17.459999,17.400000,17.459999,16.717190,1800
2019-11-29,17.150000,17.150000,17.030001,17.139999,16.410803,6700
2019-12-02,17.080000,17.080000,16.950001,16.950001,16.228888,7000
2019-12-03,16.900000,16.990000,16.850000,16.969999,16.248035,2000
2019-12-04,17.202000,17.218000,17.160000,17.163000,16.432825,2600
2019-12-05,17.200001,17.260000,17.200001,17.245001,16.511337,11000
2019-12-06,17.469999,17.469999,17.389999,17.400000,16.659742,3800
2019-12-09,17.360001,17.360001,17.219999,17.230000,16.496975,3000
2019-12-10,17.319000,17.341000,17.299999,17.341000,16.603252,1400
2019-12-11,17.299999,17.398001,17.250000,17.398001,16.657829,252300
2019-12-12,17.299999,17.726000,17.299999,17.676001,16.924002,6500
2019-12-13,17.200001,17.200001,16.889999,16.940001,16.940001,10300
2019-12-16,17.120001,17.120001,16.997000,17.021000,17.021000,6300
2019-12-17,17.190001,17.245001,17.180000,17.245001,17.245001,6200
2019-12-18,17.110001,17.226000,17.110001,17.226000,17.226000,2400
2019-12-19,17.118999,17.160000,17.118999,17.160000,17.160000,1400
2019-12-20,17.090000,17.195999,17.090000,17.195999,17.195999,5500
2019-12-23,17.010000,17.010000,16.940001,16.950001,16.950001,3300
2019-12-24,16.983999,17.100000,16.966000,16.966999,16.966999,12900
2019-12-26,16.990000,17.139999,16.990000,17.139999,17.139999,2800
2019-12-27,17.141001,17.160000,17.129999,17.132000,17.132000,9300
2019-12-30,17.385000,17.385000,17.250000,17.264999,17.264999,8100
2019-12-31,17.389999,17.430000,17.389999,17.424999,17.424999,3200
2020-01-02,17.719999,17.761999,17.709999,17.761999,17.761999,14200
2020-01-03,17.540001,17.540001,17.509001,17.509001,17.509001,1200
2020-01-06,17.440001,17.445000,17.389999,17.445000,17.445000,8100
2020-01-07,17.513000,17.513000,17.480000,17.504000,17.504000,3600
2020-01-08,17.566999,17.611000,17.566999,17.568001,17.568001,1300
2020-01-09,17.570000,17.649000,17.570000,17.620001,17.620001,1700
2020-01-10,17.629000,17.662001,17.620001,17.662001,17.662001,1700
2020-01-13,17.750000,17.980000,17.750000,17.971001,17.971001,607000
2020-01-14,17.770000,17.900000,17.770000,17.900000,17.900000,8000
2020-01-15,17.620001,17.750000,17.620001,17.730000,17.730000,2500
2020-01-16,17.790001,17.790001,17.690001,17.709999,17.709999,2600
2020-01-17,17.730000,17.785999,17.730000,17.785000,17.785000,4900
2020-01-21,17.080000,17.198999,17.080000,17.160000,17.160000,7200
2020-01-22,17.207001,17.209999,17.150999,17.163000,17.163000,5600
2020-01-23,16.799999,16.834999,16.590000,16.804001,16.804001,5900
2020-01-24,16.719999,16.771000,16.500000,16.540001,16.540001,56000
2020-01-27,15.590000,15.770000,15.590000,15.740000,15.740000,16700
2020-01-28,15.840000,15.981000,15.770000,15.953000,15.953000,23000
2020-01-29,16.000000,16.129999,15.920000,15.920000,15.920000,8200
2020-01-30,15.500000,15.700000,15.500000,15.670000,15.670000,16900
2020-01-31,15.470000,15.480000,15.360000,15.360000,15.360000,14400
2020-02-03,15.240000,15.460000,15.240000,15.320000,15.320000,8700
2020-02-04,15.920000,16.160000,15.920000,16.091999,16.091999,26000
2020-02-05,16.389999,16.389999,16.219999,16.219999,16.219999,5500
2020-02-06,16.389999,16.389999,16.040001,16.040001,16.040001,3800
2020-02-07,16.030001,16.100000,15.900000,15.975000,15.975000,16300
2020-02-10,15.960000,16.129999,15.960000,16.129999,16.129999,1600
2020-02-11,16.480000,16.556999,16.420000,16.445999,16.445999,3300
2020-02-12,16.549999,16.549999,16.480000,16.530001,16.530001,2600
2020-02-13,16.280001,16.290001,16.226999,16.237000,16.237000,2900
2020-02-14,16.344999,16.344999,16.320000,16.334000,16.334000,1000
2020-02-18,16.450001,16.450001,16.370001,16.370001,16.370001,1400
2020-02-19,16.450001,16.530001,16.450001,16.490000,16.490000,2300
2020-02-20,16.641001,16.645000,16.480000,16.513000,16.513000,10700
2020-02-21,16.600000,16.684999,16.600000,16.600000,16.600000,9800
2020-02-24,16.100000,16.150000,15.940000,16.075001,16.075001,50800
2020-02-25,16.260000,16.260000,16.052000,16.073999,16.073999,4600
2020-02-26,16.422001,16.462000,16.330000,16.332001,16.332001,5100
2020-02-27,16.320000,16.455000,16.219999,16.320000,16.320000,7100
2020-02-28,15.890000,16.139999,15.660000,16.136000,16.136000,3500
2020-03-02,16.340000,16.570000,16.340000,16.490999,16.490999,25900
2020-03-03,16.702999,16.809999,16.549999,16.549999,16.549999,6800
2020-03-04,16.809999,16.910000,16.809999,16.882000,16.882000,5900
2020-03-05,17.010000,17.135000,16.950001,16.961000,16.961000,5600
2020-03-06,16.559999,16.716000,16.530001,16.580000,16.580000,8900
2020-03-09,16.000000,16.270000,15.860000,16.238001,16.238001,17600
2020-03-10,16.790001,16.889999,16.629999,16.863001,16.863001,13200
2020-03-11,16.577000,16.577000,16.370001,16.409000,16.409000,8800
2020-03-12,15.700000,15.700000,15.280000,15.390000,15.390000,18000
2020-03-13,16.170000,16.170000,15.774000,16.083000,16.083000,9600
2020-03-16,14.450000,14.890000,14.310000,14.580000,14.580000,9700
2020-03-17,14.800000,15.183000,14.770000,15.183000,15.183000,14000
2020-03-18,14.460000,14.600000,14.190000,14.435000,14.435000,6100
2020-03-19,14.250000,14.650000,14.190000,14.419000,14.419000,4800
2020-03-20,14.520000,14.570000,14.098000,14.098000,14.098000,3700
2020-03-23,14.450000,14.450000,14.080000,14.100000,14.100000,6800
2020-03-24,14.620000,14.850000,14.620000,14.850000,14.850000,16700
2020-03-25,14.950000,15.100000,14.830000,14.998000,14.998000,11200
2020-03-26,15.014000,15.370000,15.014000,15.363000,15.363000,2300
2020-03-27,14.770000,14.878000,14.680000,14.760000,14.760000,3900
2020-03-30,14.770000,15.089000,14.770000,15.089000,15.089000,2700
2020-03-31,15.190000,15.190000,14.910000,14.932000,14.932000,7900
2020-04-01,14.863000,14.900000,14.694000,14.694000,14.694000,3700
2020-04-02,15.010000,15.110000,14.940000,15.108000,15.108000,6600
2020-04-03,15.014000,15.036000,14.995000,15.036000,15.036000,800
2020-04-06,15.320000,15.470000,15.320000,15.434000,15.434000,6000
2020-04-07,15.600000,15.600000,15.230000,15.253000,15.253000,2600
2020-04-08,15.430000,15.430000,15.320000,15.320000,15.320000,2200
2020-04-09,15.362000,15.450000,15.281000,15.281000,15.281000,8600
2020-04-13,15.223000,15.310000,15.220000,15.269000,15.269000,3200
2020-04-14,15.420000,15.570000,15.420000,15.545000,15.545000,1500
2020-04-15,15.245000,15.245000,15.205000,15.206000,15.206000,700
2020-04-16,15.240000,15.330000,15.240000,15.255000,15.255000,4200
2020-04-17,15.540000,15.570000,15.461000,15.570000,15.570000,5700
2020-04-20,15.550000,15.620000,15.490000,15.516000,15.516000,2400
2020-04-21,15.230000,15.251000,15.150000,15.251000,15.251000,2400
2020-04-22,15.555000,15.560000,15.547000,15.547000,15.547000,400
2020-04-23,15.590000,15.590000,15.550000,15.550000,15.550000,4300
2020-04-24,15.490000,15.509000,15.490000,15.500000,15.500000,500
2020-04-27,15.680000,15.720000,15.680000,15.714000,15.714000,5700
2020-04-28,15.900000,15.900000,15.817000,15.817000,15.817000,2200
2020-04-29,15.950000,15.950000,15.900000,15.920000,15.920000,19200
2020-04-30,15.940000,15.950000,15.580000,15.653000,15.653000,18000
2020-05-01,15.320000,15.330000,15.090000,15.107000,15.107000,4800
2020-05-04,15.130000,15.150000,15.130000,15.135000,15.135000,2700
2020-05-05,15.260000,15.420000,15.260000,15.379000,15.379000,13600
2020-05-06,15.730000,15.760000,15.690000,15.715000,15.715000,1900
2020-05-07,15.910000,15.927000,15.860000,15.927000,15.927000,1800