Date,Open,High,Low,Close,Adj Close,Volume
2016-05-10,20.030001,20.059999,20.030001,20.030001,17.849874,1528500
2016-05-11,20.040001,20.080000,20.040001,20.080000,17.894428,27500
2016-05-12,20.049999,20.049999,20.049999,20.049999,17.867691,25000
2016-05-13,20.049999,20.049999,20.049999,20.049999,17.867691,25000
2016-05-16,20.030001,20.059999,20.030001,20.059999,17.876596,10400
2016-05-17,20.049999,20.049999,20.049999,20.049999,17.867691,10000
2016-05-18,19.980000,19.980000,19.950001,19.950001,17.778578,10300
2016-05-19,19.910000,19.910000,19.910000,19.910000,17.742935,10000
2016-05-20,19.930000,19.930000,19.930000,19.930000,17.760754,10000
2016-05-23,19.950001,19.950001,19.940001,19.940001,17.769661,10400
2016-05-24,19.950001,19.950001,19.950001,19.950001,17.778578,10000
2016-05-25,19.969999,19.969999,19.969999,19.969999,17.796400,10000
2016-05-26,20.000000,20.000000,20.000000,20.000000,17.823132,10000
2016-05-27,20.010000,20.010000,20.010000,20.010000,17.832050,10000
2016-05-31,19.980000,19.980000,19.980000,19.980000,17.805317,10000
2016-06-01,19.990000,20.000000,19.969999,19.969999,17.796400,12900
2016-06-02,20.030001,20.080000,20.030001,20.070000,17.885519,10700
2016-06-03,20.100000,20.180000,20.100000,20.180000,17.983545,11900
2016-06-06,20.129999,20.129999,20.129999,20.129999,17.938982,10000
2016-06-07,20.160000,20.160000,20.160000,20.160000,17.965719,10100
2016-06-08,20.100000,20.120001,20.100000,20.110001,17.969299,1830600
2016-06-09,20.129999,20.129999,20.129999,20.129999,17.987164,10000
2016-06-10,20.150000,20.170000,20.150000,20.170000,18.022907,11400
2016-06-13,20.139999,20.160000,20.139999,20.160000,18.013968,10100
2016-06-14,20.139999,20.139999,20.139999,20.139999,17.996099,10000
2016-06-15,20.139999,20.160000,20.139999,20.160000,18.013968,23100
2016-06-16,20.200001,20.200001,20.180000,20.190001,18.040781,12600
2016-06-17,20.129999,20.150000,20.129999,20.150000,18.005035,11900
2016-06-20,20.120001,20.120001,20.120001,20.120001,17.978231,10000
2016-06-21,20.120001,20.120001,20.120001,20.120001,17.978231,11100
2016-06-22,20.120001,20.129999,20.110001,20.120001,17.978231,622900
2016-06-23,20.129999,20.139999,20.129999,20.139999,17.996099,11500
2016-06-24,20.170000,20.200001,20.160000,20.160000,18.013968,25500
2016-06-27,20.240000,20.240000,20.240000,20.240000,18.085463,1013000
2016-06-28,20.260000,20.290001,20.260000,20.290001,18.130142,736400
2016-06-29,20.299999,20.309999,20.299999,20.299999,18.139063,293900
2016-06-30,20.290001,20.290001,20.290001,20.290001,18.130142,10000
2016-07-01,20.389999,20.389999,20.350000,20.360001,18.192682,84000
2016-07-05,20.430000,20.459999,20.430000,20.459999,18.282028,13000
2016-07-06,20.420000,20.450001,20.420000,20.450001,18.273104,10500
2016-07-07,20.420000,20.450001,20.420000,20.450001,18.273104,12000
2016-07-08,20.430000,20.490000,20.430000,20.450001,18.273104,1468300
2016-07-11,20.430000,20.438999,20.389999,20.389999,18.249828,37700
2016-07-12,20.830000,20.830000,20.320000,20.320000,18.187176,47700
2016-07-13,20.379999,20.379999,20.379999,20.379999,18.240871,10000
2016-07-14,20.350000,20.389999,20.340000,20.340000,18.205076,538400
2016-07-15,20.340000,20.340000,20.299999,20.340000,18.205076,42600
2016-07-18,20.340000,20.341999,20.340000,20.341999,18.206869,10300
2016-07-19,20.420000,20.420000,20.330000,20.330000,18.196129,1708000
2016-07-20,20.340000,20.365999,20.340000,20.365999,18.228352,18300
2016-07-21,20.320000,20.379999,20.320000,20.350000,18.214031,15000
2016-07-22,20.340000,20.379999,20.340000,20.355000,18.218500,11500
2016-07-25,20.350000,20.379999,20.350000,20.370001,18.231936,12100
2016-07-26,20.350000,20.430000,20.330000,20.330000,18.196129,97000
2016-07-27,20.350000,20.420000,20.350000,20.420000,18.276684,23500
2016-07-28,20.360001,20.410000,20.360001,20.389999,18.249828,32200
2016-07-29,20.469999,20.469999,20.410000,20.430000,18.285639,40600
2016-08-01,20.430000,20.500000,20.430000,20.500000,18.348286,64500
2016-08-02,20.430000,20.440001,20.330000,20.360001,18.222984,27100
2016-08-03,20.340000,20.370001,20.340000,20.370001,18.231936,16900
2016-08-04,20.370001,20.420000,20.370001,20.410000,18.267738,14400
2016-08-05,20.410000,20.410000,20.340000,20.370001,18.231936,19400
2016-08-08,20.309999,20.340000,20.309999,20.330000,18.229239,22300
2016-08-09,20.370001,20.379999,20.340000,20.360001,18.256140,349500
2016-08-10,20.440001,20.440001,20.400000,20.400000,18.292011,39100
2016-08-11,20.410000,20.410000,20.360001,20.370001,18.265108,17800
2016-08-12,20.459999,20.459999,20.389000,20.420000,18.309942,65000
2016-08-15,20.400000,20.400000,20.360001,20.379999,18.274071,42800
2016-08-16,20.370001,20.379999,20.344999,20.370001,18.265108,51400
2016-08-17,20.379999,20.410000,20.355000,20.400000,18.292011,18400
2016-08-18,20.410000,20.420000,20.378000,20.400000,18.292011,519400
2016-08-19,20.400000,20.400000,20.370001,20.389999,18.283041,41500
2016-08-22,20.420000,20.420000,20.420000,20.420000,18.309942,3100
2016-08-23,20.440001,20.450001,20.410000,20.420000,18.309942,44900
2016-08-24,20.450001,20.450001,20.420000,20.420000,18.309942,76000
2016-08-25,20.370001,20.440001,20.370001,20.410000,18.300972,52100
2016-08-26,20.469999,20.610001,20.350000,20.350000,18.247173,381500
2016-08-29,20.430000,20.440001,20.388000,20.430000,18.318907,15800
2016-08-30,20.430000,20.430000,20.370001,20.410000,18.300972,94200
2016-08-31,20.420000,20.424999,20.379999,20.379999,18.274071,180200
2016-09-01,20.388000,20.410000,20.388000,20.400000,18.292011,10100
2016-09-02,20.459999,20.469999,20.379999,20.410000,18.300972,26600
2016-09-06,20.393000,20.469999,20.393000,20.469999,18.354771,10100
2016-09-07,20.450001,20.459999,20.420000,20.459999,18.345804,2400
2016-09-08,20.410000,20.410000,20.367001,20.379999,18.274071,5200
2016-09-09,20.299999,20.299999,20.238001,20.257000,18.197716,34500
2016-09-12,20.250000,20.270000,20.211000,20.260000,18.200409,5500
2016-09-13,20.290001,20.309999,20.190001,20.219999,18.164471,14500
2016-09-14,21.209999,21.209999,20.200001,20.200001,18.146507,69000
2016-09-15,20.240000,20.250000,20.219999,20.219999,18.164471,16600
2016-09-16,20.229000,20.260000,20.229000,20.260000,18.200409,11300
2016-09-19,20.260000,20.260000,20.209999,20.209999,18.155489,25800
2016-09-20,20.290001,20.290001,20.250000,20.250000,18.191423,62600
2016-09-21,20.240000,20.280001,20.240000,20.280001,18.218380,15200
2016-09-22,20.341000,20.360001,20.309999,20.360001,18.290243,85600
2016-09-23,20.353001,20.370001,20.330000,20.360001,18.290243,16500
2016-09-26,20.389999,20.389999,20.346001,20.370001,18.299229,3600
2016-09-27,20.379999,20.396000,20.379999,20.379999,18.308207,12900
2016-09-28,20.400000,20.410000,20.379999,20.379999,18.308207,22100
2016-09-29,20.386999,20.410000,20.370001,20.410000,18.335159,419200
2016-09-30,20.340000,20.379999,20.330000,20.350000,18.281260,17900
2016-10-03,20.344999,20.370001,20.332001,20.370001,18.299229,48400
2016-10-04,20.370001,20.370001,20.290001,20.309999,18.245325,9800
2016-10-05,20.330000,20.379000,20.280001,20.284000,18.221977,1800
2016-10-06,20.280001,20.299999,20.250000,20.260000,18.200409,22100
2016-10-07,20.285000,20.320000,20.270000,20.270000,18.209393,22100
2016-10-10,20.400000,20.400000,20.270000,20.275999,18.214787,8100
2016-10-11,20.280001,20.280001,20.200001,20.200001,18.181479,67000
2016-10-12,20.200001,20.200001,20.181000,20.200001,18.181479,68000
2016-10-13,20.200001,20.254999,20.200001,20.254999,18.230988,5500
2016-10-14,20.222000,20.250000,20.190001,20.190001,18.172480,51000
2016-10-17,20.200001,20.250000,20.200001,20.250000,18.226480,12000
2016-10-18,20.230000,20.280001,20.230000,20.240000,18.217487,20500
2016-10-19,20.299999,20.299999,20.250000,20.281000,18.254391,32600
2016-10-20,20.283001,20.302999,20.250000,20.250000,18.226480,15100
2016-10-21,20.299999,20.309999,20.285000,20.299000,18.270592,10700
2016-10-24,20.375000,20.375000,20.240000,20.250000,18.226480,37000
2016-10-25,20.250000,20.280001,20.240000,20.280001,18.253489,8600
2016-10-26,20.230000,20.250000,20.209999,20.209999,18.190485,91200
2016-10-27,20.219999,20.219999,20.150000,20.170000,18.154482,12100
2016-10-28,20.180000,20.190001,20.110001,20.110001,18.100477,3500
2016-10-31,20.177000,20.186001,20.160000,20.170000,18.154482,8500
2016-11-01,20.120001,20.150000,20.120001,20.150000,18.136473,24700
2016-11-02,20.180000,20.180000,20.080000,20.100000,18.091471,156800
2016-11-03,20.139999,20.150000,20.120001,20.129999,18.118469,14400
2016-11-04,20.350000,20.350000,20.120001,20.129999,18.118469,54800
2016-11-07,20.200001,20.200001,20.120001,20.180000,18.163471,87600
2016-11-08,20.150000,20.160000,20.090000,20.100000,18.132803,15400
2016-11-09,19.959999,20.040001,19.930000,19.940001,17.988462,357000
2016-11-10,19.959999,19.959999,19.770000,19.770000,17.835112,28300
2016-11-11,19.826000,19.826000,19.690001,19.690001,17.762932,111000
2016-11-14,19.639999,19.740000,19.639999,19.660000,17.735868,4300
2016-11-15,19.764000,19.840000,19.760000,19.760000,17.826082,24400
2016-11-16,19.719999,19.809999,19.719999,19.760000,17.826082,2600
2016-11-17,19.709999,19.809999,19.700001,19.709999,17.780975,39300
2016-11-18,19.690001,19.705000,19.639999,19.639999,17.717823,250900
2016-11-21,19.639999,19.730000,19.639999,19.730000,17.799021,46000
2016-11-22,19.749001,19.790001,19.719999,19.730000,17.799021,136900
2016-11-23,19.680000,19.718000,19.580000,19.670000,17.744896,78200
2016-11-25,19.730000,19.730000,19.660000,19.719999,17.789988,4800
2016-11-28,19.735001,19.778000,19.700001,19.709999,17.780975,104300
2016-11-29,19.680000,19.760000,19.680000,19.709999,17.780975,79000
2016-11-30,19.687000,19.739000,19.680000,19.680000,17.753906,39000
2016-12-01,19.624001,19.650000,19.600000,19.610001,17.690760,48000
2016-12-02,19.683001,19.719999,19.639999,19.639999,17.717823,610800
2016-12-05,19.510000,19.740000,19.510000,19.700001,17.771957,307800
2016-12-06,19.770000,19.780001,19.719999,19.730000,17.799021,117700
2016-12-07,19.799999,19.868000,19.780001,19.809999,17.871189,83900
2016-12-08,19.690001,19.730000,19.660000,19.690001,17.815985,19300
2016-12-09,19.718000,19.750000,19.670000,19.670000,17.797899,34500
2016-12-12,19.639999,19.719999,19.639999,19.660000,17.788849,21000
2016-12-13,19.680000,19.770000,19.680000,19.700001,17.825048,865000
2016-12-14,19.754999,19.754999,19.570000,19.570000,17.707413,11400
2016-12-15,19.610001,19.629999,19.549999,19.549999,17.689320,150600
2016-12-16,19.549999,19.639999,19.549999,19.549999,17.689320,37900
2016-12-19,19.660000,19.670000,19.620001,19.629999,17.761702,149800
2016-12-20,19.610001,19.658001,19.600000,19.600000,17.734556,107700
2016-12-21,19.600000,19.680000,19.600000,19.650000,17.779802,179600
2016-12-22,19.600000,19.709999,19.600000,19.670000,17.797899,139500
2016-12-23,19.705999,19.719999,19.677999,19.719999,17.843142,124500
2016-12-27,19.650000,19.736000,19.650000,19.650000,17.779802,17000
2016-12-28,19.930000,19.930000,19.620001,19.620001,17.808847,37100
2016-12-29,19.740000,19.740000,19.670000,19.680000,17.863306,82600
2016-12-30,19.809999,19.809999,19.680000,19.709999,17.890537,37700
2017-01-03,19.680000,19.790001,19.680000,19.740000,17.917772,44500
2017-01-04,19.750000,19.820000,19.750000,19.799999,17.972229,27500
2017-01-05,19.790001,19.900000,19.790001,19.840000,18.008539,43200
2017-01-06,19.790001,19.816000,19.780001,19.790001,17.963158,50400
2017-01-09,19.799999,19.870001,19.799999,19.809999,17.981308,9100
2017-01-10,19.870001,19.879999,19.799999,19.799999,17.972229,25500
2017-01-11,19.799999,19.879999,19.799999,19.820000,17.990387,30100
2017-01-12,19.850000,19.908001,19.830000,19.830000,17.999468,35100
2017-01-13,19.879999,19.879999,19.783001,19.799999,17.972229,9500
2017-01-17,19.920000,19.920000,19.850000,19.850000,18.017614,18000
2017-01-18,19.879000,19.879999,19.780001,19.780001,17.954079,62600
2017-01-19,19.750000,19.750000,19.730000,19.740000,17.917772,8600
2017-01-20,19.747999,19.750000,19.726999,19.750000,17.926846,6200
2017-01-23,19.750000,19.870001,19.750000,19.870001,18.035770,80400
2017-01-24,19.770000,19.833000,19.770000,19.830000,17.999468,682300
2017-01-25,19.774000,19.799999,19.763000,19.799999,17.972229,9700
2017-01-26,19.784000,19.820000,19.760000,19.771000,17.945911,20300
2017-01-27,19.777000,19.849001,19.770000,19.840000,18.008539,19900
2017-01-30,19.830000,19.830000,19.785999,19.820000,17.990387,13800
2017-01-31,19.839001,19.843000,19.799999,19.799999,17.972229,13400
2017-02-01,19.791000,19.840000,19.780001,19.780001,17.954079,11400
2017-02-02,19.829000,19.860001,19.799999,19.809999,17.981308,20300
2017-02-03,19.790001,19.895000,19.760000,19.760000,17.935925,30400
2017-02-06,19.889000,19.919001,19.860001,19.860001,18.026693,29900
2017-02-07,19.930000,19.930000,19.865999,19.910000,18.072073,290300
2017-02-08,19.910000,19.920000,19.860001,19.870001,18.082087,55800
2017-02-09,19.840000,19.874001,19.820000,19.820000,18.036581,109900
2017-02-10,19.834000,19.870001,19.827999,19.857000,18.070257,156800
2017-02-13,19.820000,19.870001,19.820000,19.850000,18.063881,150300
2017-02-14,19.830000,19.840000,19.774000,19.840000,18.054787,5200
2017-02-15,19.809999,19.823999,19.771000,19.815001,18.032036,21300
2017-02-16,19.834000,19.860001,19.820000,19.860001,18.072987,9200
2017-02-17,19.840000,19.870001,19.840000,19.870001,18.082087,61800
2017-02-21,19.830000,19.900000,19.830000,19.870001,18.082087,17500
2017-02-22,19.879999,19.900000,19.850000,19.900000,18.109388,65400
2017-02-23,19.950001,19.950001,19.924999,19.938999,18.144876,44600
2017-02-24,19.950001,20.014000,19.933001,20.014000,18.213133,5100
2017-02-27,20.020000,20.020000,19.940001,19.940001,18.145798,165500
2017-02-28,19.940001,20.000000,19.940001,19.990000,18.191286,16700
2017-03-01,19.910000,19.940001,19.900000,19.940001,18.145798,5200
2017-03-02,20.330000,20.330000,19.867001,19.879999,18.091188,31200
2017-03-03,19.870001,19.889999,19.840000,19.889999,18.100288,7400
2017-03-06,19.850000,19.879999,19.820000,19.820000,18.036581,11000
2017-03-07,19.844999,19.844999,19.770000,19.809999,18.027487,110800
2017-03-08,19.690001,19.693001,19.639999,19.639999,17.921633,296100
2017-03-09,19.639999,19.650000,19.600000,19.610001,17.894260,22800
2017-03-10,19.629000,19.639999,19.600000,19.600000,17.885134,696100
2017-03-13,19.620001,19.620001,19.570999,19.610001,17.894260,19500
2017-03-14,19.549999,19.590000,19.549999,19.580000,17.866882,3900
2017-03-15,19.580000,19.754000,19.580000,19.750000,18.022011,12600
2017-03-16,19.750000,19.760000,19.698999,19.730000,18.003759,69000
2017-03-17,19.750000,19.760000,19.730000,19.760000,18.031143,282700
2017-03-20,19.745001,19.770000,19.730000,19.770000,18.040264,7700
2017-03-21,19.775999,19.778999,19.750000,19.754999,18.026571,179800
2017-03-22,19.775000,19.790001,19.759001,19.790001,18.058510,4700
2017-03-23,19.799999,19.809999,19.770000,19.790001,18.058510,37700
2017-03-24,19.799999,19.818001,19.770000,19.799999,18.067633,88800
2017-03-27,19.830000,19.834000,19.780001,19.820000,18.085886,17400
2017-03-28,19.840000,19.844000,19.820000,19.830000,18.095013,15100
2017-03-29,19.860001,19.879999,19.840000,19.870001,18.131510,13900
2017-03-30,19.850000,19.884001,19.844999,19.875999,18.136992,7600
2017-03-31,19.879999,19.900000,19.840000,19.840000,18.104136,104100
2017-04-03,19.896999,19.920000,19.896999,19.920000,18.177135,324500
2017-04-04,19.980000,19.980000,19.889999,19.910000,18.168013,42300
2017-04-05,19.900000,19.940001,19.879999,19.889999,18.149759,330000
2017-04-06,19.913000,19.913000,19.879999,19.889999,18.149759,273900
2017-04-07,19.945999,19.950001,19.882999,19.896999,18.156147,28900
2017-04-10,19.861000,19.872999,19.848000,19.848000,18.157978,5000
2017-04-11,19.879999,19.910000,19.850000,19.910000,18.214699,21600
2017-04-12,19.950001,19.950001,19.889999,19.940001,18.242147,26600
2017-04-13,19.969999,19.969999,19.926001,19.950001,18.251286,8600
2017-04-17,19.940001,19.980000,19.930000,19.945999,18.247629,35000
2017-04-18,19.954000,20.000000,19.954000,20.000000,18.297037,3500
2017-04-19,20.000000,20.000000,19.950001,19.980000,18.278738,30900
2017-04-20,19.969999,19.980000,19.959999,19.980000,18.278738,23800
2017-04-21,19.950001,19.990000,19.950001,19.950001,18.251286,9200
2017-04-24,20.010000,20.010000,19.950001,19.950001,18.251286,8500
2017-04-25,19.964001,19.968000,19.929001,19.931999,18.234825,8800
2017-04-26,19.990000,19.990000,19.947001,19.947001,18.248550,14200
2017-04-27,19.975000,19.990000,19.966999,19.980000,18.278738,18300
2017-04-28,19.969999,20.000000,19.969999,20.000000,18.297037,7700
2017-05-01,20.010000,20.010000,19.959999,19.959999,18.260443,43800
2017-05-02,19.990000,20.020000,19.969999,20.010000,18.306185,25800
2017-05-03,20.080000,20.080000,19.980000,20.000000,18.297037,68000
2017-05-04,19.969999,19.969999,19.927000,19.950001,18.251286,16800
2017-05-05,19.969999,19.969999,19.930000,19.950001,18.251286,151200
2017-05-08,19.900000,19.910000,19.879999,19.889999,18.243034,18100
2017-05-09,19.900000,19.900000,19.850000,19.889999,18.243034,13400
2017-05-10,19.889999,19.930000,19.889999,19.917999,18.268719,13300
2017-05-11,19.920000,19.924000,19.895000,19.924000,18.274223,14700
2017-05-12,19.969999,19.980000,19.940001,19.980000,18.325586,127500
2017-05-15,19.969999,19.990000,19.961000,19.969999,18.316414,19700
2017-05-16,19.990999,20.020000,19.983999,20.010000,18.353102,7400
2017-05-17,20.031000,20.070000,20.000000,20.059999,18.398952,22900
2017-05-18,20.469999,20.469999,20.017000,20.017000,18.359522,8100
2017-05-19,20.044001,20.070000,20.000000,20.000000,18.343931,174200
2017-05-22,20.330000,20.330000,20.049999,20.049999,18.389788,32200
2017-05-23,20.063999,20.090000,20.030001,20.049999,18.389788,42500
2017-05-24,20.044001,20.260000,20.030001,20.080000,18.417305,13000
2017-05-25,20.090000,20.090000,20.040001,20.080000,18.417305,5800
2017-05-26,20.090000,21.049999,20.040001,20.065001,18.403547,12900
2017-05-30,20.120001,20.120001,20.080000,20.120001,18.453991,137500
2017-05-31,20.120001,20.129999,20.080000,20.080000,18.417305,38800
2017-06-01,20.080000,20.129999,20.080000,20.090000,18.426474,14200
2017-06-02,20.180000,20.190001,20.157000,20.190001,18.518196,20000
2017-06-05,20.170000,20.180000,20.139999,20.150000,18.481508,45900
2017-06-06,20.155001,20.190001,20.150000,20.160000,18.490679,83400
2017-06-07,20.170000,20.170000,20.110001,20.110001,18.444818,18800
2017-06-08,20.056999,20.090000,20.056999,20.090000,18.477928,17200
2017-06-09,20.040001,20.087999,20.040001,20.070000,18.459534,10600
2017-06-12,20.080000,20.100000,20.040001,20.090000,18.477928,15500
2017-06-13,20.080000,20.100000,20.049999,20.049999,18.441139,27800
2017-06-14,20.150999,20.180000,20.120001,20.120001,18.505522,12300
2017-06-15,20.120001,20.120001,20.100000,20.110001,18.496325,3800
2017-06-16,20.150000,20.150000,20.070000,20.070000,18.459534,254800
2017-06-19,20.110001,20.120001,20.080000,20.100000,18.487127,35300
2017-06-20,20.099001,20.110001,20.070000,20.070000,18.459534,23200
2017-06-21,20.110001,20.110001,20.070000,20.070000,18.459534,24300
2017-06-22,20.090000,20.100000,20.070000,20.090000,18.477928,29200
2017-06-23,20.160000,20.160000,20.090000,20.100000,18.487127,72700
2017-06-26,20.190001,20.190001,20.120001,20.120001,18.505522,12400
2017-06-27,20.150000,20.150000,20.070000,20.080000,18.468737,35100
2017-06-28,20.090000,20.120001,20.070000,20.070000,18.459534,53000
2017-06-29,20.066999,20.080000,20.049999,20.070000,18.459534,8200
2017-06-30,20.056000,20.070000,20.056000,20.059999,18.450336,8600
2017-07-03,20.055000,20.055000,19.990000,19.990000,18.385956,11100
2017-07-05,20.014999,20.049999,20.010000,20.040001,18.431946,67700
2017-07-06,19.981001,20.010000,19.950001,19.950001,18.349169,32700
2017-07-07,19.930000,19.990000,19.930000,19.950001,18.349169,32200
2017-07-10,19.950001,20.010000,19.950001,19.969999,18.367559,24900
2017-07-11,19.910000,19.969999,19.910000,19.969999,18.419210,16000
2017-07-12,20.014999,20.040001,20.010000,20.020000,18.465332,5200
2017-07-13,20.049999,20.049999,20.000000,20.020000,18.465332,33200
2017-07-14,20.059999,20.100000,20.030001,20.040001,18.483778,24300
2017-07-17,20.080000,20.080000,20.038000,20.070000,18.511444,12000
2017-07-18,20.150000,20.150000,20.049999,20.120001,18.557562,7500
2017-07-19,20.139999,20.139999,20.080000,20.120001,18.557562,46200
2017-07-20,20.190001,20.190001,20.122999,20.129999,18.566786,7700
2017-07-21,20.122000,20.160000,20.122000,20.150000,18.585234,15400
2017-07-24,20.122999,20.166000,20.110001,20.139999,18.576010,87400
2017-07-25,20.139999,20.139999,20.070000,20.080000,18.520672,34500
2017-07-26,20.084000,20.150000,20.070000,20.129999,18.566786,50200
2017-07-27,20.120001,20.120001,20.080000,20.110001,18.548338,64700
2017-07-28,20.110001,20.129999,20.080000,20.080000,18.520672,78100
2017-07-31,20.070000,20.139999,20.070000,20.139999,18.576010,8600
2017-08-01,20.150000,20.190001,20.059999,20.190001,18.622129,313100
2017-08-02,20.110001,20.190001,20.110001,20.170000,18.603683,58600
2017-08-03,20.270000,20.270000,20.150000,20.190001,18.622129,29200
2017-08-04,20.125000,20.180000,20.070000,20.070000,18.511444,182200
2017-08-07,20.129999,20.190001,20.110001,20.160000,18.594454,26200
2017-08-08,20.055000,20.066999,20.030001,20.040001,18.527891,32300
2017-08-09,20.180000,20.180000,20.018999,20.028999,18.517719,191300
2017-08-10,20.018999,20.040001,20.000000,20.004000,18.494606,22400
2017-08-11,20.090000,20.090000,19.969999,19.990000,18.481661,138400
2017-08-14,20.000000,20.059999,19.990000,20.020000,18.509399,379500
2017-08-15,20.010000,20.020000,19.980000,20.000000,18.490911,68200
2017-08-16,20.010000,20.070000,19.980000,20.010000,18.500158,25500
2017-08-17,20.049999,20.059999,20.010000,20.020000,18.509399,26600
2017-08-18,20.070000,20.080000,20.040001,20.040001,18.527891,39100
2017-08-21,19.969999,20.080000,19.969999,20.059999,18.546377,87700
2017-08-22,20.063000,20.080000,20.059999,20.059999,18.546377,20900
2017-08-23,20.100000,20.150000,20.049999,20.080000,18.564869,137600
2017-08-24,20.070000,20.120001,20.070000,20.080000,18.564869,64200
2017-08-25,20.120001,20.150000,20.100000,20.100000,18.583361,176400
2017-08-28,20.160000,20.160000,20.100000,20.150000,18.629587,26900
2017-08-29,20.180000,20.184999,20.120001,20.120001,18.601856,86000
2017-08-30,20.200001,20.200001,20.138000,20.160000,18.638834,49200
2017-08-31,20.200001,20.230000,20.160000,20.190001,18.666571,50600
2017-09-01,20.188999,20.191999,20.150000,20.190001,18.666571,16400
2017-09-05,20.216000,20.270000,20.190001,20.270000,18.740536,104900
2017-09-06,20.250000,20.260000,20.150000,20.150000,18.629587,79400
2017-09-07,20.260000,20.260000,20.190001,20.240000,18.712803,47000
2017-09-08,20.209999,20.219999,20.190001,20.190001,18.666571,56100
2017-09-11,20.180000,20.180000,20.090000,20.090000,18.626707,28100
2017-09-12,20.139999,20.139999,20.100000,20.110001,18.645248,112600
2017-09-13,20.120001,20.120001,20.090000,20.100000,18.635977,44400
2017-09-14,20.100000,20.129999,20.059999,20.110001,18.645248,245200
2017-09-15,20.100000,20.139999,20.090000,20.139999,18.673063,16900
2017-09-18,20.059999,20.120001,20.059999,20.100000,18.635977,26700
2017-09-19,20.120001,20.120001,20.100000,20.110001,18.645248,20600
2017-09-20,20.129999,20.149000,20.010000,20.080000,18.617435,60800
2017-09-21,20.129999,20.129999,20.090000,20.090000,18.626707,20900
2017-09-22,20.150000,20.150000,20.090000,20.100000,18.635977,46100
2017-09-25,20.120001,20.139999,20.107000,20.139999,18.673063,25300
2017-09-26,20.139999,20.150000,20.110001,20.139999,18.673063,62800
2017-09-27,20.100000,20.120001,20.080000,20.100000,18.635977,145000
2017-09-28,20.100000,20.120001,20.077000,20.120001,18.654520,30700
2017-09-29,20.160000,20.160000,20.080000,20.080000,18.617435,50700
2017-10-02,20.090000,20.139999,20.090000,20.139999,18.673063,410700
2017-10-03,20.180000,20.180000,20.100000,20.139999,18.673063,39000
2017-10-04,20.170000,20.180000,20.115999,20.150000,18.682329,91700
2017-10-05,20.180000,20.180000,20.110001,20.139999,18.673063,82400
2017-10-06,20.040001,20.120001,20.040001,20.110001,18.645248,57200
2017-10-09,20.160000,20.160000,20.099001,20.120001,18.654520,57900
2017-10-10,20.105000,20.150000,20.090000,20.139999,18.673063,88000
2017-10-11,20.100000,20.110001,20.063999,20.100000,18.670275,161100
2017-10-12,20.063999,20.110001,20.063999,20.100000,18.670275,52800
2017-10-13,20.129000,20.150000,20.115999,20.150000,18.716715,40300
2017-10-16,20.190001,20.190001,20.105000,20.120001,18.688850,63400
2017-10-17,20.139999,20.139999,20.090000,20.120001,18.688850,21400
2017-10-18,20.120001,20.120001,20.087000,20.100000,18.670275,49400
2017-10-19,20.129999,20.129999,20.100000,20.129999,18.698147,43300
2017-10-20,20.120001,20.120001,20.049999,20.090000,18.660988,51500
2017-10-23,20.139999,20.139999,20.059999,20.100000,18.670275,49900
2017-10-24,20.100000,20.100000,20.049999,20.049999,18.623827,44900
2017-10-25,20.059999,20.059999,20.020000,20.049999,18.623827,60000
2017-10-26,20.039000,20.070000,20.039000,20.049999,18.623827,63400
2017-10-27,20.059999,20.080000,20.033001,20.080000,18.651703,41400
2017-10-30,20.110001,20.120001,20.070000,20.120001,18.688850,53200
2017-10-31,20.120001,20.120001,20.070000,20.070000,18.642408,87300
2017-11-01,20.110001,20.129999,20.080999,20.110001,18.679564,38900
2017-11-02,20.120001,20.120001,20.070000,20.120001,18.688850,84300
2017-11-03,20.129999,20.129999,20.101000,20.120001,18.688850,46200
2017-11-06,20.120001,20.120001,20.090000,20.100000,18.670275,196600
2017-11-07,20.110001,20.110001,20.059999,20.080000,18.651703,1142200
2017-11-08,20.059999,20.080000,20.010000,20.040001,18.644253,357100
2017-11-09,20.010000,20.010000,19.940001,19.950001,18.560524,172800
2017-11-10,19.959999,19.959999,19.921000,19.940001,18.551222,84100
2017-11-13,19.959999,19.969999,19.920000,19.950001,18.560524,36600
2017-11-14,19.920000,19.930000,19.900000,19.900000,18.514008,103400
2017-11-15,19.930000,19.959999,19.900000,19.959999,18.569828,103800
2017-11-16,19.920000,19.990000,19.920000,19.980000,18.588434,60800
2017-11-17,20.000000,20.000000,19.969999,19.990000,18.597738,53800
2017-11-20,19.990000,20.010000,19.950001,19.976999,18.585642,73300
2017-11-21,20.020000,20.030001,19.982000,20.010000,18.616348,91400
2017-11-22,20.030001,20.059999,20.020000,20.049999,18.653555,26600
2017-11-24,20.080000,20.080000,20.049999,20.059999,18.662857,24600
2017-11-27,20.070000,20.070000,20.025999,20.059999,18.662857,257200
2017-11-28,20.080000,20.080000,20.032000,20.059999,18.662857,191200
2017-11-29,20.030001,20.030001,19.980000,20.030001,18.634954,114300
2017-11-30,20.020000,20.030001,19.969999,20.010000,18.616348,200900
2017-12-01,19.980000,20.100000,19.980000,20.020000,18.625650,87200
2017-12-04,19.990000,20.030001,19.990000,20.010000,18.616348,29400
2017-12-05,20.049999,20.049999,20.010000,20.020000,18.625650,193300
2017-12-06,20.059999,20.070000,20.041000,20.059999,18.662857,57100
2017-12-07,20.070000,20.070000,20.020000,20.025000,18.630302,210600
2017-12-08,19.959999,19.989000,19.950001,19.980000,18.640562,32000
2017-12-11,20.000000,20.020000,19.969999,19.969999,18.631231,116800
2017-12-12,19.940001,19.969999,19.930000,19.959999,18.621901,54100
2017-12-13,19.959999,20.030001,19.959999,20.030001,18.687216,42700
2017-12-14,19.969999,20.010000,19.969999,19.980000,18.640562,195500
2017-12-15,19.980000,20.020000,19.980000,19.990000,18.649891,36400
2017-12-18,19.990000,20.020000,19.980000,20.000000,18.659222,109100
2017-12-19,19.950001,19.969999,19.920000,19.940001,18.603243,68400
2017-12-20,19.920000,19.950001,19.879999,19.920000,18.584591,87500
2017-12-21,19.910000,19.930000,19.889999,19.915001,18.579922,37100
2017-12-22,19.940001,19.950001,19.910000,19.950001,18.612576,36600
2017-12-26,19.930000,19.969999,19.730000,19.948999,18.611641,54200
2017-12-27,20.020000,20.020000,19.969999,20.020000,18.677889,63000
2017-12-28,19.959999,19.969999,19.910000,19.910000,18.626427,44200
2017-12-29,19.900000,19.980000,19.900000,19.950001,18.663851,115400
2018-01-02,19.920000,19.945000,19.900000,19.940001,18.654493,470900
2018-01-03,19.950001,19.969999,19.921000,19.966000,18.678816,81200
2018-01-04,19.959999,20.000000,19.913000,19.990000,18.701269,109000
2018-01-05,19.930000,19.959999,19.910000,19.959999,18.673203,52200
2018-01-08,19.990000,19.990000,19.900000,19.940001,18.654493,311600
2018-01-09,19.910000,19.910000,19.834000,19.850000,18.570299,68700
2018-01-10,19.740000,19.840000,19.730000,19.830000,18.551586,172200
2018-01-11,19.836000,19.900000,19.820000,19.879999,18.598360,279600
2018-01-12,19.820000,19.895000,19.820000,19.889999,18.607718,24800
2018-01-16,19.940001,19.959999,19.850000,19.900000,18.617075,117900
2018-01-17,19.860001,19.910000,19.830000,19.840000,18.560940,45800
2018-01-18,19.809999,19.820000,19.750000,19.750000,18.476742,237400
2018-01-19,19.754000,19.770000,19.719999,19.740000,18.467386,249900
2018-01-22,19.799999,19.799999,19.719999,19.752001,18.478615,65800
2018-01-23,19.809999,19.820000,19.760000,19.820000,18.542231,90200
2018-01-24,19.719999,19.780001,19.719999,19.780001,18.504808,49000
2018-01-25,19.840000,19.840000,19.750000,19.840000,18.560940,13700
2018-01-26,19.840000,19.840000,19.760000,19.790001,18.514164,69800
2018-01-29,19.709999,19.768000,19.705000,19.760000,18.486099,62900
2018-01-30,19.680000,19.705000,19.650000,19.680000,18.411261,83000
2018-01-31,19.750000,19.750000,19.639999,19.740000,18.467386,142400
2018-02-01,19.760000,19.760000,19.591000,19.620001,18.355124,56400
2018-02-02,19.610001,19.610001,19.507999,19.520000,18.261570,56500
2018-02-05,19.450001,19.580000,19.450001,19.490000,18.233509,73700
2018-02-06,19.510000,19.540001,19.459999,19.530001,18.270926,3370000
2018-02-07,19.570000,19.599001,19.410000,19.440001,18.186731,59600
2018-02-08,19.299999,19.350000,19.280001,19.299999,18.108850,31500
2018-02-09,19.219999,19.280001,19.180000,19.190001,18.005640,930500
2018-02-12,19.290001,19.290001,19.240000,19.250000,18.061941,68400
2018-02-13,19.299999,19.299999,19.219999,19.264999,18.076006,223700
2018-02-14,19.260000,19.260000,19.160000,19.190001,18.005640,112700
2018-02-15,19.280001,19.299999,19.250000,19.280001,18.090084,139900
2018-02-16,19.370001,19.370001,19.290001,19.370001,18.174530,60800
2018-02-20,19.309999,19.313999,19.270000,19.299999,18.108850,44300
2018-02-21,19.290001,19.295000,19.160000,19.180000,17.996258,41900
2018-02-22,19.230000,19.250000,19.190001,19.200001,18.015018,41500
2018-02-23,19.240000,19.299999,19.230000,19.299999,18.108850,26900
2018-02-26,19.320000,19.365000,19.280001,19.289000,18.098530,50300
2018-02-27,19.309999,19.340000,19.219999,19.280001,18.090084,100800
2018-02-28,19.280001,19.320000,19.270000,19.280001,18.090084,121300
2018-03-01,19.280001,19.362000,19.260000,19.320000,18.127611,52100
2018-03-02,19.280001,19.290001,19.230000,19.257000,18.068510,50000
2018-03-05,19.290001,19.292000,19.219999,19.230000,18.043169,34700
2018-03-06,19.280001,19.280001,19.230000,19.240000,18.052553,22900
2018-03-07,19.280001,19.280001,19.230000,19.250000,18.061941,1659300
2018-03-08,19.180000,19.226000,19.180000,19.190001,18.059113,194500
2018-03-09,19.219999,19.219999,19.180000,19.205000,18.073229,20500
2018-03-12,19.190001,19.219999,19.190001,19.200001,18.068527,43800
2018-03-13,19.200001,19.224001,19.180000,19.180000,18.049702,57800
2018-03-14,19.219999,19.250000,19.209999,19.219999,18.087343,29900
2018-03-15,19.219999,19.250000,19.200001,19.232000,18.098642,26800
2018-03-16,19.222000,19.233999,19.219999,19.231001,18.097698,19100
2018-03-19,19.219999,19.219999,19.180000,19.180000,18.049702,25400
2018-03-20,19.219999,19.219999,19.150000,19.170000,18.040293,25600
2018-03-21,19.139999,19.170000,19.120001,19.150000,18.021467,23800
2018-03-22,19.188000,19.209999,19.160000,19.160000,18.030880,16000
2018-03-23,19.200001,19.200001,19.145000,19.153999,18.025234,1521700
2018-03-26,19.174000,19.190001,19.150000,19.160000,18.030880,42300
2018-03-27,19.170000,19.230000,19.170000,19.209999,18.077930,244000
2018-03-28,19.242001,19.250000,19.219999,19.238001,18.104288,16600
2018-03-29,19.250000,19.299999,19.250000,19.288000,18.151339,14700
2018-04-02,19.260000,19.283001,19.250000,19.250000,18.115578,37900
2018-04-03,19.309999,19.309999,19.240000,19.240000,18.106171,161800
2018-04-04,19.250000,19.280001,19.230000,19.259001,18.124048,35500
2018-04-05,19.230000,19.270000,19.230000,19.240000,18.106171,230200
2018-04-06,19.260000,19.319000,19.250000,19.309999,18.172045,30700
2018-04-09,19.223000,19.270000,19.209999,19.240999,18.163546,25600
2018-04-10,19.240000,19.280001,19.240000,19.260000,18.181486,69900
2018-04-11,19.360001,19.360001,19.260000,19.270000,18.190920,262100
2018-04-12,19.260000,19.290001,19.240000,19.290001,18.209801,37200
2018-04-13,19.280001,19.299000,19.250000,19.289000,18.208858,25300
2018-04-16,19.230000,19.290001,19.230000,19.270000,18.190920,131200
2018-04-17,19.260000,19.320000,19.260000,19.304001,18.223019,16700
2018-04-18,19.270000,19.278999,19.219999,19.219999,18.143721,22900
2018-04-19,19.190001,19.190001,19.125999,19.170000,18.096519,21900
2018-04-20,19.120001,19.136999,19.090000,19.110001,18.039881,70600
2018-04-23,19.110001,19.110001,19.049999,19.080000,18.011560,36700
2018-04-24,19.040001,19.070000,19.010000,19.059999,17.992676,40500
2018-04-25,18.973000,19.010000,18.959999,19.000000,17.936047,29500
2018-04-26,19.030001,19.040001,19.010000,19.030001,17.964357,33500
2018-04-27,19.070000,19.090000,19.059999,19.059999,17.992676,24700
2018-04-30,19.103001,19.118999,19.070000,19.100000,18.030441,21400
2018-05-01,19.073999,19.073999,19.020000,19.040001,17.973804,22000
2018-05-02,19.079000,19.100000,19.030001,19.030001,17.964357,33900
2018-05-03,19.100000,19.120001,19.059999,19.059999,17.992676,143600
2018-05-04,19.129999,19.129999,19.030001,19.063000,17.995512,897300
2018-05-07,19.049999,19.059999,19.030001,19.030001,17.964357,26800
2018-05-08,18.950001,19.004000,18.950001,18.995001,17.984240,17300
2018-05-09,18.930000,18.974001,18.930000,18.931999,17.924593,32600
2018-05-10,18.990000,19.002001,18.959999,19.002001,17.990870,33200
2018-05-11,19.040001,19.040001,18.969999,19.010000,17.998447,81400
2018-05-14,19.020000,19.020000,18.968000,18.990000,17.979511,43700
2018-05-15,18.879999,18.914000,18.820000,18.877001,17.872526,57500
2018-05-16,18.860001,18.886000,18.830000,18.850000,17.846960,83800
2018-05-17,18.809999,18.832001,18.790001,18.820000,17.818552,60100
2018-05-18,18.799999,18.900000,18.799999,18.900000,17.894300,102600
2018-05-21,18.670000,18.899000,18.670000,18.870001,17.865898,56200
2018-05-22,18.875000,18.879999,18.840000,18.860001,17.856426,63600
2018-05-23,18.950001,18.950001,18.900000,18.940001,17.932175,87400
2018-05-24,18.959999,19.025999,18.889999,19.003000,17.991819,67500
2018-05-25,19.040001,19.079000,19.040001,19.059999,18.045780,38800
2018-05-29,19.059999,19.290001,19.059999,19.270000,18.244612,38600
2018-05-30,19.209999,19.209999,19.160000,19.200001,18.178337,199800
2018-05-31,19.219999,19.242001,19.190001,19.219999,18.197271,25900
2018-06-01,19.180000,19.180000,19.090000,19.150000,18.130995,54200
2018-06-04,19.090000,19.110001,19.059999,19.059999,18.045780,51300
2018-06-05,19.080000,19.120001,19.070000,19.090000,18.074190,152200
2018-06-06,19.049999,19.080000,19.035000,19.070000,18.055254,60000
2018-06-07,19.058001,19.120001,19.049999,19.120001,18.102592,24000
2018-06-08,19.059999,19.090000,19.030001,19.030001,18.049473,216400
2018-06-11,19.010000,19.048000,19.010000,19.030001,18.049473,10000
2018-06-12,19.049999,19.049999,19.020000,19.040001,18.058964,32100
2018-06-13,19.040001,19.059999,19.000000,19.049999,18.068447,43800
2018-06-14,19.090000,19.110001,19.045000,19.110001,18.125355,119100
2018-06-15,19.090000,19.150000,19.080000,19.090000,18.106386,75100
2018-06-18,19.110001,19.115999,19.059999,19.090000,18.106386,217600
2018-06-19,19.139999,19.150000,19.100000,19.129999,18.144327,25500
2018-06-20,19.101000,19.110001,19.059999,19.059999,18.077929,32400
2018-06-21,19.080000,19.120001,19.080000,19.090000,18.106386,49700
2018-06-22,19.129999,19.129999,19.070000,19.090000,18.106386,57600
2018-06-25,19.080999,19.139999,19.080999,19.100000,18.115871,29100
2018-06-26,19.113001,19.120001,19.090000,19.110001,18.125355,63600
2018-06-27,19.139999,19.152000,19.110001,19.129999,18.144327,36800
2018-06-28,19.165001,19.179001,18.959999,19.139999,18.153814,176700
2018-06-29,19.139999,19.160999,19.080000,19.080000,18.096903,13100
2018-07-02,19.090000,19.132999,19.090000,19.100000,18.115871,290600
2018-07-03,19.160000,19.170000,19.129999,19.139999,18.153814,46700
2018-07-05,19.139999,19.181000,19.139999,19.160000,18.172777,116300
2018-07-06,19.160000,19.200001,19.160000,19.180000,18.191744,133100
2018-07-09,19.160000,19.195000,19.150000,19.180000,18.191744,39300
2018-07-10,19.129999,19.150000,19.120001,19.132000,18.192699,66200
2018-07-11,19.146000,19.150000,19.129999,19.129999,18.190802,15000
2018-07-12,19.120001,19.160000,19.120001,19.150000,18.209818,11800
2018-07-13,19.120001,19.177000,19.120001,19.165001,18.224083,847900
2018-07-16,19.129999,19.153000,19.129999,19.150000,18.209818,144700
2018-07-17,19.139999,19.159000,19.139999,19.159000,18.218378,294400
2018-07-18,19.139999,19.160000,19.110001,19.160000,18.219324,261900
2018-07-19,19.139999,19.160000,19.110001,19.160000,18.219324,281700
2018-07-20,19.129999,19.159000,19.129999,19.150000,18.209818,50900
2018-07-23,19.139999,19.149000,18.450001,19.120001,18.181288,64900
2018-07-24,19.125000,19.150000,19.125000,19.150000,18.209818,36900
2018-07-25,19.150000,19.170000,19.129999,19.160000,18.219324,68200
2018-07-26,19.155001,19.170000,19.139999,19.160000,18.219324,35800
2018-07-27,19.139999,19.155001,19.129999,19.139999,18.200312,41700
2018-07-30,19.160000,19.160000,19.120001,19.139999,18.200312,19000
2018-07-31,19.150000,19.169001,19.150000,19.166000,18.225029,10800
2018-08-01,19.170000,19.170000,19.129999,19.129999,18.190802,53300
2018-08-02,19.150000,19.170000,19.129999,19.160000,18.219324,762300
2018-08-03,19.150000,19.188999,19.150000,19.184999,18.243101,13800
2018-08-06,19.195000,19.209999,19.180000,19.190001,18.247852,86600
2018-08-07,19.170000,19.190001,19.170000,19.170000,18.228832,19900
2018-08-08,19.070000,19.150000,19.070000,19.120001,18.229788,48200
2018-08-09,19.170000,19.170000,19.129999,19.139999,18.248856,37800
2018-08-10,19.379999,19.379999,19.150999,19.160000,18.267927,44000
2018-08-13,19.160000,19.190001,19.160000,19.180000,18.286993,17500
2018-08-14,19.209999,19.209999,19.160000,19.176001,18.283178,22900
2018-08-15,19.219999,19.219999,19.170000,19.170000,18.277458,28800
2018-08-16,19.139999,19.200001,19.139999,19.170000,18.277458,32900
2018-08-17,19.160000,19.190001,19.160000,19.180000,18.286993,7600
2018-08-20,19.180000,19.209999,19.180000,19.200001,18.306063,12700
2018-08-21,19.219999,19.219999,19.170000,19.171000,18.278414,21400
2018-08-22,19.230000,19.230000,19.172001,19.219999,18.325134,13400
2018-08-23,19.211000,19.230000,19.190001,19.190001,18.296530,81300
2018-08-24,19.219999,19.230000,19.195999,19.211000,18.316545,18500
2018-08-27,19.219999,19.219999,19.190001,19.195999,18.302248,19500
2018-08-28,19.170000,19.209999,19.160000,19.200001,18.306063,21400
2018-08-29,19.209999,19.209999,19.170000,19.170000,18.277458,65900
2018-08-30,19.219999,19.219999,19.180000,19.200001,18.306063,13600
2018-08-31,19.170000,19.230000,19.170000,19.190001,18.296530,17000
2018-09-04,19.209999,19.209999,19.180000,19.180000,18.286993,11800
2018-09-05,19.309999,19.309999,19.170000,19.191000,18.297482,14900
2018-09-06,19.180000,19.209999,19.180000,19.190001,18.296530,24400
2018-09-07,19.170000,19.170000,19.145000,19.156000,18.264112,6800
2018-09-10,19.170000,19.176001,19.155001,19.160000,18.267927,27500
2018-09-11,19.110001,19.129999,19.100000,19.100000,18.247860,18500
2018-09-12,19.110001,19.139999,19.110001,19.120001,18.266972,21500
2018-09-13,19.160000,19.160000,19.120001,19.125000,18.271744,1065600
2018-09-14,19.129000,19.129000,19.100000,19.120001,18.266972,121800
2018-09-17,19.330000,19.330000,19.100000,19.110001,18.257416,12500
2018-09-18,19.110001,19.129999,19.090000,19.090000,18.238310,32700
2018-09-19,19.090000,19.101999,19.044001,19.094000,18.242130,33500
2018-09-20,19.100000,19.100000,19.079000,19.093000,18.241177,42200
2018-09-21,19.120001,19.120001,19.080000,19.103001,18.250729,12500
2018-09-24,19.110001,19.110001,19.090000,19.110001,18.257416,28400
2018-09-25,19.100000,19.101999,19.080000,19.100000,18.247860,24900
2018-09-26,19.080000,19.120001,19.070000,19.090000,18.238310,39000
2018-09-27,19.100000,19.118999,19.096001,19.110001,18.257416,49500
2018-09-28,19.110001,19.139999,19.110001,19.139999,18.286081,21300
2018-10-01,19.070000,19.150000,19.070000,19.100000,18.247860,69100
2018-10-02,19.150000,19.150000,19.120001,19.132000,18.278429,24700
2018-10-03,19.100000,19.132999,19.070000,19.070000,18.219208,29900
2018-10-04,19.110001,19.110001,19.020000,19.049999,18.200090,33800
2018-10-05,19.028000,19.030001,18.959999,18.990000,18.142771,79600
2018-10-08,19.020000,19.020000,18.980000,18.980000,18.133217,7400
2018-10-09,18.940001,18.959999,18.930000,18.950001,18.147583,53200
2018-10-10,18.930000,18.940001,18.889999,18.910999,18.110231,1746500
2018-10-11,18.940001,18.950001,18.930000,18.950001,18.147583,625900
2018-10-12,18.969999,18.980000,18.959999,18.980000,18.176311,48000
2018-10-15,18.959999,18.969999,18.940001,18.959999,18.157156,20500
2018-10-16,18.959999,18.990000,18.959999,18.969999,18.166733,31900
2018-10-17,18.969999,19.000000,18.950001,18.969999,18.166733,19600
2018-10-18,18.930000,18.959999,18.930000,18.959999,18.157156,8300
2018-10-19,18.930000,18.959999,18.900000,18.910000,18.109270,41900
2018-10-22,18.959999,18.959999,18.889999,18.913000,18.112152,23100
2018-10-23,18.900000,18.940001,18.900000,18.910000,18.109270,2640000
2018-10-24,18.930000,18.962999,18.920000,18.920000,18.118851,16200
2018-10-25,18.940001,18.950001,18.900000,18.950001,18.147583,17100
2018-10-26,18.936001,18.959000,18.889999,18.930000,18.128428,34700
2018-10-29,18.920000,18.938000,18.920000,18.929001,18.127472,4200
2018-10-30,18.950001,18.950001,18.900000,18.913000,18.112152,5900
2018-10-31,18.900000,18.930000,18.879999,18.879999,18.080545,25900
2018-11-01,18.870001,18.933001,18.870001,18.919001,18.117893,18100
2018-11-02,19.209999,19.209999,18.889999,18.898001,18.097784,10000
2018-11-05,18.870001,18.920000,18.870001,18.900000,18.099695,62200
2018-11-06,18.930000,18.930000,18.299999,18.879999,18.080545,142100
2018-11-07,18.959999,18.959999,18.930000,18.959999,18.157156,22000
2018-11-08,18.850000,18.889000,18.850000,18.879999,18.139866,15300
2018-11-09,18.930000,18.930000,18.809999,18.840000,18.101429,329100
2018-11-12,18.950001,18.950001,18.809999,18.900000,18.159077,11000
2018-11-13,18.850000,18.850000,18.790001,18.809999,18.072609,20000
2018-11-14,18.850000,18.850000,18.770000,18.770000,18.034174,43000
2018-11-15,18.799999,18.806000,18.230000,18.780001,18.043783,27300
2018-11-16,18.830000,18.830000,18.580000,18.799999,18.062996,799000
2018-11-19,18.820000,18.820000,18.750000,18.780001,18.043783,39900
2018-11-20,18.789000,19.059999,18.770000,18.799999,18.062996,60200
2018-11-21,18.830000,18.830000,18.799999,18.815001,18.077414,6900
2018-11-23,18.820000,18.820000,18.740000,18.740000,18.005350,10800
2018-11-26,18.820000,18.820000,18.790001,18.813999,18.076450,19200
2018-11-27,18.780001,18.959999,18.780001,18.790001,18.053392,106700
2018-11-28,18.790001,18.850000,18.770000,18.840000,18.101429,33200
2018-11-29,18.868999,18.870001,18.799999,18.820000,18.082211,28200
2018-11-30,18.830000,19.070000,18.639999,18.850000,18.111036,57800
2018-12-03,18.872999,18.872999,18.650000,18.870001,18.130253,14400
2018-12-04,18.892000,18.892000,18.830000,18.850000,18.111036,43700
2018-12-06,18.830000,18.889999,18.660000,18.840000,18.101429,42800
2018-12-07,18.851000,18.889999,18.650000,18.879999,18.139866,55600
2018-12-10,18.840000,18.870001,18.799999,18.809999,18.125412,71700
2018-12-11,18.809999,18.850000,18.809999,18.809999,18.125412,139200
2018-12-12,18.889999,18.889999,18.799999,18.809999,18.125412,50800
2018-12-13,18.820000,18.860001,18.680000,18.860001,18.173586,60900
2018-12-14,18.840000,18.870001,18.809999,18.860001,18.173586,47100
2018-12-17,18.860001,18.870001,18.809999,18.850000,18.163954,69600
2018-12-18,18.840000,18.879999,18.820000,18.840000,18.154312,43300
2018-12-19,18.860001,18.920000,18.860001,18.875999,18.189007,524600
2018-12-20,18.882999,18.882999,18.840000,18.840000,18.154312,19800
2018-12-21,18.850000,18.879999,18.719999,18.770000,18.086864,34900
2018-12-24,18.870001,18.889999,18.860001,18.870001,18.183228,24900
2018-12-26,18.860001,18.882999,18.840000,18.860001,18.173586,64800
2018-12-27,18.870001,18.870001,18.840000,18.840000,18.199669,135100
2018-12-28,18.870001,18.879999,18.840000,18.879999,18.238312,57000
2018-12-31,18.910000,18.910000,18.690001,18.910000,18.267292,78900
2019-01-02,18.889999,18.940001,18.790001,18.940001,18.296272,30500
2019-01-03,18.930000,19.000000,18.924999,18.980000,18.334915,26900
2019-01-04,18.940001,18.950001,18.920000,18.930000,18.286613,175900
2019-01-07,18.990000,18.990000,18.930000,18.940001,18.296272,15600
2019-01-08,18.920000,18.931000,18.910000,18.924999,18.281780,10700
2019-01-09,18.917000,18.930000,18.910000,18.910000,18.267292,25900
2019-01-10,18.920000,18.969999,18.910000,18.940001,18.296272,38100
2019-01-11,18.969999,18.969999,18.948999,18.959999,18.315592,5000
2019-01-14,18.948000,18.980000,18.943001,18.969999,18.325251,19200
2019-01-15,18.945000,18.959999,18.943001,18.945000,18.301102,173100
2019-01-16,18.950001,18.959999,18.930000,18.945000,18.301102,25300
2019-01-17,18.938999,18.950001,18.920000,18.950001,18.305933,7400
2019-01-18,18.930000,18.930000,18.879999,18.879999,18.238312,61100
2019-01-22,18.931000,18.940001,18.910000,18.934000,18.290478,2700
2019-01-23,18.900000,18.931000,18.900000,18.924000,18.280817,10900
2019-01-24,18.910000,18.945999,18.910000,18.940001,18.296272,4000
2019-01-25,18.920000,18.947001,18.915001,18.930000,18.286613,15500
2019-01-28,18.926001,18.941999,18.926001,18.934999,18.291443,8300
2019-01-29,18.950001,18.969999,18.930000,18.969999,18.325251,16200
2019-01-30,18.959999,19.000000,18.934999,19.000000,18.354235,13100
2019-01-31,19.000000,19.049999,18.980000,19.040001,18.392876,26900
2019-02-01,18.990000,18.990000,18.969999,18.980000,18.334915,29800
2019-02-04,18.969000,18.990000,18.940001,18.980000,18.334915,16400
2019-02-05,18.966999,19.000000,18.959999,19.000000,18.354235,14400
2019-02-06,18.990000,19.010000,18.986000,18.995001,18.349401,17100
2019-02-07,19.010000,19.020000,18.980000,18.980000,18.334915,6200
2019-02-08,19.000000,19.000000,18.969999,18.985001,18.379450,13100
2019-02-11,18.950001,18.979000,18.950001,18.950001,18.345562,10600
2019-02-12,18.959999,18.980000,18.940001,18.950001,18.345562,50700
2019-02-13,18.945000,18.959999,18.910000,18.910000,18.306837,18300
2019-02-14,18.981001,18.981001,18.940001,18.959999,18.355242,11300
2019-02-15,18.969999,18.969999,18.945000,18.959999,18.355242,12000
2019-02-19,18.985001,18.990000,18.971001,18.980000,18.374607,8700
2019-02-20,19.010000,19.540001,18.889999,19.000000,18.393969,52300
2019-02-21,18.976000,18.980000,18.969999,18.980000,18.374607,19800
2019-02-22,18.997999,19.010000,18.980000,18.980000,18.374607,24700
2019-02-25,18.969999,18.990000,18.969999,18.990000,18.384281,8900
2019-02-26,18.990000,19.002001,18.980000,18.990000,18.384281,7700
2019-02-27,18.980000,19.000000,18.974001,18.981001,18.375576,13200
2019-02-28,18.980000,18.985001,18.950001,18.980000,18.374607,68800
2019-03-01,18.959999,18.969999,18.940001,18.955999,18.351372,22300
2019-03-04,18.940001,18.969999,18.940001,18.969999,18.364922,5900
2019-03-05,18.962999,18.962999,18.940001,18.950001,18.345562,4800
2019-03-06,18.980000,18.990000,18.959999,18.969999,18.364922,24500
2019-03-07,19.004000,19.004000,18.982000,18.990000,18.384281,4100
2019-03-08,18.940001,18.969999,18.940001,18.940001,18.371677,37700
2019-03-11,18.969999,19.000000,18.940001,18.950001,18.381380,44600
2019-03-12,18.980000,19.010000,18.980000,18.990000,18.420176,7100
2019-03-13,18.990000,19.020000,18.980000,18.990000,18.420176,32600
2019-03-14,18.990000,19.010000,18.990000,19.010000,18.439577,8700
2019-03-15,19.020000,19.023001,19.010000,19.010000,18.439577,7700
2019-03-18,19.020000,19.024000,19.010000,19.014999,18.444426,9400
2019-03-19,19.016001,19.025000,19.000000,19.020000,18.449276,9600
2019-03-20,19.011999,19.080000,19.000000,19.080000,18.507479,44800
2019-03-21,19.090000,19.094000,19.080000,19.086000,18.513298,8400
2019-03-22,19.110001,19.160000,19.110001,19.129999,18.555977,15300
2019-03-25,19.139999,19.180000,19.139999,19.170000,18.594776,23600
2019-03-26,19.190001,19.200001,19.170000,19.170000,18.594776,65200
2019-03-27,19.202999,19.209999,19.190001,19.200001,18.623878,28700
2019-03-28,19.190001,19.200001,19.170000,19.191000,18.615145,19700
2019-03-29,19.160000,19.200001,19.160000,19.180000,18.604477,15200
2019-04-01,19.172001,19.172001,19.146999,19.150000,18.575378,4000
2019-04-02,19.156000,19.160000,19.120001,19.150000,18.575378,18200
2019-04-03,19.160000,19.160000,19.120001,19.125000,18.551125,62200
2019-04-04,19.129999,19.160000,19.129999,19.160000,18.585075,5200
2019-04-05,19.160000,19.180000,19.129999,19.150000,18.575378,35500
2019-04-08,19.120001,19.134001,19.080000,19.100000,18.571487,33200
2019-04-09,19.128000,19.139999,19.118000,19.139999,18.610378,3600
2019-04-10,19.150000,19.170000,19.059999,19.150000,18.620104,12600
2019-04-11,19.153000,19.170000,19.139999,19.170000,18.639553,9100
2019-04-12,19.150000,19.153999,19.135000,19.135000,18.605516,9600
2019-04-15,19.129999,19.150000,19.110001,19.129999,18.600655,277100
2019-04-16,19.110001,19.139999,19.110001,19.111000,18.582178,21800
2019-04-17,19.110001,19.125999,19.110001,19.120001,18.590935,3100
2019-04-18,19.129999,19.139999,19.120001,19.139999,18.610378,6700
2019-04-22,19.110001,19.122999,19.100000,19.100000,18.571487,6100
2019-04-23,19.139999,19.170000,19.129999,19.129999,18.600655,47700
2019-04-24,19.160999,19.190001,19.160999,19.190001,18.658997,14200
2019-04-25,19.160000,19.190001,19.160000,19.190001,18.658997,6000
2019-04-26,19.200001,19.230000,19.180000,19.180000,18.649271,12700
2019-04-29,19.191000,19.191000,19.174999,19.174999,18.644411,7300
2019-04-30,19.160000,19.190001,19.160000,19.180000,18.649271,22700
2019-05-01,19.240000,19.240000,19.195000,19.209999,18.678444,10500
2019-05-02,19.184000,19.184000,19.150000,19.160000,18.629824,8900
2019-05-03,19.181000,19.209999,19.170000,19.170000,18.639553,11800
2019-05-06,19.219999,19.219999,19.190001,19.190001,18.658997,7900
2019-05-07,19.230000,19.230000,19.170000,19.190001,18.658997,18700
2019-05-08,19.150000,19.153000,19.129999,19.129999,18.647299,10700
2019-05-09,19.150000,19.160000,19.120001,19.160000,18.676540,16500
2019-05-10,19.180000,19.180000,19.139999,19.139999,18.657042,4700
2019-05-13,19.165001,19.180000,19.150000,19.160000,18.676540,9200
2019-05-14,19.160000,19.187000,19.160000,19.174999,18.691164,2700
2019-05-15,19.190001,19.200001,19.180000,19.200001,18.715534,28900
2019-05-16,19.190001,19.202999,19.180000,19.195000,18.710661,8800
2019-05-17,19.209999,19.215000,19.180000,19.209999,18.725279,198600
2019-05-20,19.120001,19.200001,19.120001,19.184999,18.700912,23700
2019-05-21,19.190001,19.190001,19.070000,19.160000,18.676540,14000
2019-05-22,19.100000,19.198999,19.100000,19.190001,18.705786,1100
2019-05-23,19.200001,19.230000,19.110001,19.110001,18.627806,20000
2019-05-24,19.219999,19.240000,19.170000,19.230000,18.744774,2300
2019-05-28,19.237000,19.240000,19.201000,19.240000,18.754522,19000
2019-05-29,19.250000,19.280001,19.200001,19.200001,18.715534,15800
2019-05-30,19.209999,19.273001,19.209999,19.271000,18.784740,4400
2019-05-31,19.280001,19.320000,19.250000,19.320000,18.832506,149800
2019-06-03,19.330000,19.379999,19.299999,19.379999,18.890989,47800
2019-06-04,19.340000,19.363001,19.290001,19.299999,18.813009,10500
2019-06-05,19.402000,19.402000,19.309999,19.309999,18.822758,16400
2019-06-06,19.400000,19.410000,19.330000,19.330000,18.842251,22100
2019-06-07,19.410000,19.430000,19.379999,19.430000,18.939730,18200
2019-06-10,19.353001,19.360001,19.280001,19.320000,18.877197,30000
2019-06-11,19.340000,19.350000,19.320000,19.334999,18.891855,7000
2019-06-12,19.320000,19.360001,19.320000,19.360001,18.916279,95200
2019-06-13,19.372000,19.386000,19.370001,19.386000,18.941685,7600
2019-06-14,19.360001,19.384001,19.320000,19.330000,18.886965,289900
2019-06-17,19.350000,19.389999,19.350000,19.389999,18.945593,10300
2019-06-18,19.400999,19.420000,19.340000,19.340000,18.896738,8300
2019-06-19,19.379999,19.459999,19.370001,19.452000,19.006170,5600
2019-06-20,19.504999,19.504999,19.480000,19.488001,19.041348,24000
2019-06-21,19.457001,19.469999,19.440001,19.450001,19.004215,2800
2019-06-24,19.440001,19.480000,19.420000,19.469999,19.023756,31000
2019-06-25,19.500000,19.500000,19.450001,19.469999,19.023756,14200
2019-06-26,19.459999,19.480000,19.410000,19.440001,18.994446,14100
2019-06-27,19.462000,19.493999,19.461000,19.485001,19.038414,67800
2019-06-28,19.480000,19.510000,19.430000,19.495001,19.048187,13600
2019-07-01,19.504000,19.504000,19.480000,19.480000,19.033529,2200
2019-07-02,19.510000,19.530001,19.490000,19.530001,19.082386,24600
2019-07-03,19.520000,19.545000,19.520000,19.545000,19.097040,1600
2019-07-05,19.417999,19.455000,19.417999,19.455000,19.009100,1300
2019-07-08,19.459000,19.459000,19.430000,19.445000,18.999331,22900
2019-07-09,19.389000,19.400000,19.379999,19.385000,18.979752,1600
2019-07-10,19.412001,19.427000,19.389999,19.389999,18.984646,91900
2019-07-11,19.400000,19.407000,19.353001,19.367001,18.962128,8200
2019-07-12,19.360001,19.370001,19.340000,19.370001,18.965063,11600
2019-07-15,19.370001,19.400000,19.350000,19.400000,18.994438,9000
2019-07-16,19.365000,19.372999,19.360001,19.370001,18.965063,6500
2019-07-17,19.370001,19.423000,19.370001,19.419001,19.013041,5300
2019-07-18,19.400000,19.469999,19.400000,19.420000,19.014019,19600
2019-07-19,19.420000,19.440001,19.400000,19.410000,19.004227,14800
2019-07-22,19.450001,19.455000,19.400000,19.400000,18.994438,14700
2019-07-23,19.448000,19.459999,19.420000,19.420000,19.014019,4600
2019-07-24,19.471001,19.472000,19.450001,19.459999,19.053177,223800
2019-07-25,19.459999,19.459999,19.420000,19.430000,19.023809,5700
2019-07-26,19.420000,19.450001,19.420000,19.430000,19.023809,6800
2019-07-29,19.450001,19.471001,19.450001,19.465000,19.058075,1900
2019-07-30,19.462999,19.462999,19.430000,19.445000,19.038494,132700
2019-07-31,19.480000,19.489000,19.350000,19.350000,18.945482,12100
2019-08-01,19.493000,19.563999,19.400000,19.559999,19.151089,28000
2019-08-02,19.559999,19.580000,19.549999,19.559999,19.151089,19800
2019-08-05,19.610001,19.680000,19.510000,19.510000,19.102139,20300
2019-08-06,19.629999,19.636000,19.530001,19.636000,19.225504,15700
2019-08-07,19.680000,19.680000,19.570000,19.590000,19.180464,14300
2019-08-08,19.554001,19.629999,19.554001,19.629999,19.263878,394600
2019-08-09,19.610001,19.610001,19.530001,19.559999,19.195183,362300
2019-08-12,19.590000,19.660000,19.590000,19.629999,19.263878,6100
2019-08-13,19.629999,19.641001,19.610001,19.625000,19.258972,3100
2019-08-14,19.650000,19.670000,19.639999,19.650000,19.283504,16400
2019-08-15,19.684999,19.719999,19.665001,19.719999,19.352200,20400
2019-08-16,19.680000,19.719999,19.680000,19.719000,19.351217,4700
2019-08-19,19.680000,19.700001,19.670000,19.684999,19.317852,39200
2019-08-20,19.700001,19.733000,19.700001,19.730000,19.362015,172900
2019-08-21,19.719999,19.760000,19.719999,19.760000,19.391453,8200
2019-08-22,19.750000,19.750000,19.700001,19.700001,19.332575,9500
2019-08-23,19.730000,19.770000,19.730000,19.760000,19.391453,12100
2019-08-26,19.740000,19.782000,19.730000,19.730000,19.362015,7000
2019-08-27,19.790001,19.809999,19.790001,19.792000,19.422857,27000
2019-08-28,19.799999,19.830000,19.799999,19.799999,19.430704,13800
2019-08-29,19.780001,19.799999,19.760000,19.780001,19.411083,20900
2019-08-30,19.780001,19.809000,19.780001,19.809000,19.439539,4800
2019-09-03,19.799999,19.837000,19.790001,19.809999,19.440523,23100
2019-09-04,19.830000,19.850000,19.816999,19.837000,19.467020,12500
2019-09-05,19.787001,19.790001,19.750000,19.750000,19.381639,19400
2019-09-06,19.790001,19.790001,19.775999,19.790001,19.420895,1500
2019-09-09,19.750000,19.750000,19.730000,19.730000,19.362015,7800
2019-09-10,19.650000,19.650000,19.584000,19.584000,19.265604,7700
2019-09-11,19.570000,19.594999,19.570000,19.579000,19.260687,1539200
2019-09-12,19.636999,19.636999,19.559999,19.563999,19.245930,4600
2019-09-13,19.520000,19.530001,19.472000,19.473000,19.156412,4300
2019-09-16,19.510000,19.538000,19.500000,19.520000,19.202648,3300
2019-09-17,19.520000,19.559999,19.520000,19.549999,19.232159,4900
2019-09-18,19.570000,19.625999,19.540001,19.579000,19.260687,16700
2019-09-19,19.610001,19.610001,19.590000,19.590000,19.271509,2000
2019-09-20,19.620001,19.660000,19.615999,19.660000,19.340370,5100
2019-09-23,19.684999,19.705999,19.665001,19.665001,19.345289,11100
2019-09-24,19.670000,19.702000,19.670000,19.695000,19.374802,7800
2019-09-25,19.700001,19.700001,19.610001,19.629999,19.310858,14500
2019-09-26,19.650000,19.680000,19.639999,19.670000,19.350208,7400
2019-09-27,19.670000,19.680000,19.660000,19.680000,19.360048,6000
2019-09-30,19.660000,19.695000,19.660000,19.695000,19.374802,2000
2019-10-01,19.730000,19.740000,19.709999,19.719999,19.399395,5200
2019-10-02,19.721001,19.749001,19.719999,19.740000,19.419067,2600
2019-10-03,19.740000,19.797001,19.740000,19.785000,19.463339,20400
2019-10-04,19.809999,19.840000,19.790001,19.825001,19.502691,8100
2019-10-07,19.790001,19.799999,19.770000,19.775999,19.454485,17300
2019-10-08,19.750000,19.750000,19.719999,19.729000,19.453499,1900
2019-10-09,19.740000,19.740000,19.695000,19.719999,19.444624,550100
2019-10-10,19.680000,19.680000,19.655001,19.655001,19.380535,3000
2019-10-11,19.629999,19.650000,19.610001,19.625000,19.350952,2900
2019-10-14,19.650000,19.670000,19.629999,19.660000,19.385464,15900
2019-10-15,20.049999,20.049999,19.620001,19.629999,19.355883,27600
2019-10-16,19.629999,19.660000,19.629999,19.642000,19.367716,3800
2019-10-17,19.639999,19.670000,19.639999,19.650000,19.375599,19100
2019-10-18,19.600000,19.670000,19.600000,19.663000,19.388422,9200
2019-10-21,19.639999,19.650000,19.627001,19.629999,19.355883,6600
2019-10-22,19.670000,19.670000,19.627001,19.639999,19.365742,14000
2019-10-23,19.650000,19.665001,19.648001,19.652000,19.377573,6400
2019-10-24,19.700001,19.700001,19.665001,19.665001,19.390394,16200
2019-10-25,19.660000,19.673000,19.639999,19.660000,19.385464,10200
2019-10-28,19.620001,19.620001,19.620001,19.620001,19.346024,0
2019-10-29,19.627001,19.635000,19.610001,19.620001,19.346024,6200
2019-10-30,19.650000,19.665001,19.643000,19.665001,19.390394,2500
2019-10-31,19.711000,19.745001,19.709999,19.735001,19.459417,9400
2019-11-01,19.750000,19.750000,19.719999,19.740000,19.464342,7500
2019-11-04,19.691000,19.698000,19.680000,19.695000,19.419975,2800
2019-11-05,19.620001,19.636000,19.620001,19.632000,19.357855,4900
2019-11-06,19.643999,19.680000,19.643999,19.660000,19.385464,3900
2019-11-07,19.520000,19.559999,19.510000,19.530001,19.303427,3800
2019-11-08,19.530001,19.540001,19.510000,19.520000,19.293541,468000
2019-11-11,19.500000,19.517000,19.500000,19.514999,19.288601,2400
2019-11-12,19.490000,19.549999,19.490000,19.549999,19.323193,18200
2019-11-13,19.549999,19.561001,19.540001,19.549999,19.323193,62300
2019-11-14,19.639999,19.639999,19.590000,19.600000,19.372612,9800
2019-11-15,19.605000,19.620001,19.580000,19.605000,19.377554,28200
2019-11-18,19.620001,19.650000,19.620001,19.635000,19.407207,6500
2019-11-19,19.620001,19.638000,19.620001,19.620001,19.392382,8000
2019-11-20,19.645000,19.662001,19.639999,19.650999,19.423021,18100
2019-11-21,19.620001,19.635000,19.610001,19.620001,19.392382,7500
2019-11-22,19.639999,19.650000,19.639999,19.650000,19.422033,5700
2019-11-25,19.680000,19.709999,19.680000,19.690001,19.461571,2500
2019-11-26,19.719000,19.736000,19.719000,19.719999,19.491220,10600
2019-11-27,19.708000,19.740000,19.708000,19.740000,19.510990,2300
2019-11-29,19.709999,19.719999,19.709999,19.719999,19.491220,1200
2019-12-02,19.629999,19.660000,19.629999,19.639999,19.412146,19800
2019-12-03,19.709000,19.750000,19.709000,19.730000,19.501104,10600
2019-12-04,19.686001,19.705000,19.686001,19.705000,19.476395,6600
2019-12-05,19.709999,19.709999,19.700001,19.705000,19.476395,4100
2019-12-06,19.702999,19.709999,19.690001,19.700001,19.471453,10300
2019-12-09,19.670000,19.673000,19.650000,19.660000,19.482353,5100
2019-12-10,19.650000,19.660999,19.639999,19.660000,19.482353,516700
2019-12-11,19.662001,19.709000,19.662001,19.700001,19.521992,5400
2019-12-12,19.697001,19.700001,19.660000,19.671000,19.493254,13600
2019-12-13,19.719999,19.740000,19.690001,19.719999,19.541809,13600
2019-12-16,19.721001,19.730000,19.700001,19.709999,19.531900,5400
2019-12-17,19.730000,19.730000,19.730000,19.730000,19.551720,123400
2019-12-18,19.743000,19.743000,19.725000,19.730000,19.551720,3800
2019-12-19,19.719999,19.750000,19.709999,19.740000,19.561632,7000
2019-12-20,19.690001,19.750999,19.690001,19.730000,19.551720,7100
2019-12-23,19.735001,19.740000,19.709999,19.725000,19.546766,11200
2019-12-24,19.719999,19.743999,19.700001,19.735001,19.556675,7900
2019-12-26,19.760000,19.760000,19.754999,19.754999,19.576494,300
2019-12-27,19.760000,19.784000,19.760000,19.780001,19.601269,10300
2019-12-30,19.716000,19.750000,19.716000,19.740000,19.598291,6900
2019-12-31,19.690001,19.740000,19.690001,19.740000,19.598291,16600
2020-01-02,19.750000,19.780001,19.750000,19.780001,19.638002,2600
2020-01-03,19.799999,19.799999,19.790001,19.790001,19.647932,1700
2020-01-06,19.879999,19.879999,19.760000,19.790001,19.647932,268500
2020-01-07,19.809999,19.809999,19.760000,19.760000,19.618149,5300
2020-01-08,19.770000,19.777000,19.753000,19.754999,19.613182,16300
2020-01-09,19.740000,19.790001,19.740000,19.790001,19.647932,6300
2020-01-10,19.780001,19.819000,19.780001,19.809999,19.667788,8800
2020-01-13,19.805000,19.820000,19.790001,19.805000,19.662823,12100
2020-01-14,19.805000,19.820000,19.780001,19.799999,19.657860,34700
2020-01-15,19.832001,19.832001,19.799999,19.809999,19.667788,15700
2020-01-16,19.820999,19.847000,19.820999,19.825001,19.682682,10200
2020-01-17,19.820000,19.829000,19.809999,19.822001,19.679703,6600
2020-01-21,19.809999,19.850000,19.809999,19.840000,19.697573,5200
2020-01-22,19.865999,19.865999,19.830000,19.840000,19.697573,14700
2020-01-23,19.850000,19.870001,19.840000,19.855000,19.712463,5400
2020-01-24,19.860001,19.860001,19.840000,19.843000,19.700550,19300
2020-01-27,19.680000,19.840000,19.680000,19.829000,19.686651,6000
2020-01-28,19.860001,19.870001,19.848000,19.865000,19.722393,5100
2020-01-29,19.900000,19.900000,19.870001,19.900000,19.757141,11200
2020-01-30,19.770000,19.889000,19.770000,19.889000,19.746220,2000
2020-01-31,19.879999,19.889999,19.870001,19.889999,19.747213,1100
2020-02-03,19.879999,19.892000,19.870001,19.889999,19.747213,8400
2020-02-04,19.790001,19.885000,19.790001,19.882999,19.740263,20500
2020-02-05,19.840000,19.900000,19.840000,19.895000,19.752178,3800
2020-02-06,19.900000,19.915001,19.896999,19.900000,19.757141,14400
2020-02-07,19.990000,19.990000,19.920000,19.940001,19.796854,12800
2020-02-10,19.896000,19.910000,19.882999,19.900000,19.814777,5300
2020-02-11,19.889999,19.909000,19.889999,19.899000,19.813782,6400
2020-02-12,19.870001,19.910000,19.860001,19.889999,19.804819,45600
2020-02-13,19.900000,19.910000,19.879999,19.889999,19.804819,19800
2020-02-14,19.910000,19.969999,19.910000,19.924999,19.839668,4400
2020-02-18,19.879999,19.930000,19.879999,19.915001,19.829714,16200
2020-02-19,19.910000,19.931000,19.900000,19.900000,19.814777,5900
2020-02-20,19.780001,19.938999,19.780001,19.934999,19.849627,2100
2020-02-21,19.952999,19.969999,19.952999,19.965000,19.879498,2600
2020-02-24,19.930000,19.930000,19.926001,19.926001,19.840666,500
2020-02-25,19.980000,19.980000,19.893000,19.893000,19.807808,6100
2020-02-26,19.910999,19.920000,19.907000,19.909000,19.823740,3800
2020-02-27,19.820000,19.860001,19.820000,19.825001,19.740099,11000
2020-02-28,19.799999,19.931999,19.780001,19.910000,19.824734,19300
2020-03-02,19.730000,19.982000,19.730000,19.965000,19.879498,7500
2020-03-03,19.980000,20.059999,19.980000,20.014999,19.929283,9400
2020-03-04,20.020000,20.110001,20.020000,20.084999,19.998983,10900
2020-03-05,20.049999,20.070000,20.040001,20.049999,19.964134,9500
2020-03-06,20.150000,20.155001,20.110001,20.155001,20.068686,4500
2020-03-09,20.170000,20.370001,20.080000,20.100000,20.064693,14100
2020-03-10,20.080000,20.080000,19.980000,20.004999,19.969858,5600
2020-03-11,20.040001,20.040001,19.818001,19.818001,19.783188,12300
2020-03-12,19.030001,19.760000,19.030001,19.454000,19.419827,36100
2020-03-13,19.400000,19.725000,19.400000,19.719999,19.685358,11100
2020-03-16,18.680000,19.809000,18.680000,19.754000,19.719299,130300
2020-03-17,19.780001,19.809000,19.698000,19.698000,19.663399,3300
2020-03-18,19.570000,19.590000,19.290001,19.341999,19.308023,28800
2020-03-19,19.340000,19.393000,19.261000,19.368999,19.334976,4500
2020-03-20,19.420000,19.480000,19.190001,19.480000,19.445782,46400
2020-03-23,19.510000,19.635000,19.510000,19.610001,19.575554,6100
2020-03-24,19.875999,19.875999,19.530001,19.757999,19.723291,9200
2020-03-25,19.725000,19.840000,19.725000,19.840000,19.805149,5500
2020-03-26,19.840000,19.910000,19.760000,19.881001,19.846077,6800
2020-03-27,20.240000,20.240000,19.870001,19.931999,19.896986,4700
2020-03-30,20.025000,20.025000,19.969999,19.969999,19.934919,600
2020-03-31,21.020000,21.020000,19.965000,19.965000,19.929930,6000
2020-04-01,19.680000,20.087999,19.680000,19.950001,19.914957,42300
2020-04-02,19.966999,19.985001,19.950001,19.985001,19.949894,2900
2020-04-03,19.950001,19.995001,19.950001,19.985001,19.949894,2500
2020-04-06,20.090000,20.090000,19.879999,19.895000,19.860052,15500
2020-04-07,19.889999,19.930000,19.850000,19.924999,19.889999,13700
2020-04-08,19.879999,20.010000,19.879999,19.948999,19.948999,40200
2020-04-09,19.930000,20.000000,19.860001,19.924999,19.924999,120100
2020-04-13,19.780001,19.930000,19.690001,19.855000,19.855000,33800
2020-04-14,19.680000,19.900000,19.680000,19.882000,19.882000,113400
2020-04-15,19.889999,19.940001,19.719999,19.895000,19.895000,10600
2020-04-16,19.924999,20.070000,19.900000,19.934999,19.934999,11900
2020-04-17,19.910000,19.969999,19.900000,19.924999,19.924999,6300
2020-04-20,19.889999,19.950001,19.889999,19.934999,19.934999,6400
2020-04-21,19.889999,19.934000,19.780001,19.905001,19.905001,16900
2020-04-22,19.930000,20.010000,19.885000,19.920000,19.920000,8300
2020-04-23,19.950001,19.990000,19.931000,19.934999,19.934999,1900
2020-04-24,19.940001,19.990000,19.920000,19.972000,19.972000,13400
2020-04-27,20.389999,20.389999,19.950001,19.955000,19.955000,6800
2020-04-28,19.947001,19.969999,19.945000,19.965000,19.965000,3700
2020-04-29,19.950001,20.020000,19.834999,19.976999,19.976999,30900
2020-04-30,19.995001,20.030001,19.995001,20.000000,20.000000,2200
2020-05-01,20.002001,20.014999,19.985001,20.004999,20.004999,2100
2020-05-04,19.995001,20.045000,19.986000,19.995001,19.995001,4400
2020-05-05,19.995001,20.013000,19.965000,19.990000,19.990000,31700
2020-05-06,20.010000,20.010000,19.950001,19.986000,19.986000,1700
2020-05-07,20.040001,20.049000,20.000000,20.025000,20.025000,10500