Date,Open,High,Low,Close,Adj Close,Volume
2015-07-09,49.950001,49.980000,49.910000,49.910000,43.130768,4000
2015-07-10,49.619999,49.619999,49.599998,49.599998,42.862865,400
2015-07-13,49.599998,49.599998,49.599998,49.599998,42.862865,0
2015-07-14,49.599998,49.599998,49.599998,49.599998,42.862865,0
2015-07-15,49.599998,49.599998,49.599998,49.599998,42.862865,0
2015-07-16,49.599998,49.599998,49.599998,49.599998,42.862865,0
2015-07-17,49.599998,49.599998,49.599998,49.599998,42.862865,0
2015-07-20,49.599998,49.599998,49.599998,49.599998,42.862865,0
2015-07-21,49.849998,49.849998,49.849998,49.849998,43.078926,300
2015-07-22,49.770000,49.770000,49.770000,49.770000,43.009769,4100
2015-07-23,49.770000,49.770000,49.770000,49.770000,43.009769,0
2015-07-24,49.770000,49.770000,49.770000,49.770000,43.009769,0
2015-07-27,49.770000,49.770000,49.770000,49.770000,43.009769,0
2015-07-28,49.910000,49.910000,49.910000,49.910000,43.130768,500
2015-07-29,49.910000,49.910000,49.910000,49.910000,43.130768,9000
2015-07-30,49.910000,49.910000,49.910000,49.910000,43.130768,0
2015-07-31,49.910000,49.910000,49.910000,49.910000,43.130768,0
2015-08-03,49.910000,49.910000,49.910000,49.910000,43.130768,0
2015-08-04,49.910000,49.910000,49.910000,49.910000,43.130768,0
2015-08-05,49.900002,49.900002,49.900002,49.900002,43.122120,500
2015-08-06,49.900002,49.900002,49.900002,49.900002,43.122120,0
2015-08-07,49.900002,49.900002,49.900002,49.900002,43.122120,0
2015-08-10,49.900002,49.900002,49.900002,49.900002,43.122120,0
2015-08-11,49.900002,49.900002,49.900002,49.900002,43.122120,0
2015-08-12,49.900002,49.900002,49.900002,49.900002,43.122120,0
2015-08-13,49.900002,49.900002,49.900002,49.900002,43.122120,0
2015-08-14,49.900002,49.900002,49.900002,49.900002,43.122120,0
2015-08-17,49.900002,49.900002,49.900002,49.900002,43.122120,0
2015-08-18,49.900002,49.900002,49.900002,49.900002,43.122120,0
2015-08-19,49.900002,49.900002,49.900002,49.900002,43.122120,0
2015-08-20,49.900002,49.900002,49.900002,49.900002,43.122120,0
2015-08-21,49.900002,49.900002,49.900002,49.900002,43.122120,0
2015-08-24,49.900002,49.900002,49.900002,49.900002,43.226067,0
2015-08-25,49.900002,49.900002,49.900002,49.900002,43.226067,0
2015-08-26,49.900002,49.900002,49.900002,49.900002,43.226067,0
2015-08-27,49.540001,49.540001,49.529999,49.540001,42.914234,8800
2015-08-28,49.540001,49.540001,49.540001,49.540001,42.914234,0
2015-08-31,49.540001,49.540001,49.540001,49.540001,42.914234,0
2015-09-01,49.689999,49.689999,49.689999,49.689999,43.044159,100
2015-09-02,49.689999,49.689999,49.689999,49.689999,43.044159,0
2015-09-03,49.619999,49.622002,49.610001,49.610001,42.974861,1800
2015-09-04,49.840000,49.889999,49.740002,49.740002,43.087479,1700
2015-09-08,49.740002,49.740002,49.740002,49.740002,43.087479,0
2015-09-09,49.740002,49.740002,49.740002,49.740002,43.087479,0
2015-09-10,49.740002,49.740002,49.740002,49.740002,43.087479,0
2015-09-11,49.740002,49.740002,49.740002,49.740002,43.087479,0
2015-09-14,49.740002,49.740002,49.740002,49.740002,43.087479,0
2015-09-15,49.740002,49.740002,49.740002,49.740002,43.087479,0
2015-09-16,49.740002,49.740002,49.740002,49.740002,43.087479,0
2015-09-17,49.639999,49.830002,49.599998,49.730000,43.078812,4600
2015-09-18,49.860001,49.869999,49.779999,49.830002,43.165436,1800
2015-09-21,49.660000,49.660000,49.639999,49.660000,43.122021,1400
2015-09-22,49.730000,49.820000,49.639999,49.750000,43.200172,2200
2015-09-23,49.669998,49.680000,49.619999,49.669998,43.130695,1300
2015-09-24,49.669998,49.669998,49.669998,49.669998,43.130695,0
2015-09-25,49.669998,49.669998,49.669998,49.669998,43.130695,0
2015-09-28,49.650002,49.770000,49.610001,49.709999,43.165443,3600
2015-09-29,49.740002,49.810001,49.650002,49.660000,43.122021,2200
2015-09-30,49.720001,49.779999,49.650002,49.669998,43.130695,600
2015-10-01,49.669998,49.669998,49.669998,49.669998,43.130695,0
2015-10-02,49.669998,49.669998,49.669998,49.669998,43.130695,0
2015-10-05,49.944000,49.944000,49.944000,49.944000,43.368645,100
2015-10-06,49.944000,49.944000,49.944000,49.944000,43.368645,0
2015-10-07,49.944000,49.944000,49.944000,49.944000,43.368645,0
2015-10-08,49.930000,49.980000,49.930000,49.930000,43.356472,500
2015-10-09,49.869999,49.910000,49.869999,49.869999,43.304375,1500
2015-10-12,49.959999,49.970001,49.950001,49.950001,43.373844,400
2015-10-13,49.950001,49.950001,49.950001,49.950001,43.373844,0
2015-10-14,49.950001,49.950001,49.950001,49.950001,43.373844,0
2015-10-15,49.950001,49.950001,49.950001,49.950001,43.373844,0
2015-10-16,49.950001,49.950001,49.950001,49.950001,43.373844,0
2015-10-19,49.950001,49.950001,49.950001,49.950001,43.373844,0
2015-10-20,49.924999,49.924999,49.924999,49.924999,43.352131,100
2015-10-21,50.119999,50.180000,50.119999,50.169998,43.564888,400
2015-10-22,50.098000,50.264000,50.098000,50.264000,43.646515,300
2015-10-23,50.080002,50.189999,50.070000,50.070000,43.478035,6100
2015-10-26,50.070000,50.070000,50.070000,50.070000,43.582478,0
2015-10-27,50.169998,50.169998,50.169998,50.169998,43.669548,600
2015-10-28,50.060001,50.060001,50.000000,50.000000,43.521561,400
2015-10-29,50.000000,50.000000,50.000000,50.000000,43.521561,0
2015-10-30,50.000000,50.000000,50.000000,50.000000,43.521561,0
2015-11-02,50.000000,50.000000,50.000000,50.000000,43.521561,0
2015-11-03,50.000000,50.000000,50.000000,50.000000,43.521561,0
2015-11-04,50.000000,50.000000,50.000000,50.000000,43.521561,0
2015-11-05,50.000000,50.000000,50.000000,50.000000,43.521561,0
2015-11-06,50.000000,50.000000,50.000000,50.000000,43.521561,0
2015-11-09,50.000000,50.000000,50.000000,50.000000,43.521561,0
2015-11-10,50.000000,50.000000,50.000000,50.000000,43.521561,0
2015-11-11,50.000000,50.000000,50.000000,50.000000,43.521561,0
2015-11-12,50.000000,50.000000,50.000000,50.000000,43.521561,0
2015-11-13,50.000000,50.000000,50.000000,50.000000,43.521561,0
2015-11-16,49.379002,49.380001,49.369999,49.369999,42.973190,1400
2015-11-17,49.369999,49.369999,49.369999,49.369999,42.973190,0
2015-11-18,49.419998,49.419998,49.410000,49.410000,43.008022,900
2015-11-19,49.410000,49.410000,49.410000,49.410000,43.008022,0
2015-11-20,49.410000,49.410000,49.410000,49.410000,43.008022,0
2015-11-23,49.410000,49.410000,49.410000,49.410000,43.121468,0
2015-11-24,49.410000,49.410000,49.410000,49.410000,43.121468,0
2015-11-25,49.400002,49.540001,49.360001,49.490002,43.191292,8600
2015-11-27,49.490002,49.490002,49.490002,49.490002,43.191292,0
2015-11-30,49.540001,49.540001,49.400002,49.509998,43.208744,82100
2015-12-01,49.459999,49.645000,49.459999,49.645000,43.326569,5400
2015-12-02,49.549999,49.630001,49.540001,49.619999,43.304733,5900
2015-12-03,49.619999,49.619999,49.619999,49.619999,43.304733,0
2015-12-04,49.230000,49.299999,49.200001,49.279999,43.008015,3200
2015-12-07,49.419998,49.549999,49.419998,49.470001,43.173824,4500
2015-12-08,49.349998,49.450001,49.349998,49.349998,43.069092,2200
2015-12-09,49.240002,49.349998,49.240002,49.340000,43.060383,5800
2015-12-10,49.369999,49.459999,49.369999,49.400002,43.112740,3600
2015-12-11,49.340000,49.490002,49.340000,49.490002,43.191292,6500
2015-12-14,49.279999,49.400002,49.200001,49.200001,42.938179,3200
2015-12-15,49.049999,49.150002,49.000000,49.049999,42.807274,2300
2015-12-16,49.049999,49.049999,49.049999,49.049999,42.807274,0
2015-12-17,49.049999,49.049999,49.049999,49.049999,42.807274,0
2015-12-18,49.049999,49.049999,49.049999,49.049999,42.807274,0
2015-12-21,49.049999,49.049999,49.049999,49.049999,42.921036,0
2015-12-22,49.119999,49.119999,49.119999,49.119999,42.982292,100
2015-12-23,49.000000,49.000000,49.000000,49.000000,42.877293,100
2015-12-24,49.000000,49.000000,49.000000,49.000000,42.877293,0
2015-12-28,49.000000,49.000000,49.000000,49.000000,42.877293,0
2015-12-29,49.000000,49.000000,49.000000,49.000000,42.877293,0
2015-12-30,49.000000,49.000000,49.000000,49.000000,42.877293,0
2015-12-31,49.000000,49.000000,49.000000,49.000000,42.877293,0
2016-01-04,49.000000,49.000000,49.000000,49.000000,42.877293,0
2016-01-05,49.000000,49.000000,49.000000,49.000000,42.877293,0
2016-01-06,49.224998,49.224998,49.224998,49.224998,43.074165,100
2016-01-07,49.224998,49.224998,49.224998,49.224998,43.074165,0
2016-01-08,49.224998,49.224998,49.224998,49.224998,43.074165,0
2016-01-11,49.278000,49.278000,49.258999,49.258999,43.103928,300
2016-01-12,49.258999,49.258999,49.258999,49.258999,43.103928,0
2016-01-13,49.258999,49.258999,49.258999,49.258999,43.103928,0
2016-01-14,49.258999,49.258999,49.258999,49.258999,43.103928,0
2016-01-15,49.450001,49.450001,49.450001,49.450001,43.271049,500
2016-01-19,49.355000,49.355999,49.270000,49.270000,43.113537,1100
2016-01-20,49.425999,49.630001,49.258999,49.630001,43.428574,466900
2016-01-21,49.570000,49.580002,49.450001,49.500000,43.314808,362600
2016-01-22,49.480000,49.509998,49.435001,49.509998,43.323566,28700
2016-01-25,49.299999,49.419998,49.290001,49.410000,43.341103,169200
2016-01-26,49.459999,49.520000,49.400002,49.400002,43.332340,393300
2016-01-27,49.400002,49.529999,49.310001,49.349998,43.288471,14800
2016-01-28,49.450001,49.563000,49.391998,49.563000,43.475311,22500
2016-01-29,49.549999,49.747002,49.529999,49.540001,43.455135,4500
2016-02-01,49.654999,49.695000,49.419998,49.570000,43.481441,14400
2016-02-02,49.680000,49.775002,49.622002,49.759998,43.648121,10300
2016-02-03,49.729000,49.729000,49.595001,49.634998,43.538467,2800
2016-02-04,49.650002,49.768002,49.540001,49.768002,43.655136,2700
2016-02-05,49.500000,49.740002,49.500000,49.580002,43.490227,8200
2016-02-08,49.810001,49.980000,49.799999,49.849998,43.727058,18500
2016-02-09,49.980000,49.980000,49.730000,49.827999,43.707756,17200
2016-02-10,49.740002,49.958000,49.740002,49.814999,43.696354,15200
2016-02-11,50.020000,50.179001,49.926998,49.980000,43.841084,4300
2016-02-12,49.660000,49.764999,49.619999,49.702000,43.597244,2100
2016-02-16,49.749001,49.750000,49.560001,49.570000,43.481441,6300
2016-02-17,49.570000,49.570000,49.340000,49.457001,43.382324,9400
2016-02-18,49.650002,49.660000,49.540001,49.639999,43.542858,2200
2016-02-19,49.779999,49.820000,49.560001,49.613998,43.520050,5600
2016-02-22,49.598999,49.650002,49.598999,49.648998,43.651924,6400
2016-02-23,49.618999,49.758999,49.599998,49.730000,43.723148,4200
2016-02-24,49.754002,49.779999,49.620998,49.620998,43.627319,1800
2016-02-25,49.799999,49.869999,49.759998,49.835999,43.816345,2100
2016-02-26,49.693001,49.790001,49.688000,49.790001,43.775902,10600
2016-02-29,49.834999,49.849998,49.759998,49.806000,43.789963,3700
2016-03-01,49.840000,49.860001,49.650002,49.717999,43.712578,11400
2016-03-02,49.560001,49.720001,49.560001,49.695999,43.693253,8600
2016-03-03,49.730000,49.779999,49.730000,49.764999,43.753918,8100
2016-03-04,49.729000,49.770000,49.651001,49.770000,43.758312,4300
2016-03-07,49.730000,49.759998,49.653999,49.722000,43.716099,11300
2016-03-08,49.924999,49.950001,49.779999,49.858002,43.835670,15400
2016-03-09,49.730000,49.849998,49.730000,49.849998,43.828651,11300
2016-03-10,49.904999,49.910000,49.770000,49.799999,43.784683,9000
2016-03-11,49.930000,49.930000,49.740002,49.830002,43.811069,21200
2016-03-14,49.860001,49.939999,49.810001,49.910000,43.881405,9500
2016-03-15,49.820000,49.902000,49.759998,49.759998,43.749523,10400
2016-03-16,49.841000,49.919998,49.794998,49.919998,43.890190,4200
2016-03-17,50.209999,50.299999,50.209999,50.264999,44.193527,28400
2016-03-18,50.369999,50.389999,50.369999,50.389999,44.303425,500
2016-03-21,50.070000,50.209999,50.029999,50.130001,44.171246,90900
2016-03-22,50.150002,50.150002,50.029999,50.029999,44.083138,1100
2016-03-23,50.020000,50.160000,50.020000,50.160000,44.197689,4100
2016-03-24,50.310001,50.310001,50.160000,50.209999,44.241741,2400
2016-03-28,50.169998,50.279999,50.150002,50.270000,44.294617,27800
2016-03-29,50.200001,50.416000,50.189999,50.389999,44.400352,7000
2016-03-30,50.243999,50.470001,50.243999,50.372002,44.384480,2500
2016-03-31,50.360001,50.590000,50.360001,50.560001,44.550137,14000
2016-04-01,50.500000,50.610001,50.500000,50.590000,44.576565,3700
2016-04-04,50.580002,50.599998,50.529999,50.570999,44.559841,4200
2016-04-05,50.740002,50.740002,50.660000,50.680000,44.655888,3300
2016-04-06,50.650002,50.680000,50.650002,50.671001,44.647953,2300
2016-04-07,50.720001,50.869999,50.720001,50.840000,44.796867,5100
2016-04-08,50.790001,50.799999,50.717999,50.757000,44.723721,14000
2016-04-11,50.700001,50.766998,50.650002,50.737000,44.706112,43800
2016-04-12,50.660000,50.689999,50.605000,50.660000,44.638260,5000
2016-04-13,50.669998,50.770000,50.639999,50.744999,44.713139,8500
2016-04-14,50.630001,50.730000,50.599998,50.699001,44.672626,3500
2016-04-15,50.799999,50.849998,50.764999,50.818001,44.777470,5600
2016-04-18,50.810001,50.820000,50.783001,50.820000,44.779228,4100
2016-04-19,50.875000,50.880001,50.770000,50.880001,44.832108,3500
2016-04-20,50.880001,50.880001,50.763000,50.778000,44.742218,3400
2016-04-21,50.790001,50.810001,50.709999,50.709999,44.682312,5400
2016-04-22,50.797001,50.849998,50.759998,50.840000,44.796867,7300
2016-04-25,50.680000,50.700001,50.613998,50.669998,44.743885,5200
2016-04-26,50.650002,50.650002,50.480000,50.599998,44.682060,4600
2016-04-27,50.709999,50.790001,50.689999,50.790001,44.849838,7400
2016-04-28,50.820000,50.884998,50.813000,50.855000,44.907253,7700
2016-04-29,50.880001,50.889999,50.779999,50.830002,44.885166,12500
2016-05-02,50.799999,50.840000,50.790001,50.830002,44.885166,9700
2016-05-03,51.014000,51.029999,50.950001,51.000000,45.035275,1900
2016-05-04,50.970001,51.080002,50.910000,51.060001,45.088268,6800
2016-05-05,51.009998,51.080002,50.950001,51.000000,45.035275,18700
2016-05-06,50.938000,51.028000,50.938000,51.028000,45.060017,800
2016-05-09,50.995998,51.130001,50.939999,50.950001,44.991123,22700
2016-05-10,50.980000,51.099998,50.980000,51.097000,45.120922,5100
2016-05-11,51.130001,51.174999,51.049999,51.174000,45.188938,2700
2016-05-12,51.105999,51.130001,50.990002,51.096001,45.120068,6700
2016-05-13,51.002998,51.180000,51.002998,51.160000,45.176567,6400
2016-05-16,50.930000,51.070000,50.930000,51.070000,45.097092,3500
2016-05-17,50.980000,51.058998,50.945999,51.007999,45.042358,2900
2016-05-18,50.874001,50.874001,50.654999,50.654999,44.730629,2900
2016-05-19,50.741001,50.741001,50.644001,50.644001,44.720924,2600
2016-05-20,50.759998,50.770000,50.634998,50.681999,44.754475,5300
2016-05-23,50.573002,50.680000,50.564999,50.648998,44.822620,5100
2016-05-24,50.680000,50.688000,50.549999,50.549999,44.735008,13200
2016-05-25,50.549999,50.680000,50.549999,50.650002,44.823505,800
2016-05-26,50.740002,50.810001,50.680000,50.683998,44.853588,3600
2016-05-27,50.830002,50.830002,50.650002,50.779999,44.938557,6300
2016-05-31,50.700001,50.776001,50.666000,50.763000,44.923508,5600
2016-06-01,50.817001,50.849998,50.734001,50.786999,44.944729,7300
2016-06-02,50.932999,50.939999,50.932999,50.939999,45.080151,1100
2016-06-03,51.090000,51.180000,51.070000,51.180000,45.292542,4200
2016-06-06,51.180000,51.217999,51.020000,51.169998,45.283684,3000
2016-06-07,50.939999,51.250000,50.939999,51.189999,45.301376,4400
2016-06-08,51.150002,51.287998,51.049999,51.247002,45.351830,3300
2016-06-09,51.220001,51.439999,51.209999,51.271000,45.373070,9400
2016-06-10,51.480000,51.480000,51.160000,51.383999,45.473057,3300
2016-06-13,51.430000,51.430000,51.209999,51.285999,45.386337,3300
2016-06-14,51.450001,51.450001,51.139999,51.139999,45.257122,5200
2016-06-15,51.433998,51.459999,51.209999,51.325001,45.420856,2600
2016-06-16,51.369999,51.431999,51.310001,51.310001,45.407585,2300
2016-06-17,51.262001,51.380001,51.250000,51.380001,45.469528,3200
2016-06-20,51.029999,51.160000,51.029999,51.108002,45.330273,1200
2016-06-21,51.189999,51.200001,51.049999,51.110001,45.332062,5600
2016-06-22,51.160000,51.160000,51.053001,51.053001,45.281498,2000
2016-06-23,51.150002,51.150002,51.029999,51.090000,45.314301,3100
2016-06-24,51.355000,51.355000,51.237000,51.299999,45.500572,5300
2016-06-27,51.619999,51.660000,51.459999,51.658001,45.818104,6100
2016-06-28,51.709999,51.752998,51.549999,51.752998,45.902351,5500
2016-06-29,51.799999,51.799999,51.630001,51.650002,45.811001,3200
2016-06-30,51.835999,51.910000,51.738998,51.839001,45.978630,2700
2016-07-01,52.040001,52.040001,51.799999,52.040001,46.156910,2300
2016-07-05,52.200001,52.270000,52.110001,52.250000,46.343170,9700
2016-07-06,52.143002,52.300999,52.119999,52.257000,46.349384,4100
2016-07-07,52.189999,53.410000,52.123001,52.279999,46.369781,3000
2016-07-08,52.238998,52.279999,52.238998,52.279999,46.369781,6200
2016-07-11,52.240002,52.259998,52.183998,52.183998,46.284630,118000
2016-07-12,52.080002,52.162998,52.000000,52.070000,46.183521,12400
2016-07-13,52.150002,52.220001,52.150002,52.185001,46.285519,4000
2016-07-14,52.040001,52.150002,52.040001,52.150002,46.254463,6900
2016-07-15,51.990002,51.990002,51.945999,51.988998,46.111691,1100
2016-07-18,52.060001,52.118000,51.930000,51.990002,46.112560,3700
2016-07-19,52.020000,52.080002,52.000000,52.060001,46.174644,4700
2016-07-20,52.020000,52.020000,51.910000,52.020000,46.139183,9200
2016-07-21,51.930000,52.080002,51.930000,52.080002,46.192390,11000
2016-07-22,52.020000,52.139999,51.960999,52.049999,46.165794,44200
2016-07-25,51.950001,51.970001,51.828999,51.889999,46.125782,5900
2016-07-26,51.970001,51.970001,51.840000,51.883999,46.120445,3400
2016-07-27,51.950001,53.139999,51.900002,52.080002,46.294674,10200
2016-07-28,52.020000,52.160000,51.985001,52.080002,46.294674,19500
2016-07-29,52.110001,52.259998,52.049999,52.259998,46.454678,9600
2016-08-01,52.090000,52.130001,51.070000,52.077000,46.292000,14800
2016-08-02,51.869999,51.990002,51.841000,51.910000,46.143562,4900
2016-08-03,51.825001,51.930000,51.825001,51.919998,46.152451,9600
2016-08-04,51.939999,52.119999,51.939999,52.069000,46.284885,17600
2016-08-05,51.959999,51.970001,51.770000,51.860001,46.099121,10500
2016-08-08,51.830002,51.935001,51.770000,51.900002,46.134666,18500
2016-08-09,51.980000,52.110001,51.976002,52.099998,46.312450,24100
2016-08-10,52.070000,52.775002,52.070000,52.206001,46.406685,36700
2016-08-11,52.230000,52.230000,51.980000,52.029999,46.250229,18800
2016-08-12,52.240002,52.369999,52.205002,52.220001,46.419121,26700
2016-08-15,52.180000,52.279999,52.090000,52.119999,46.330231,22300
2016-08-16,52.099998,52.119999,52.040001,52.080002,46.294674,15000
2016-08-17,52.099998,52.169998,52.063999,52.165001,46.370232,15100
2016-08-18,52.090000,52.290001,52.090000,52.259998,46.454678,5700
2016-08-19,52.122002,52.150002,52.080002,52.130001,46.339115,8300
2016-08-22,52.025002,52.220001,52.011002,52.150002,46.459381,4600
2016-08-23,52.099998,52.240002,52.070000,52.080002,46.397018,23300
2016-08-24,52.200001,52.230000,52.097000,52.169998,46.477211,10300
2016-08-25,52.130001,52.180000,52.040001,52.110001,46.423744,16500
2016-08-26,52.150002,52.268002,51.932999,51.967999,46.297249,8300
2016-08-29,52.090000,52.270000,52.029999,52.209999,46.512833,9200
2016-08-30,52.169998,52.360001,52.143002,52.180000,46.486122,32500
2016-08-31,52.112000,52.240002,52.070000,52.139999,46.450478,6300
2016-09-01,52.029999,52.169998,52.029999,52.094002,46.409500,33000
2016-09-02,52.073002,52.660000,52.020000,52.080002,46.397018,23400
2016-09-06,52.080002,52.259998,52.064999,52.198002,46.502155,16400
2016-09-07,52.299999,52.439999,52.215000,52.244999,46.544018,27700
2016-09-08,52.160000,52.224998,51.959999,52.049999,46.370300,23000
2016-09-09,51.750000,51.799999,51.671001,51.759998,46.111954,10700
2016-09-12,51.689999,51.759998,51.619999,51.723000,46.078972,4800
2016-09-13,51.689999,51.799999,51.400002,51.619999,45.987225,10000
2016-09-14,51.480000,51.700001,51.480000,51.636002,46.001469,17900
2016-09-15,51.599998,51.689999,51.520000,51.650002,46.013954,25600
2016-09-16,51.689999,51.700001,51.549999,51.580002,45.951591,4800
2016-09-19,51.689999,51.709999,51.570000,51.680000,46.040672,10700
2016-09-20,51.639999,51.869999,51.639999,51.740002,46.094131,27200
2016-09-21,51.709999,51.860001,51.664001,51.740002,46.094131,4000
2016-09-22,51.840000,51.990002,51.840000,51.980000,46.307953,10500
2016-09-23,51.986000,52.049999,51.943001,52.020000,46.343575,11500
2016-09-26,51.910000,52.009998,51.910000,51.980000,46.410553,2400
2016-09-27,52.090000,52.090000,51.995998,52.080002,46.499817,9800
2016-09-28,52.035000,52.099998,52.002998,52.080002,46.499817,5400
2016-09-29,51.939999,52.310001,51.939999,52.042000,46.465885,9300
2016-09-30,51.970001,52.009998,51.930000,52.000000,46.428402,19400
2016-10-03,51.900002,51.959000,51.790001,51.910000,46.348045,55500
2016-10-04,51.910000,51.910000,51.660000,51.722000,46.180187,17900
2016-10-05,51.700001,51.790001,51.619999,51.630001,46.098038,7500
2016-10-06,51.619999,51.669998,51.580002,51.583000,46.056084,23800
2016-10-07,51.657001,51.689999,51.550999,51.639999,46.106968,34900
2016-10-10,51.590000,51.660000,51.529999,51.619999,46.089111,8500
2016-10-11,51.577999,51.639999,51.577999,51.584000,46.056961,2800
2016-10-12,51.549999,51.590000,51.518002,51.590000,46.062321,19900
2016-10-13,51.610001,51.740002,51.610001,51.689999,46.151627,27500
2016-10-14,51.610001,51.678001,51.544998,51.560001,46.035542,9400
2016-10-17,51.509998,51.673000,51.509998,51.650002,46.115902,13400
2016-10-18,51.560001,51.730000,51.560001,51.705002,46.165001,30000
2016-10-19,51.709999,51.799999,51.709999,51.759998,46.214115,11200
2016-10-20,51.779999,51.849998,51.742001,51.779999,46.231972,73100
2016-10-21,51.740002,51.820000,51.709999,51.810001,46.258751,22800
2016-10-24,51.610001,51.619999,51.549999,51.599998,46.169281,11200
2016-10-25,51.560001,51.666000,51.540001,51.540001,46.115578,16700
2016-10-26,51.529999,51.540001,51.419998,51.520000,46.097698,27900
2016-10-27,51.400002,51.400002,51.263000,51.330002,45.927700,9000
2016-10-28,51.271000,51.349998,51.240002,51.250000,45.856113,4900
2016-10-31,51.279999,51.372002,51.279999,51.349998,45.945595,7900
2016-11-01,51.259998,51.349998,51.214001,51.259998,45.865055,6300
2016-11-02,51.380001,51.419998,51.299999,51.380001,45.972424,6800
2016-11-03,51.349998,51.389999,51.264999,51.340000,45.936630,13200
2016-11-04,51.459999,51.549999,51.409000,51.459999,46.044010,27000
2016-11-07,51.400002,51.419998,51.338001,51.410000,45.999271,30000
2016-11-08,51.349998,51.419998,51.209999,51.209999,45.820316,20600
2016-11-09,51.060001,51.060001,50.669998,50.669998,45.337162,25100
2016-11-10,50.575001,50.689999,50.439999,50.439999,45.131378,11900
2016-11-11,50.458000,50.474998,50.320000,50.396000,45.091995,6900
2016-11-14,50.160000,50.279999,50.104000,50.240002,44.952404,7000
2016-11-15,50.310001,50.366001,50.230000,50.301998,45.007877,44000
2016-11-16,50.201000,50.349998,50.201000,50.330002,45.032948,9900
2016-11-17,50.234001,50.279999,50.139999,50.180000,44.898731,15600
2016-11-18,50.090000,50.150002,49.880001,49.880001,44.630302,9300
2016-11-21,49.840000,49.882000,49.818001,49.830002,44.688595,11700
2016-11-22,49.959999,50.000000,49.830002,49.919998,44.769310,55800
2016-11-23,49.660000,49.793999,49.639999,49.689999,44.563042,16200
2016-11-25,49.709999,49.810001,49.665001,49.665001,44.540615,2200
2016-11-28,49.770000,49.880001,49.770000,49.848999,44.705627,20100
2016-11-29,49.799999,49.930000,49.790001,49.930000,44.778267,3800
2016-11-30,49.717999,49.825001,49.619999,49.759998,44.625820,21300
2016-12-01,49.630001,49.639999,49.470001,49.529999,44.419533,6700
2016-12-02,49.610001,49.820000,49.610001,49.779999,44.643745,129600
2016-12-05,49.414001,49.580002,49.410000,49.533001,44.618523,4000
2016-12-06,49.529999,49.619999,49.500000,49.619999,44.696896,14900
2016-12-07,49.599998,49.740002,49.599998,49.716999,44.784275,7100
2016-12-08,49.590000,49.639999,49.529999,49.540001,44.624840,16900
2016-12-09,49.574001,49.574001,49.360001,49.360001,44.462700,24400
2016-12-12,49.299999,49.450001,49.290001,49.299999,44.408653,12600
2016-12-13,49.520000,49.529999,49.349998,49.439999,44.534767,14400
2016-12-14,49.500000,49.660000,49.154999,49.166000,44.287930,31000
2016-12-15,49.110001,49.330002,49.080002,49.110001,44.237507,58200
2016-12-16,49.200001,49.212002,49.009998,49.130001,44.255520,25400
2016-12-19,49.160000,49.310001,49.160000,49.299999,44.408653,6600
2016-12-20,49.200001,49.259998,49.139999,49.139999,44.264534,21500
2016-12-21,49.245998,49.355000,49.240002,49.240002,44.354618,14200
2016-12-22,49.299999,49.360001,49.299999,49.340000,44.444672,11400
2016-12-23,49.270000,49.389999,49.250000,49.259998,44.473549,12100
2016-12-27,49.119999,49.200001,49.070000,49.200001,44.419395,10400
2016-12-28,49.130001,49.520000,49.130001,49.360001,44.563850,42500
2016-12-29,49.450001,49.505001,49.415001,49.500000,44.690254,24600
2016-12-30,49.481998,49.599998,49.458000,49.580002,44.762470,17100
2017-01-03,49.450001,49.630001,49.393002,49.630001,44.807625,41100
2017-01-04,49.529999,49.680000,49.529999,49.654999,44.830185,19800
2017-01-05,49.770000,49.939999,49.700001,49.939999,45.087486,14200
2017-01-06,49.820000,49.880001,49.708000,49.770000,44.934013,19900
2017-01-09,49.831001,49.889999,49.810001,49.889999,45.042355,6400
2017-01-10,49.830002,49.889999,49.779999,49.826000,44.984581,16700
2017-01-11,49.840000,49.955002,49.741001,49.835999,44.993603,5300
2017-01-12,49.952000,50.007000,49.840000,49.882000,45.035133,3700
2017-01-13,49.720001,49.790001,49.720001,49.790001,44.952068,1200
2017-01-17,50.029999,50.040001,49.900002,50.018002,45.157928,6200
2017-01-18,49.919998,49.921001,49.650002,49.734001,44.901501,11200
2017-01-19,49.596001,49.661999,49.522999,49.590000,44.771515,8600
2017-01-20,49.580002,49.640999,49.500000,49.639999,44.816650,22200
2017-01-23,49.509998,49.758999,49.509998,49.730000,44.999428,20900
2017-01-24,49.627998,49.661999,49.529999,49.529999,44.818459,13500
2017-01-25,49.472000,49.500000,49.320000,49.360001,44.664623,132600
2017-01-26,49.380001,49.495998,49.330002,49.495998,44.787689,6800
2017-01-27,49.470001,49.543999,49.439999,49.480000,44.773220,12600
2017-01-30,49.557999,49.610001,49.486000,49.549999,44.836552,25000
2017-01-31,49.660000,49.700001,49.561001,49.669998,44.945141,26300
2017-02-01,49.529999,49.604000,49.450001,49.556999,44.842880,6800
2017-02-02,49.599998,49.700001,49.514999,49.570000,44.854656,35500
2017-02-03,49.669998,49.722000,49.490002,49.529999,44.818459,13200
2017-02-06,49.650002,49.808998,49.599998,49.680000,44.954185,106200
2017-02-07,49.770000,49.849998,49.741001,49.799999,45.062759,25700
2017-02-08,50.000000,50.000000,49.869999,49.990002,45.234699,3600
2017-02-09,49.950001,49.950001,49.785000,49.785000,45.049213,26600
2017-02-10,49.689999,49.801998,49.689999,49.791000,45.054623,2200
2017-02-13,49.728001,49.820000,49.715000,49.820000,45.080860,4900
2017-02-14,49.560001,49.720001,49.520000,49.646000,44.923428,9800
2017-02-15,49.549999,49.610001,49.490002,49.610001,44.890842,11900
2017-02-16,49.570000,49.790001,49.570000,49.630001,44.908939,6400
2017-02-17,49.720001,49.730000,49.665001,49.707001,45.083084,7900
2017-02-21,49.570000,49.830002,49.570000,49.730000,45.103943,25100
2017-02-22,49.743999,49.790001,49.599998,49.737999,45.111187,55400
2017-02-23,49.810001,49.869999,49.786999,49.869999,45.230927,4400
2017-02-24,49.942001,50.070000,49.910000,50.000000,45.348839,8500
2017-02-27,50.000000,50.019001,49.930000,49.930000,45.285343,10900
2017-02-28,49.990002,50.009998,49.930000,49.930000,45.285343,3800
2017-03-01,49.669998,49.709000,49.599998,49.680000,45.058601,32800
2017-03-02,49.630001,49.632000,49.521000,49.619999,45.004177,35800
2017-03-03,49.605999,49.650002,49.500000,49.650002,45.031376,10100
2017-03-06,49.590000,49.619999,49.529999,49.619999,45.004177,49700
2017-03-07,49.548000,49.548000,49.500000,49.518002,44.911667,9700
2017-03-08,49.310001,49.360001,49.299999,49.306999,44.720291,9100
2017-03-09,49.240002,49.240002,49.130001,49.180000,44.605106,16600
2017-03-10,49.200001,49.240002,49.169998,49.221001,44.642300,10400
2017-03-13,49.154999,49.209999,49.080002,49.080002,44.514412,16900
2017-03-14,49.139999,49.180000,49.119999,49.150002,44.577911,19400
2017-03-15,49.150002,49.520000,49.150002,49.520000,44.913471,8700
2017-03-16,49.389999,49.462002,49.389999,49.428001,44.830040,5600
2017-03-17,49.480000,49.549999,49.430000,49.513000,44.907131,7500
2017-03-20,49.560001,49.619999,49.529999,49.570000,44.958839,8400
2017-03-21,49.583000,49.778999,49.583000,49.770000,45.140232,12300
2017-03-22,49.859001,49.865002,49.750000,49.840000,45.203716,13100
2017-03-23,49.799999,49.830002,49.740002,49.740002,45.113007,14100
2017-03-24,49.740002,49.860001,49.740002,49.830002,45.194656,8400
2017-03-27,49.820000,49.868999,49.776001,49.776001,45.250099,7400
2017-03-28,49.849998,49.860001,49.709999,49.709999,45.190094,10600
2017-03-29,49.759998,49.860001,49.759998,49.851002,45.318283,21500
2017-03-30,49.810001,49.810001,49.700001,49.750000,45.226463,3100
2017-03-31,49.799999,49.820000,49.750999,49.820000,45.290092,2300
2017-04-03,49.820000,49.980000,49.799999,49.922001,45.382813,35900
2017-04-04,49.919998,49.970001,49.900002,49.924999,45.385548,6200
2017-04-05,49.919998,49.959999,49.849998,49.880001,45.344646,14500
2017-04-06,49.994999,49.994999,49.860001,49.969002,45.425545,12000
2017-04-07,50.049999,50.060001,49.869999,49.869999,45.335560,16200
2017-04-10,49.937000,49.985001,49.919998,49.959999,45.417358,6800
2017-04-11,50.040001,50.169998,50.040001,50.150002,45.590096,11900
2017-04-12,50.148998,50.259998,50.117001,50.259998,45.690083,14600
2017-04-13,50.259998,50.348999,50.243000,50.326000,45.750088,3200
2017-04-17,50.369999,50.369999,50.233002,50.243999,45.675529,3600
2017-04-18,50.439999,50.639999,50.430000,50.500000,45.908257,92800
2017-04-19,50.459999,50.465000,50.410000,50.439999,45.853714,6200
2017-04-20,50.400002,50.419998,50.320000,50.369999,45.790081,5600
2017-04-21,50.410000,50.439999,50.356998,50.369999,45.790081,4600
2017-04-24,50.138000,50.189999,50.099998,50.152000,45.700783,13700
2017-04-25,50.099998,50.119999,49.990002,49.990002,45.553162,20900
2017-04-26,49.990002,50.099998,49.959999,50.099998,45.653408,21800
2017-04-27,50.080002,50.150002,50.042999,50.139999,45.689857,5500
2017-04-28,50.060001,50.179001,50.049999,50.155998,45.704426,9700
2017-05-01,50.139999,50.209999,50.009998,50.077000,45.632446,13800
2017-05-02,50.070000,50.189999,50.040001,50.189999,45.735405,21000
2017-05-03,50.209999,50.209999,50.110001,50.130001,45.680740,6900
2017-05-04,50.029999,50.060001,49.959999,50.060001,45.616959,7800
2017-05-05,50.009998,50.070000,49.970001,50.070000,45.626068,12500
2017-05-08,50.049999,50.049999,49.962002,50.000000,45.562286,14600
2017-05-09,49.970001,50.000000,49.889999,50.000000,45.562286,4400
2017-05-10,50.060001,50.060001,49.962002,50.009998,45.571384,22000
2017-05-11,49.959999,50.040001,49.860001,50.040001,45.598724,10400
2017-05-12,50.189999,50.250000,50.130001,50.240002,45.780972,20100
2017-05-15,50.240002,50.270000,50.150002,50.250000,45.790085,28300
2017-05-16,50.279999,50.389999,50.224998,50.320000,45.853874,56500
2017-05-17,50.509998,50.605000,50.509998,50.590000,46.099907,8100
2017-05-18,50.590000,50.590000,50.500000,50.560001,46.072571,8600
2017-05-19,50.450001,50.570000,50.437000,50.570000,46.081696,12700
2017-05-22,50.419998,50.549999,50.400002,50.430000,46.058846,36400
2017-05-23,50.480000,50.480000,50.230000,50.279999,45.921852,36200
2017-05-24,50.240002,50.410000,50.240002,50.382000,46.015018,17900
2017-05-25,50.410000,50.430000,50.369999,50.408001,46.038765,13400
2017-05-26,50.439999,50.450001,50.388000,50.450001,46.077122,13300
2017-05-30,50.500000,50.529999,50.480000,50.529999,46.150192,9700
2017-05-31,50.513000,50.599998,50.500000,50.553001,46.171196,9300
2017-06-01,50.500000,50.570000,50.500000,50.570000,46.186726,13700
2017-06-02,50.700001,50.770000,50.639999,50.740002,46.341999,10400
2017-06-05,50.680000,50.709999,50.632999,50.662998,46.271660,10000
2017-06-06,50.730000,50.826000,50.730000,50.820000,46.415043,10700
2017-06-07,50.770000,50.799999,50.669998,50.740002,46.341999,9400
2017-06-08,50.700001,50.700001,50.577000,50.680000,46.287186,14700
2017-06-09,50.580002,50.650002,50.557999,50.619999,46.232388,5600
2017-06-12,50.580002,50.639999,50.549999,50.619999,46.232388,6300
2017-06-13,50.540001,50.650002,50.540001,50.650002,46.259781,8800
2017-06-14,50.900002,50.970001,50.823002,50.830002,46.424187,6900
2017-06-15,50.799999,50.799999,50.689999,50.759998,46.360252,25800
2017-06-16,50.820000,50.821999,50.750000,50.813000,46.408657,25000
2017-06-19,50.820000,50.820000,50.700001,50.719002,46.322811,5700
2017-06-20,50.810001,50.830002,50.810001,50.830002,46.424187,8800
2017-06-21,50.830002,50.877998,50.741001,50.830002,46.424187,12800
2017-06-22,50.830002,50.889999,50.770000,50.810001,46.405926,41500
2017-06-23,50.889999,50.930000,50.820000,50.840000,46.433331,18300
2017-06-26,50.860001,50.880001,50.826000,50.860001,46.556896,14900
2017-06-27,50.770000,50.770000,50.610001,50.610001,46.328045,16400
2017-06-28,50.709999,50.709999,50.580002,50.619999,46.337208,11500
2017-06-29,50.500000,50.570000,50.500000,50.570000,46.291443,10000
2017-06-30,50.470001,50.549999,50.470001,50.500000,46.227345,45800
2017-07-03,50.439999,50.570000,50.380001,50.400002,46.135811,8400
2017-07-05,50.349998,50.410000,50.308998,50.381001,46.118423,11900
2017-07-06,50.299999,50.419998,50.216000,50.299999,46.044273,21400
2017-07-07,50.250000,51.419998,50.180000,50.189999,45.943573,196600
2017-07-10,50.250000,50.320000,50.220001,50.310001,46.053429,25500
2017-07-11,50.349998,50.389999,50.330002,50.389999,46.126656,18900
2017-07-12,50.540001,50.549999,50.470001,50.540001,46.263969,17800
2017-07-13,50.520000,50.520000,50.428001,50.500000,46.227345,14400
2017-07-14,50.650002,50.650002,50.512001,50.580002,46.300587,12000
2017-07-17,50.509998,50.630001,50.509998,50.619999,46.337208,8100
2017-07-18,50.730000,50.770000,50.669998,50.770000,46.474518,26000
2017-07-19,50.790001,50.790001,50.738998,50.770000,46.474518,8000
2017-07-20,50.860001,50.869999,50.759998,50.799999,46.501980,18400
2017-07-21,50.889999,50.919998,50.849998,50.889999,46.584351,58500
2017-07-24,50.750000,50.759998,50.669998,50.750000,46.561420,8200
2017-07-25,50.630001,50.630001,50.509998,50.529999,46.359573,42600
2017-07-26,50.509998,50.680000,50.488998,50.570000,46.396282,16800
2017-07-27,50.590000,50.595001,50.536999,50.536999,46.366009,10500
2017-07-28,50.580002,50.669998,50.540001,50.669998,46.488029,18900
2017-07-31,50.639999,50.689999,50.599998,50.689999,46.506382,43700
2017-08-01,50.650002,50.820000,50.650002,50.792000,46.599957,17900
2017-08-02,50.799999,50.830002,50.764999,50.770000,46.579777,30400
2017-08-03,50.830002,50.900002,50.782001,50.875000,46.676098,27200
2017-08-04,50.779999,50.779999,50.660000,50.740002,46.552258,17000
2017-08-07,50.740002,50.770000,50.709999,50.750000,46.561420,7800
2017-08-08,50.669998,50.730000,50.618999,50.650002,46.469669,8500
2017-08-09,50.770000,50.770000,50.650002,50.720001,46.533901,9100
2017-08-10,50.730000,50.750000,50.660000,50.750000,46.561420,25700
2017-08-11,50.698002,50.770000,50.680000,50.770000,46.579777,10000
2017-08-14,50.730000,50.766998,50.630001,50.720001,46.533901,15900
2017-08-15,50.619999,50.680000,50.570999,50.669998,46.488029,9600
2017-08-16,50.584000,50.770000,50.584000,50.759998,46.570599,4900
2017-08-17,50.740002,50.808998,50.740002,50.798000,46.605461,8000
2017-08-18,50.880001,50.880001,50.789001,50.814999,46.621052,11800
2017-08-21,50.740002,50.754002,50.700001,50.750000,46.671635,11100
2017-08-22,50.733002,50.734001,50.675999,50.698002,46.623814,5700
2017-08-23,50.779999,50.820000,50.722000,50.810001,46.726818,13700
2017-08-24,50.770000,50.810001,50.720001,50.730000,46.653236,14600
2017-08-25,50.790001,50.860001,50.790001,50.840000,46.754406,7700
2017-08-28,50.830002,50.880001,50.799999,50.880001,46.791203,13700
2017-08-29,50.980000,50.990002,50.900002,50.930000,46.837162,13700
2017-08-30,50.868000,50.919998,50.860001,50.919998,46.827980,16600
2017-08-31,50.950001,51.009998,50.900002,51.009998,46.910751,8700
2017-09-01,50.980000,50.980000,50.860001,50.900002,46.809582,14400
2017-09-05,51.000000,51.130001,50.987999,51.130001,47.021099,9600
2017-09-06,51.130001,51.139999,50.990002,50.990002,46.892349,15700
2017-09-07,51.020000,51.189999,51.020000,51.189999,47.076275,15500
2017-09-08,51.110001,51.110001,51.049999,51.099998,46.993507,6000
2017-09-11,51.009998,51.020000,50.910000,50.956001,46.861076,16600
2017-09-12,50.910000,50.910000,50.820000,50.860001,46.772800,19000
2017-09-13,50.910000,50.910000,50.804001,50.848999,46.762680,11600
2017-09-14,50.820000,50.889999,50.785999,50.889999,46.800381,16500
2017-09-15,50.910000,50.910000,50.810001,50.875000,46.786587,14100
2017-09-18,50.860001,50.869999,50.820000,50.848000,46.761765,13500
2017-09-19,50.889999,50.889999,50.799999,50.860001,46.772800,19600
2017-09-20,50.889999,50.889999,50.706001,50.762001,46.682674,12100
2017-09-21,50.840000,50.860001,50.755001,50.759998,46.680836,10800
2017-09-22,50.860001,50.860001,50.786999,50.845001,46.759003,10100
2017-09-25,50.880001,50.980000,50.880001,50.970001,46.873959,15500
2017-09-26,50.750000,50.849998,50.740002,50.790001,46.826012,136700
2017-09-27,50.680000,50.700001,50.611000,50.689999,46.733826,12400
2017-09-28,50.619999,50.700001,50.610001,50.660000,46.706154,7900
2017-09-29,50.759998,50.759998,50.612999,50.720001,46.761482,70100
2017-10-02,50.759998,50.770000,50.665001,50.706001,46.748573,80600
2017-10-03,50.650002,50.810001,50.650002,50.794998,46.830620,61800
2017-10-04,50.770000,50.810001,50.720001,50.810001,46.844452,13400
2017-10-05,50.779999,50.779999,50.720001,50.731998,46.772549,13600
2017-10-06,50.610001,50.720001,50.610001,50.680000,46.724606,16800
2017-10-09,50.680000,50.720001,50.619999,50.720001,46.761482,8200
2017-10-10,50.740002,50.820000,50.691002,50.740002,46.779926,11400
2017-10-11,50.740002,50.779999,50.720001,50.759998,46.798363,4800
2017-10-12,50.770000,50.790001,50.720001,50.770000,46.807583,15600
2017-10-13,50.900002,50.919998,50.779999,50.919998,46.945869,13900
2017-10-16,50.880001,50.904999,50.827999,50.889999,46.918209,19200
2017-10-17,50.830002,50.910000,50.830002,50.900002,46.927433,12400
2017-10-18,50.810001,50.830002,50.759998,50.759998,46.798363,9900
2017-10-19,50.810001,50.900002,50.779999,50.807999,46.842613,13400
2017-10-20,50.660000,50.754002,50.660000,50.720001,46.761482,20300
2017-10-23,50.750000,50.889999,50.750000,50.783001,46.819553,58600
2017-10-24,50.509998,50.590000,50.509998,50.560001,46.728989,42100
2017-10-25,50.369999,50.470001,50.369999,50.470001,46.645813,16300
2017-10-26,50.480000,50.509998,50.386002,50.424000,46.603298,73200
2017-10-27,50.430000,50.560001,50.430000,50.530998,46.702171,21200
2017-10-30,50.639999,50.700001,50.580002,50.683998,46.843590,26600
2017-10-31,50.689999,50.700001,50.669998,50.689999,46.849129,19000
2017-11-01,50.639999,50.770000,50.634998,50.715000,46.872227,67400
2017-11-02,50.689999,50.770000,50.689999,50.729000,46.885181,37400
2017-11-03,50.779999,50.803001,50.680000,50.799999,46.950794,16800
2017-11-06,50.820000,50.840000,50.764000,50.830002,46.978531,54600
2017-11-07,50.770000,50.840000,50.759998,50.830002,46.978531,180600
2017-11-08,50.770000,50.820000,50.762001,50.769001,46.922146,64200
2017-11-09,50.680000,50.740002,50.646000,50.691002,46.850056,23900
2017-11-10,50.529999,55.580002,50.400002,50.500000,46.673527,215900
2017-11-13,50.509998,50.529999,50.457001,50.490002,46.664291,51100
2017-11-14,50.500000,50.549999,50.500000,50.540001,46.710499,26600
2017-11-15,50.529999,50.660000,50.529999,50.660000,46.821407,44600
2017-11-16,50.619999,50.639999,50.557999,50.557999,46.727142,184100
2017-11-17,50.590000,50.689999,50.570000,50.599998,46.765953,43400
2017-11-20,50.549999,50.650002,50.549999,50.604000,46.769661,28700
2017-11-21,50.560001,50.639999,50.539001,50.599998,46.877113,93800
2017-11-22,50.650002,50.750000,50.639999,50.740002,47.006824,78800
2017-11-24,50.730000,50.740002,50.667999,50.685001,46.955872,47000
2017-11-27,50.700001,50.720001,50.619999,50.689999,46.960487,71500
2017-11-28,50.750000,50.779999,50.669998,50.680000,46.951229,88000
2017-11-29,50.599998,50.619999,50.540001,50.602001,46.878975,39700
2017-11-30,50.590000,50.610001,50.439999,50.520000,46.803001,34900
2017-12-01,50.599998,50.779999,50.497002,50.630001,46.904911,70100
2017-12-04,50.610001,50.720001,50.577000,50.652000,46.925293,52600
2017-12-05,50.639999,50.759998,50.630001,50.759998,47.025352,53400
2017-12-06,50.849998,50.869999,50.770000,50.814999,47.076294,187200
2017-12-07,50.810001,50.849998,50.689999,50.727001,46.994762,32700
2017-12-08,50.730000,50.740002,50.669998,50.709999,46.979012,54000
2017-12-11,50.730000,50.757999,50.650002,50.650002,46.923431,95700
2017-12-12,50.610001,50.680000,50.610001,50.653999,46.927143,70200
2017-12-13,50.720001,50.830002,50.660000,50.818001,47.079075,101200
2017-12-14,50.790001,50.860001,50.720001,50.849998,47.108734,426700
2017-12-15,50.830002,50.904999,50.805000,50.889999,47.145779,79600
2017-12-18,50.860001,50.860001,50.742001,50.790001,47.053139,57200
2017-12-19,50.700001,50.700001,50.549999,50.609001,46.885445,72800
2017-12-20,50.480000,50.549999,50.455002,50.480000,46.765945,88700
2017-12-21,50.470001,50.570000,50.437000,50.544998,46.826172,82800
2017-12-22,50.540001,50.560001,50.500000,50.525002,46.807636,78100
2017-12-26,50.450001,50.500000,50.430000,50.466000,46.854980,42400
2017-12-27,50.509998,50.689999,50.509998,50.689999,47.062950,51200
2017-12-28,50.680000,50.680000,50.590000,50.630001,47.007256,55100
2017-12-29,50.680000,50.750000,50.673000,50.720001,47.090809,150400
2018-01-02,50.669998,50.869999,50.470001,50.560001,46.942265,134000
2018-01-03,50.570000,50.630001,50.540001,50.599998,46.979393,53400
2018-01-04,50.520000,50.700001,50.520000,50.619999,46.997955,41500
2018-01-05,50.610001,50.612999,50.520000,50.560001,46.942265,95100
2018-01-08,50.619999,50.689999,50.520000,50.540001,46.923695,228500
2018-01-09,50.470001,50.529999,50.450001,50.450001,46.840130,69200
2018-01-10,50.299999,50.459999,50.250000,50.389999,46.784428,179400
2018-01-11,50.410000,50.509998,50.369999,50.480000,46.867981,105000
2018-01-12,50.419998,50.520000,50.360001,50.459999,46.849415,89000
2018-01-16,50.570000,50.570000,50.430000,50.500000,46.886539,86700
2018-01-17,50.509998,50.539001,50.450001,50.459999,46.849415,135400
2018-01-18,50.310001,50.360001,50.299999,50.320000,46.719440,91100
2018-01-19,50.279999,50.290001,50.189999,50.200001,46.608025,129200
2018-01-22,50.230000,50.250000,50.139999,50.180000,46.589451,76900
2018-01-23,50.160000,50.209999,50.115002,50.139999,46.659245,70100
2018-01-24,50.130001,50.160000,50.090000,50.090000,46.612709,90400
2018-01-25,50.130001,50.279999,50.099998,50.255001,46.766266,50200
2018-01-26,50.259998,50.259998,50.139999,50.200001,46.715076,91000
2018-01-29,50.090000,50.119999,50.020000,50.060001,46.584789,121200
2018-01-30,50.080002,50.080002,50.020000,50.029999,46.556881,66300
2018-01-31,50.099998,50.099998,50.000000,50.070000,46.594109,46000
2018-02-01,50.090000,50.090000,49.840000,49.849998,46.389366,70300
2018-02-02,49.720001,49.779999,49.680000,49.709999,46.259087,52600
2018-02-05,49.660000,49.930000,49.590000,49.841999,46.381939,232800
2018-02-06,49.759998,49.764999,49.639999,49.678001,46.229321,122100
2018-02-07,49.700001,49.743000,49.520000,49.549999,46.110199,94500
2018-02-08,49.450001,49.540001,49.389999,49.439999,46.007839,58100
2018-02-09,49.349998,49.438000,49.313999,49.349998,45.924080,58300
2018-02-12,49.369999,49.400002,49.290001,49.355000,45.928745,77900
2018-02-13,49.270000,49.360001,49.220001,49.320000,45.896164,49300
2018-02-14,49.209999,49.240002,49.119999,49.150002,45.737976,548700
2018-02-15,49.160000,49.279999,49.160000,49.230000,45.812420,84300
2018-02-16,49.349998,49.380001,49.264000,49.305000,45.882217,74700
2018-02-20,49.160000,49.160000,49.049999,49.099998,45.798267,78700
2018-02-21,49.130001,49.169998,48.970001,49.009998,45.714298,42100
2018-02-22,49.022999,49.117001,49.000000,49.023998,45.727371,54200
2018-02-23,49.090000,49.209999,49.090000,49.153000,45.847702,59700
2018-02-26,49.320000,49.330002,49.216000,49.230000,45.919510,74700
2018-02-27,49.279999,49.279999,48.990002,49.118000,45.815056,31700
2018-02-28,49.180000,49.189999,49.080002,49.125000,45.821579,65900
2018-03-01,49.169998,49.256001,49.098999,49.256001,45.943775,49100
2018-03-02,49.099998,49.148998,49.090000,49.099998,45.798267,30900
2018-03-05,49.180000,49.180000,49.000000,49.006001,45.710594,33400
2018-03-06,49.080002,49.180000,49.076000,49.099998,45.798267,39900
2018-03-07,49.119999,49.130001,49.029999,49.040001,45.742287,84800
2018-03-08,49.090000,49.132999,49.060001,49.070000,45.770279,46800
2018-03-09,49.049999,49.049999,48.939999,48.965000,45.672348,53200
2018-03-12,49.029999,49.029999,48.951000,48.980000,45.686329,84800
2018-03-13,49.029999,49.070000,49.009998,49.020000,45.723644,80400
2018-03-14,49.040001,49.160000,49.040001,49.119999,45.816914,32100
2018-03-15,49.169998,49.183998,49.090000,49.155998,45.850510,42600
2018-03-16,49.095001,49.118999,49.060001,49.080002,45.779610,32400
2018-03-19,49.009998,49.130001,49.009998,49.040001,45.742287,53900
2018-03-20,48.820000,48.900002,48.820000,48.820000,45.648792,53600
2018-03-21,48.801998,48.849998,48.689999,48.830002,45.658138,67800
2018-03-22,48.990002,49.029999,48.900002,48.980000,45.798397,233500
2018-03-23,48.919998,48.970001,48.895000,48.956001,45.775963,52300
2018-03-26,48.919998,49.005001,48.912998,48.924999,45.746971,47200
2018-03-27,49.000000,49.118999,48.984001,49.110001,45.919964,54800
2018-03-28,49.200001,49.209999,49.081001,49.110001,45.919964,114100
2018-03-29,49.169998,49.330002,49.169998,49.299999,46.097618,57500
2018-04-02,49.259998,49.345001,49.210999,49.290001,46.088264,60100
2018-04-03,49.270000,49.279999,49.189999,49.230000,46.032150,30500
2018-04-04,49.250000,49.250000,49.180000,49.209999,46.013470,44900
2018-04-05,49.139999,49.180000,49.110001,49.119999,45.929298,34100
2018-04-06,49.180000,49.229000,49.160000,49.229000,46.031223,26900
2018-04-09,49.200001,49.259998,49.180000,49.259998,46.060207,37300
2018-04-10,49.270000,49.279999,49.220001,49.250000,46.050861,37700
2018-04-11,49.290001,49.299999,49.244999,49.290001,46.088264,33000
2018-04-12,49.270000,49.270000,49.169998,49.180000,45.985397,67300
2018-04-13,49.160000,49.259998,49.158001,49.228001,46.030300,51400
2018-04-16,49.130001,49.240002,49.130001,49.235001,46.036835,29000
2018-04-17,49.240002,49.279999,49.209999,49.268002,46.067696,49800
2018-04-18,49.230000,49.230000,49.119999,49.139999,45.948009,103500
2018-04-19,48.990002,49.008999,48.919998,48.970001,45.789051,49500
2018-04-20,48.889999,48.900002,48.813000,48.814999,45.644123,57400
2018-04-23,48.790001,48.790001,48.720001,48.759998,45.592690,57400
2018-04-24,48.599998,48.619999,48.529999,48.567001,45.528954,56700
2018-04-25,48.450001,48.500000,48.430000,48.430000,45.400520,50000
2018-04-26,48.520000,48.549999,48.512001,48.523998,45.488632,37200
2018-04-27,48.599998,48.639999,48.595001,48.639999,45.597374,20000
2018-04-30,48.639999,48.680000,48.619999,48.619999,45.578613,41600
2018-05-01,48.630001,48.630001,48.541000,48.549999,45.513004,40700
2018-05-02,48.570000,48.598999,48.529999,48.529999,45.494259,46800
2018-05-03,48.590000,48.619999,48.529999,48.529999,45.494259,45200
2018-05-04,48.610001,48.610001,48.490002,48.549999,45.513004,54100
2018-05-07,48.590000,48.590000,48.529999,48.550999,45.513939,44300
2018-05-08,48.480000,48.540001,48.462002,48.514000,45.479267,35700
2018-05-09,48.450001,48.480000,48.431000,48.459999,45.428638,53800
2018-05-10,48.509998,48.570000,48.490002,48.548000,45.511131,53000
2018-05-11,48.650002,48.650002,48.580002,48.639999,45.597374,38800
2018-05-14,48.580002,48.610001,48.575001,48.590000,45.550510,54400
2018-05-15,48.419998,48.419998,48.299999,48.344002,45.319897,39800
2018-05-16,48.349998,48.349998,48.224998,48.230000,45.213028,76800
2018-05-17,48.230000,48.249001,48.180000,48.209999,45.194271,41900
2018-05-18,48.230000,48.330002,48.230000,48.320000,45.297394,29400
2018-05-21,48.279999,48.360001,48.279999,48.345001,45.320831,38300
2018-05-22,48.240002,48.240002,48.181000,48.195000,45.306736,36800
2018-05-23,48.299999,48.369999,48.270000,48.360001,45.461842,54600
2018-05-24,48.470001,48.500000,48.459999,48.462002,45.557724,62300
2018-05-25,48.549999,48.630001,48.549999,48.629002,45.714722,25900
2018-05-29,48.700001,48.970001,48.680000,48.910000,45.978886,61400
2018-05-30,48.810001,48.860001,48.748001,48.830002,45.903679,35700
2018-05-31,48.770000,48.810001,48.729000,48.759998,45.837872,32700
2018-06-01,48.630001,48.702999,48.603001,48.650002,45.734474,36900
2018-06-04,48.619999,48.619999,48.529999,48.549999,45.640461,45300
2018-06-05,48.610001,48.630001,48.539001,48.610001,45.696869,34800
2018-06-06,48.470001,48.480000,48.414001,48.431000,45.528591,25400
2018-06-07,48.400002,48.560001,48.400002,48.529999,45.621651,162100
2018-06-08,48.459999,48.549999,48.459999,48.462002,45.557724,60600
2018-06-11,48.419998,48.450001,48.419998,48.449001,45.545509,36200
2018-06-12,48.400002,48.470001,48.394001,48.430000,45.527657,42000
2018-06-13,48.450001,48.484001,48.335999,48.410000,45.508839,179000
2018-06-14,48.500000,48.540001,48.470001,48.540001,45.631054,59700
2018-06-15,48.619999,48.650002,48.509998,48.520000,45.612255,51300
2018-06-18,48.529999,48.549999,48.480000,48.508999,45.601910,61100
2018-06-19,48.580002,48.603001,48.549999,48.570999,45.660202,22600
2018-06-20,48.570000,48.570000,48.430000,48.439999,45.537048,24800
2018-06-21,48.430000,48.480000,48.424999,48.439999,45.537048,34400
2018-06-22,48.439999,48.470001,48.410000,48.455002,45.551151,20900
2018-06-25,48.360001,48.360001,48.259998,48.290001,45.530415,282700
2018-06-26,48.290001,48.369999,48.290001,48.340000,45.577553,37200
2018-06-27,48.450001,48.500000,48.419998,48.459999,45.690697,24000
2018-06-28,48.500000,48.500000,48.400002,48.430000,45.662407,161000
2018-06-29,48.459999,48.520000,48.439999,48.459999,45.690697,69600
2018-07-02,48.509998,48.509998,48.410000,48.450001,45.681255,40700
2018-07-03,48.470001,48.560001,48.439999,48.540001,45.766125,43100
2018-07-05,48.599998,48.648998,48.582001,48.630001,45.850979,35100
2018-07-06,48.669998,48.709999,48.660000,48.709999,45.926411,63000
2018-07-09,48.630001,48.689999,48.630001,48.660000,45.879261,35900
2018-07-10,48.630001,48.700001,48.630001,48.674999,45.893406,66300
2018-07-11,48.750000,48.759998,48.673000,48.750000,45.964123,31200
2018-07-12,48.740002,48.799999,48.740002,48.799999,46.011257,53900
2018-07-13,48.849998,48.880001,48.834999,48.880001,46.086685,25000
2018-07-16,48.810001,48.869999,48.740002,48.799999,46.011257,36100
2018-07-17,48.810001,48.840000,48.770000,48.790001,46.001842,72500
2018-07-18,48.799999,48.820000,48.730000,48.790001,46.001842,68500
2018-07-19,48.779999,48.869999,48.770000,48.840000,46.048981,51500
2018-07-20,48.790001,48.810001,48.720001,48.730000,45.945263,29600
2018-07-23,48.700001,48.700001,48.543999,48.580002,45.803844,136100
2018-07-24,48.410000,48.520000,48.410000,48.470001,45.836929,37100
2018-07-25,48.540001,48.590000,48.500000,48.500000,45.865303,60200
2018-07-26,48.560001,48.580002,48.490002,48.490002,45.855854,33700
2018-07-27,48.590000,48.596001,48.540001,48.560001,45.922050,49100
2018-07-30,48.529999,48.560001,48.490002,48.509998,45.874756,37200
2018-07-31,48.590000,48.639999,48.549999,48.590000,45.950424,227100
2018-08-01,48.459999,48.505001,48.439999,48.500000,45.865303,117000
2018-08-02,48.459999,48.529999,48.450001,48.520000,45.884212,55400
2018-08-03,48.567001,48.630001,48.567001,48.630001,45.988243,32400
2018-08-06,48.680000,48.740002,48.669998,48.680000,46.035522,68200
2018-08-07,48.700001,48.700001,48.619999,48.660000,46.016613,56800
2018-08-08,48.619999,48.650002,48.591999,48.605000,45.964611,73800
2018-08-09,48.639999,48.700001,48.619999,48.650002,46.007149,104500
2018-08-10,48.674000,48.785999,48.650002,48.740002,46.092266,14600
2018-08-13,48.700001,48.750000,48.700001,48.730000,46.082798,63500
2018-08-14,48.750000,48.770000,48.712002,48.720001,46.073357,19700
2018-08-15,48.759998,48.830002,48.759998,48.820000,46.167923,37300
2018-08-16,48.820000,48.840000,48.754002,48.840000,46.186832,40500
2018-08-17,48.849998,48.900002,48.820999,48.869999,46.215202,38900
2018-08-20,48.919998,48.987000,48.919998,48.987000,46.325848,22000
2018-08-21,48.830002,48.830002,48.759998,48.770000,46.257553,496100
2018-08-22,48.869999,48.869999,48.779999,48.790001,46.276535,78100
2018-08-23,48.860001,48.860001,48.779999,48.779999,46.267040,41300
2018-08-24,48.740002,48.828999,48.730999,48.817001,46.302135,26100
2018-08-27,48.750000,48.783001,48.740002,48.750000,46.238590,35000
2018-08-28,48.740002,48.740002,48.650002,48.680000,46.172195,53100
2018-08-29,48.709999,48.709999,48.650002,48.660000,46.153225,54200
2018-08-30,48.700001,48.740002,48.669998,48.719002,46.209194,28300
2018-08-31,48.750000,48.779999,48.660000,48.660000,46.153225,52700
2018-09-04,48.610001,48.610001,48.529999,48.582001,46.079243,53100
2018-09-05,48.580002,48.598000,48.526001,48.564999,46.063114,42300
2018-09-06,48.619999,48.681000,48.585999,48.639999,46.134251,36600
2018-09-07,48.509998,48.549999,48.470001,48.480000,45.982498,27800
2018-09-10,48.480000,48.549999,48.480000,48.509998,46.010948,39600
2018-09-11,48.450001,48.490002,48.410000,48.435001,45.939823,42400
2018-09-12,48.480000,48.540001,48.459999,48.459999,45.963528,69000
2018-09-13,48.549999,48.595001,48.400002,48.520000,46.020439,44200
2018-09-14,48.509998,48.540001,48.470001,48.493000,45.994831,31800
2018-09-17,48.470001,48.529999,48.419998,48.520000,46.020439,88500
2018-09-18,48.459999,48.459999,48.340000,48.340000,45.849712,51100
2018-09-19,48.360001,48.360001,48.250000,48.273998,45.787113,37900
2018-09-20,48.279999,48.389999,48.277000,48.340000,45.849712,73200
2018-09-21,48.310001,48.400002,48.310001,48.379002,45.886707,21100
2018-09-24,48.340000,48.369999,48.290001,48.337002,45.846863,38000
2018-09-25,48.169998,48.200001,48.119999,48.200001,45.849712,22700
2018-09-26,48.240002,48.296001,48.189999,48.270000,45.916302,43400
2018-09-27,48.270000,48.349998,48.270000,48.325001,45.968628,21600
2018-09-28,48.389999,48.389999,48.310001,48.360001,46.001926,50600
2018-10-01,48.340000,48.360001,48.259998,48.259998,45.906784,66100
2018-10-02,48.299999,48.388000,48.299999,48.320000,45.963856,31400
2018-10-03,48.310001,48.320000,48.049999,48.130001,45.783127,108400
2018-10-04,47.970001,48.005001,47.790001,47.830002,45.497761,270500
2018-10-05,47.799999,47.810001,47.700001,47.724998,45.397873,43900
2018-10-08,47.709999,47.743000,47.660000,47.660000,45.336044,147900
2018-10-09,47.689999,47.769001,47.689999,47.750000,45.421658,30800
2018-10-10,47.700001,47.770000,47.650002,47.720001,45.393116,51800
2018-10-11,47.770000,47.889999,47.770000,47.830002,45.497761,55300
2018-10-12,47.880001,47.938999,47.848000,47.848000,45.514881,34800
2018-10-15,47.849998,47.876999,47.799999,47.848999,45.515827,27500
2018-10-16,47.860001,47.860001,47.793999,47.840000,45.507267,32400
2018-10-17,47.889999,47.898998,47.787998,47.799999,45.469223,27100
2018-10-18,47.740002,47.810001,47.705002,47.770000,45.440685,32700
2018-10-19,47.750000,47.750000,47.650002,47.700001,45.374100,43100
2018-10-22,47.740002,47.740002,47.654999,47.669998,45.345558,25300
2018-10-23,47.660000,47.689999,47.599998,47.599998,45.412334,121100
2018-10-24,47.689999,47.709999,47.630001,47.700001,45.507744,30300
2018-10-25,47.689999,47.700001,47.624001,47.689999,45.498211,74000
2018-10-26,47.740002,47.794998,47.700001,47.709999,45.517281,55600
2018-10-29,47.730000,47.730000,47.660000,47.693001,45.501080,33200
2018-10-30,47.630001,47.680000,47.599998,47.639999,45.450500,76900
2018-10-31,47.520000,47.589001,47.490002,47.520000,45.336014,124700
2018-11-01,47.490002,47.560001,47.470001,47.540001,45.355099,63800
2018-11-02,47.480000,47.512001,47.345001,47.367001,45.190052,21400
2018-11-05,47.439999,47.450001,47.369999,47.394001,45.215809,56600
2018-11-06,47.470001,47.470001,47.410000,47.430000,45.250153,82800
2018-11-07,47.580002,47.630001,47.484001,47.484001,45.301674,193000
2018-11-08,47.529999,47.529999,47.401001,47.410000,45.231071,14500
2018-11-09,47.400002,47.539001,47.400002,47.459999,45.278770,79000
2018-11-12,47.540001,47.549999,47.490002,47.509998,45.326469,49800
2018-11-13,47.490002,47.529999,47.470001,47.500000,45.316933,22100
2018-11-14,47.480000,47.580002,47.448002,47.529999,45.345562,88600
2018-11-15,47.529999,47.529999,47.459999,47.509998,45.326469,19400
2018-11-16,47.490002,47.599998,47.480000,47.563999,45.377998,29700
2018-11-19,47.529999,47.599998,47.529999,47.599998,45.412334,70500
2018-11-20,47.389999,47.400002,47.360001,47.360001,45.316658,273400
2018-11-21,47.369999,47.410000,47.351002,47.380001,45.335800,41500
2018-11-23,47.500000,47.500000,47.410999,47.430000,45.383636,16900
2018-11-26,47.389999,47.438999,47.380001,47.403999,45.358761,48300
2018-11-27,47.380001,47.570000,47.369999,47.425999,45.379810,127200
2018-11-28,47.439999,47.500000,47.368000,47.500000,45.450615,41800
2018-11-29,47.520000,47.520000,47.430000,47.480000,45.431473,45100
2018-11-30,47.450001,47.500000,47.418999,47.439999,45.393204,29700
2018-12-03,47.490002,47.610001,47.490002,47.610001,45.555878,49900
2018-12-04,47.680000,47.779999,47.619999,47.639999,45.584576,74900
2018-12-06,47.730000,47.830002,47.674000,47.779999,45.718544,108700
2018-12-07,47.799999,47.849998,47.752998,47.840000,45.775944,39400
2018-12-10,47.849998,47.919998,47.790001,47.889999,45.823795,41400
2018-12-11,47.910000,47.950001,47.830002,47.867001,45.801785,206200
2018-12-12,47.830002,47.900002,47.820000,47.825001,45.761604,57700
2018-12-13,47.830002,47.900002,47.827999,47.849998,45.785515,168000
2018-12-14,47.900002,47.970001,47.880001,47.880001,45.814224,32200
2018-12-17,47.880001,48.000000,47.880001,47.985001,45.914684,42900
2018-12-18,48.029999,48.200001,48.029999,48.099998,46.024731,207000
2018-12-19,48.139999,48.240002,48.130001,48.130001,46.053432,251500
2018-12-20,48.270000,48.270000,48.070000,48.070000,45.996021,75200
2018-12-21,48.150002,48.150002,48.040001,48.090000,46.015160,86400
2018-12-24,47.930000,47.970001,47.889999,47.912998,45.997875,40600
2018-12-26,47.919998,47.970001,47.840000,47.845001,45.932606,65100
2018-12-27,47.889999,47.980000,47.869999,47.900002,45.985401,80800
2018-12-28,47.959999,48.099998,47.930000,48.099998,46.177406,103800
2018-12-31,48.110001,48.220001,48.069000,48.220001,46.292610,100000
2019-01-02,48.220001,48.310001,48.189999,48.259998,46.331013,65000
2019-01-03,48.400002,48.470001,48.389999,48.470001,46.532619,51900
2019-01-04,48.380001,48.630001,48.310001,48.349998,46.417416,307100
2019-01-07,48.369999,48.430000,48.310001,48.349998,46.417416,64000
2019-01-08,48.349998,48.369999,48.310001,48.326000,46.394379,43300
2019-01-09,48.310001,48.448002,48.310001,48.419998,46.484615,64800
2019-01-10,48.349998,48.380001,48.310001,48.360001,46.427013,71900
2019-01-11,48.400002,48.450001,48.369999,48.405998,46.471176,59600
2019-01-14,48.430000,48.439999,48.340000,48.370998,46.437572,53100
2019-01-15,48.404999,48.410000,48.330002,48.355000,46.422215,187300
2019-01-16,48.320000,48.450001,48.310001,48.424999,46.489426,36600
2019-01-17,48.419998,48.439999,48.349998,48.419998,46.484615,68200
2019-01-18,48.360001,48.448002,48.360001,48.402000,46.467335,30400
2019-01-22,48.380001,48.400002,48.320000,48.349998,46.540493,86900
2019-01-23,48.389999,48.450001,48.340000,48.400002,46.588627,121600
2019-01-24,48.470001,48.535000,48.439999,48.509998,46.694504,45900
2019-01-25,48.450001,48.509998,48.441002,48.509998,46.694504,76300
2019-01-28,48.490002,48.509998,48.439999,48.509998,46.694504,56000
2019-01-29,48.570000,48.610001,48.520000,48.610001,46.790760,27500
2019-01-30,48.630001,48.759998,48.549999,48.747002,46.922634,38400
2019-01-31,48.820000,48.970001,48.820000,48.889999,47.060287,85100
2019-02-01,48.939999,48.939999,48.770000,48.845001,47.016975,69200
2019-02-04,48.799999,48.820000,48.730000,48.820000,46.992901,71100
2019-02-05,48.880001,48.939999,48.849998,48.886002,47.056446,46700
2019-02-06,48.900002,48.959999,48.900002,48.909000,47.078571,31500
2019-02-07,48.900002,48.959999,48.860001,48.959999,47.127659,71200
2019-02-08,49.009998,49.020000,48.959999,49.009998,47.175789,29700
2019-02-11,48.980000,48.990002,48.910000,48.980000,47.146908,152000
2019-02-12,48.970001,49.090000,48.880001,48.980000,47.146908,1404900
2019-02-13,48.900002,48.930000,48.849998,48.910000,47.079540,95100
2019-02-14,48.939999,48.959999,48.919998,48.950001,47.118042,36400
2019-02-15,48.919998,49.009998,48.919998,49.009998,47.175789,56300
2019-02-19,48.900002,49.080002,48.865002,48.950001,47.230797,313900
2019-02-20,48.900002,49.000000,48.865002,48.950001,47.230797,92700
2019-02-21,48.799999,48.830002,48.799999,48.814999,47.100529,27800
2019-02-22,48.889999,48.959000,48.845001,48.908001,47.190269,54500
2019-02-25,48.930000,48.939999,48.869999,48.919998,47.201839,91600
2019-02-26,49.009998,49.009998,48.939999,49.000000,47.279041,82400
2019-02-27,48.930000,48.945000,48.846001,48.900002,47.182545,83800
2019-02-28,48.910000,48.910000,48.810001,48.810001,47.095715,43600
2019-03-01,48.770000,48.820000,48.730000,48.750000,47.037815,86900
2019-03-04,48.810001,48.830002,48.750000,48.820000,47.105358,55500
2019-03-05,48.820000,48.869999,48.770000,48.869999,47.153599,43300
2019-03-06,48.880001,48.939999,48.869999,48.880001,47.163250,69500
2019-03-07,48.974998,49.029999,48.939999,49.020000,47.298336,91200
2019-03-08,49.029999,49.090000,48.959999,49.080002,47.356228,73000
2019-03-11,49.090000,49.090000,49.029999,49.090000,47.365871,374500
2019-03-12,49.119999,49.230000,49.096001,49.209999,47.481663,268600
2019-03-13,49.200001,49.230000,49.167999,49.209999,47.481663,65000
2019-03-14,49.200001,49.200001,49.099998,49.125000,47.399643,199200
2019-03-15,49.189999,49.259998,49.160000,49.189999,47.462360,197500
2019-03-18,49.259998,49.279999,49.200001,49.270000,47.539551,90400
2019-03-19,49.240002,49.290001,49.189999,49.270000,47.539551,126700
2019-03-20,49.290001,49.480000,49.250000,49.470001,47.732529,64900
2019-03-21,49.500000,49.529999,49.459999,49.509998,47.771118,92500
2019-03-22,49.630001,49.759998,49.630001,49.759998,48.012337,55700
2019-03-25,49.799999,49.904999,49.759998,49.869999,48.118477,95200
2019-03-26,49.750000,49.820000,49.709999,49.730000,48.103973,50800
2019-03-27,49.820000,49.930000,49.810001,49.889999,48.258739,103500
2019-03-28,49.860001,49.924999,49.845001,49.919998,48.287758,63800
2019-03-29,49.820000,49.869999,49.806999,49.830002,48.200703,52100
2019-04-01,49.740002,49.764999,49.619999,49.669998,48.045925,74500
2019-04-02,49.630001,49.700001,49.619999,49.700001,48.074947,59400
2019-04-03,49.639999,49.660000,49.599998,49.639999,48.016911,60500
2019-04-04,49.660000,49.660000,49.570000,49.610001,47.987885,160900
2019-04-05,49.639999,49.849998,49.639999,49.700001,48.074947,71300
2019-04-08,49.709999,49.709999,49.653000,49.689999,48.065269,135900
2019-04-09,49.759998,49.759998,49.680000,49.750000,48.123314,100500
2019-04-10,49.810001,49.849998,49.779999,49.849998,48.220039,69900
2019-04-11,49.779999,49.840000,49.770000,49.814999,48.186184,75400
2019-04-12,49.759998,49.770000,49.702000,49.709999,48.084621,51500
2019-04-15,49.720001,49.730000,49.680000,49.706001,48.080757,40600
2019-04-16,49.650002,49.700001,49.610001,49.669998,48.045925,35700
2019-04-17,49.669998,49.680000,49.599998,49.639999,48.016911,41900
2019-04-18,49.709999,49.709999,49.660000,49.669998,48.045925,53800
2019-04-22,49.680000,49.680000,49.590000,49.650002,48.026585,38200
2019-04-23,49.529999,49.580002,49.529999,49.549999,48.060528,165900
2019-04-24,49.630001,49.740002,49.630001,49.705002,48.210876,63300
2019-04-25,49.700001,49.740002,49.672001,49.720001,48.225418,60200
2019-04-26,49.790001,49.840000,49.770000,49.830002,48.332119,52600
2019-04-29,49.799999,49.814999,49.738998,49.779999,48.283619,87100
2019-04-30,49.730000,49.840000,49.730000,49.770000,48.273918,59800
2019-05-01,49.860001,49.950001,49.779999,49.830002,48.332119,46100
2019-05-02,49.730000,49.770000,49.650002,49.709999,48.215721,40900
2019-05-03,49.750000,49.799999,49.720001,49.779999,48.283619,76500
2019-05-06,49.790001,49.880001,49.770000,49.840000,48.341816,61300
2019-05-07,49.869999,49.948002,49.869999,49.939999,48.438812,273500
2019-05-08,49.970001,49.980000,49.820000,49.845001,48.346664,46400
2019-05-09,49.860001,49.919998,49.810001,49.889999,48.390316,68800
2019-05-10,49.889999,49.930000,49.860001,49.889999,48.390316,52300
2019-05-13,49.900002,49.991001,49.889999,49.950001,48.448513,63300
2019-05-14,49.990002,50.000000,49.919998,49.987000,48.484390,77700
2019-05-15,50.070000,50.090000,50.005001,50.090000,48.584301,78300
2019-05-16,50.070000,50.080002,50.000000,50.060001,48.555206,182300
2019-05-17,50.090000,50.090000,50.000000,50.070000,48.564899,72100
2019-05-20,50.080002,50.080002,49.980000,50.020000,48.516403,132000
2019-05-21,50.000000,50.005001,49.932999,49.939999,48.438812,82800
2019-05-22,50.009998,50.060001,49.990002,50.049999,48.545502,181500
2019-05-23,50.150002,50.220001,50.080002,50.169998,48.661888,62900
2019-05-24,50.209999,50.230000,50.154999,50.220001,48.710396,91200
2019-05-28,50.150002,50.180000,50.077999,50.169998,48.793056,306800
2019-05-29,50.240002,50.259998,50.160000,50.180000,48.802788,109600
2019-05-30,50.189999,50.348999,50.180000,50.299999,48.919491,108400
2019-05-31,50.320000,50.502998,50.306999,50.450001,49.065372,57000
2019-06-03,50.529999,50.660999,50.500000,50.610001,49.220985,97600
2019-06-04,50.630001,50.680000,50.529999,50.580002,49.191807,270500
2019-06-05,50.639999,50.688000,50.560001,50.610001,49.220985,127500
2019-06-06,50.590000,50.689999,50.555000,50.590000,49.201527,87700
2019-06-07,50.730000,50.799999,50.680000,50.750000,49.357143,71300
2019-06-10,50.700001,50.706001,50.608002,50.660000,49.269611,84400
2019-06-11,50.610001,50.689999,50.610001,50.660000,49.269611,95200
2019-06-12,50.669998,50.730000,50.639999,50.730000,49.337685,121300
2019-06-13,50.740002,50.810001,50.730000,50.799999,49.405777,147100
2019-06-14,50.770000,50.820000,50.743000,50.820000,49.425220,70900
2019-06-17,50.799999,50.840000,50.750000,50.810001,49.415493,83400
2019-06-18,50.950001,51.019001,50.900002,50.959999,49.561378,65800
2019-06-19,50.919998,51.180000,50.880001,51.169998,49.765614,54100
2019-06-20,51.299999,51.369999,51.240002,51.299999,49.892044,416300
2019-06-21,51.270000,51.270000,51.169998,51.230000,49.823967,36100
2019-06-24,51.139999,51.200001,51.080002,51.154999,49.887352,250300
2019-06-25,51.189999,51.250000,51.139999,51.185001,49.916611,77200
2019-06-26,51.200001,51.200001,51.070000,51.105999,49.839569,61800
2019-06-27,51.090000,51.240002,51.090000,51.205002,49.936115,46400
2019-06-28,51.259998,51.320000,51.234001,51.240002,49.970253,121700
2019-07-01,51.349998,51.380001,51.250000,51.306999,50.035587,131100
2019-07-02,51.279999,51.430000,51.279999,51.419998,50.145790,111300
2019-07-03,51.470001,51.540001,51.459999,51.529999,50.253063,84500
2019-07-05,51.320000,51.320000,51.160000,51.299999,50.028767,44100
2019-07-08,51.360001,51.360001,51.259998,51.285000,50.014133,87500
2019-07-09,51.290001,51.290001,51.209999,51.250000,49.980000,108500
2019-07-10,51.259998,51.270000,51.174999,51.259998,49.989750,141400
2019-07-11,51.220001,51.240002,51.029999,51.040001,49.775208,58200
2019-07-12,51.000000,51.119999,51.000000,51.099998,49.833710,85400
2019-07-15,51.150002,51.180000,51.110001,51.180000,49.911736,80600
2019-07-16,51.090000,51.139999,51.074001,51.139999,49.872726,96000
2019-07-17,51.139999,51.285000,51.139999,51.279999,50.009258,92600
2019-07-18,51.259998,51.419998,51.235001,51.369999,50.097027,98800
2019-07-19,51.330002,51.369999,51.310001,51.349998,50.077522,95600
2019-07-22,51.430000,51.430000,51.360001,51.384998,50.111656,67000
2019-07-23,51.240002,51.264999,51.160000,51.250000,50.116543,163400
2019-07-24,51.230000,51.310001,51.220001,51.310001,50.175224,136000
2019-07-25,51.279999,51.279999,51.110001,51.230000,50.096985,438700
2019-07-26,51.290001,51.299999,51.220001,51.279999,50.145882,429600
2019-07-29,51.310001,51.330002,51.238998,51.290001,50.155663,299000
2019-07-30,51.320000,51.320000,51.209999,51.320000,50.184990,68400
2019-07-31,51.290001,51.404999,51.209999,51.320000,50.184990,65400
2019-08-01,51.450001,51.689999,51.400002,51.680000,50.537041,183900
2019-08-02,51.730000,51.799999,51.680000,51.759998,50.615261,173800
2019-08-05,51.919998,51.990002,51.860001,51.970001,50.820625,266200
2019-08-06,52.000000,52.139999,51.919998,52.139999,50.986862,168400
2019-08-07,52.330002,52.330002,52.040001,52.040001,50.889072,134600
2019-08-08,52.020000,52.180000,51.959999,52.160000,51.006424,83400
2019-08-09,52.119999,52.185001,52.022999,52.049999,50.898853,59000
2019-08-12,52.169998,52.299999,52.130001,52.290001,51.133545,63000
2019-08-13,52.380001,52.380001,52.200001,52.259998,51.104202,106600
2019-08-14,52.400002,52.439999,52.360001,52.419998,51.260666,167200
2019-08-15,52.490002,52.680000,52.439999,52.590000,51.426910,126400
2019-08-16,52.520000,52.639999,52.480000,52.630001,51.466030,425900
2019-08-19,52.470001,52.529999,52.422001,52.480000,51.319347,161400
2019-08-20,52.549999,52.599998,52.520000,52.580002,51.417133,103800
2019-08-21,52.529999,52.693001,52.520000,52.630001,51.466030,218800
2019-08-22,52.560001,52.639999,52.509998,52.549999,51.387798,148300
2019-08-23,52.520000,52.750000,52.500000,52.709999,51.544262,139600
2019-08-26,52.750000,52.785000,52.659000,52.700001,51.534473,105000
2019-08-27,52.650002,52.740002,52.630001,52.700001,51.666832,113900
2019-08-28,52.790001,52.849998,52.720001,52.720001,51.686440,529800
2019-08-29,52.759998,52.759998,52.630001,52.750000,51.715851,290700
2019-08-30,52.669998,52.750000,52.630001,52.709999,51.676640,146600
2019-09-03,52.730000,52.880001,52.665001,52.770000,51.735458,474100
2019-09-04,52.770000,52.900002,52.763000,52.889999,51.853107,225100
2019-09-05,52.689999,52.689999,52.549999,52.619999,51.588398,289900
2019-09-06,52.549999,52.689999,52.549999,52.669998,51.637417,244200
2019-09-09,52.540001,52.540001,52.410000,52.410000,51.382519,116900
2019-09-10,52.400002,52.410000,52.139999,52.189999,51.166824,188400
2019-09-11,52.119999,52.180000,52.070000,52.130001,51.108009,59900
2019-09-12,52.209999,52.285000,51.990002,52.060001,51.039383,378700
2019-09-13,51.919998,51.950001,51.719002,51.740002,50.725658,96800
2019-09-16,51.790001,51.860001,51.750000,51.849998,50.833496,130100
2019-09-17,51.820000,51.970001,51.820000,51.939999,50.921734,104400
2019-09-18,52.060001,52.160000,51.941002,52.020000,51.000160,107100
2019-09-19,52.150002,52.154999,52.070000,52.090000,51.068787,402900
2019-09-20,52.180000,52.299999,52.130001,52.299999,51.274670,101900
2019-09-23,52.360001,52.439999,52.312000,52.360001,51.333500,137400
2019-09-24,52.270000,52.389999,52.250000,52.369999,51.470104,164500
2019-09-25,52.349998,52.349998,51.970001,52.169998,51.273540,177300
2019-09-26,52.169998,52.470001,52.150002,52.200001,51.303032,127500
2019-09-27,52.230000,52.270000,52.189999,52.270000,51.371826,56800
2019-09-30,52.209999,52.312000,52.185001,52.279999,51.381653,78600
2019-10-01,52.189999,52.450001,52.150002,52.365002,51.465199,149100
2019-10-02,52.369999,52.459999,52.369999,52.400002,51.499599,91700
2019-10-03,52.470001,52.639999,52.430000,52.608002,51.704021,233200
2019-10-04,52.660000,52.720001,52.619999,52.681000,51.775764,779200
2019-10-07,52.570000,52.639999,52.540001,52.570000,51.666672,120100
2019-10-08,52.610001,52.650002,52.549999,52.590000,51.686329,231500
2019-10-09,52.590000,52.590000,52.474998,52.529999,51.627357,234300
2019-10-10,52.459999,52.459999,52.280998,52.310001,51.411140,123500
2019-10-11,52.200001,52.200001,52.099998,52.119999,51.224400,141200
2019-10-14,52.230000,52.240002,52.160000,52.230000,51.332512,39200
2019-10-15,52.230000,52.259998,52.111000,52.150002,51.253891,167400
2019-10-16,52.169998,52.209999,52.139000,52.200001,51.303032,85100
2019-10-17,52.119999,52.250000,52.119999,52.160000,51.263718,84000
2019-10-18,52.230000,52.270000,52.189999,52.240002,51.342346,46400
2019-10-21,52.169998,52.209999,52.099998,52.130001,51.234234,127900
2019-10-22,52.119999,52.250000,52.000999,52.060001,51.292362,140000
2019-10-23,52.099998,52.160000,52.090000,52.110001,51.341625,135600
2019-10-24,52.169998,52.200001,52.099998,52.150002,51.381039,185300
2019-10-25,52.110001,52.150002,52.029999,52.060001,51.292362,129900
2019-10-28,51.980000,52.000000,51.930000,51.990002,51.223396,227300
2019-10-29,52.009998,52.009998,51.950001,51.970001,51.203697,102500
2019-10-30,51.950001,52.099998,51.950001,52.090000,51.321918,235400
2019-10-31,52.230000,52.330002,52.189999,52.330002,51.558384,1450400
2019-11-01,52.369999,52.393002,52.259998,52.360001,51.587940,48400
2019-11-04,52.240002,52.240002,52.180000,52.209999,51.440147,85200
2019-11-05,52.009998,52.064999,51.930000,52.020000,51.252956,335200
2019-11-06,52.060001,52.099998,52.000000,52.080002,51.312065,736400
2019-11-07,51.900002,51.917999,51.709999,51.810001,51.046051,200800
2019-11-08,51.770000,51.869999,51.770000,51.779999,51.016491,92400
2019-11-11,51.869999,51.869999,51.779999,51.830002,51.065754,129400
2019-11-12,51.849998,51.889999,51.778000,51.840000,51.075607,111100
2019-11-13,51.970001,51.970001,51.889999,51.950001,51.183983,109800
2019-11-14,52.090000,52.125999,52.040001,52.110001,51.341625,128700
2019-11-15,52.080002,52.130001,52.070000,52.090000,51.321918,420000
2019-11-18,52.130001,52.171001,52.116001,52.139999,51.371181,192000
2019-11-19,52.150002,52.209999,52.119999,52.200001,51.430302,88800
2019-11-20,52.279999,52.310001,52.240002,52.310001,51.538673,66000
2019-11-21,52.259998,52.273998,52.189999,52.240002,51.469707,120700
2019-11-22,52.270000,52.290001,52.230999,52.270000,51.499268,75200
2019-11-25,52.189999,52.220001,52.150002,52.200001,51.557541,137500
2019-11-26,52.299999,52.330002,52.270000,52.330002,51.685940,70600
2019-11-27,52.230000,52.320000,52.230000,52.299999,51.656303,298800
2019-11-29,52.270000,52.299999,52.215000,52.270000,51.626678,88400
2019-12-02,52.200001,52.200001,52.061001,52.150002,51.508156,120700
2019-12-03,52.299999,52.410000,52.250000,52.389999,51.745197,191300
2019-12-04,52.369999,52.389999,52.259998,52.349998,51.705692,114800
2019-12-05,52.230000,52.279999,52.172001,52.279999,51.636555,100300
2019-12-06,52.169998,52.265999,52.150002,52.250000,51.606926,144200
2019-12-09,52.259998,52.290001,52.200001,52.200001,51.557541,225900
2019-12-10,52.259998,52.259998,52.183998,52.209000,51.566429,406200
2019-12-11,52.299999,52.404999,52.240002,52.360001,51.715572,173900
2019-12-12,52.369999,52.369999,52.120998,52.209999,51.567413,198800
2019-12-13,52.259998,52.380001,52.169998,52.380001,51.735325,193500
2019-12-16,52.349998,52.349998,52.279999,52.320000,51.676067,118100
2019-12-17,52.320000,52.349998,52.279999,52.330002,51.685940,183600
2019-12-18,52.320000,52.320000,52.220001,52.290001,51.646435,139200
2019-12-19,52.250000,52.310001,52.200001,52.310001,51.666183,101300
2019-12-20,52.230000,52.299999,52.230000,52.299999,51.656303,157000
2019-12-23,52.180000,52.180000,52.084999,52.119999,51.613728,72700
2019-12-24,52.049999,52.189999,52.049999,52.160000,51.653332,45800
2019-12-26,52.200001,52.209999,52.150002,52.209999,51.702854,89400
2019-12-27,52.299999,52.320000,52.250000,52.310001,51.801880,140600
2019-12-30,52.209999,52.320000,52.189999,52.320000,51.811783,226600
2019-12-31,52.279999,52.280998,52.227001,52.250000,51.742462,152600
2020-01-02,52.360001,52.389999,52.270000,52.349998,51.841492,181700
2020-01-03,52.439999,52.549999,52.400002,52.549999,52.039547,229500
2020-01-06,52.560001,52.581001,52.451000,52.459999,51.950420,338100
2020-01-07,52.459999,52.470001,52.389999,52.419998,51.910812,155100
2020-01-08,52.459999,52.469002,52.306000,52.380001,51.871201,169800
2020-01-09,52.320000,52.439999,52.270000,52.439999,51.930614,359000
2020-01-10,52.490002,52.549999,52.453999,52.549999,52.039547,147400
2020-01-13,52.459999,52.480000,52.410000,52.480000,51.970230,368100
2020-01-14,52.490002,52.580002,52.480000,52.540001,52.029648,413800
2020-01-15,52.630001,52.630001,52.560001,52.619999,52.108868,171600
2020-01-16,52.630001,52.650002,52.590000,52.630001,52.118774,757400
2020-01-17,52.590000,52.639999,52.570000,52.630001,52.118774,163400
2020-01-21,52.610001,52.639999,52.540001,52.599998,52.216053,227000
2020-01-22,52.680000,52.779999,52.650002,52.700001,52.315327,335400
2020-01-23,52.750000,52.930000,52.730000,52.790001,52.404671,254600
2020-01-24,52.830002,52.900002,52.819000,52.889999,52.503937,112800
2020-01-27,52.990002,53.020000,52.949001,53.000000,52.613136,171500
2020-01-28,53.029999,53.150002,52.950001,52.990002,52.603210,344500
2020-01-29,53.009998,53.099998,52.990002,53.090000,52.702477,171200
2020-01-30,53.200001,53.209999,53.063999,53.110001,52.722332,192000
2020-01-31,53.180000,53.250000,53.169998,53.200001,52.811676,140800
2020-02-03,53.209999,53.259998,53.110001,53.259998,52.871235,93300
2020-02-04,53.150002,53.150002,53.064999,53.130001,52.742188,171900
2020-02-05,53.000000,53.060001,53.000000,53.029999,52.642914,328100
2020-02-06,52.990002,53.070000,52.990002,53.070000,52.682625,162700
2020-02-07,53.209999,53.240002,53.174000,53.230000,52.841457,112100
2020-02-10,53.290001,53.299999,53.228001,53.270000,52.881168,173900
2020-02-11,53.259998,53.270000,53.220001,53.230000,52.841457,253800
2020-02-12,53.180000,53.200001,53.133999,53.189999,52.801746,219300
2020-02-13,53.169998,53.230000,53.160000,53.200001,52.811676,159000
2020-02-14,53.270000,53.310001,53.223999,53.270000,52.881168,406500
2020-02-18,53.320000,53.389999,53.299999,53.340000,52.950653,232900
2020-02-19,53.330002,53.369999,53.299999,53.360001,52.970509,190500
2020-02-20,53.389999,53.459999,53.386002,53.450001,53.059849,144300
2020-02-21,53.540001,53.630001,53.500000,53.560001,53.169048,144800
2020-02-24,53.709999,53.730000,53.660000,53.680000,53.288170,131000
2020-02-25,53.560001,53.660000,53.555000,53.599998,53.332951,685000
2020-02-26,53.520000,53.624001,53.480000,53.509998,53.243397,285100
2020-02-27,53.599998,53.599998,53.430000,53.430000,53.163795,610600
2020-02-28,53.639999,53.806000,53.520000,53.790001,53.522003,477200
2020-03-02,53.919998,53.970001,53.654999,53.700001,53.432453,1970700
2020-03-03,53.810001,54.250000,53.799999,54.099998,53.830456,536900
2020-03-04,54.160000,54.299999,54.040001,54.150002,53.880211,418500
2020-03-05,54.279999,54.330002,54.200001,54.270000,53.999611,719300
2020-03-06,54.680000,54.680000,54.380001,54.549999,54.278214,367600
2020-03-09,54.540001,54.580002,53.980000,53.980000,53.711056,876500
2020-03-10,53.869999,54.009998,53.130001,53.160000,52.895142,1003800
2020-03-11,53.200001,53.299999,52.090000,52.090000,51.830475,626500
2020-03-12,51.599998,52.588001,49.770000,51.070000,50.815552,903500
2020-03-13,51.110001,51.900002,49.750000,49.750000,49.502129,782900
2020-03-16,49.279999,50.000000,49.209999,49.910000,49.661335,584000
2020-03-17,49.330002,50.540001,49.330002,49.639999,49.392677,503900
2020-03-18,49.040001,49.561001,47.759998,47.830002,47.591702,753600
2020-03-19,47.340000,47.790001,47.041000,47.169998,46.934986,571600
2020-03-20,47.060001,47.610001,47.040001,47.200001,46.964836,705700
2020-03-23,46.209999,49.360001,46.209999,49.330002,49.084225,1302900
2020-03-24,49.340000,49.890999,48.640999,49.680000,49.563095,527500
2020-03-25,50.230000,50.570000,49.910000,50.349998,50.231514,216700
2020-03-26,50.820000,50.939999,50.430000,50.820000,50.700409,347100
2020-03-27,50.320000,51.430000,50.320000,51.430000,51.308975,359200
2020-03-30,51.709999,51.930000,51.500000,51.740002,51.618248,316900
2020-03-31,51.820000,51.919998,51.639999,51.650002,51.528458,226900
2020-04-01,51.660000,51.840000,51.470001,51.529999,51.408737,267900
2020-04-02,51.570000,52.040001,51.480000,51.630001,51.508507,358000
2020-04-03,51.639999,51.810001,51.590000,51.610001,51.488552,182200
2020-04-06,51.810001,52.020000,51.610001,51.820000,51.698059,167500
2020-04-07,51.820000,52.180000,50.830002,52.009998,51.887608,595800
2020-04-08,51.990002,52.490002,51.910000,52.200001,52.077164,303300
2020-04-09,52.230000,53.419998,52.230000,52.919998,52.795467,691000
2020-04-13,53.009998,53.330002,52.889999,53.080002,52.955093,360600
2020-04-14,53.169998,53.230000,52.472000,53.200001,53.074810,452900
2020-04-15,53.310001,53.310001,53.049999,53.200001,53.074810,305700
2020-04-16,53.380001,54.352001,52.200001,53.340000,53.214481,322600
2020-04-17,53.360001,53.529999,53.200001,53.279999,53.154621,328900
2020-04-20,53.099998,53.296001,53.049999,53.119999,52.994999,281000
2020-04-21,53.270000,53.270000,52.980000,53.029999,53.029999,214300
2020-04-22,53.090000,53.150002,52.919998,52.959999,52.959999,144800
2020-04-23,53.180000,53.220001,53.099998,53.189999,53.189999,110200
2020-04-24,53.139999,53.189999,53.040001,53.180000,53.180000,176000
2020-04-27,53.049999,53.090000,52.730000,52.880001,52.880001,214800
2020-04-28,52.980000,53.080002,52.980000,53.080002,53.080002,109600
2020-04-29,53.119999,53.230000,53.119999,53.169998,53.169998,145900
2020-04-30,53.189999,53.320000,53.009998,53.119999,53.119999,441000
2020-05-01,52.959999,53.349998,52.959999,53.009998,53.009998,263500
2020-05-04,52.889999,53.070000,52.889999,53.040001,53.040001,384800
2020-05-05,52.959999,53.080002,52.911999,53.049999,53.049999,317800
2020-05-06,52.740002,52.830002,52.730000,52.779999,52.779999,91900
2020-05-07,52.779999,53.099998,52.740002,52.900002,52.900002,173600