Date,Open,High,Low,Close,Adj Close,Volume
2016-04-07,10.000000,10.720000,9.610000,9.770000,9.770000,1428300
2016-04-08,10.000000,12.750000,10.000000,11.990000,11.990000,560400
2016-04-11,11.870000,12.040000,10.300000,10.420000,10.420000,182600
2016-04-12,10.440000,10.740000,9.420000,9.650000,9.650000,193200
2016-04-13,9.940000,10.860000,9.850000,10.070000,10.070000,70900
2016-04-14,10.170000,10.440000,9.750000,9.760000,9.760000,39600
2016-04-15,10.150000,10.240000,9.830000,9.960000,9.960000,34800
2016-04-18,10.070000,10.080000,9.650000,9.710000,9.710000,32300
2016-04-19,10.000000,10.000000,8.360000,8.490000,8.490000,130400
2016-04-20,8.730000,8.878000,8.400000,8.540000,8.540000,19200
2016-04-21,8.800000,8.800000,8.500000,8.590000,8.590000,12300
2016-04-22,8.960000,9.450000,8.510000,9.190000,9.190000,91500
2016-04-25,9.410000,10.250000,9.220000,9.700000,9.700000,122100
2016-04-26,9.800000,10.150000,9.180000,9.890000,9.890000,157700
2016-04-27,9.590000,9.850000,9.310000,9.520000,9.520000,46400
2016-04-28,9.520000,9.775000,8.930000,9.190000,9.190000,35900
2016-04-29,9.200000,9.319000,8.550000,8.760000,8.760000,73700
2016-05-02,8.990000,10.000000,8.878000,9.760000,9.760000,113800
2016-05-03,10.000000,10.050000,9.300000,9.400000,9.400000,52900
2016-05-04,9.650000,9.890000,8.600000,9.100000,9.100000,33300
2016-05-05,9.020000,9.250000,8.570000,8.615000,8.615000,37400
2016-05-06,8.710000,9.250000,8.600000,8.710000,8.710000,29100
2016-05-09,8.720000,9.250000,8.720000,8.810000,8.810000,80400
2016-05-10,8.860000,8.935000,8.611000,8.770000,8.770000,17700
2016-05-11,8.620000,8.900000,8.080000,8.145000,8.145000,83100
2016-05-12,8.100000,8.660000,7.300000,7.460000,7.460000,75200
2016-05-13,7.190000,7.440000,6.680000,7.170000,7.170000,57200
2016-05-16,7.340000,8.500000,7.150000,7.230000,7.230000,538200
2016-05-17,7.020000,7.520000,6.810000,7.280000,7.280000,83300
2016-05-18,7.000000,8.000000,7.000000,7.410000,7.410000,16800
2016-05-19,7.020000,7.750000,7.020000,7.360000,7.360000,31800
2016-05-20,7.400000,7.600000,7.170000,7.460000,7.460000,38000
2016-05-23,7.470000,7.750000,7.070000,7.310000,7.310000,65000
2016-05-24,8.000000,8.240000,7.100000,7.360000,7.360000,105100
2016-05-25,7.220000,7.480000,7.190000,7.380000,7.380000,22000
2016-05-26,7.270000,7.490000,7.110000,7.450000,7.450000,36300
2016-05-27,7.310000,7.400000,6.850000,7.240000,7.240000,71900
2016-05-31,7.250000,7.600000,6.850000,7.500000,7.500000,34500
2016-06-01,7.500000,7.700000,7.300000,7.380000,7.380000,29900
2016-06-02,7.280000,7.680000,7.280000,7.680000,7.680000,57000
2016-06-03,7.680000,7.680000,7.345000,7.600000,7.600000,12200
2016-06-06,7.600000,7.615000,7.273000,7.590000,7.590000,11300
2016-06-07,7.310000,7.490000,7.112000,7.350000,7.350000,17900
2016-06-08,7.190000,7.590000,7.190000,7.260000,7.260000,10300
2016-06-09,7.250000,7.600000,6.870000,7.250000,7.250000,149000
2016-06-10,7.180000,7.180000,5.850000,6.280000,6.280000,95500
2016-06-13,6.210000,6.510000,6.040000,6.170000,6.170000,44000
2016-06-14,6.160000,6.540000,5.310000,5.890000,5.890000,43600
2016-06-15,5.890000,6.270000,5.010000,5.360000,5.360000,227300
2016-06-16,5.360000,5.850000,5.050000,5.200000,5.200000,122400
2016-06-17,5.400000,5.490000,4.390000,4.460000,4.460000,214300
2016-06-20,4.610000,4.860000,4.290000,4.470000,4.470000,102500
2016-06-21,4.560000,4.676000,4.305000,4.360000,4.360000,59400
2016-06-22,4.410000,4.703000,4.100000,4.455000,4.455000,35000
2016-06-23,4.580000,5.130000,4.490000,4.800000,4.800000,111900
2016-06-24,4.990000,5.420000,4.735000,5.360000,5.360000,65900
2016-06-27,5.360000,5.970000,5.360000,5.450000,5.450000,97500
2016-06-28,5.350000,5.980000,5.210000,5.450000,5.450000,69800
2016-06-29,5.830000,5.830000,5.020000,5.230000,5.230000,37000
2016-06-30,5.000000,5.150000,4.720000,4.860000,4.860000,30300
2016-07-01,5.805000,5.805000,4.650000,4.850000,4.850000,31500
2016-07-05,4.930000,4.930000,4.430000,4.580000,4.580000,26400
2016-07-06,4.590000,4.690000,4.250000,4.560000,4.560000,8700
2016-07-07,4.490000,4.490000,3.890000,3.960000,3.960000,89700
2016-07-08,3.960000,4.328000,3.960000,4.210000,4.210000,34500
2016-07-11,4.298000,4.300000,4.050000,4.120000,4.120000,54400
2016-07-12,4.130000,4.380000,4.068000,4.200000,4.200000,38900
2016-07-13,4.190000,4.760000,4.190000,4.750000,4.750000,45600
2016-07-14,4.700000,4.880000,4.650000,4.650000,4.650000,35500
2016-07-15,4.599000,4.678000,4.370000,4.520000,4.520000,31700
2016-07-18,4.706000,4.706000,4.250000,4.480000,4.480000,36600
2016-07-19,4.400000,4.749000,4.400000,4.640000,4.640000,23700
2016-07-20,4.730000,4.730000,4.550000,4.570000,4.570000,18300
2016-07-21,4.570000,4.611000,4.400000,4.540000,4.540000,12900
2016-07-22,4.400000,4.660000,4.400000,4.650000,4.650000,8700
2016-07-25,4.700000,4.700000,4.480000,4.510000,4.510000,15100
2016-07-26,4.586000,4.730000,4.500000,4.700000,4.700000,22500
2016-07-27,4.700000,5.047000,4.610000,4.700000,4.700000,12700
2016-07-28,4.760000,4.935000,4.720000,4.810000,4.810000,6100
2016-07-29,4.780000,4.997000,4.650000,4.800000,4.800000,9100
2016-08-01,4.750000,4.922000,4.720000,4.770000,4.770000,5900
2016-08-02,4.700000,4.800000,4.500000,4.580000,4.580000,14700
2016-08-03,4.765000,4.765000,4.600000,4.620000,4.620000,3400
2016-08-04,4.660000,4.930000,4.660000,4.790000,4.790000,3000
2016-08-05,4.700000,4.700000,4.660000,4.690000,4.690000,6400
2016-08-08,4.670000,4.890000,4.600000,4.600000,4.600000,5800
2016-08-09,4.590000,4.820000,4.590000,4.740000,4.740000,6100
2016-08-10,4.780000,4.780000,4.550000,4.600000,4.600000,14200
2016-08-11,4.600000,4.600000,4.550000,4.590000,4.590000,19600
2016-08-12,4.665000,4.683000,4.579000,4.600000,4.600000,1600
2016-08-15,4.686000,4.690000,4.500000,4.690000,4.690000,11200
2016-08-16,4.680000,5.200000,4.650000,5.200000,5.200000,241900
2016-08-17,5.200000,6.000000,5.200000,5.900000,5.900000,91100
2016-08-18,5.900000,6.000000,5.530000,5.880000,5.880000,20300
2016-08-19,5.662000,5.710000,5.010000,5.160000,5.160000,19500
2016-08-22,5.250000,5.670000,5.250000,5.640000,5.640000,27900
2016-08-23,5.580000,5.690000,5.440000,5.570000,5.570000,8900
2016-08-24,5.500000,5.960000,5.500000,5.790000,5.790000,25900
2016-08-25,5.380000,5.900000,5.021000,5.870000,5.870000,15200
2016-08-26,5.710000,5.900000,5.701000,5.895000,5.895000,20700
2016-08-29,5.810000,5.900000,5.570000,5.840000,5.840000,20300
2016-08-30,5.820000,5.820000,5.735000,5.790000,5.790000,4700
2016-08-31,5.770000,5.770000,5.480000,5.640000,5.640000,6600
2016-09-01,5.600000,5.900000,5.600000,5.785000,5.785000,4200
2016-09-02,5.900000,6.370000,5.832000,6.250000,6.250000,81200
2016-09-06,6.300000,6.970000,6.290000,6.970000,6.970000,62800
2016-09-07,7.000000,7.000000,6.680000,6.950000,6.950000,25600
2016-09-08,6.951000,7.330000,6.951000,7.330000,7.330000,27000
2016-09-09,7.280000,7.540000,6.800000,6.950000,6.950000,40400
2016-09-12,6.880000,7.520000,6.880000,7.450000,7.450000,34000
2016-09-13,7.580000,7.840000,7.440000,7.770000,7.770000,26700
2016-09-14,7.500000,8.200000,7.500000,8.110000,8.110000,30900
2016-09-15,8.300000,8.300000,7.640000,7.760000,7.760000,60700
2016-09-16,7.830000,7.950000,7.441000,7.710000,7.710000,63300
2016-09-19,7.710000,7.750000,6.880000,6.940000,6.940000,33500
2016-09-20,6.930000,7.250000,6.880000,6.880000,6.880000,18200
2016-09-21,6.880000,6.900000,6.110000,6.370000,6.370000,20200
2016-09-22,6.350000,6.450000,6.212000,6.420000,6.420000,29900
2016-09-23,6.480000,6.800000,6.410000,6.490000,6.490000,9400
2016-09-26,6.580000,6.970000,6.435000,6.800000,6.800000,15400
2016-09-27,6.860000,6.880000,6.658000,6.860000,6.860000,13100
2016-09-28,6.810000,7.440000,6.750000,7.010000,7.010000,19900
2016-09-29,6.990000,7.070000,6.540000,6.650000,6.650000,21100
2016-09-30,6.750000,6.800000,6.410000,6.410000,6.410000,12200
2016-10-03,6.490000,6.500000,6.356000,6.410000,6.410000,5300
2016-10-04,6.532000,6.840000,6.525000,6.780000,6.780000,3800
2016-10-05,6.770000,6.830000,6.628000,6.830000,6.830000,10900
2016-10-06,6.530000,7.250000,6.530000,6.990000,6.990000,26900
2016-10-07,7.369000,7.369000,6.560000,6.840000,6.840000,5300
2016-10-10,6.600000,6.710000,6.470000,6.500000,6.500000,21700
2016-10-11,6.510000,6.985000,6.510000,6.900000,6.900000,9800
2016-10-12,6.920000,7.190000,6.870000,6.900000,6.900000,6800
2016-10-13,7.030000,7.030000,6.720000,6.720000,6.720000,1700
2016-10-14,6.720000,7.208000,6.660000,6.750000,6.750000,8200
2016-10-17,6.879000,6.980000,6.650000,6.740000,6.740000,2600
2016-10-18,6.740000,6.750000,6.540000,6.740000,6.740000,8500
2016-10-19,6.760000,6.760000,6.130000,6.580000,6.580000,51200
2016-10-20,6.219000,6.530000,6.219000,6.330000,6.330000,64800
2016-10-21,6.580000,6.598000,6.200000,6.270000,6.270000,33000
2016-10-24,6.480000,6.780000,6.010000,6.120000,6.120000,76600
2016-10-25,6.350000,6.350000,5.260000,5.980000,5.980000,73700
2016-10-26,5.780000,6.030000,5.400000,6.030000,6.030000,12200
2016-10-27,6.020000,6.020000,5.470000,5.875000,5.875000,15700
2016-10-28,5.780000,5.890000,5.750000,5.800000,5.800000,12300
2016-10-31,5.811000,5.842000,5.320000,5.360000,5.360000,13200
2016-11-01,5.440000,6.000000,5.320000,5.860000,5.860000,26600
2016-11-02,5.830000,5.830000,5.640000,5.700000,5.700000,2600
2016-11-03,5.730000,5.930000,5.325000,5.930000,5.930000,18300
2016-11-04,5.460000,6.345000,5.460000,6.120000,6.120000,12700
2016-11-07,6.110000,6.110000,5.628000,6.080000,6.080000,11500
2016-11-08,6.000000,6.030000,5.950000,5.970000,5.970000,6100
2016-11-09,5.720000,5.949000,5.630000,5.860000,5.860000,4300
2016-11-10,5.880000,5.900000,5.501000,5.900000,5.900000,8600
2016-11-11,5.920000,5.930000,5.732000,5.930000,5.930000,2600
2016-11-14,6.000000,6.520000,5.730000,6.050000,6.050000,45000
2016-11-15,6.050000,6.239000,5.990000,6.000000,6.000000,9400
2016-11-16,6.095000,6.140000,6.000000,6.030000,6.030000,5200
2016-11-17,6.020000,6.530000,5.770000,6.200000,6.200000,46000
2016-11-18,6.250000,6.250000,5.660000,5.830000,5.830000,22100
2016-11-21,5.900000,10.340000,5.750000,5.890000,5.890000,721200
2016-11-22,5.820000,5.890000,5.220000,5.285000,5.285000,274300
2016-11-23,5.692000,5.692000,4.900000,5.010000,5.010000,56500
2016-11-25,5.400000,5.400000,4.900000,5.090000,5.090000,25900
2016-11-28,5.200000,5.366000,5.000000,5.340000,5.340000,66000
2016-11-29,5.095000,5.600000,5.000000,5.315000,5.315000,73900
2016-11-30,5.290000,5.500000,5.160000,5.170000,5.170000,42600
2016-12-01,5.190000,5.810000,5.190000,5.700000,5.700000,47000
2016-12-02,5.750000,5.750000,5.186000,5.700000,5.700000,12600
2016-12-05,5.650000,5.820000,5.335000,5.740000,5.740000,10700
2016-12-06,5.830000,6.150000,5.610000,6.080000,6.080000,46600
2016-12-07,6.130000,6.270000,5.430000,5.970000,5.970000,32200
2016-12-08,5.800000,6.060000,5.540000,5.700000,5.700000,46700
2016-12-09,5.700000,6.000000,5.146000,5.520000,5.520000,51900
2016-12-12,5.480000,5.480000,5.140000,5.350000,5.350000,11200
2016-12-13,5.410000,5.480000,5.270000,5.370000,5.370000,23000
2016-12-14,5.360000,5.890000,5.360000,5.480000,5.480000,28300
2016-12-15,5.900000,5.900000,5.230000,5.230000,5.230000,10700
2016-12-16,5.410000,5.705000,5.227000,5.400000,5.400000,33500
2016-12-19,5.440000,5.512000,4.950000,5.010000,5.010000,19600
2016-12-20,5.060000,5.391000,4.760000,5.060000,5.060000,133900
2016-12-21,5.020000,5.420000,4.900000,5.110000,5.110000,21600
2016-12-22,5.070000,5.245000,4.960000,5.120000,5.120000,9400
2016-12-23,5.100000,5.250000,4.840000,5.100000,5.100000,27900
2016-12-27,5.050000,5.250000,4.960000,5.070000,5.070000,10600
2016-12-28,5.020000,5.050000,4.770000,4.770000,4.770000,18300
2016-12-29,4.830000,4.860000,4.426000,4.640000,4.640000,43900
2016-12-30,4.505000,4.630000,4.270000,4.350000,4.350000,50800
2017-01-03,4.360000,4.733000,4.360000,4.570000,4.570000,15000
2017-01-04,4.620000,5.240000,4.570000,4.990000,4.990000,23200
2017-01-05,5.001000,5.200000,4.710000,4.940000,4.940000,13200
2017-01-06,5.294000,5.400000,4.794000,5.260000,5.260000,12900
2017-01-09,5.110000,5.324000,5.059000,5.210000,5.210000,9500
2017-01-10,5.110000,5.300000,5.010000,5.010000,5.010000,9700
2017-01-11,5.079000,5.390000,5.030000,5.330000,5.330000,8400
2017-01-12,5.290000,5.351000,5.150000,5.180000,5.180000,2700
2017-01-13,5.113000,5.374000,5.050000,5.190000,5.190000,17900
2017-01-17,5.250000,5.295000,5.070000,5.070000,5.070000,9500
2017-01-18,5.150000,5.250000,5.150000,5.180000,5.180000,19200
2017-01-19,5.170000,5.240000,4.864000,4.890000,4.890000,13600
2017-01-20,4.900000,4.900000,4.600000,4.610000,4.610000,13100
2017-01-23,4.740000,5.000000,4.350000,4.620000,4.620000,86500
2017-01-24,4.580000,4.580000,4.380000,4.380000,4.380000,35300
2017-01-25,4.820000,4.990000,4.200000,4.210000,4.210000,31400
2017-01-26,4.200000,4.208000,4.020000,4.100000,4.100000,50400
2017-01-27,4.200000,4.410000,4.000000,4.020000,4.020000,183600
2017-01-30,4.060000,4.393000,4.000000,4.010000,4.010000,77900
2017-01-31,4.080000,4.230000,3.660000,3.990000,3.990000,71900
2017-02-01,4.010000,4.100000,3.832000,4.089000,4.089000,46800
2017-02-02,4.102000,4.109000,3.970000,4.090000,4.090000,14600
2017-02-03,4.100000,4.100000,4.020000,4.020000,4.020000,16900
2017-02-06,4.110000,4.379000,4.050000,4.290000,4.290000,115500
2017-02-07,4.293000,4.293000,4.160000,4.189000,4.189000,49000
2017-02-08,4.190000,4.380000,4.100000,4.210000,4.210000,91300
2017-02-09,4.150000,4.847000,4.150000,4.595000,4.595000,353600
2017-02-10,4.640000,4.740000,4.310000,4.710000,4.710000,390300
2017-02-13,4.750000,4.930000,4.610000,4.800000,4.800000,230500
2017-02-14,4.940000,5.230000,4.750000,5.180000,5.180000,340300
2017-02-15,5.140000,5.347000,4.931000,5.040000,5.040000,175200
2017-02-16,4.980000,5.144000,4.946000,5.100000,5.100000,115900
2017-02-17,5.100000,5.550000,5.079000,5.220000,5.220000,191100
2017-02-21,5.220000,5.670000,5.160000,5.600000,5.600000,113400
2017-02-22,5.650000,6.185000,5.357000,6.000000,6.000000,206000
2017-02-23,6.120000,6.283000,5.500000,5.800000,5.800000,175000
2017-02-24,5.800000,6.170000,5.680000,5.830000,5.830000,120500
2017-02-27,5.960000,6.000000,5.650000,5.940000,5.940000,116500
2017-02-28,6.000000,6.439000,5.808000,6.200000,6.200000,144200
2017-03-01,6.230000,6.325000,5.730000,6.160000,6.160000,87400
2017-03-02,6.240000,6.389000,5.801000,6.130000,6.130000,148400
2017-03-03,6.180000,6.270000,5.840000,6.130000,6.130000,56600
2017-03-06,6.180000,6.210000,6.000000,6.090000,6.090000,17700
2017-03-07,6.100000,6.210000,5.680000,5.940000,5.940000,144900
2017-03-08,5.980000,6.876000,5.920000,6.320000,6.320000,310100
2017-03-09,6.273000,6.780000,6.273000,6.550000,6.550000,84300
2017-03-10,6.550000,6.780000,5.879000,6.530000,6.530000,209900
2017-03-13,6.480000,6.970000,6.430000,6.920000,6.920000,135300
2017-03-14,6.924000,7.050000,6.770000,7.000000,7.000000,81600
2017-03-15,7.026000,7.610000,6.472000,7.310000,7.310000,208100
2017-03-16,7.300000,7.600000,7.060000,7.190000,7.190000,67500
2017-03-17,7.190000,7.990000,6.910000,7.740000,7.740000,116900
2017-03-20,7.690000,8.140000,7.262000,8.030000,8.030000,89000
2017-03-21,8.090000,8.090000,6.860000,7.520000,7.520000,110800
2017-03-22,7.470000,7.750000,7.135000,7.710000,7.710000,30100
2017-03-23,7.810000,7.810000,7.035000,7.320000,7.320000,83000
2017-03-24,7.320000,7.470000,7.100000,7.370000,7.370000,152800
2017-03-27,7.060000,7.440000,6.760000,7.290000,7.290000,37300
2017-03-28,7.290000,7.360000,7.070000,7.180000,7.180000,37800
2017-03-29,7.011000,7.384000,7.011000,7.230000,7.230000,32800
2017-03-30,7.298000,7.601000,6.930000,7.340000,7.340000,52800
2017-03-31,7.180000,7.650000,7.130000,7.450000,7.450000,28200
2017-04-03,7.500000,7.620000,6.970000,7.190000,7.190000,41800
2017-04-04,7.225000,7.380000,7.110000,7.190000,7.190000,18400
2017-04-05,7.300000,7.300000,6.730000,7.190000,7.190000,38800
2017-04-06,7.130000,7.310000,6.560000,7.050000,7.050000,78100
2017-04-07,6.940000,7.250000,6.554000,7.250000,7.250000,22800
2017-04-10,7.260000,7.552000,6.538000,7.120000,7.120000,27000
2017-04-11,7.170000,7.200000,6.860000,6.900000,6.900000,16900
2017-04-12,6.980000,7.235000,6.918000,7.190000,7.190000,26400
2017-04-13,7.260000,7.490000,7.010000,7.440000,7.440000,21200
2017-04-17,7.500000,7.740000,7.450000,7.540000,7.540000,23900
2017-04-18,7.570000,7.580000,7.150000,7.220000,7.220000,16800
2017-04-19,7.250000,7.250000,6.770000,7.090000,7.090000,70400
2017-04-20,7.090000,7.327000,6.840000,6.900000,6.900000,17000
2017-04-21,6.790000,7.130000,6.710000,7.040000,7.040000,37400
2017-04-24,7.030000,7.350000,6.918000,7.000000,7.000000,21900
2017-04-25,7.210000,7.210000,6.875000,6.900000,6.900000,23300
2017-04-26,6.995000,7.020000,6.820000,6.950000,6.950000,16700
2017-04-27,6.960000,7.010000,6.850000,6.960000,6.960000,16700
2017-04-28,7.051000,7.150000,7.000000,7.150000,7.150000,12700
2017-05-01,7.114000,7.282000,6.710000,6.860000,6.860000,36100
2017-05-02,6.760000,6.924000,6.510000,6.680000,6.680000,35300
2017-05-03,6.660000,7.000000,6.530000,6.630000,6.630000,30000
2017-05-04,6.660000,6.692000,6.550000,6.590000,6.590000,12700
2017-05-05,6.620000,6.730000,6.510000,6.510000,6.510000,11300
2017-05-08,6.500000,6.690000,6.330000,6.430000,6.430000,17200
2017-05-09,6.370000,6.370000,5.950000,6.240000,6.240000,28000
2017-05-10,6.120000,6.290000,6.000000,6.290000,6.290000,13700
2017-05-11,6.200000,6.315000,6.051000,6.230000,6.230000,8100
2017-05-12,6.210000,6.300000,6.151000,6.300000,6.300000,11100
2017-05-15,6.300000,6.530000,6.282000,6.450000,6.450000,11700
2017-05-16,6.450000,6.536000,6.350000,6.390000,6.390000,15300
2017-05-17,6.370000,6.370000,6.177000,6.250000,6.250000,10100
2017-05-18,6.200000,6.210000,6.109000,6.140000,6.140000,2400
2017-05-19,6.180000,6.480000,6.080000,6.480000,6.480000,58100
2017-05-22,6.480000,6.740000,6.130000,6.200000,6.200000,45600
2017-05-23,6.260000,6.290000,5.260000,5.570000,5.570000,141700
2017-05-24,5.535000,5.535000,4.330000,4.750000,4.750000,198900
2017-05-25,4.710000,5.019000,4.420000,4.430000,4.430000,45900
2017-05-26,4.440000,4.600000,4.260000,4.500000,4.500000,78900
2017-05-30,4.416000,4.500000,4.210000,4.220000,4.220000,103200
2017-05-31,4.230000,4.400000,4.210000,4.220000,4.220000,46400
2017-06-01,4.220000,4.511000,4.090000,4.270000,4.270000,159900
2017-06-02,4.270000,4.440000,4.160000,4.180000,4.180000,25300
2017-06-05,4.210000,4.430000,4.180000,4.260000,4.260000,67000
2017-06-06,4.020000,4.080000,3.580000,3.590000,3.590000,314600
2017-06-07,3.630000,3.800000,3.630000,3.690000,3.690000,71200
2017-06-08,3.730000,3.840000,3.610000,3.640000,3.640000,53600
2017-06-09,3.620000,3.885000,3.520000,3.570000,3.570000,49100
2017-06-12,3.600000,3.610000,3.280000,3.430000,3.430000,70100
2017-06-13,3.430000,3.660000,3.300000,3.510000,3.510000,65900
2017-06-14,3.570000,3.570000,3.401000,3.480000,3.480000,40800
2017-06-15,3.500000,3.585000,3.360000,3.400000,3.400000,45800
2017-06-16,3.390000,3.690000,3.280000,3.500000,3.500000,114100
2017-06-19,3.500000,3.720000,3.380000,3.690000,3.690000,85500
2017-06-20,3.680000,3.885000,3.520000,3.800000,3.800000,124500
2017-06-21,3.850000,4.043000,3.810000,3.950000,3.950000,108300
2017-06-22,3.990000,4.029000,3.826000,3.950000,3.950000,79500
2017-06-23,3.920000,4.006000,3.540000,3.580000,3.580000,53300
2017-06-26,3.610000,3.950000,3.610000,3.880000,3.880000,93900
2017-06-27,3.777000,3.870000,3.740000,3.870000,3.870000,25600
2017-06-28,3.870000,4.000000,3.810000,3.850000,3.850000,13500
2017-06-29,3.817000,3.920000,3.775000,3.860000,3.860000,11300
2017-06-30,3.720000,3.850000,3.720000,3.850000,3.850000,5800
2017-07-03,3.793000,3.910000,3.760000,3.760000,3.760000,1600
2017-07-05,3.830000,3.851000,3.520000,3.540000,3.540000,42600
2017-07-06,3.540000,3.598000,3.430000,3.460000,3.460000,36700
2017-07-07,3.630000,3.630000,3.310000,3.390000,3.390000,32100
2017-07-10,3.400000,3.700000,3.300000,3.660000,3.660000,82200
2017-07-11,3.670000,3.775000,3.360000,3.490000,3.490000,109200
2017-07-12,3.830000,3.830000,3.339000,3.440000,3.440000,58100
2017-07-13,3.420000,3.700000,3.300000,3.570000,3.570000,121500
2017-07-14,3.600000,3.940000,3.510000,3.790000,3.790000,91100
2017-07-17,3.800000,3.890000,3.610000,3.760000,3.760000,54700
2017-07-18,3.730000,3.780000,3.550000,3.600000,3.600000,72700
2017-07-19,3.730000,3.730000,3.481000,3.550000,3.550000,34500
2017-07-20,3.560000,3.690000,3.380000,3.620000,3.620000,46400
2017-07-21,3.410000,3.860000,3.370000,3.700000,3.700000,98500
2017-07-24,3.550000,3.800000,3.471000,3.770000,3.770000,81200
2017-07-25,3.760000,3.850000,3.590000,3.620000,3.620000,53300
2017-07-26,3.620000,3.790000,3.540000,3.590000,3.590000,30800
2017-07-27,3.590000,3.610000,3.320000,3.490000,3.490000,69300
2017-07-28,3.640000,3.640000,3.260000,3.330000,3.330000,69900
2017-07-31,3.350000,3.482000,3.350000,3.410000,3.410000,33000
2017-08-01,3.600000,3.630000,3.140000,3.350000,3.350000,69500
2017-08-02,3.350000,3.360000,3.150000,3.250000,3.250000,29400
2017-08-03,3.260000,3.310000,3.110000,3.160000,3.160000,20300
2017-08-04,3.230000,3.250000,3.110000,3.250000,3.250000,20000
2017-08-07,3.270000,3.340000,3.250000,3.310000,3.310000,22100
2017-08-08,3.260000,3.320000,3.110000,3.190000,3.190000,37400
2017-08-09,3.140000,3.170000,2.845000,2.980000,2.980000,163800
2017-08-10,3.280000,3.280000,2.910000,2.990000,2.990000,40900
2017-08-11,3.000000,3.050000,2.810000,2.910000,2.910000,53600
2017-08-14,2.910000,2.960000,2.890000,2.960000,2.960000,27100
2017-08-15,2.840000,2.995000,2.830000,2.960000,2.960000,50000
2017-08-16,2.950000,3.130000,2.910000,2.960000,2.960000,103500
2017-08-17,2.970000,2.990000,2.810000,2.910000,2.910000,70500
2017-08-18,2.890000,2.970000,2.870000,2.970000,2.970000,29400
2017-08-21,3.000000,3.030000,2.940000,3.010000,3.010000,12400
2017-08-22,3.000000,3.140000,2.960000,3.100000,3.100000,24400
2017-08-23,3.050000,3.270000,2.950000,3.060000,3.060000,66800
2017-08-24,3.070000,3.140000,2.960000,3.110000,3.110000,26000
2017-08-25,3.150000,3.280000,3.100000,3.280000,3.280000,42300
2017-08-28,3.250000,3.380000,3.200000,3.300000,3.300000,59700
2017-08-29,3.300000,3.740000,3.210000,3.720000,3.720000,150500
2017-08-30,3.720000,4.010000,3.610000,3.890000,3.890000,120500
2017-08-31,3.900000,4.760000,3.900000,4.110000,4.110000,182800
2017-09-01,4.170000,4.250000,3.866000,4.090000,4.090000,55400
2017-09-05,4.060000,4.200000,4.000000,4.125000,4.125000,42000
2017-09-06,4.200000,4.370000,4.053000,4.340000,4.340000,45300
2017-09-07,4.410000,4.889000,4.142000,4.840000,4.840000,97100
2017-09-08,4.880000,4.900000,4.300000,4.300000,4.300000,62700
2017-09-11,4.420000,4.420000,4.053000,4.260000,4.260000,49200
2017-09-12,4.320000,4.430000,4.270000,4.280000,4.280000,22900
2017-09-13,4.180000,4.700000,4.180000,4.540000,4.540000,29500
2017-09-14,4.450000,4.650000,4.450000,4.590000,4.590000,30800
2017-09-15,4.540000,4.800000,4.410000,4.800000,4.800000,43500
2017-09-18,4.750000,4.870000,4.606000,4.640000,4.640000,38700
2017-09-19,4.440000,4.711000,4.440000,4.540000,4.540000,17000
2017-09-20,4.470000,4.690000,4.410000,4.630000,4.630000,11700
2017-09-21,4.570000,5.120000,4.394000,4.730000,4.730000,25900
2017-09-22,4.938000,4.938000,4.710000,4.860000,4.860000,28500
2017-09-25,4.850000,4.950000,4.650000,4.690000,4.690000,62300
2017-09-26,4.750000,4.800000,4.530000,4.530000,4.530000,19100
2017-09-27,4.650000,4.880000,4.540000,4.580000,4.580000,32000
2017-09-28,4.680000,4.790000,4.630000,4.630000,4.630000,8300
2017-09-29,4.650000,4.990000,4.600000,4.930000,4.930000,48200
2017-10-02,5.060000,5.290000,4.930000,5.010000,5.010000,86200
2017-10-03,5.000000,5.210000,4.660000,5.020000,5.020000,54900
2017-10-04,4.950000,5.240000,4.950000,5.160000,5.160000,62900
2017-10-05,5.200000,5.449000,4.920000,5.210000,5.210000,46100
2017-10-06,5.250000,5.370000,5.152000,5.335000,5.335000,33000
2017-10-09,5.340000,5.890000,5.340000,5.710000,5.710000,62800
2017-10-10,5.760000,6.240000,5.666000,5.975000,5.975000,150100
2017-10-11,5.950000,6.000000,5.521000,5.980000,5.980000,43000
2017-10-12,5.930000,6.038000,5.102000,5.430000,5.430000,49400
2017-10-13,5.390000,5.594000,4.790000,5.130000,5.130000,84600
2017-10-16,5.600000,5.924000,5.080000,5.120000,5.120000,121600
2017-10-17,5.100000,5.400000,4.900000,5.120000,5.120000,74500
2017-10-18,5.090000,5.150000,4.911000,4.970000,4.970000,36100
2017-10-19,5.010000,5.180000,4.936000,5.090000,5.090000,34100
2017-10-20,5.070000,5.090000,4.820000,5.050000,5.050000,13800
2017-10-23,4.960000,5.010000,4.500000,4.630000,4.630000,76300
2017-10-24,4.680000,4.940000,4.519000,4.740000,4.740000,33300
2017-10-25,4.750000,4.761000,4.550000,4.550000,4.550000,5700
2017-10-26,4.600000,4.640000,4.400000,4.640000,4.640000,12300
2017-10-27,4.610000,4.610000,4.280000,4.380000,4.380000,84200
2017-10-30,4.374000,4.720000,4.370000,4.520000,4.520000,46100
2017-10-31,4.550000,4.580000,4.260000,4.380000,4.380000,14200
2017-11-01,4.340000,4.410000,4.200000,4.230000,4.230000,18300
2017-11-02,4.378000,4.730000,4.140000,4.350000,4.350000,56100
2017-11-03,4.480000,5.010000,4.380000,4.930000,4.930000,240100
2017-11-06,4.900000,5.260000,4.800000,4.910000,4.910000,37900
2017-11-07,4.970000,5.170000,4.717000,4.850000,4.850000,17700
2017-11-08,4.867000,4.871000,4.670000,4.670000,4.670000,6700
2017-11-09,4.650000,5.110000,4.500000,5.010000,5.010000,51400
2017-11-10,4.950000,5.230000,4.790000,5.130000,5.130000,56500
2017-11-13,5.110000,5.200000,4.720000,4.820000,4.820000,62600
2017-11-14,4.990000,5.050000,4.420000,4.540000,4.540000,74900
2017-11-15,4.540000,4.890000,4.420000,4.650000,4.650000,59700
2017-11-16,4.650000,4.860000,4.440000,4.740000,4.740000,33800
2017-11-17,4.800000,4.950000,4.510000,4.540000,4.540000,31100
2017-11-20,4.610000,4.750000,4.480000,4.490000,4.490000,43200
2017-11-21,4.570000,4.650000,4.220000,4.300000,4.300000,74500
2017-11-22,4.270000,4.480000,4.225000,4.350000,4.350000,36700
2017-11-24,4.360000,4.450000,4.140000,4.270000,4.270000,18100
2017-11-27,4.220000,4.350000,4.160000,4.210000,4.210000,20100
2017-11-28,4.270000,4.390000,4.100000,4.100000,4.100000,44500
2017-11-29,4.185000,4.385000,3.910000,4.005000,4.005000,45400
2017-11-30,3.990000,4.190000,3.750000,4.000000,4.000000,154700
2017-12-01,4.040000,4.980000,4.004000,4.730000,4.730000,189600
2017-12-04,4.890000,5.180000,4.830000,5.080000,5.080000,119800
2017-12-05,5.080000,5.110000,4.570000,4.740000,4.740000,76200
2017-12-06,4.850000,5.078000,4.750000,4.880000,4.880000,68700
2017-12-07,4.820000,5.170000,4.810000,4.910000,4.910000,62800
2017-12-08,4.910000,5.150000,4.869000,5.140000,5.140000,34700
2017-12-11,5.190000,5.700000,5.090000,5.270000,5.270000,164000
2017-12-12,5.340000,5.340000,4.930000,5.200000,5.200000,57200
2017-12-13,5.170000,5.380000,4.770000,4.970000,4.970000,67500
2017-12-14,4.897000,5.450000,4.897000,5.220000,5.220000,53100
2017-12-15,5.220000,5.275000,4.864000,4.870000,4.870000,39800
2017-12-18,4.900000,5.100000,4.900000,5.010000,5.010000,151700
2017-12-19,5.020000,5.200000,4.860000,4.990000,4.990000,78500
2017-12-20,4.930000,5.220000,4.860000,4.990000,4.990000,40200
2017-12-21,4.970000,5.270000,4.970000,5.030000,5.030000,35900
2017-12-22,5.275000,5.275000,5.112000,5.180000,5.180000,23000
2017-12-26,5.180000,5.680000,5.130000,5.520000,5.520000,42500
2017-12-27,5.500000,5.655000,5.360000,5.510000,5.510000,25800
2017-12-28,5.550000,5.880000,5.360000,5.370000,5.370000,69000
2017-12-29,5.360000,5.660000,5.360000,5.410000,5.410000,44600
2018-01-02,5.440000,5.660000,5.366000,5.380000,5.380000,19700
2018-01-03,5.390000,5.580000,5.050000,5.450000,5.450000,38300
2018-01-04,5.400000,5.780000,5.400000,5.690000,5.690000,59800
2018-01-05,5.640000,5.880000,5.502000,5.520000,5.520000,52700
2018-01-08,5.570000,5.770000,4.950000,5.070000,5.070000,69200
2018-01-09,5.120000,5.576000,5.075000,5.250000,5.250000,84500
2018-01-10,5.140000,6.190000,5.090000,5.710000,5.710000,131800
2018-01-11,5.780000,6.460000,5.609000,6.000000,6.000000,191500
2018-01-12,6.130000,6.740000,6.050000,6.260000,6.260000,84700
2018-01-16,6.350000,6.500000,6.020000,6.120000,6.120000,88600
2018-01-17,6.090000,6.600000,5.951000,6.490000,6.490000,147700
2018-01-18,6.390000,6.650000,5.900000,6.600000,6.600000,87300
2018-01-19,6.750000,6.880000,6.400000,6.750000,6.750000,115600
2018-01-22,6.800000,7.500000,6.720000,7.400000,7.400000,155700
2018-01-23,7.360000,7.670000,6.510000,6.580000,6.580000,117800
2018-01-24,6.500000,6.771000,6.154000,6.560000,6.560000,84600
2018-01-25,6.490000,6.870000,6.490000,6.650000,6.650000,39200
2018-01-26,6.670000,6.940000,6.650000,6.730000,6.730000,46900
2018-01-29,6.699000,6.916000,6.590000,6.790000,6.790000,37600
2018-01-30,6.580000,7.210000,5.820000,6.870000,6.870000,62300
2018-01-31,7.000000,7.200000,6.400000,6.480000,6.480000,92900
2018-02-01,6.630000,7.040000,6.430000,7.000000,7.000000,124000
2018-02-02,6.970000,6.970000,6.560000,6.590000,6.590000,52200
2018-02-05,6.460000,6.950000,6.150000,6.270000,6.270000,149800
2018-02-06,6.150000,6.300000,5.850000,6.270000,6.270000,53200
2018-02-07,6.220000,6.440000,6.030000,6.030000,6.030000,88500
2018-02-08,6.110000,6.300000,5.960000,6.190000,6.190000,35600
2018-02-09,5.990000,6.240000,5.120000,5.450000,5.450000,110800
2018-02-12,5.600000,6.030000,5.600000,5.890000,5.890000,38300
2018-02-13,5.840000,6.100000,5.840000,5.970000,5.970000,104500
2018-02-14,5.970000,6.200000,5.970000,6.130000,6.130000,67700
2018-02-15,6.200000,6.590000,5.793000,6.020000,6.020000,124700
2018-02-16,6.050000,6.155000,6.050000,6.080000,6.080000,57500
2018-02-20,6.350000,6.388000,6.040000,6.310000,6.310000,57300
2018-02-21,6.390000,6.490000,6.181000,6.350000,6.350000,46100
2018-02-22,6.390000,6.430000,6.300000,6.360000,6.360000,19300
2018-02-23,6.400000,6.400000,5.870000,6.290000,6.290000,27700
2018-02-26,6.390000,6.410000,6.280000,6.380000,6.380000,22500
2018-02-27,6.360000,6.470000,6.360000,6.440000,6.440000,63100
2018-02-28,6.530000,7.456000,6.470000,7.250000,7.250000,224400
2018-03-01,7.240000,7.250000,6.820000,6.860000,6.860000,73200
2018-03-02,6.936000,7.250000,6.910000,7.240000,7.240000,93900
2018-03-05,7.240000,7.900000,7.145000,7.690000,7.690000,160000
2018-03-06,7.680000,7.715000,6.801000,7.500000,7.500000,50700
2018-03-07,7.767000,7.880000,7.290000,7.600000,7.600000,100500
2018-03-08,7.690000,8.980000,7.680000,8.850000,8.850000,232300
2018-03-09,8.930000,9.290000,8.000000,8.830000,8.830000,172300
2018-03-12,8.770000,8.906000,8.271000,8.600000,8.600000,70200
2018-03-13,8.500000,8.710000,8.002000,8.620000,8.620000,71300
2018-03-14,8.960000,9.150000,8.366000,8.480000,8.480000,172000
2018-03-15,8.540000,9.330000,7.980000,9.050000,9.050000,127900
2018-03-16,9.110000,10.970000,9.089000,10.640000,10.640000,177000
2018-03-19,10.610000,11.350000,10.061000,10.900000,10.900000,207500
2018-03-20,10.800000,11.350000,10.220000,10.570000,10.570000,105600
2018-03-21,10.630000,10.900000,10.570000,10.850000,10.850000,55200
2018-03-22,10.930000,11.000000,10.242000,10.500000,10.500000,73600
2018-03-23,10.550000,10.840000,10.210000,10.370000,10.370000,58400
2018-03-26,10.830000,10.830000,9.450000,10.100000,10.100000,109100
2018-03-27,10.140000,10.140000,9.002000,9.210000,9.210000,89100
2018-03-28,9.270000,9.465000,8.628000,8.800000,8.800000,88400
2018-03-29,8.800000,10.250000,8.730000,9.920000,9.920000,65000
2018-04-02,10.050000,10.300000,9.280000,9.620000,9.620000,55500
2018-04-03,9.620000,9.710000,9.110000,9.580000,9.580000,79900
2018-04-04,9.470000,10.490000,9.470000,10.190000,10.190000,78500
2018-04-05,10.240000,10.728000,9.600000,9.790000,9.790000,102000
2018-04-06,9.690000,9.880000,8.750000,8.920000,8.920000,71600
2018-04-09,9.000000,9.000000,7.830000,8.120000,8.120000,82600
2018-04-10,8.520000,9.070000,8.227000,8.900000,8.900000,48300
2018-04-11,8.780000,9.900000,8.311000,9.680000,9.680000,109200
2018-04-12,9.950000,10.420000,9.800000,10.360000,10.360000,108500
2018-04-13,10.500000,10.529000,9.340000,9.620000,9.620000,80300
2018-04-16,9.630000,9.750000,8.690000,9.010000,9.010000,56800
2018-04-17,9.110000,9.890000,9.070000,9.420000,9.420000,81200
2018-04-18,8.210000,8.930000,8.210000,8.490000,8.490000,415900
2018-04-19,7.940000,8.030000,7.500000,7.880000,7.880000,1435600
2018-04-20,7.990000,7.990000,7.716000,7.870000,7.870000,293100
2018-04-23,7.910000,8.220000,7.820000,7.900000,7.900000,178100
2018-04-24,8.400000,8.730000,7.900000,8.280000,8.280000,1371600
2018-04-25,8.320000,8.350000,7.732000,7.940000,7.940000,427500
2018-04-26,7.900000,8.350000,7.850000,8.000000,8.000000,196700
2018-04-27,7.940000,9.170000,7.940000,8.840000,8.840000,610600
2018-04-30,8.800000,9.430000,8.800000,9.340000,9.340000,371600
2018-05-01,9.260000,9.495000,8.880000,9.320000,9.320000,175500
2018-05-02,9.330000,10.070000,9.330000,9.760000,9.760000,289800
2018-05-03,9.860000,10.029000,9.460000,9.760000,9.760000,137200
2018-05-04,9.660000,10.250000,9.520000,9.750000,9.750000,175900
2018-05-07,9.780000,10.490000,9.770000,9.880000,9.880000,234500
2018-05-08,9.860000,10.138000,9.649000,9.980000,9.980000,223700
2018-05-09,10.040000,10.500000,9.820000,10.230000,10.230000,264000
2018-05-10,10.300000,10.335000,9.820000,10.080000,10.080000,201300
2018-05-11,10.060000,10.250000,9.870000,9.940000,9.940000,107800
2018-05-14,9.920000,10.780000,9.589000,10.270000,10.270000,425600
2018-05-15,10.250000,10.880000,10.049000,10.640000,10.640000,304200
2018-05-16,10.680000,11.190000,10.491000,10.770000,10.770000,294000
2018-05-17,10.880000,10.983000,10.480000,10.680000,10.680000,143600
2018-05-18,10.660000,10.990000,10.530000,10.570000,10.570000,116100
2018-05-21,10.530000,10.726000,10.191000,10.270000,10.270000,123000
2018-05-22,10.310000,10.430000,9.820000,9.990000,9.990000,107500
2018-05-23,9.940000,10.561000,9.833000,9.890000,9.890000,146200
2018-05-24,9.950000,10.120000,9.330000,9.720000,9.720000,229800
2018-05-25,9.740000,10.940000,9.690000,10.620000,10.620000,211700
2018-05-29,10.600000,11.000000,10.310000,10.390000,10.390000,143100
2018-05-30,10.450000,10.820000,10.100000,10.220000,10.220000,104000
2018-05-31,10.250000,11.000000,10.250000,10.680000,10.680000,235900
2018-06-01,10.890000,12.000000,9.840000,9.990000,9.990000,1079500
2018-06-04,9.950000,10.430000,9.070000,10.080000,10.080000,382700
2018-06-05,10.060000,10.450000,9.850000,9.930000,9.930000,128600
2018-06-06,9.960000,10.410000,9.851000,10.300000,10.300000,199500
2018-06-07,10.310000,10.450000,10.070000,10.280000,10.280000,115700
2018-06-08,10.230000,10.620000,10.190000,10.510000,10.510000,149600
2018-06-11,10.500000,10.570000,9.700000,9.990000,9.990000,215100
2018-06-12,10.000000,10.510000,9.383000,10.130000,10.130000,330600
2018-06-13,10.150000,10.218000,9.850000,10.090000,10.090000,223100
2018-06-14,10.990000,10.990000,10.100000,10.400000,10.400000,251500
2018-06-15,10.380000,11.000000,10.310000,10.590000,10.590000,301900
2018-06-18,10.500000,11.300000,10.500000,10.890000,10.890000,275000
2018-06-19,10.990000,11.320000,10.350000,10.820000,10.820000,252500
2018-06-20,10.810000,11.239000,10.543000,10.780000,10.780000,243600
2018-06-21,10.830000,10.980000,10.202000,10.480000,10.480000,280300
2018-06-22,10.630000,10.820000,10.050000,10.720000,10.720000,2038700
2018-06-25,10.730000,11.070000,10.460000,10.620000,10.620000,359000
2018-06-26,10.760000,10.933000,10.210000,10.530000,10.530000,290200
2018-06-27,10.570000,10.990000,10.480000,10.610000,10.610000,381100
2018-06-28,10.580000,10.610000,10.300000,10.470000,10.470000,224600
2018-06-29,10.540000,10.900000,10.410000,10.580000,10.580000,198400
2018-07-02,10.580000,11.370000,10.540000,11.000000,11.000000,337300
2018-07-03,11.020000,11.185000,10.280000,10.390000,10.390000,265600
2018-07-05,10.400000,10.770000,9.900000,10.220000,10.220000,237900
2018-07-06,10.250000,10.460000,10.061000,10.170000,10.170000,140600
2018-07-09,10.190000,10.640000,9.950000,10.240000,10.240000,212900
2018-07-10,10.240000,10.320000,10.070000,10.220000,10.220000,143100
2018-07-11,10.110000,10.180000,9.520000,9.540000,9.540000,289300
2018-07-12,9.660000,9.690000,8.930000,9.000000,9.000000,272700
2018-07-13,9.000000,9.000000,8.700000,8.780000,8.780000,264900
2018-07-16,8.850000,9.270000,8.795000,9.140000,9.140000,214200
2018-07-17,9.130000,9.510000,9.020000,9.040000,9.040000,200400
2018-07-18,9.020000,9.500000,8.960000,9.360000,9.360000,246800
2018-07-19,9.320000,9.450000,9.030000,9.310000,9.310000,132200
2018-07-20,9.290000,9.400000,9.000000,9.200000,9.200000,152600
2018-07-23,9.140000,9.420000,9.120000,9.380000,9.380000,97000
2018-07-24,9.440000,9.470000,8.970000,9.170000,9.170000,250000
2018-07-25,8.860000,9.650000,8.860000,9.520000,9.520000,195100
2018-07-26,9.480000,9.610000,9.270000,9.310000,9.310000,102300
2018-07-27,9.330000,9.380000,8.370000,8.550000,8.550000,241200
2018-07-30,8.610000,8.700000,8.240000,8.245000,8.245000,155700
2018-07-31,8.430000,8.818000,8.260000,8.410000,8.410000,169600
2018-08-01,8.400000,9.390000,8.400000,9.190000,9.190000,204900
2018-08-02,9.060000,9.270000,8.660000,9.220000,9.220000,78100
2018-08-03,9.220000,9.220000,8.740000,8.930000,8.930000,99300
2018-08-06,8.890000,9.090000,8.740000,8.790000,8.790000,55600
2018-08-07,8.790000,9.090000,8.638000,8.980000,8.980000,54600
2018-08-08,8.790000,9.180000,8.790000,9.050000,9.050000,48100
2018-08-09,8.910000,9.750000,8.910000,9.580000,9.580000,137200
2018-08-10,9.500000,9.600000,9.370000,9.480000,9.480000,96700
2018-08-13,9.450000,9.745000,9.400000,9.600000,9.600000,243200
2018-08-14,9.630000,9.820000,9.101000,9.160000,9.160000,161200
2018-08-15,9.100000,9.185000,8.788000,9.130000,9.130000,65500
2018-08-16,9.110000,9.310000,8.980000,9.220000,9.220000,106900
2018-08-17,9.180000,9.330000,9.110000,9.200000,9.200000,61600
2018-08-20,9.370000,9.370000,8.950000,9.160000,9.160000,168700
2018-08-21,9.260000,9.610000,9.200000,9.470000,9.470000,128700
2018-08-22,9.580000,9.910000,9.400000,9.750000,9.750000,226800
2018-08-23,9.770000,10.270000,9.764000,10.220000,10.220000,227700
2018-08-24,10.370000,10.450000,10.055000,10.280000,10.280000,107300
2018-08-27,10.350000,10.550000,10.191000,10.540000,10.540000,196200
2018-08-28,10.630000,10.985000,10.450000,10.830000,10.830000,212900
2018-08-29,10.810000,10.990000,10.480000,10.790000,10.790000,183100
2018-08-30,10.820000,10.980000,10.702000,10.900000,10.900000,110500
2018-08-31,10.920000,11.160000,10.719000,10.930000,10.930000,217000
2018-09-04,11.110000,11.110000,8.120000,9.240000,9.240000,1016000
2018-09-05,9.070000,9.245000,8.370000,8.820000,8.820000,492700
2018-09-06,8.900000,8.950000,8.470000,8.590000,8.590000,296600
2018-09-07,8.550000,8.804000,8.418000,8.740000,8.740000,216800
2018-09-10,8.740000,8.980000,8.700000,8.730000,8.730000,111300
2018-09-11,8.650000,8.830000,8.540000,8.620000,8.620000,138300
2018-09-12,8.600000,8.710000,8.160000,8.390000,8.390000,233800
2018-09-13,8.400000,8.550000,8.050000,8.460000,8.460000,160100
2018-09-14,8.480000,8.680000,8.390000,8.510000,8.510000,159500
2018-09-17,8.540000,8.610000,8.300000,8.430000,8.430000,205700
2018-09-18,8.420000,8.600000,8.340000,8.490000,8.490000,140900
2018-09-19,8.500000,8.662000,8.435000,8.490000,8.490000,262400
2018-09-20,8.422000,8.760000,8.300000,8.730000,8.730000,167700
2018-09-21,8.730000,9.220000,8.540000,9.160000,9.160000,410900
2018-09-24,9.070000,9.240000,8.500000,8.920000,8.920000,203600
2018-09-25,8.950000,9.360000,8.950000,9.270000,9.270000,139600
2018-09-26,9.290000,9.640000,9.230000,9.270000,9.270000,187700
2018-09-27,9.260000,9.610000,9.200000,9.570000,9.570000,88800
2018-09-28,9.550000,9.620000,9.185000,9.570000,9.570000,107500
2018-10-01,9.910000,10.000000,9.330000,9.450000,9.450000,176600
2018-10-02,9.440000,9.450000,9.000000,9.210000,9.210000,2068300
2018-10-03,9.210000,10.490000,9.210000,10.190000,10.190000,334600
2018-10-04,10.100000,10.250000,9.550000,9.740000,9.740000,374400
2018-10-05,9.770000,9.860000,9.330000,9.790000,9.790000,274700
2018-10-08,9.790000,9.920000,9.400000,9.640000,9.640000,170000
2018-10-09,9.630000,9.930000,9.387000,9.510000,9.510000,124500
2018-10-10,9.500000,9.550000,8.830000,8.840000,8.840000,175600
2018-10-11,8.810000,9.470000,8.590000,9.070000,9.070000,176100
2018-10-12,9.310000,9.390000,8.770000,9.080000,9.080000,211700
2018-10-15,9.060000,9.630000,8.940000,9.410000,9.410000,207200
2018-10-16,9.480000,10.110000,9.480000,10.020000,10.020000,229300
2018-10-17,9.750000,10.100000,9.050000,9.570000,9.570000,281900
2018-10-18,9.520000,9.990000,9.310000,9.900000,9.900000,188000
2018-10-19,9.880000,10.280000,9.160000,9.300000,9.300000,253500
2018-10-22,9.440000,9.495000,8.910000,8.990000,8.990000,126400
2018-10-23,8.940000,9.070000,8.600000,8.860000,8.860000,113700
2018-10-24,8.870000,8.940000,8.490000,8.650000,8.650000,139000
2018-10-25,8.710000,8.943000,8.520000,8.770000,8.770000,169300
2018-10-26,8.590000,8.772000,8.400000,8.600000,8.600000,69900
2018-10-29,8.720000,8.730000,8.210000,8.320000,8.320000,101400
2018-10-30,8.300000,8.550000,8.120000,8.500000,8.500000,95800
2018-10-31,8.620000,8.850000,8.472000,8.630000,8.630000,161400
2018-11-01,8.680000,9.180000,8.670000,8.950000,8.950000,113700
2018-11-02,9.000000,9.350000,8.980000,9.270000,9.270000,94300
2018-11-05,9.310000,9.530000,8.868000,9.240000,9.240000,99700
2018-11-06,9.240000,9.397000,8.711000,9.070000,9.070000,108500
2018-11-07,9.180000,9.410000,9.040000,9.080000,9.080000,64900
2018-11-08,8.770000,9.600000,8.770000,9.520000,9.520000,184900
2018-11-09,9.420000,9.640000,8.890000,9.100000,9.100000,133100
2018-11-12,8.960000,9.030000,8.660000,8.750000,8.750000,102500
2018-11-13,8.700000,8.960000,7.640000,7.900000,7.900000,264500
2018-11-14,7.880000,8.170000,7.740000,7.840000,7.840000,89400
2018-11-15,7.790000,8.250000,7.730000,8.070000,8.070000,195300
2018-11-16,8.020000,8.360000,7.801000,8.310000,8.310000,120400
2018-11-19,8.320000,8.510000,7.760000,7.890000,7.890000,116000
2018-11-20,7.800000,8.060000,7.450000,7.530000,7.530000,91400
2018-11-21,7.510000,7.730000,7.476000,7.620000,7.620000,169000
2018-11-23,7.510000,8.170000,7.490000,7.990000,7.990000,86000
2018-11-26,8.100000,8.250000,7.850000,8.210000,8.210000,55200
2018-11-27,8.070000,8.310000,7.860000,8.080000,8.080000,53100
2018-11-28,8.080000,8.690000,8.000000,8.600000,8.600000,63000
2018-11-29,8.530000,8.730000,8.350000,8.550000,8.550000,42200
2018-11-30,8.580000,8.750000,8.390000,8.420000,8.420000,96700
2018-12-03,8.540000,8.540000,8.300000,8.470000,8.470000,63600
2018-12-04,8.370000,8.820000,8.070000,8.110000,8.110000,126500
2018-12-06,7.900000,8.560000,7.560000,7.680000,7.680000,121900
2018-12-07,7.540000,8.100000,7.540000,7.870000,7.870000,87600
2018-12-10,7.960000,8.200000,7.800000,7.840000,7.840000,82500
2018-12-11,8.150000,8.470000,8.050000,8.120000,8.120000,104200
2018-12-12,8.290000,8.492000,7.620000,7.730000,7.730000,159300
2018-12-13,7.770000,8.150000,7.477000,7.690000,7.690000,46900
2018-12-14,7.680000,7.820000,7.400000,7.500000,7.500000,72300
2018-12-17,7.540000,7.950000,7.260000,7.860000,7.860000,124800
2018-12-18,7.890000,7.890000,7.120000,7.320000,7.320000,120300
2018-12-19,7.380000,7.450000,6.830000,6.960000,6.960000,148200
2018-12-20,6.950000,7.170000,6.711000,7.070000,7.070000,103500
2018-12-21,7.060000,7.060000,6.310000,6.510000,6.510000,437900
2018-12-24,6.460000,7.440000,6.460000,7.300000,7.300000,90500
2018-12-26,7.300000,7.410000,6.800000,7.390000,7.390000,141400
2018-12-27,7.390000,8.020000,7.110000,8.010000,8.010000,193000
2018-12-28,7.950000,8.260000,7.570000,7.670000,7.670000,268000
2018-12-31,7.640000,7.860000,7.150000,7.490000,7.490000,213400
2019-01-02,7.380000,8.220000,7.380000,8.040000,8.040000,104500
2019-01-03,8.010000,8.180000,7.790000,7.930000,7.930000,122400
2019-01-04,7.980000,8.500000,7.890000,8.420000,8.420000,139300
2019-01-07,8.220000,8.670000,8.220000,8.370000,8.370000,75400
2019-01-08,8.480000,8.550000,8.140000,8.430000,8.430000,120400
2019-01-09,8.500000,8.790000,8.421000,8.640000,8.640000,103800
2019-01-10,8.483000,8.720000,8.380000,8.560000,8.560000,57800
2019-01-11,8.490000,8.620000,8.280000,8.510000,8.510000,57500
2019-01-14,8.480000,8.590000,8.270000,8.300000,8.300000,39600
2019-01-15,8.350000,8.848000,8.200000,8.690000,8.690000,72000
2019-01-16,8.690000,9.130000,8.610000,9.090000,9.090000,89800
2019-01-17,9.080000,9.170000,8.920000,8.960000,8.960000,74100
2019-01-18,8.960000,9.105000,8.720000,8.920000,8.920000,99100
2019-01-22,8.850000,8.958000,8.490000,8.740000,8.740000,97100
2019-01-23,8.680000,8.900000,8.420000,8.490000,8.490000,56000
2019-01-24,8.480000,8.570000,8.270000,8.350000,8.350000,26500
2019-01-25,8.562000,8.695000,8.325000,8.560000,8.560000,33000
2019-01-28,8.460000,8.750000,8.321000,8.510000,8.510000,46400
2019-01-29,8.530000,8.730000,8.300000,8.700000,8.700000,40600
2019-01-30,8.750000,9.160000,8.610000,9.000000,9.000000,112800
2019-01-31,9.000000,9.290000,9.000000,9.140000,9.140000,56700
2019-02-01,9.130000,9.330000,9.010000,9.180000,9.180000,71000
2019-02-04,9.070000,9.413000,9.070000,9.160000,9.160000,34900
2019-02-05,9.314000,9.450000,9.270000,9.400000,9.400000,43200
2019-02-06,8.090000,8.160000,7.200000,7.600000,7.600000,1867400
2019-02-07,7.510000,7.960000,7.500000,7.830000,7.830000,308300
2019-02-08,7.850000,8.000000,7.740000,7.830000,7.830000,209000
2019-02-11,7.920000,8.010000,7.770000,7.800000,7.800000,164800
2019-02-12,7.810000,7.850000,7.521000,7.660000,7.660000,100300
2019-02-13,7.720000,7.930000,7.500000,7.900000,7.900000,552200
2019-02-14,7.790000,8.300000,7.790000,8.160000,8.160000,295500
2019-02-15,8.190000,8.450000,8.030000,8.350000,8.350000,309200
2019-02-19,8.300000,8.420000,8.000000,8.170000,8.170000,144200
2019-02-20,8.200000,8.210000,7.910000,8.190000,8.190000,220300
2019-02-21,8.150000,8.160000,7.940000,8.060000,8.060000,138900
2019-02-22,8.090000,8.320000,7.900000,8.250000,8.250000,130000
2019-02-25,8.300000,8.670000,8.210000,8.530000,8.530000,213900
2019-02-26,8.520000,8.520000,8.165000,8.340000,8.340000,76500
2019-02-27,8.340000,8.500000,8.040000,8.350000,8.350000,74000
2019-02-28,8.360000,8.490000,8.100000,8.360000,8.360000,76500
2019-03-01,8.330000,8.645000,8.330000,8.590000,8.590000,52300
2019-03-04,8.660000,8.713000,8.430000,8.500000,8.500000,233400
2019-03-05,8.500000,8.570000,8.260000,8.450000,8.450000,136100
2019-03-06,8.400000,8.400000,7.960000,8.060000,8.060000,147900
2019-03-07,8.050000,8.240000,8.020000,8.200000,8.200000,89500
2019-03-08,8.160000,8.290000,7.860000,8.000000,8.000000,186200
2019-03-11,8.040000,8.300000,7.670000,8.230000,8.230000,124700
2019-03-12,8.220000,8.410000,8.050000,8.310000,8.310000,325500
2019-03-13,8.390000,8.479000,8.190000,8.370000,8.370000,142300
2019-03-14,8.390000,8.435000,8.280000,8.310000,8.310000,191600
2019-03-15,8.310000,8.415000,8.000000,8.000000,8.000000,305000
2019-03-18,8.060000,8.430000,7.991000,8.200000,8.200000,179500
2019-03-19,8.200000,8.300000,8.050000,8.250000,8.250000,103200
2019-03-20,8.250000,8.270000,8.000000,8.090000,8.090000,172700
2019-03-21,8.150000,8.260000,8.100000,8.180000,8.180000,292300
2019-03-22,8.110000,8.148000,7.730000,7.750000,7.750000,460200
2019-03-25,7.540000,7.980000,7.530000,7.900000,7.900000,370100
2019-03-26,7.900000,8.010000,7.820000,7.870000,7.870000,84600
2019-03-27,7.870000,7.985000,7.585000,7.880000,7.880000,430900
2019-03-28,7.840000,8.020000,7.830000,7.950000,7.950000,186000
2019-03-29,8.000000,8.080000,7.890000,8.050000,8.050000,499500
2019-04-01,8.000000,8.180000,7.650000,8.000000,8.000000,259900
2019-04-02,8.040000,8.270000,7.930000,8.200000,8.200000,1130400
2019-04-03,8.310000,8.560000,8.265000,8.510000,8.510000,261500
2019-04-04,8.500000,8.920000,8.500000,8.780000,8.780000,263700
2019-04-05,8.780000,8.880000,8.530000,8.770000,8.770000,118600
2019-04-08,8.870000,8.900000,7.420000,8.090000,8.090000,588400
2019-04-09,8.110000,8.171000,7.790000,7.830000,7.830000,223900
2019-04-10,7.850000,7.850000,7.380000,7.400000,7.400000,202500
2019-04-11,7.450000,7.550000,7.210000,7.300000,7.300000,203300
2019-04-12,7.390000,7.450000,7.220000,7.250000,7.250000,110100
2019-04-15,7.240000,7.370000,6.921000,7.250000,7.250000,208600
2019-04-16,7.250000,7.615000,7.250000,7.470000,7.470000,182000
2019-04-17,7.510000,7.510000,7.100000,7.340000,7.340000,144000
2019-04-18,7.320000,7.563000,7.220000,7.370000,7.370000,189900
2019-04-22,7.430000,7.450000,7.130000,7.310000,7.310000,69400
2019-04-23,7.330000,7.510000,7.240000,7.430000,7.430000,429300
2019-04-24,7.440000,7.560000,7.320000,7.400000,7.400000,63000
2019-04-25,7.380000,7.440000,7.190000,7.330000,7.330000,93500
2019-04-26,7.290000,7.390000,7.083000,7.210000,7.210000,59400
2019-04-29,7.200000,7.280000,7.000000,7.010000,7.010000,90600
2019-04-30,7.000000,7.080000,6.654000,6.850000,6.850000,142700
2019-05-01,6.840000,7.000000,6.640000,6.660000,6.660000,95400
2019-05-02,6.620000,6.780000,6.450000,6.720000,6.720000,94600
2019-05-03,6.760000,7.040000,6.760000,6.960000,6.960000,76100
2019-05-06,6.820000,7.070000,6.808000,7.000000,7.000000,39600
2019-05-07,6.930000,7.000000,6.680000,6.780000,6.780000,91100
2019-05-08,6.800000,6.890000,6.710000,6.870000,6.870000,55900
2019-05-09,6.810000,6.830000,6.650000,6.800000,6.800000,54700
2019-05-10,6.710000,6.950000,6.627000,6.850000,6.850000,77300
2019-05-13,6.750000,6.750000,6.480000,6.560000,6.560000,65300
2019-05-14,6.650000,6.840000,6.420000,6.810000,6.810000,73300
2019-05-15,6.750000,6.920000,6.520000,6.830000,6.830000,71000
2019-05-16,6.910000,6.950000,6.730000,6.870000,6.870000,56900
2019-05-17,6.820000,6.875000,6.420000,6.480000,6.480000,91500
2019-05-20,6.640000,6.760000,6.363000,6.500000,6.500000,135200
2019-05-21,6.750000,7.000000,6.500000,6.920000,6.920000,168100
2019-05-22,6.880000,7.080000,6.660000,6.850000,6.850000,66300
2019-05-23,6.900000,6.900000,6.650000,6.770000,6.770000,87000
2019-05-24,6.790000,6.870000,6.610000,6.820000,6.820000,79300
2019-05-28,6.770000,6.900000,6.730000,6.830000,6.830000,92300
2019-05-29,6.720000,6.800000,6.330000,6.390000,6.390000,174200
2019-05-30,6.450000,6.600000,6.430000,6.520000,6.520000,186900
2019-05-31,6.430000,6.525000,6.151000,6.240000,6.240000,152700
2019-06-03,6.230000,6.484000,6.045000,6.260000,6.260000,104000
2019-06-04,6.400000,6.520000,6.220000,6.480000,6.480000,67800
2019-06-05,6.500000,6.650000,6.370000,6.560000,6.560000,135500
2019-06-06,6.530000,6.570000,6.360000,6.390000,6.390000,85600
2019-06-07,6.410000,6.420000,6.310000,6.330000,6.330000,72800
2019-06-10,6.340000,6.400000,6.210000,6.230000,6.230000,272200
2019-06-11,6.260000,6.320000,5.990000,6.120000,6.120000,156200
2019-06-12,6.110000,6.240000,6.040000,6.100000,6.100000,160900
2019-06-13,6.130000,6.230000,6.080000,6.150000,6.150000,212800
2019-06-14,6.150000,6.315000,6.150000,6.180000,6.180000,127200
2019-06-17,6.280000,6.400000,6.270000,6.350000,6.350000,285400
2019-06-18,6.380000,6.610000,6.380000,6.480000,6.480000,143600
2019-06-19,6.480000,6.570000,6.370000,6.560000,6.560000,221300
2019-06-20,6.600000,6.740000,6.600000,6.600000,6.600000,205100
2019-06-21,6.560000,6.590000,6.460000,6.510000,6.510000,147300
2019-06-24,6.510000,6.570000,6.300000,6.360000,6.360000,199000
2019-06-25,6.370000,6.480000,6.285000,6.300000,6.300000,139300
2019-06-26,6.350000,6.390000,6.200000,6.270000,6.270000,121000
2019-06-27,6.260000,6.520000,6.260000,6.410000,6.410000,337700
2019-06-28,6.480000,6.989000,6.480000,6.850000,6.850000,1569300
2019-07-01,6.900000,6.950000,6.790000,6.840000,6.840000,84400
2019-07-02,6.840000,6.840000,6.470000,6.710000,6.710000,224700
2019-07-03,6.770000,6.770000,6.600000,6.600000,6.600000,44100
2019-07-05,6.580000,6.700000,6.510000,6.580000,6.580000,43600
2019-07-08,6.550000,6.630000,6.350000,6.480000,6.480000,259900
2019-07-09,6.460000,6.590000,6.410000,6.570000,6.570000,204800
2019-07-10,6.600000,6.620000,6.450000,6.530000,6.530000,57700
2019-07-11,6.560000,6.560000,6.380000,6.420000,6.420000,103400
2019-07-12,6.420000,6.750000,6.420000,6.690000,6.690000,157300
2019-07-15,6.690000,6.860000,6.610000,6.780000,6.780000,86400
2019-07-16,6.790000,6.900000,6.635000,6.880000,6.880000,114900
2019-07-17,6.860000,7.190000,6.765000,7.150000,7.150000,197900
2019-07-18,7.140000,7.150000,6.880000,7.010000,7.010000,132600
2019-07-19,6.950000,7.060000,6.750000,7.000000,7.000000,102900
2019-07-22,7.010000,7.130000,6.940000,6.990000,6.990000,48600
2019-07-23,7.020000,7.020000,6.780000,6.910000,6.910000,82300
2019-07-24,6.890000,7.170000,6.780000,7.150000,7.150000,125900
2019-07-25,7.180000,8.550000,6.700000,8.550000,8.550000,487800
2019-07-26,8.580000,8.580000,8.210000,8.360000,8.360000,256900
2019-07-29,8.370000,8.470000,8.273000,8.460000,8.460000,101400
2019-07-30,8.380000,9.030000,8.285000,8.980000,8.980000,156600
2019-07-31,9.020000,9.100000,8.770000,8.960000,8.960000,179500
2019-08-01,8.950000,9.090000,8.700000,9.000000,9.000000,129000
2019-08-02,8.900000,8.960000,8.620000,8.940000,8.940000,127600
2019-08-05,8.720000,8.720000,8.100000,8.140000,8.140000,152900
2019-08-06,8.030000,8.170000,7.620000,7.910000,7.910000,125400
2019-08-07,7.590000,7.970000,7.400000,7.810000,7.810000,166500
2019-08-08,7.798000,7.980000,7.750000,7.940000,7.940000,141800
2019-08-09,7.890000,8.080000,7.760000,7.830000,7.830000,52600
2019-08-12,7.780000,8.000000,7.628000,7.780000,7.780000,77000
2019-08-13,7.750000,8.089000,7.750000,7.980000,7.980000,118200
2019-08-14,7.830000,7.980000,7.710000,7.900000,7.900000,79000
2019-08-15,7.900000,8.240000,7.761000,7.790000,7.790000,70700
2019-08-16,7.830000,7.950000,7.727000,7.900000,7.900000,41200
2019-08-19,7.970000,8.140000,7.750000,8.090000,8.090000,42300
2019-08-20,8.020000,8.120000,7.910000,8.050000,8.050000,15900
2019-08-21,8.100000,8.280000,8.040000,8.160000,8.160000,61400
2019-08-22,8.190000,8.250000,7.900000,7.950000,7.950000,153200
2019-08-23,7.920000,7.980000,7.310000,7.410000,7.410000,62900
2019-08-26,7.470000,7.730000,7.434000,7.730000,7.730000,40600
2019-08-27,7.810000,7.870000,7.430000,7.500000,7.500000,45000
2019-08-28,7.550000,7.640000,7.390000,7.550000,7.550000,30800
2019-08-29,7.640000,7.800000,7.450000,7.690000,7.690000,55200
2019-08-30,7.690000,7.850000,7.600000,7.805000,7.805000,39800
2019-09-03,7.750000,8.700000,7.540000,7.710000,7.710000,115500
2019-09-04,7.750000,7.840000,7.540000,7.820000,7.820000,55900
2019-09-05,7.850000,8.120000,7.570000,8.100000,8.100000,64000
2019-09-06,8.180000,8.250000,7.995000,8.010000,8.010000,39600
2019-09-09,8.050000,8.140000,7.810000,8.140000,8.140000,35100
2019-09-10,8.150000,8.540000,7.954000,8.470000,8.470000,58100
2019-09-11,8.540000,8.820000,8.420000,8.800000,8.800000,65400
2019-09-12,8.880000,8.960000,8.610000,8.870000,8.870000,78400
2019-09-13,8.960000,8.960000,8.320000,8.500000,8.500000,96800
2019-09-16,8.400000,8.780000,8.280000,8.720000,8.720000,118400
2019-09-17,8.660000,8.820000,8.510000,8.780000,8.780000,40600
2019-09-18,8.820000,8.820000,8.550000,8.670000,8.670000,43300
2019-09-19,8.690000,8.820000,8.530000,8.540000,8.540000,28100
2019-09-20,8.540000,8.690000,8.280000,8.660000,8.660000,221900
2019-09-23,8.510000,8.840000,8.150000,8.200000,8.200000,98500
2019-09-24,8.515000,8.515000,7.830000,8.020000,8.020000,59400
2019-09-25,8.010000,8.220000,7.886000,8.120000,8.120000,49800
2019-09-26,8.110000,8.204000,7.680000,7.695000,7.695000,33600
2019-09-27,7.710000,7.960000,7.516000,7.640000,7.640000,37500
2019-09-30,7.670000,7.800000,7.410000,7.690000,7.690000,66300
2019-10-01,7.660000,7.830000,7.621000,7.650000,7.650000,49100
2019-10-02,7.600000,7.790000,7.370000,7.510000,7.510000,45800
2019-10-03,7.500000,7.500000,7.230000,7.260000,7.260000,40600
2019-10-04,7.290000,7.400000,7.135000,7.230000,7.230000,28600
2019-10-07,7.200000,7.320000,7.170000,7.290000,7.290000,20800
2019-10-08,7.190000,7.300000,7.050000,7.260000,7.260000,28500
2019-10-09,7.370000,7.410000,7.120000,7.320000,7.320000,41000
2019-10-10,7.380000,7.770000,7.270000,7.600000,7.600000,45700
2019-10-11,7.720000,7.940000,7.710000,7.790000,7.790000,40100
2019-10-14,7.700000,7.840000,7.470000,7.500000,7.500000,32200
2019-10-15,7.530000,7.690000,7.370000,7.600000,7.600000,22700
2019-10-16,7.580000,7.840000,7.580000,7.770000,7.770000,16400
2019-10-17,7.908000,7.989000,7.800000,7.900000,7.900000,31600
2019-10-18,7.810000,7.903000,7.636000,7.820000,7.820000,35100
2019-10-21,7.950000,8.000000,7.650000,7.790000,7.790000,62800
2019-10-22,7.800000,7.860000,7.620000,7.670000,7.670000,19500
2019-10-23,7.690000,7.690000,7.510000,7.610000,7.610000,21600
2019-10-24,7.690000,7.690000,7.270000,7.300000,7.300000,50000
2019-10-25,7.300000,7.530000,7.240000,7.450000,7.450000,33900
2019-10-28,7.470000,7.760000,7.400000,7.730000,7.730000,30500
2019-10-29,7.690000,8.130000,7.640000,8.040000,8.040000,33700
2019-10-30,8.040000,8.040000,7.720000,7.970000,7.970000,29000
2019-10-31,7.970000,8.030000,7.500000,7.610000,7.610000,43900
2019-11-01,7.820000,8.300000,7.790000,8.240000,8.240000,93800
2019-11-04,8.160000,8.340000,7.567000,8.310000,8.310000,23800
2019-11-05,8.390000,8.500000,8.190000,8.220000,8.220000,22300
2019-11-06,8.150000,8.150000,7.900000,8.050000,8.050000,18800
2019-11-07,8.150000,8.170000,7.705000,7.870000,7.870000,41200
2019-11-08,7.790000,8.010000,7.640000,7.930000,7.930000,33900
2019-11-11,7.800000,8.120000,7.660000,8.040000,8.040000,27500
2019-11-12,8.070000,8.170000,7.810000,7.960000,7.960000,18600
2019-11-13,7.850000,8.080000,7.830000,7.900000,7.900000,18300
2019-11-14,7.655000,8.100000,7.655000,7.850000,7.850000,34500
2019-11-15,7.930000,8.020000,7.680000,7.830000,7.830000,37500
2019-11-18,7.750000,7.750000,7.280000,7.410000,7.410000,66700
2019-11-19,7.380000,8.070000,7.380000,8.000000,8.000000,74500
2019-11-20,7.950000,8.447000,7.950000,8.300000,8.300000,174400
2019-11-21,8.370000,8.440000,8.170000,8.410000,8.410000,43700
2019-11-22,8.500000,8.550000,8.260000,8.430000,8.430000,77100
2019-11-25,8.540000,8.630000,8.350000,8.510000,8.510000,74600
2019-11-26,8.240000,8.670000,8.100000,8.480000,8.480000,53100
2019-11-27,8.560000,8.670000,8.410000,8.500000,8.500000,36400
2019-11-29,8.490000,8.670000,8.426000,8.550000,8.550000,30000
2019-12-02,8.500000,8.520000,8.250000,8.400000,8.400000,51100
2019-12-03,8.310000,8.400000,8.020000,8.040000,8.040000,66200
2019-12-04,8.100000,8.240000,7.870000,8.060000,8.060000,115100
2019-12-05,8.080000,8.080000,7.700000,7.740000,7.740000,46600
2019-12-06,7.850000,8.070000,7.680000,7.880000,7.880000,115100
2019-12-09,7.860000,8.010000,7.750000,7.860000,7.860000,67600
2019-12-10,7.910000,8.100000,7.900000,8.000000,8.000000,36200
2019-12-11,8.070000,8.380000,7.860000,7.900000,7.900000,75800
2019-12-12,7.780000,7.990000,7.730000,7.970000,7.970000,66300
2019-12-13,7.980000,8.190000,7.770000,7.820000,7.820000,62400
2019-12-16,7.980000,8.080000,7.880000,8.000000,8.000000,92300
2019-12-17,8.000000,8.095000,7.830000,7.880000,7.880000,33100
2019-12-18,7.940000,8.035000,7.680000,7.740000,7.740000,59200
2019-12-19,7.865000,7.900000,7.600000,7.600000,7.600000,68100
2019-12-20,7.590000,7.760000,7.308000,7.350000,7.350000,269600
2019-12-23,7.420000,7.810000,7.220000,7.790000,7.790000,76500
2019-12-24,7.810000,8.150000,7.810000,7.920000,7.920000,28400
2019-12-26,7.930000,8.130000,7.750000,7.860000,7.860000,25000
2019-12-27,7.820000,8.000000,7.690000,7.900000,7.900000,81600
2019-12-30,7.930000,8.000000,7.590000,7.660000,7.660000,36300
2019-12-31,7.630000,7.770000,7.500000,7.640000,7.640000,29600
2020-01-02,7.430000,7.800000,7.330000,7.750000,7.750000,58100
2020-01-03,7.630000,7.800000,7.530000,7.690000,7.690000,22200
2020-01-06,7.570000,7.765000,7.390000,7.610000,7.610000,33700
2020-01-07,7.550000,7.980000,7.550000,7.870000,7.870000,44200
2020-01-08,7.820000,7.950000,7.710000,7.910000,7.910000,37700
2020-01-09,7.950000,8.010000,7.720000,7.760000,7.760000,35600
2020-01-10,7.720000,7.940000,7.560000,7.640000,7.640000,31200
2020-01-13,7.580000,8.010000,7.430000,7.770000,7.770000,48100
2020-01-14,7.690000,7.880000,7.510000,7.560000,7.560000,28700
2020-01-15,7.560000,7.960000,7.520000,7.570000,7.570000,42900
2020-01-16,7.690000,7.770000,7.630000,7.680000,7.680000,17600
2020-01-17,7.780000,8.060000,7.710000,7.940000,7.940000,102300
2020-01-21,7.950000,7.950000,7.800000,7.840000,7.840000,43200
2020-01-22,7.910000,8.040000,7.750000,7.960000,7.960000,84600
2020-01-23,7.900000,8.000000,7.600000,7.640000,7.640000,29200
2020-01-24,7.680000,7.680000,7.330000,7.390000,7.390000,48900
2020-01-27,7.290000,7.380000,7.130000,7.165000,7.165000,76300
2020-01-28,7.306000,7.390000,7.194000,7.260000,7.260000,43500
2020-01-29,7.210000,7.560000,6.970000,7.470000,7.470000,81500
2020-01-30,7.360000,7.500000,7.050000,7.080000,7.080000,44900
2020-01-31,7.000000,7.410000,6.690000,7.260000,7.260000,109000
2020-02-03,7.300000,7.510000,7.070000,7.480000,7.480000,56200
2020-02-04,7.530000,8.100000,7.530000,7.950000,7.950000,78800
2020-02-05,8.140000,8.370000,7.970000,8.310000,8.310000,67200
2020-02-06,8.380000,8.450000,8.130000,8.190000,8.190000,51700
2020-02-07,8.070000,8.290000,7.670000,7.830000,7.830000,105000
2020-02-10,7.730000,8.270000,7.730000,8.270000,8.270000,31900
2020-02-11,8.240000,8.360000,8.240000,8.350000,8.350000,28800
2020-02-12,8.440000,8.500000,8.405000,8.480000,8.480000,40500
2020-02-13,8.390000,8.500000,8.340000,8.360000,8.360000,18400
2020-02-14,8.288000,8.480000,8.110000,8.150000,8.150000,26500
2020-02-18,8.210000,8.250000,8.150000,8.190000,8.190000,14700
2020-02-19,8.200000,8.250000,8.200000,8.220000,8.220000,30000
2020-02-20,8.160000,8.240000,8.030000,8.070000,8.070000,31700
2020-02-21,8.090000,8.090000,7.710000,7.870000,7.870000,45500
2020-02-24,7.500000,7.570000,7.260000,7.420000,7.420000,76100
2020-02-25,7.710000,8.000000,7.200000,7.220000,7.220000,49700
2020-02-26,7.430000,7.455000,7.030000,7.370000,7.370000,86000
2020-02-27,7.220000,7.220000,6.830000,6.860000,6.860000,127600
2020-02-28,6.730000,6.915000,6.555000,6.830000,6.830000,115600
2020-03-02,6.770000,7.040000,6.760000,6.880000,6.880000,46700
2020-03-03,6.810000,6.870000,6.310000,6.430000,6.430000,86300
2020-03-04,6.560000,7.000000,6.550000,6.980000,6.980000,48200
2020-03-05,6.730000,7.000000,6.430000,6.560000,6.560000,54900
2020-03-06,6.290000,6.600000,6.080000,6.310000,6.310000,59300
2020-03-09,6.010000,6.290000,5.930000,6.130000,6.130000,63700
2020-03-10,6.340000,6.440000,5.810000,5.980000,5.980000,80700
2020-03-11,5.790000,5.830000,5.320000,5.380000,5.380000,68900
2020-03-12,5.010000,5.190000,4.400000,4.460000,4.460000,111600
2020-03-13,4.600000,4.830000,4.400000,4.800000,4.800000,133600
2020-03-16,4.400000,5.250000,3.500000,3.510000,3.510000,155000
2020-03-17,3.620000,4.530000,3.620000,4.530000,4.530000,130400
2020-03-18,4.170000,4.420000,3.610000,3.810000,3.810000,90100
2020-03-19,4.000000,4.350000,3.710000,4.320000,4.320000,90100
2020-03-20,4.360000,4.580000,3.880000,3.990000,3.990000,105600
2020-03-23,3.960000,4.255000,3.700000,4.170000,4.170000,51700
2020-03-24,4.220000,4.430000,4.025000,4.330000,4.330000,92500
2020-03-25,4.330000,4.811000,3.980000,4.710000,4.710000,75800
2020-03-26,4.740000,5.210000,4.740000,5.200000,5.200000,90400
2020-03-27,4.830000,4.930000,4.600000,4.720000,4.720000,42100
2020-03-30,4.770000,4.770000,4.470000,4.680000,4.680000,49400
2020-03-31,4.690000,4.780000,4.495000,4.660000,4.660000,56300
2020-04-01,4.490000,4.690000,4.310000,4.370000,4.370000,57400
2020-04-02,4.330000,4.750000,4.070000,4.350000,4.350000,82500
2020-04-03,4.240000,4.290000,4.000000,4.010000,4.010000,76500
2020-04-06,4.230000,4.910000,4.230000,4.860000,4.860000,96900
2020-04-07,4.950000,5.080000,4.500000,4.850000,4.850000,66700
2020-04-08,5.050000,5.430000,4.950000,5.210000,5.210000,98400
2020-04-09,5.470000,5.690000,5.060000,5.440000,5.440000,118400
2020-04-13,5.500000,5.940000,5.373000,5.800000,5.800000,59200
2020-04-14,5.970000,6.190000,5.550000,6.150000,6.150000,108400
2020-04-15,5.920000,5.942000,5.470000,5.480000,5.480000,70600
2020-04-16,5.280000,5.380000,4.910000,5.360000,5.360000,89000
2020-04-17,5.410000,5.745000,5.180000,5.660000,5.660000,59100
2020-04-20,5.580000,5.820000,5.250000,5.290000,5.290000,43500
2020-04-21,5.100000,5.560000,5.100000,5.450000,5.450000,55800
2020-04-22,5.640000,5.740000,5.450000,5.605000,5.605000,28800
2020-04-23,5.600000,5.940000,5.430000,5.520000,5.520000,47100
2020-04-24,5.500000,5.790000,5.363000,5.670000,5.670000,60500
2020-04-27,5.710000,5.888000,5.520000,5.550000,5.550000,69300
2020-04-28,6.500000,7.670000,6.260000,7.105000,7.105000,2799000
2020-04-29,6.670000,7.770000,6.600000,7.560000,7.560000,369200
2020-04-30,7.210000,7.850000,6.620000,7.770000,7.770000,234600
2020-05-01,7.520000,7.970000,6.850000,7.500000,7.500000,285400
2020-05-04,7.910000,8.100000,7.630000,8.000000,8.000000,249600
2020-05-05,8.150000,8.560000,8.020000,8.100000,8.100000,227700
2020-05-06,8.130000,8.160000,7.410000,7.460000,7.460000,172700
2020-05-07,7.760000,8.050000,7.450000,7.870000,7.870000,310500