Date,Open,High,Low,Close,Adj Close,Volume
2019-03-06,24.750000,24.889999,24.750000,24.799999,22.891621,69200
2019-03-07,24.809999,24.900000,24.770000,24.830999,22.920237,327400
2019-03-08,24.830000,24.850000,24.799999,24.849001,22.936853,174200
2019-03-11,24.950001,24.950001,24.830000,24.860001,22.947004,170200
2019-03-12,24.860001,24.920000,24.830000,24.860001,22.947004,242900
2019-03-13,24.930000,24.930000,24.870001,24.920000,23.002388,104300
2019-03-14,24.950001,24.990000,24.860001,24.900000,22.983925,104800
2019-03-15,24.900000,25.040001,24.879999,24.930000,23.011620,313800
2019-03-18,24.980000,25.180000,24.950001,25.049999,23.122385,299500
2019-03-19,25.059999,25.070000,24.950001,24.950001,23.030081,159500
2019-03-20,25.000000,25.049999,24.900000,25.020000,23.094692,215900
2019-03-21,25.020000,25.080000,25.000000,25.040001,23.113155,272200
2019-03-22,25.100000,25.110001,24.959999,24.980000,23.057770,99800
2019-03-25,25.030001,25.049999,24.980000,25.020000,23.094692,86400
2019-03-26,25.049999,25.070000,25.010000,25.030001,23.103924,145800
2019-03-27,25.040001,25.080000,25.010000,25.040001,23.113155,291700
2019-03-28,25.070000,25.136999,25.040001,25.129999,23.196228,213300
2019-03-29,25.020000,25.080000,24.840000,24.840000,23.099516,408000
2019-04-01,24.910000,24.950001,24.850000,24.940001,23.192513,121500
2019-04-02,24.950001,25.000000,24.900000,24.990000,23.239006,130100
2019-04-03,25.000000,25.040001,24.959999,25.000000,23.248306,143100
2019-04-04,25.048000,25.100000,25.000000,25.070000,23.313400,106400
2019-04-05,25.098000,25.180000,25.049999,25.160000,23.397095,63200
2019-04-08,25.180000,25.240000,25.122999,25.150000,23.387794,85000
2019-04-09,25.160000,25.200001,25.100000,25.139999,23.378494,128900
2019-04-10,25.087999,25.150000,25.087999,25.139999,23.378494,25200
2019-04-11,25.160000,25.209999,25.120001,25.120001,23.359896,42500
2019-04-12,25.100000,25.160000,25.100000,25.120001,23.359896,30300
2019-04-15,25.170000,25.186001,25.110001,25.170000,23.406393,24600
2019-04-16,25.170000,25.235001,25.110001,25.170000,23.406393,63100
2019-04-17,25.160000,25.160000,25.049999,25.090000,23.331999,34600
2019-04-18,25.059999,25.170000,25.000000,25.020000,23.266903,104200
2019-04-22,25.049999,25.077000,25.021000,25.049999,23.294800,92400
2019-04-23,25.049999,25.200001,25.040001,25.100000,23.341299,170600
2019-04-24,25.120001,25.165001,25.070000,25.139999,23.378494,70400
2019-04-25,25.180000,25.180000,25.100000,25.150000,23.387794,850300
2019-04-26,25.158001,25.209999,25.100000,25.100000,23.341299,145500
2019-04-29,25.110001,25.249001,25.110001,25.209999,23.443588,36000
2019-04-30,25.230000,25.250000,25.129999,25.170000,23.406393,107800
2019-05-01,25.139999,25.150000,25.080000,25.150000,23.387794,81400
2019-05-02,25.180000,25.191000,25.090000,25.090000,23.331999,81200
2019-05-03,25.145000,25.198000,25.049999,25.139999,23.378494,61400
2019-05-06,25.100000,25.190001,25.049999,25.120001,23.359896,129700
2019-05-07,25.200001,25.200001,25.040001,25.059999,23.304100,49500
2019-05-08,25.059999,25.170000,25.040001,25.070000,23.313400,37600
2019-05-09,25.080000,25.100000,25.013000,25.049999,23.294800,86100
2019-05-10,25.087999,25.090000,25.049999,25.059999,23.304100,18900
2019-05-13,25.100000,25.180000,25.059999,25.180000,23.415691,159500
2019-05-14,25.139999,25.170000,25.101000,25.160000,23.397095,16200
2019-05-15,25.100000,25.200001,25.091000,25.167000,23.403603,26500
2019-05-16,25.200001,25.230000,25.129999,25.150000,23.387794,52100
2019-05-17,25.150000,25.162001,25.030001,25.030001,23.276203,54700
2019-05-20,25.070999,25.100000,24.980000,25.030001,23.276203,101000
2019-05-21,25.030001,25.110001,25.030001,25.049999,23.294800,46200
2019-05-22,25.030001,25.090000,25.020000,25.080000,23.322699,36300
2019-05-23,25.110001,25.139999,25.059999,25.120001,23.359896,37100
2019-05-24,25.080000,25.180000,25.059999,25.170000,23.406393,36100
2019-05-28,25.170000,25.190001,25.070000,25.139999,23.378494,88000
2019-05-29,25.129999,25.160000,25.080000,25.136999,23.375704,38600
2019-05-30,25.100000,25.180000,25.100000,25.160000,23.397095,16800
2019-05-31,25.120001,25.290001,25.100000,25.290001,23.517986,126000
2019-06-03,25.200001,25.281000,25.160000,25.230000,23.462189,26200
2019-06-04,25.240000,25.326000,25.170000,25.260000,23.490088,55000
2019-06-05,25.180000,25.223000,25.090000,25.160000,23.397095,219800
2019-06-06,25.170000,25.209999,25.150000,25.180000,23.415691,46900
2019-06-07,25.209999,25.340000,25.179001,25.309999,23.536583,18600
2019-06-10,25.350000,25.440001,25.340000,25.410000,23.629578,39700
2019-06-11,25.400000,25.440001,25.360001,25.400000,23.620279,25500
2019-06-12,25.400000,25.430000,25.263000,25.430000,23.648176,45200
2019-06-13,25.450001,25.450001,25.370001,25.440001,23.657475,12900
2019-06-14,25.400000,25.410000,25.230000,25.360001,23.583080,52400
2019-06-17,25.440001,25.450001,25.299000,25.360001,23.583080,35200
2019-06-18,25.400000,25.490000,25.309999,25.490000,23.703972,72200
2019-06-19,25.500000,25.549999,25.450001,25.530001,23.741171,50200
2019-06-20,25.530001,25.650000,25.410000,25.469999,23.685371,62700
2019-06-21,25.450001,25.480000,25.340000,25.379999,23.601677,87100
2019-06-24,25.400000,25.440001,25.340000,25.389999,23.610977,93500
2019-06-25,25.360001,25.420000,25.260000,25.360001,23.583080,63400
2019-06-26,25.393000,25.450001,25.270000,25.320000,23.545883,79400
2019-06-27,25.389999,25.450001,25.360001,25.450001,23.666775,46600
2019-06-28,25.139000,25.160000,25.059999,25.150000,23.789745,127300
2019-07-01,25.170000,25.219999,25.139999,25.180000,23.818121,59300
2019-07-02,25.180000,25.209999,25.110001,25.209999,23.846498,52400
2019-07-03,25.150000,25.360001,25.150000,25.350000,23.978928,111000
2019-07-05,25.299999,25.370001,25.250000,25.370001,23.997847,15000
2019-07-08,25.327000,25.400999,25.230000,25.400000,24.026222,61800
2019-07-09,25.400000,25.400000,25.270000,25.340000,23.969469,22100
2019-07-10,25.323999,25.400000,25.290001,25.385000,24.012033,39300
2019-07-11,25.334999,25.389999,25.330000,25.370001,23.997847,23700
2019-07-12,25.360001,25.450001,25.340000,25.420000,24.045141,13000
2019-07-15,25.450001,25.455000,25.400000,25.455000,24.078249,23700
2019-07-16,25.410000,25.475000,25.400000,25.450001,24.073519,29000
2019-07-17,25.420000,25.500000,25.400000,25.500000,24.120813,22400
2019-07-18,25.580000,25.590000,25.520000,25.590000,24.205946,6500
2019-07-19,25.462999,25.580000,25.462999,25.580000,24.196487,27300
2019-07-22,25.559999,25.590000,25.514000,25.590000,24.205946,14000
2019-07-23,25.590000,25.590000,25.490000,25.590000,24.205946,97400
2019-07-24,25.520000,25.590000,25.510000,25.590000,24.205946,28600
2019-07-25,25.500000,25.510000,25.420000,25.490000,24.111353,51600
2019-07-26,25.459999,25.570000,25.459999,25.549999,24.168108,32000
2019-07-29,25.510000,25.590000,25.510000,25.540001,24.158649,19800
2019-07-30,25.527000,25.590000,25.521999,25.590000,24.205946,79000
2019-07-31,25.561001,25.690001,25.530001,25.590000,24.205946,126800
2019-08-01,25.520000,25.600000,25.520000,25.580000,24.196487,21500
2019-08-02,25.587999,25.600000,25.549999,25.590000,24.205946,25500
2019-08-05,25.600000,25.600000,25.350000,25.459999,24.082977,34800
2019-08-06,25.570000,25.600000,25.528000,25.549999,24.168108,4700
2019-08-07,25.549999,25.600000,25.489000,25.490000,24.111353,37200
2019-08-08,25.587000,25.600000,25.500000,25.559999,24.177568,31500
2019-08-09,25.549999,25.660000,25.530001,25.660000,24.272160,329700
2019-08-12,25.680000,25.850000,25.590000,25.750000,24.357294,65500
2019-08-13,25.629000,25.750000,25.629000,25.750000,24.357294,7700
2019-08-14,25.650000,25.730000,25.580000,25.600000,24.215406,33600
2019-08-15,25.629999,25.728001,25.600000,25.620001,24.234324,7900
2019-08-16,25.559999,25.690001,25.559999,25.650000,24.262701,20100
2019-08-19,25.646000,25.712999,25.646000,25.650000,24.262701,16100
2019-08-20,25.700001,25.730000,25.639999,25.700001,24.309998,77900
2019-08-21,25.740000,25.740000,25.660000,25.690001,24.300537,46600
2019-08-22,25.700001,25.750000,25.670000,25.740000,24.347834,12700
2019-08-23,25.700001,26.040001,25.679001,26.040001,24.631607,83700
2019-08-26,25.990000,26.040001,25.850000,26.040001,24.631607,35400
2019-08-27,26.040001,26.139999,25.981001,26.100000,24.688362,28200
2019-08-28,25.988001,26.139999,25.965000,26.129999,24.716740,24600
2019-08-29,26.139999,26.271000,26.131001,26.230000,24.811331,28600
2019-08-30,26.174000,26.200001,26.035999,26.190001,24.773495,86000
2019-09-03,26.128000,26.128000,25.959999,26.070000,24.659986,36300
2019-09-04,26.100000,26.170000,26.020000,26.090000,24.678902,97500
2019-09-05,26.030001,26.139999,25.830000,26.110001,24.697823,88200
2019-09-06,26.150000,26.150000,25.958000,26.030001,24.622149,32600
2019-09-09,25.955999,26.100000,25.900000,26.070000,24.659986,15100
2019-09-10,26.020000,26.100000,26.000000,26.020000,24.612690,34800
2019-09-11,26.013000,26.013000,25.760000,25.850000,24.451883,87000
2019-09-12,25.820000,25.900000,25.777000,25.860001,24.461346,65700
2019-09-13,25.900000,25.900000,25.350000,25.650000,24.262701,127100
2019-09-16,25.570000,25.799999,25.570000,25.780001,24.385670,21000
2019-09-17,25.778999,25.879999,25.680000,25.860001,24.461346,13100
2019-09-18,25.900000,25.980000,25.840000,25.959999,24.555935,43800
2019-09-19,26.040001,26.200001,26.040001,26.139999,24.726198,37700
2019-09-20,25.910000,26.040001,25.820000,26.040001,24.631607,62900
2019-09-23,25.990000,26.070000,25.980000,26.070000,24.659986,23100
2019-09-24,26.049999,26.110001,26.020000,26.040001,24.631607,42500
2019-09-25,26.040001,26.040001,25.959999,26.030001,24.622149,20100
2019-09-26,25.980000,26.030001,25.745001,25.860001,24.461346,186600
2019-09-27,25.850000,25.900000,25.799999,25.840000,24.442425,75300
2019-09-30,25.459999,25.500000,25.270000,25.370001,24.403948,312000
2019-10-01,25.400000,25.430000,25.280001,25.309999,24.346231,93800
2019-10-02,25.299999,25.302000,25.160000,25.219999,24.259657,106700
2019-10-03,25.245001,25.260000,25.139999,25.230000,24.269278,106900
2019-10-04,25.240000,25.360001,25.219999,25.270000,24.307756,110300
2019-10-07,25.260000,25.270000,25.190001,25.240000,24.278896,43200
2019-10-08,25.230000,25.240000,25.110001,25.219999,24.259657,65300
2019-10-09,25.240000,25.290001,25.230000,25.260000,24.298136,49500
2019-10-10,25.260000,25.330000,25.139999,25.190001,24.230801,104600
2019-10-11,25.200001,25.209999,25.129999,25.180000,24.221182,96400
2019-10-14,25.200001,25.230000,25.150000,25.180000,24.221182,47200
2019-10-15,25.200001,25.260000,25.139999,25.160000,24.201944,143900
2019-10-16,25.180000,25.209999,25.139999,25.180000,24.221182,33400
2019-10-17,25.190001,25.299999,25.160000,25.270000,24.307756,55200
2019-10-18,25.309999,25.309999,25.230000,25.270000,24.307756,146900
2019-10-21,25.290001,25.290001,25.224001,25.250000,24.288517,49900
2019-10-22,25.230000,25.290001,25.160000,25.290001,24.326994,39100
2019-10-23,25.290001,25.379999,25.270000,25.299999,24.336613,103000
2019-10-24,25.330000,25.379999,25.306999,25.370001,24.403948,32500
2019-10-25,25.379999,25.450001,25.260000,25.320000,24.355852,139100
2019-10-28,25.320000,25.340000,25.219999,25.260000,24.298136,77000
2019-10-29,25.250000,25.299999,25.250000,25.290001,24.326994,48300
2019-10-30,25.260000,25.405001,25.230000,25.379999,24.413565,75900
2019-10-31,25.430000,25.510000,25.379999,25.379999,24.413565,103800
2019-11-01,25.540001,25.540001,25.370001,25.370001,24.403948,19400
2019-11-04,25.420000,25.480000,25.360001,25.450001,24.480902,30600
2019-11-05,25.459999,25.459999,25.299999,25.309999,24.346231,88800
2019-11-06,25.350000,25.430000,25.330000,25.330000,24.365469,36200
2019-11-07,25.340000,25.389999,25.290001,25.340000,24.375090,28600
2019-11-08,25.325001,25.436001,25.325001,25.430000,24.461662,19900
2019-11-11,25.450001,25.540001,25.450001,25.469000,24.499178,18900
2019-11-12,25.577999,25.577999,25.471001,25.480000,24.509758,25800
2019-11-13,25.500000,25.500000,25.420000,25.480000,24.509758,63700
2019-11-14,25.475000,25.500000,25.370001,25.440001,24.471283,69000
2019-11-15,25.421000,25.468000,25.410000,25.459999,24.490520,27100
2019-11-18,25.469999,25.572001,25.440001,25.469999,24.500139,15600
2019-11-19,25.486000,25.510000,25.459999,25.500000,24.528996,18200
2019-11-20,25.480000,25.520000,25.459999,25.510000,24.538616,42000
2019-11-21,25.549999,25.660000,25.540001,25.620001,24.644428,37500
2019-11-22,25.520000,25.530001,25.459999,25.500000,24.528996,75600
2019-11-25,25.570000,25.590000,25.520000,25.559999,24.586712,31000
2019-11-26,25.549999,25.580000,25.500000,25.570000,24.596331,19500
2019-11-27,25.570000,25.698999,25.530001,25.570000,24.596331,58900
2019-11-29,25.570000,25.600000,25.440001,25.440001,24.471283,44700
2019-12-02,25.507000,25.507000,25.400000,25.438000,24.469357,52200
2019-12-03,25.420000,25.490000,25.389999,25.450001,24.480902,36700
2019-12-04,25.537001,25.540001,25.455999,25.469999,24.500139,35500
2019-12-05,25.500000,25.500000,25.375000,25.450001,24.480902,32200
2019-12-06,25.450001,25.450001,25.400000,25.440001,24.471283,10100
2019-12-09,25.480000,25.500000,25.458000,25.459999,24.490520,23200
2019-12-10,25.451000,25.545000,25.450001,25.530001,24.557856,30800
2019-12-11,25.500000,25.610001,25.490000,25.600000,24.625191,29100
2019-12-12,25.629999,25.674999,25.534000,25.620001,24.644428,92700
2019-12-13,25.620001,25.719999,25.620001,25.700001,24.721382,15700
2019-12-16,25.740000,25.740000,25.686001,25.686001,24.707914,48800
2019-12-17,25.693001,25.750000,25.690001,25.740000,24.759859,31200
2019-12-18,25.799999,25.809999,25.709999,25.809999,24.827192,34500
2019-12-19,25.809999,25.870001,25.799999,25.850000,24.865669,24000
2019-12-20,25.879999,25.950001,25.846001,25.920000,24.933004,36800
2019-12-23,25.865999,25.920000,25.861000,25.920000,24.933004,17200
2019-12-24,25.910000,25.969999,25.893999,25.940001,24.952242,21800
2019-12-26,25.940001,26.049999,25.878000,25.980000,24.990719,37000
2019-12-27,25.950001,26.040001,25.898001,26.040001,25.048435,65200
2019-12-30,25.480000,25.750000,25.480000,25.719999,25.156021,158700
2019-12-31,25.719999,25.840000,25.664000,25.780001,25.214706,17500
2020-01-02,25.719999,25.959999,25.719999,25.889999,25.322294,20000
2020-01-03,25.899000,25.929001,25.860001,25.889999,25.322294,18400
2020-01-06,25.930000,25.930000,25.760000,25.900000,25.332075,31700
2020-01-07,26.070000,26.070000,25.823999,25.860001,25.292953,19500
2020-01-08,25.889999,25.959999,25.889999,25.950001,25.380980,20500
2020-01-09,25.882000,26.021999,25.882000,25.990000,25.420101,30400
2020-01-10,26.030001,26.030001,26.010000,26.030001,25.459225,33200
2020-01-13,26.030001,26.040001,25.990000,26.011000,25.440641,9800
2020-01-14,26.000000,26.049999,25.930000,26.049999,25.478785,13500
2020-01-15,26.070000,26.070000,25.990000,26.040001,25.469006,19200
2020-01-16,25.961000,26.040001,25.959999,26.020000,25.449444,13800
2020-01-17,25.969999,26.040001,25.850000,26.040001,25.469006,36300
2020-01-21,25.959999,26.030001,25.930000,25.979000,25.409344,10600
2020-01-22,25.969999,25.990000,25.964001,25.990000,25.420101,12000
2020-01-23,26.030001,26.030001,25.930000,25.940001,25.371199,13900
2020-01-24,26.010000,26.030001,25.941000,25.990000,25.420101,22800
2020-01-27,25.950001,26.030001,25.889999,25.988001,25.418146,7100
2020-01-28,26.030001,26.030001,25.809999,25.830000,25.263611,41900
2020-01-29,25.950001,25.952000,25.799999,25.940001,25.371199,56700
2020-01-30,25.921000,26.020000,25.920000,26.000000,25.429882,15600
2020-01-31,25.969999,26.120001,25.969999,26.120001,25.547253,41400
2020-02-03,26.170000,26.170000,26.063000,26.129999,25.557032,26100
2020-02-04,26.110001,26.110001,26.049999,26.070000,25.498348,71800
2020-02-05,25.990000,26.113001,25.980000,26.100000,25.527691,38600
2020-02-06,26.070000,26.110001,25.959999,26.080000,25.508129,26200
2020-02-07,26.080000,26.170000,25.969999,26.100000,25.527691,50000
2020-02-10,26.100000,26.138000,26.059999,26.059999,25.488565,22500
2020-02-11,26.068001,26.132000,25.910000,25.950001,25.380980,34000
2020-02-12,25.900000,26.110001,25.900000,26.080000,25.508129,29700
2020-02-13,26.032000,26.120001,25.930000,26.090000,25.517910,32500
2020-02-14,26.059000,26.110001,26.049999,26.100000,25.527691,8400
2020-02-18,26.160000,26.160000,26.065001,26.100000,25.527691,18500
2020-02-19,26.128000,26.156000,26.059999,26.070000,25.498348,32900
2020-02-20,26.070000,26.150000,26.000000,26.129999,25.557032,30500
2020-02-21,26.150000,26.190001,26.020000,26.020000,25.449444,22200
2020-02-24,25.990000,25.990000,25.820000,25.830000,25.263611,18800
2020-02-25,25.900000,26.070000,25.820000,25.820000,25.253830,36900
2020-02-26,25.850000,26.030001,25.820000,25.959999,25.390759,66500
2020-02-27,25.867001,25.889999,25.570000,25.700001,25.136461,53600
2020-02-28,25.500000,25.660000,24.870001,25.100000,24.549618,94200
2020-03-02,25.360001,25.360001,25.040001,25.299999,24.745232,174600
2020-03-03,25.350000,25.767000,25.110001,25.299999,24.745232,56100
2020-03-04,25.559999,25.825001,25.525000,25.750000,25.185364,40700
2020-03-05,25.650000,25.690001,25.400000,25.400000,24.843039,128600
2020-03-06,25.325001,25.340000,25.020000,25.020000,24.471373,42000
2020-03-09,24.750000,25.379999,24.247999,24.350000,23.816063,89100
2020-03-10,24.459999,24.840000,23.010000,23.580000,23.062946,116400
2020-03-11,23.420000,23.420000,21.860001,22.389999,21.899040,92600
2020-03-12,20.879999,21.650000,18.209999,19.350000,18.925701,109300
2020-03-13,19.420000,21.174000,19.000000,20.700001,20.246099,123900
2020-03-16,19.000000,20.400000,18.750000,18.799999,18.387760,75700
2020-03-17,19.049999,19.049999,17.020000,17.260000,16.881531,110400
2020-03-18,17.020000,17.025999,10.050000,11.500000,11.247832,320300
2020-03-19,10.780000,19.650000,10.780000,16.299999,15.942579,160300
2020-03-20,16.350000,17.180000,14.120000,15.840000,15.492667,189000
2020-03-23,15.500000,15.610000,13.700000,14.990000,14.661305,358100
2020-03-24,16.000000,16.750000,15.500000,16.000000,15.649158,178800
2020-03-25,16.030001,19.400000,16.030001,17.760000,17.370565,159400
2020-03-26,18.280001,20.830000,18.280001,20.250000,19.805965,173100
2020-03-27,20.000000,21.090000,19.600000,20.726999,20.272507,226200
2020-03-30,21.000000,21.000000,19.480000,19.610001,19.180000,70500
2020-03-31,19.480000,19.500000,18.493999,18.790001,18.790001,69900
2020-04-01,18.139999,18.250000,17.080000,17.490000,17.490000,247000
2020-04-02,17.459999,18.510000,17.040001,18.340000,18.340000,87600
2020-04-03,18.299999,18.830000,17.500000,18.830000,18.830000,87300
2020-04-06,19.990000,21.110001,19.700001,21.070000,21.070000,231700
2020-04-07,21.100000,21.990000,20.059999,21.000000,21.000000,94300
2020-04-08,21.490000,22.350000,21.200001,22.250000,22.250000,86800
2020-04-09,22.549999,22.990000,22.200001,22.360001,22.360001,121400
2020-04-13,22.360001,22.480000,21.049999,21.350000,21.350000,82700
2020-04-14,22.000000,22.000000,21.250000,21.330000,21.330000,46900
2020-04-15,21.200001,21.200001,20.510000,20.629999,20.629999,60800
2020-04-16,20.843000,21.280001,20.450001,21.100000,21.100000,57800
2020-04-17,21.549999,22.240000,21.480000,21.910000,21.910000,48400
2020-04-20,21.799999,22.340000,21.590000,21.870001,21.870001,56400
2020-04-21,21.719999,22.198000,21.150000,22.190001,22.190001,28500
2020-04-22,22.240000,22.240000,21.510000,21.510000,21.510000,63700
2020-04-23,21.610001,21.954000,21.400000,21.400000,21.400000,50900
2020-04-24,21.770000,21.770000,21.070000,21.170000,21.170000,66000
2020-04-27,21.469999,21.690001,21.299999,21.420000,21.420000,40400
2020-04-28,21.600000,21.938999,21.600000,21.709999,21.709999,89800
2020-04-29,21.910000,22.299999,21.650000,22.299999,22.299999,90100
2020-04-30,22.459999,22.750000,22.100000,22.209999,22.209999,95500
2020-05-01,22.389999,22.645000,21.930000,22.320000,22.320000,81500
2020-05-04,22.084999,22.379999,21.990000,22.180000,22.180000,61800
2020-05-05,22.299999,22.379999,22.100000,22.129999,22.129999,27500
2020-05-06,22.280001,22.280001,22.049999,22.260000,22.260000,32000
2020-05-07,22.360001,22.709000,22.260000,22.559999,22.559999,100400