Date,Open,High,Low,Close,Adj Close,Volume
2017-08-16,24.799999,24.889999,24.700001,24.850000,20.667727,4632800
2017-08-17,24.940001,25.049999,24.850000,24.950001,20.750895,1797500
2017-08-18,24.950001,25.049999,24.900000,24.980000,20.775848,507500
2017-08-21,24.980000,25.100000,24.900000,24.950001,20.750895,186800
2017-08-22,25.000000,25.100000,24.940001,25.010000,20.800798,385000
2017-08-23,25.049999,25.190001,25.020000,25.070000,20.850698,236400
2017-08-24,25.059999,25.150000,25.004999,25.020000,20.809116,430400
2017-08-25,25.090000,25.190001,25.000000,25.090000,20.867332,140200
2017-08-28,25.010000,25.250000,25.010000,25.090000,20.867332,307200
2017-08-29,25.080000,25.100000,25.030001,25.070000,20.850698,198400
2017-08-30,25.059999,25.170000,25.059999,25.090000,20.867332,167900
2017-08-31,25.120001,25.129999,25.059999,25.090000,20.867332,278800
2017-09-01,25.090000,25.129999,25.049999,25.120001,20.892282,245000
2017-09-05,25.190001,25.190001,25.070000,25.070000,20.850698,262900
2017-09-06,25.139999,25.229000,25.080000,25.229000,20.982941,187400
2017-09-07,25.250000,25.340000,25.160000,25.340000,21.075258,178800
2017-09-08,25.250000,25.379999,25.250000,25.349001,21.082745,101800
2017-09-11,25.400000,25.400000,25.290001,25.320000,21.058626,141400
2017-09-12,25.340000,25.389999,25.290001,25.370001,21.100212,166000
2017-09-13,25.320000,25.389999,25.240000,25.309999,21.050308,205300
2017-09-14,25.280001,25.450001,25.280001,25.379999,21.108528,306900
2017-09-15,25.389999,25.389999,25.290001,25.330000,21.066944,271200
2017-09-18,25.350000,25.450001,25.290001,25.450001,21.166748,400400
2017-09-19,25.450001,25.450001,25.350000,25.389999,21.116844,201600
2017-09-20,25.430000,25.480000,25.360001,25.400000,21.125160,168900
2017-09-21,25.389999,25.469999,25.350000,25.360001,21.091892,386000
2017-09-22,25.330000,25.420000,25.320000,25.400000,21.125160,140400
2017-09-25,25.420000,25.469999,25.400000,25.454000,21.170074,110300
2017-09-26,25.490000,25.530001,25.430000,25.500000,21.208332,145200
2017-09-27,25.469999,25.600000,25.440001,25.540001,21.241602,225400
2017-09-28,25.379999,25.500000,25.299999,25.480000,21.407957,207500
2017-09-29,25.490000,25.940001,25.400999,25.840000,21.710424,213600
2017-10-02,25.860001,25.860001,25.639999,25.750000,21.634806,92100
2017-10-03,25.790001,25.790001,25.650000,25.660000,21.559189,50200
2017-10-04,25.650000,25.830000,25.639999,25.680000,21.575993,89500
2017-10-05,25.750000,25.799999,25.700001,25.770000,21.651609,134700
2017-10-06,25.700001,25.790001,25.580000,25.750000,21.634806,178400
2017-10-09,25.750000,25.850000,25.700001,25.719999,21.609598,211500
2017-10-10,25.790001,25.799999,25.664000,25.730000,21.618002,151800
2017-10-11,25.709999,25.850000,25.709999,25.799999,21.676817,155400
2017-10-12,25.820000,25.940001,25.805000,25.910000,21.769238,161900
2017-10-13,25.940001,26.170000,25.910000,26.139999,21.962479,130700
2017-10-16,26.030001,26.450001,26.030001,26.190001,22.004486,115800
2017-10-17,26.200001,26.270000,26.139999,26.200001,22.012890,117500
2017-10-18,26.260000,26.530001,26.200001,26.440001,22.214537,153100
2017-10-19,26.400000,26.490000,26.350000,26.459999,22.231339,162900
2017-10-20,26.490000,26.504999,26.270000,26.450001,22.222937,1268100
2017-10-23,26.430000,26.709999,26.370001,26.540001,22.298557,92200
2017-10-24,26.570000,26.570000,26.200001,26.459999,22.231339,79600
2017-10-25,26.510000,26.670000,26.309000,26.459999,22.231339,128300
2017-10-26,26.400000,26.611000,26.372999,26.590000,22.340563,115400
2017-10-27,26.590000,26.790001,26.500000,26.559999,22.315357,82000
2017-10-30,26.600000,26.650000,26.538000,26.549999,22.306957,89800
2017-10-31,26.650000,26.790001,26.600000,26.750000,22.474993,46100
2017-11-01,26.750000,26.750000,26.420000,26.490000,22.256540,95400
2017-11-02,26.600000,26.600000,26.405001,26.480000,22.248140,74300
2017-11-03,26.480000,26.490000,26.410000,26.430000,22.206135,39700
2017-11-06,26.400000,26.420000,26.347000,26.350000,22.138918,12400
2017-11-07,26.480000,26.480000,26.247999,26.360001,22.147322,30900
2017-11-08,26.440001,26.440001,26.160000,26.209999,22.021294,85600
2017-11-09,26.200001,26.377001,26.059999,26.110001,21.937275,59000
2017-11-10,26.280001,26.299999,26.110001,26.250000,22.054901,454100
2017-11-13,26.490000,26.490000,26.129999,26.150000,21.970881,21800
2017-11-14,26.150000,26.480000,25.990000,26.260000,22.063301,27500
2017-11-15,26.480000,26.490000,26.205999,26.469999,22.239738,133000
2017-11-16,26.480000,26.480000,25.809999,25.820000,21.693615,126200
2017-11-17,25.799999,25.950001,25.580000,25.799999,21.676817,159900
2017-11-20,25.900000,26.020000,25.850000,25.860001,21.727226,58500
2017-11-21,25.860001,25.990000,25.790001,25.840000,21.710424,34800
2017-11-22,25.900000,26.082001,25.799999,25.980000,21.828047,107400
2017-11-24,26.080000,26.080000,26.010000,26.028000,21.868376,5300
2017-11-27,26.020000,26.049999,25.910000,26.010000,21.853254,22800
2017-11-28,26.030001,26.030001,25.870001,25.990000,21.836449,37100
2017-11-29,26.000000,26.000000,25.780001,25.900000,21.760834,101300
2017-11-30,25.930000,26.090000,25.780001,25.820000,21.693615,92500
2017-12-01,25.780001,25.980000,25.750000,25.889999,21.752430,45400
2017-12-04,26.000000,26.000000,25.889999,26.000000,21.844851,9300
2017-12-05,26.000000,26.090000,25.964001,26.070000,21.903666,28800
2017-12-06,26.030001,26.223000,25.940001,25.940001,21.794443,28900
2017-12-07,26.080000,26.290001,26.049999,26.280001,22.080105,72700
2017-12-08,26.270000,26.309999,26.150000,26.270000,22.071701,19000
2017-12-11,26.299999,26.370001,26.187000,26.250000,22.054901,4600
2017-12-12,26.360001,26.360001,26.190001,26.240000,22.046497,8700
2017-12-13,26.139999,26.340000,26.139999,26.209999,22.021294,13100
2017-12-14,26.440001,26.440001,26.120001,26.309999,22.105310,30400
2017-12-15,26.309999,26.440001,26.180000,26.180000,21.996084,26800
2017-12-18,26.370001,26.389999,26.200001,26.275000,22.075903,23600
2017-12-19,26.200001,26.290001,26.200001,26.250000,22.054901,35600
2017-12-20,26.400000,26.400000,26.120001,26.120001,21.945677,30300
2017-12-21,26.170000,26.330000,26.170000,26.320000,22.113712,18500
2017-12-22,26.450001,26.450001,26.299999,26.410000,22.189329,21800
2017-12-26,26.450001,26.450001,26.308001,26.420000,22.197731,9600
2017-12-27,26.350000,26.450001,26.299999,26.400000,22.180927,29800
2017-12-28,26.250000,26.250000,25.750000,25.780001,22.025433,57500
2017-12-29,25.889999,25.889999,25.719999,25.719999,21.974171,19000
2018-01-02,25.840000,25.879999,25.650000,25.860001,22.093781,31800
2018-01-03,25.900000,25.900000,25.768999,25.870001,22.102327,46400
2018-01-04,25.760000,25.900000,25.760000,25.830000,22.068150,27800
2018-01-05,25.850000,26.080000,25.799999,25.840000,22.076693,33500
2018-01-08,25.889999,26.070000,25.816999,26.030001,22.239021,53900
2018-01-09,26.000000,26.035000,25.850000,25.920000,22.145044,103200
2018-01-10,25.920000,25.920000,25.719999,25.850000,22.085238,53000
2018-01-11,25.950001,25.995001,25.850000,25.950001,22.170675,44500
2018-01-12,25.980000,26.000000,25.799999,25.950001,22.170675,32300
2018-01-16,25.980000,26.000000,25.799999,25.889999,22.119413,34100
2018-01-17,25.850000,25.969999,25.660000,25.870001,22.102327,74000
2018-01-18,25.910000,25.910000,25.629999,25.750000,21.999802,52700
2018-01-19,25.870001,26.129999,25.700001,26.059999,22.264654,186700
2018-01-22,26.150000,26.198999,25.840000,25.910000,22.136501,28900
2018-01-23,25.889999,26.040001,25.790001,25.900000,22.127956,25000
2018-01-24,25.850000,26.000000,25.733999,25.790001,22.033978,38200
2018-01-25,25.900000,25.900000,25.660000,25.660000,21.922907,31500
2018-01-26,25.690001,25.870001,25.469999,25.530001,21.811840,89000
2018-01-29,25.540001,25.629999,25.379999,25.389999,21.692234,63600
2018-01-30,25.389999,25.450001,25.040001,25.260000,21.581163,112600
2018-01-31,25.450001,25.450001,25.150000,25.440001,21.734951,74200
2018-02-01,25.430000,25.517000,25.350000,25.430000,21.726408,485700
2018-02-02,25.379999,25.500000,25.250000,25.430000,21.726408,49500
2018-02-05,25.450001,25.532000,25.299999,25.370001,21.675146,113300
2018-02-06,25.350000,25.450001,25.219999,25.400000,21.700775,38900
2018-02-07,25.420000,25.524000,25.391001,25.450001,21.743494,123800
2018-02-08,25.430000,25.450001,25.389999,25.450001,21.743494,42700
2018-02-09,25.500000,25.500000,25.330000,25.420000,21.717865,41300
2018-02-12,25.490000,25.490000,25.320000,25.469999,21.760578,34700
2018-02-13,25.610001,25.610001,25.260000,25.299999,21.615341,52600
2018-02-14,25.290001,25.440001,25.170000,25.200001,21.529905,68000
2018-02-15,25.420000,25.510000,25.230000,25.510000,21.794756,23300
2018-02-16,25.480000,25.660000,25.450001,25.480000,21.769125,189800
2018-02-20,25.500000,25.799999,25.351000,25.450001,21.743494,23800
2018-02-21,25.580000,25.649000,25.351999,25.400000,21.700775,48000
2018-02-22,25.530001,25.530001,25.110001,25.180000,21.512817,502400
2018-02-23,25.219999,25.320000,25.139999,25.180000,21.512817,252300
2018-02-26,25.180000,25.320000,25.180000,25.180000,21.512817,174400
2018-02-27,25.200001,25.240000,25.100000,25.200001,21.529905,142700
2018-02-28,25.200001,25.309999,25.139999,25.190001,21.521358,56500
2018-03-01,25.250000,25.250000,25.090000,25.150000,21.487185,39600
2018-03-02,25.180000,25.180000,24.950001,25.000000,21.359030,129100
2018-03-05,25.049999,25.309999,25.049999,25.270000,21.589708,56200
2018-03-06,25.290001,25.459999,25.240000,25.459999,21.752037,44400
2018-03-07,25.440001,25.490000,25.410000,25.490000,21.777668,20500
2018-03-08,25.520000,25.580000,25.510000,25.570000,21.846018,28100
2018-03-09,25.600000,25.780001,25.540001,25.650000,21.914368,32400
2018-03-12,25.690001,25.700001,25.600000,25.700001,21.957085,31900
2018-03-13,25.790001,25.790001,25.540001,25.639999,21.905821,23400
2018-03-14,25.600000,25.690001,25.580000,25.670000,21.931452,31900
2018-03-15,25.770000,25.770000,25.540001,25.690001,21.948542,10900
2018-03-16,25.730000,25.799999,25.700001,25.790001,22.033978,20700
2018-03-19,25.870001,25.870001,25.618999,25.709999,21.965626,17300
2018-03-20,25.830000,25.830000,25.370001,25.610001,21.880194,63000
2018-03-21,25.660000,25.669001,25.520000,25.600000,21.871649,11100
2018-03-22,25.500000,25.740000,25.500000,25.740000,21.991261,35600
2018-03-23,25.770000,25.770000,25.580000,25.719999,21.974171,40600
2018-03-26,25.760000,25.820000,25.700001,25.820000,22.059607,37300
2018-03-27,25.860001,25.980000,25.846001,25.940001,22.162132,33100
2018-03-28,25.719999,25.719999,25.400000,25.580000,22.229916,20200
2018-03-29,25.690001,25.690001,25.459999,25.480000,22.143011,60300
2018-04-02,25.559999,25.590000,25.299999,25.340000,22.021347,46500
2018-04-03,25.400000,25.450001,25.318001,25.350000,22.030037,22900
2018-04-04,25.385000,25.450001,25.370001,25.420000,22.090872,4600
2018-04-05,25.450001,25.450001,25.389999,25.450001,22.116941,11000
2018-04-06,25.450001,25.450001,25.375000,25.450001,22.116941,26100
2018-04-09,25.450001,25.690001,25.450001,25.559999,22.212534,38700
2018-04-10,25.549999,25.615000,25.459999,25.600000,22.247295,18700
2018-04-11,25.610001,25.639999,25.549999,25.610001,22.255987,41700
2018-04-12,25.639999,25.639999,25.580000,25.580000,22.229916,11300
2018-04-13,25.600000,25.610001,25.490000,25.580000,22.229916,19600
2018-04-16,25.690001,25.690001,25.430000,25.450001,22.116941,49800
2018-04-17,25.690001,25.690001,25.389999,25.440001,22.108252,24700
2018-04-18,25.490000,25.590000,25.350000,25.350000,22.030037,40300
2018-04-19,25.360001,25.389999,25.230000,25.290001,21.977896,55100
2018-04-20,25.400000,25.400000,25.260000,25.370001,22.047419,28600
2018-04-23,25.400000,25.400000,25.250000,25.350000,22.030037,14300
2018-04-24,25.379999,25.389999,25.270000,25.379999,22.056108,20000
2018-04-25,25.360001,25.379999,25.260000,25.379999,22.056108,19600
2018-04-26,25.370001,25.559999,25.330000,25.420000,22.090872,18000
2018-04-27,25.450001,25.639999,25.427000,25.600000,22.247295,21400
2018-04-30,25.670000,25.670000,25.480000,25.480000,22.143011,13700
2018-05-01,25.600000,25.600000,25.450001,25.480000,22.143011,12700
2018-05-02,25.290001,25.500000,25.290001,25.410000,22.082180,27500
2018-05-03,25.350000,25.510000,25.299999,25.350000,22.030037,11100
2018-05-04,25.410000,25.490000,25.370001,25.370001,22.047419,6100
2018-05-07,25.400000,25.545000,25.320000,25.340000,22.021347,33000
2018-05-08,25.389999,25.496000,25.320000,25.340000,22.021347,19100
2018-05-09,25.290001,25.480000,25.250000,25.290001,21.977896,107400
2018-05-10,25.299999,25.350000,25.280001,25.350000,22.030037,39800
2018-05-11,25.350000,25.400000,25.299999,25.330000,22.012655,17300
2018-05-14,25.389999,25.389999,25.340000,25.379999,22.056108,9100
2018-05-15,25.389999,25.639999,25.320000,25.639999,22.282057,52900
2018-05-16,25.600000,25.690001,25.580000,25.680000,22.316820,49700
2018-05-17,25.549999,25.650000,25.520000,25.600000,22.247295,14700
2018-05-18,25.639999,25.700001,25.480000,25.670000,22.308128,11000
2018-05-21,25.690001,25.690001,25.525000,25.660000,22.299437,14800
2018-05-22,25.660000,25.660000,25.490000,25.650000,22.290749,14600
2018-05-23,25.660000,25.679001,25.600000,25.670000,22.308128,7800
2018-05-24,25.680000,25.700001,25.641001,25.700001,22.334200,13500
2018-05-25,25.700001,25.889999,25.660000,25.830000,22.447170,14700
2018-05-29,25.840000,25.840000,25.610001,25.610001,22.255987,24700
2018-05-30,25.700001,25.700001,25.570000,25.620001,22.264677,15600
2018-05-31,25.790001,25.790001,25.645000,25.790001,22.412415,11200
2018-06-01,25.840000,25.840000,25.570999,25.719999,22.351580,14700
2018-06-04,25.799999,25.900000,25.719999,25.850000,22.464554,15400
2018-06-05,25.900000,25.950001,25.841000,25.950001,22.551458,11700
2018-06-06,25.950001,26.100000,25.910000,26.059999,22.647051,24000
2018-06-07,26.129999,26.129999,25.950001,25.990000,22.586220,37300
2018-06-08,26.080000,26.090000,26.021999,26.070000,22.655741,8100
2018-06-11,25.969999,25.987000,25.750000,25.770000,22.395033,21000
2018-06-12,25.799999,25.872000,25.760000,25.872000,22.483673,18000
2018-06-13,25.900000,25.900000,25.770000,25.799999,22.421104,14400
2018-06-14,25.840000,26.000000,25.799999,25.820000,22.438482,12200
2018-06-15,25.910999,25.910999,25.809999,25.860001,22.473242,10500
2018-06-18,25.910000,25.950001,25.860001,25.920000,22.525389,5900
2018-06-19,25.950001,26.070000,25.809999,25.990000,22.586220,24900
2018-06-20,26.100000,26.100000,25.900000,26.045000,22.634016,30200
2018-06-21,26.020000,26.090000,26.010000,26.010000,22.603600,32400
2018-06-22,25.940001,26.025000,25.870001,25.920000,22.525389,9600
2018-06-25,25.940001,26.039000,25.870001,25.969999,22.568842,11500
2018-06-26,25.809999,26.047001,25.809999,25.959999,22.560150,10200
2018-06-27,25.850000,26.039000,25.850000,26.000000,22.594906,25400
2018-06-28,25.750000,25.930000,25.688999,25.900000,22.893677,95200
2018-06-29,25.910000,26.090000,25.790001,26.000000,22.982067,31400
2018-07-02,26.040001,26.100000,26.000000,26.030001,23.008587,13600
2018-07-03,26.090000,26.139999,25.799999,25.799999,22.805285,7100
2018-07-05,26.070000,26.200001,26.000000,26.100000,23.070461,7800
2018-07-06,26.010000,26.260000,26.000000,26.000000,22.982067,22000
2018-07-09,25.889999,26.100000,25.889999,26.010000,22.990906,13100
2018-07-10,26.080000,26.080000,25.915001,26.040001,23.017427,12700
2018-07-11,25.959999,26.105000,25.959999,25.990000,22.973228,26200
2018-07-12,26.129999,26.129999,25.959999,25.980000,22.964392,8500
2018-07-13,26.160000,26.160000,25.799999,25.799999,22.805285,30200
2018-07-16,26.129999,26.129999,25.735001,25.830000,22.831800,15700
2018-07-17,25.889999,25.889999,25.719999,25.719999,22.734570,17900
2018-07-18,25.850000,25.850000,25.700001,25.700001,22.716894,11000
2018-07-19,25.879999,25.879999,25.629999,25.700001,22.716894,26300
2018-07-20,25.780001,26.280001,25.670000,26.260000,23.211889,35800
2018-07-23,26.080000,26.090000,25.950001,25.950001,22.937874,22100
2018-07-24,26.080000,26.080000,25.843000,25.969999,22.955553,6700
2018-07-25,26.040001,26.040001,25.700001,25.709999,22.725733,28300
2018-07-26,25.799999,25.933001,25.770000,25.930000,22.920197,16300
2018-07-27,26.000000,26.049999,25.801001,26.049999,23.026264,9200
2018-07-30,26.040001,26.040001,25.860001,25.959999,22.946712,5100
2018-07-31,25.959999,25.959999,25.851999,25.916000,22.907820,7400
2018-08-01,25.940001,25.940001,25.780001,25.780001,22.787605,17400
2018-08-02,25.900000,25.990000,25.790001,25.990000,22.973228,5600
2018-08-03,25.990000,25.990000,25.719999,25.799999,22.805285,29800
2018-08-06,25.799999,25.940001,25.719999,25.830000,22.831800,26500
2018-08-07,25.889999,25.959999,25.799999,25.799999,22.805285,16600
2018-08-08,25.920000,26.010000,25.823000,25.910000,22.902515,30700
2018-08-09,25.990000,26.028999,25.860001,25.990000,22.973228,221300
2018-08-10,25.980000,26.049999,25.923000,26.000000,22.982067,16300
2018-08-13,26.150000,26.150000,25.910999,26.090000,23.061623,27600
2018-08-14,26.080000,26.129999,25.889999,26.110001,23.079304,77000
2018-08-15,26.020000,26.120001,26.000000,26.070000,23.043945,4600
2018-08-16,26.150000,26.239000,26.097000,26.230000,23.185369,41300
2018-08-17,26.260000,26.260000,26.070999,26.200001,23.158854,3000
2018-08-20,26.299999,26.448999,26.299999,26.299999,23.247248,40800
2018-08-21,26.400000,26.430000,26.070000,26.400000,23.335640,28300
2018-08-22,26.400000,26.400000,26.281000,26.351000,23.292330,12900
2018-08-23,26.400000,26.430000,26.309999,26.400000,23.335640,12500
2018-08-24,26.389999,26.430000,26.389999,26.400000,23.335640,8600
2018-08-27,26.480000,26.480000,26.420000,26.469999,23.397514,11100
2018-08-28,26.480000,26.540001,26.427999,26.540001,23.459393,36400
2018-08-29,26.495001,26.562000,26.360001,26.360001,23.300282,40000
2018-08-30,26.350000,26.480000,26.350000,26.480000,23.406355,25400
2018-08-31,26.500000,26.500000,26.049999,26.260000,23.211889,30400
2018-09-04,26.340000,26.370001,26.250000,26.299999,23.247248,10600
2018-09-05,26.250000,26.360001,26.225000,26.360001,23.300282,12000
2018-09-06,26.370001,26.450001,26.219999,26.260000,23.211889,19600
2018-09-07,26.400000,26.400000,26.209999,26.340000,23.282606,9700
2018-09-10,26.250000,26.309999,26.250000,26.289000,23.237524,2300
2018-09-11,26.299999,26.299999,26.180000,26.200001,23.158854,14600
2018-09-12,26.219999,26.290001,26.209999,26.290001,23.238413,8300
2018-09-13,26.290001,26.350000,26.209999,26.350000,23.291445,38600
2018-09-14,26.180000,26.299999,26.141001,26.299999,23.247248,137300
2018-09-17,26.299999,26.450001,26.225000,26.450001,23.379835,73200
2018-09-18,26.450001,26.670000,26.350000,26.650000,23.556622,67500
2018-09-19,26.670000,26.670000,26.400000,26.450001,23.379835,30700
2018-09-20,26.510000,26.510000,26.340000,26.410000,23.344477,15100
2018-09-21,26.490000,26.520000,26.420000,26.520000,23.441711,10600
2018-09-24,26.490000,26.520000,26.420000,26.420000,23.353319,3500
2018-09-25,26.430000,26.510000,26.420000,26.459999,23.388674,45600
2018-09-26,26.520000,26.521999,26.430000,26.500000,23.424034,56100
2018-09-27,26.500000,26.615999,26.430000,26.430000,23.362158,10800
2018-09-28,26.299999,26.299999,25.980000,25.980000,23.351372,82800
2018-10-01,26.160000,26.160000,25.969999,26.070000,23.432264,8600
2018-10-02,25.969999,26.090000,25.799999,25.950001,23.324408,31000
2018-10-03,26.040001,26.040001,25.719999,25.799999,23.189585,17900
2018-10-04,25.760000,25.805000,25.600000,25.799999,23.189585,20700
2018-10-05,25.670000,25.799000,25.500000,25.570000,22.982855,19300
2018-10-08,25.600000,25.600000,25.510000,25.600000,23.009821,10800
2018-10-09,25.600000,25.629999,25.450001,25.540001,22.955893,36700
2018-10-10,25.459999,25.540001,25.448999,25.540001,22.955893,20200
2018-10-11,25.590000,25.590000,25.350000,25.350000,22.785114,25800
2018-10-12,25.480000,25.480000,25.320000,25.480000,22.901958,13300
2018-10-15,25.500000,25.500000,25.250000,25.320000,22.758148,49200
2018-10-16,25.370001,25.420000,25.299999,25.320000,22.758148,109800
2018-10-17,25.330000,25.370001,25.299999,25.330000,22.767139,28500
2018-10-18,25.350000,25.350000,25.219999,25.230000,22.677258,235100
2018-10-19,25.440001,25.440001,25.230000,25.420000,22.848032,49500
2018-10-22,25.330000,25.400000,25.200001,25.319000,22.757250,196900
2018-10-23,25.299999,25.360001,25.299999,25.320000,22.758148,68300
2018-10-24,25.350000,25.450001,25.200001,25.219999,22.668266,95400
2018-10-25,25.209999,25.302999,25.209999,25.250000,22.695230,39200
2018-10-26,25.209999,25.280001,25.160000,25.219999,22.668266,32300
2018-10-29,25.290001,25.420000,25.230000,25.250000,22.695230,60800
2018-10-30,25.219999,25.379999,25.219999,25.299999,22.740173,18400
2018-10-31,25.299999,25.334000,25.209999,25.299999,22.740173,62200
2018-11-01,25.294001,25.500000,25.280001,25.480000,22.901958,17200
2018-11-02,25.480000,25.500000,25.360001,25.360001,22.794102,10800
2018-11-05,25.480000,25.480000,25.360001,25.360001,22.794102,6600
2018-11-06,25.469999,25.510000,25.389999,25.389999,22.821068,30400
2018-11-07,25.389999,25.520000,25.389999,25.459999,22.883984,15000
2018-11-08,25.549999,25.549999,25.450001,25.493000,22.913647,3500
2018-11-09,25.580000,25.580000,25.400000,25.469999,22.892971,28800
2018-11-12,25.540001,25.540001,25.459999,25.500000,22.919937,7000
2018-11-13,25.510000,25.549999,25.497000,25.549999,22.964880,11000
2018-11-14,25.549999,25.660000,25.530001,25.549999,22.964880,15000
2018-11-15,25.520000,25.549000,25.440001,25.510000,22.928925,16100
2018-11-16,25.440001,25.570000,25.440001,25.549999,22.964880,3600
2018-11-19,25.480000,25.549999,25.480000,25.480000,22.901958,11200
2018-11-20,25.549999,25.549999,25.370001,25.450001,22.874998,19800
2018-11-21,25.407000,25.549999,25.407000,25.549999,22.964880,8000
2018-11-23,25.540001,25.549999,25.469999,25.500000,22.919937,7400
2018-11-26,25.540001,25.549999,25.420000,25.490000,22.910950,21000
2018-11-27,25.490000,25.530001,25.410000,25.490000,22.910950,19700
2018-11-28,25.530001,25.600000,25.400000,25.520000,22.937914,34800
2018-11-29,25.559999,25.620001,25.549999,25.620001,23.027798,24000
2018-11-30,25.600000,25.650000,25.570000,25.639999,23.045773,40200
2018-12-03,25.700001,25.700001,25.580000,25.639999,23.045773,10000
2018-12-04,25.615999,25.620001,25.497000,25.620001,23.027798,18500
2018-12-06,25.600000,25.600000,25.388000,25.600000,23.009821,22900
2018-12-07,25.650000,25.650000,25.469999,25.552000,22.966677,7700
2018-12-10,25.600000,25.600000,25.420000,25.530001,22.946899,76200
2018-12-11,25.600000,25.600000,25.400000,25.459999,22.883984,38500
2018-12-12,25.480000,25.489000,25.260000,25.290001,22.731186,51400
2018-12-13,25.389999,25.407000,25.209999,25.280001,22.722197,42700
2018-12-14,25.320000,25.389999,25.290001,25.389999,22.821068,24200
2018-12-17,25.389999,25.389999,25.299999,25.379999,22.812080,29200
2018-12-18,25.379999,25.389999,25.250000,25.290001,22.731186,47600
2018-12-19,25.309999,25.350000,25.250000,25.350000,22.785114,21100
2018-12-20,25.350000,25.350000,25.020000,25.330000,22.767139,123200
2018-12-21,25.299999,25.350000,25.120001,25.330000,22.767139,54400
2018-12-24,25.350000,25.350000,25.170000,25.278999,22.721298,37100
2018-12-26,25.250000,25.450001,25.250000,25.450001,22.874998,56400
2018-12-27,25.450001,25.500000,25.290001,25.500000,22.919937,19300
2018-12-28,25.129999,25.240000,25.090000,25.139999,22.991270,39300
2018-12-31,25.250000,25.280001,25.139999,25.280001,23.119303,23400
2019-01-02,25.260000,25.620001,25.230000,25.559999,23.375374,25700
2019-01-03,25.750000,25.750000,25.275000,25.590000,23.402807,16800
2019-01-04,25.459999,25.600000,25.440001,25.459999,23.283920,18100
2019-01-07,25.469999,25.570000,25.450001,25.500000,23.320501,16400
2019-01-08,25.549999,25.620001,25.549999,25.594000,23.406464,15100
2019-01-09,25.740000,25.740000,25.500000,25.620001,23.430244,9000
2019-01-10,25.620001,25.620001,25.370001,25.450001,23.274778,18900
2019-01-11,25.500000,25.500000,25.400000,25.469999,23.293064,6400
2019-01-14,25.480000,25.480000,25.400000,25.400000,23.229048,14100
2019-01-15,25.650000,25.650000,25.410000,25.490000,23.311357,18900
2019-01-16,25.490000,25.497000,25.309999,25.400000,23.229048,411700
2019-01-17,25.410000,25.410000,25.280001,25.290001,23.128450,35700
2019-01-18,25.260000,25.500000,25.219999,25.500000,23.320501,39000
2019-01-22,25.570000,25.570000,25.350000,25.459999,23.283920,15700
2019-01-23,25.600000,25.620001,25.440001,25.620001,23.430244,8900
2019-01-24,25.629999,25.639999,25.600000,25.617001,23.427502,19600
2019-01-25,25.570000,25.719999,25.570000,25.620001,23.430244,13000
2019-01-28,25.500000,25.599001,25.500000,25.580000,23.393663,8300
2019-01-29,25.590000,25.615999,25.570000,25.570000,23.384518,3000
2019-01-30,25.629999,25.809999,25.600000,25.600000,23.411955,79100
2019-01-31,25.750000,25.809999,25.070000,25.180000,23.027851,279400
2019-02-01,25.430000,25.500000,25.340000,25.340000,23.174177,93800
2019-02-04,25.350000,25.466999,25.200001,25.410000,23.238195,39100
2019-02-05,25.430000,25.549999,25.430000,25.549999,23.366226,13300
2019-02-06,25.549999,25.639999,25.450001,25.566000,23.380859,20800
2019-02-07,25.575001,25.629999,25.309999,25.330000,23.165030,25800
2019-02-08,25.379999,25.510000,25.379999,25.483999,23.305868,8200
2019-02-11,25.350000,25.540001,25.350000,25.540001,23.357082,13300
2019-02-12,25.690001,25.690001,25.500000,25.500000,23.320501,35900
2019-02-13,25.690001,25.690001,25.563999,25.690001,23.494263,11000
2019-02-14,25.700001,25.790001,25.650000,25.750000,23.549133,11900
2019-02-15,25.719999,25.889999,25.650000,25.889999,23.677166,8500
2019-02-19,25.950001,25.951000,25.850000,25.870001,23.658878,16100
2019-02-20,25.889999,25.962999,25.690001,25.780001,23.576569,16800
2019-02-21,25.980000,25.980000,25.780001,25.799999,23.594858,7200
2019-02-22,25.910999,25.969999,25.809999,25.969999,23.750330,11500
2019-02-25,25.910999,25.933001,25.766001,25.799999,23.594858,22200
2019-02-26,25.790001,25.959999,25.760000,25.830000,23.622295,17000
2019-02-27,25.830000,25.870001,25.510000,25.700001,23.503407,129400
2019-02-28,25.719999,25.719999,25.459999,25.570000,23.384518,142200
2019-03-01,25.590000,25.670000,25.500000,25.650000,23.457680,60200
2019-03-04,25.690001,25.750000,25.650000,25.700001,23.503407,23900
2019-03-05,25.750000,25.980000,25.620001,25.980000,23.759474,55600
2019-03-06,25.910000,26.049999,25.750000,25.860001,23.649733,16400
2019-03-07,25.750000,25.850000,25.620001,25.830000,23.622295,76000
2019-03-08,25.680000,25.850000,25.680000,25.840000,23.631441,18400
2019-03-11,25.850000,25.889999,25.730000,25.860001,23.649733,65900
2019-03-12,25.889999,25.889999,25.820000,25.830000,23.622295,12000
2019-03-13,25.850000,25.879999,25.740000,25.870001,23.658878,12400
2019-03-14,25.870001,25.889999,25.853001,25.889999,23.677166,2100
2019-03-15,25.889999,26.000000,25.849001,26.000000,23.777765,12700
2019-03-18,26.000000,26.108999,25.900000,26.020000,23.796055,23800
2019-03-19,25.860001,26.089001,25.860001,25.980000,23.759474,14700
2019-03-20,25.980000,26.100000,25.980000,26.070000,23.841784,296600
2019-03-21,26.090000,26.090000,25.912001,26.059000,23.831724,30800
2019-03-22,26.100000,26.170000,26.030001,26.150000,23.914946,13300
2019-03-25,26.160000,26.160000,26.049999,26.084999,23.855501,9700
2019-03-26,26.100000,26.105000,25.879999,26.105000,23.873789,24400
2019-03-27,26.129999,26.129999,25.889999,25.940001,23.722893,19700
2019-03-28,25.990000,26.032000,25.910000,25.934999,23.718321,16400
2019-03-29,25.700001,25.700001,25.500000,25.610001,23.823441,67600
2019-04-01,25.570000,25.700001,25.570000,25.620001,23.832741,96500
2019-04-02,25.679001,25.871000,25.679001,25.871000,24.066233,10300
2019-04-03,25.860001,25.980000,25.790001,25.850000,24.046696,19900
2019-04-04,25.799999,26.000000,25.770000,25.809999,24.009485,22100
2019-04-05,25.990000,25.990000,25.799999,25.820000,24.018789,65600
2019-04-08,25.860001,25.972000,25.799999,25.809999,24.009485,26800
2019-04-09,25.840000,25.879999,25.730000,25.730000,23.935066,18800
2019-04-10,25.870001,25.870001,25.680000,25.719999,23.925764,59700
2019-04-11,25.799999,25.870001,25.750000,25.799999,24.000183,24900
2019-04-12,25.809999,25.840000,25.690001,25.690001,23.897860,14700
2019-04-15,25.820000,25.830000,25.680000,25.680000,23.888556,35800
2019-04-16,25.740000,25.818001,25.650000,25.719999,23.925764,40200
2019-04-17,25.670000,25.871000,25.670000,25.805000,24.004837,17700
2019-04-18,25.980000,26.000000,25.760000,25.860001,24.056000,98900
2019-04-22,25.900000,25.900000,25.730000,25.730000,23.935066,226800
2019-04-23,25.770000,25.799999,25.730000,25.760000,23.962975,87400
2019-04-24,25.799999,25.888000,25.770000,25.820000,24.018789,7500
2019-04-25,25.750000,25.910000,25.750000,25.830000,24.028091,16700
2019-04-26,25.860001,25.924000,25.770000,25.809999,24.009485,35200
2019-04-29,25.861000,25.938999,25.820000,25.850000,24.046696,9500
2019-04-30,25.930000,25.940001,25.750000,25.900000,24.093208,38400
2019-05-01,25.959999,25.959999,25.834999,25.920000,24.111813,17600
2019-05-02,25.920000,25.927999,25.840000,25.870001,24.065302,10100
2019-05-03,25.959999,25.959999,25.830000,25.830000,24.028091,8100
2019-05-06,25.760000,25.879999,25.760000,25.790001,23.990883,10300
2019-05-07,25.709999,25.834000,25.709999,25.780001,23.981579,6900
2019-05-08,25.850000,25.900000,25.799999,25.879999,24.074602,8500
2019-05-09,25.820999,25.868000,25.820000,25.820000,24.018789,3000
2019-05-10,25.860001,25.879999,25.760000,25.760000,23.962975,34300
2019-05-13,25.799999,25.809999,25.750000,25.750000,23.953672,57400
2019-05-14,25.811001,25.920000,25.811001,25.889999,24.083904,5900
2019-05-15,25.910000,25.969999,25.870001,25.930000,24.121115,16500
2019-05-16,25.879999,25.969999,25.875999,25.959999,24.149021,8200
2019-05-17,25.909000,26.040001,25.909000,26.040001,24.223442,36600
2019-05-20,26.139999,26.139999,26.010000,26.100000,24.279257,17500
2019-05-21,25.980000,26.049999,25.980000,25.980000,24.167627,12300
2019-05-22,25.969999,26.099001,25.969999,25.990000,24.176929,9100
2019-05-23,26.010000,26.010000,25.940001,25.940001,24.130419,17400
2019-05-24,26.040001,26.061001,25.840000,25.945000,24.135067,42200
2019-05-28,26.080000,26.080000,25.920000,25.920000,24.111813,31900
2019-05-29,25.950001,26.100000,25.840000,26.000000,24.186232,30500
2019-05-30,25.969999,26.025000,25.950001,25.959999,24.149021,12600
2019-05-31,25.920000,26.000000,25.770000,25.770000,23.972279,85300
2019-06-03,25.830000,25.940001,25.799999,25.799999,24.000183,50900
2019-06-04,25.870001,25.982000,25.860001,25.900000,24.093208,11100
2019-06-05,25.980000,26.000000,25.809999,25.850000,24.046696,19500
2019-06-06,25.920000,25.950001,25.850000,25.898001,24.091349,22700
2019-06-07,25.930000,26.059999,25.920000,25.990000,24.176929,24000
2019-06-10,26.000000,26.059999,25.993999,26.030001,24.214140,14100
2019-06-11,26.030001,26.090000,25.986000,26.049999,24.232742,27900
2019-06-12,26.100000,26.160000,26.040001,26.139999,24.316463,18100
2019-06-13,26.160000,26.230000,26.090000,26.129999,24.307161,19400
2019-06-14,26.170000,26.280001,26.170000,26.280001,24.446701,13000
2019-06-17,26.330000,26.500000,26.309999,26.400000,24.558329,65900
2019-06-18,26.400000,26.400000,26.350000,26.400000,24.558329,37900
2019-06-19,26.400000,26.590000,26.354000,26.540001,24.688562,39500
2019-06-20,26.500000,26.500000,26.431999,26.459999,24.614141,90700
2019-06-21,26.490000,26.500000,26.270000,26.270000,24.437397,223700
2019-06-24,26.270000,26.340000,26.200001,26.200001,24.372282,17900
2019-06-25,26.209999,26.219999,26.120001,26.160000,24.335072,17300
2019-06-26,26.230000,26.280001,26.120001,26.190001,24.362978,18200
2019-06-27,26.250000,26.350000,26.180000,26.280001,24.446701,25300
2019-06-28,25.900000,26.000000,25.809999,26.000000,24.596169,45700
2019-07-01,25.980000,26.031000,25.910000,26.000000,24.596169,57400
2019-07-02,26.080000,26.110001,25.980000,26.090000,24.681309,23400
2019-07-03,26.150000,26.150000,26.063999,26.070000,24.662388,8100
2019-07-05,25.950001,26.135000,25.950001,26.129999,24.719147,10400
2019-07-08,26.139999,26.139999,25.931000,25.990000,24.586706,27800
2019-07-09,26.010000,26.066999,25.962000,26.040001,24.634008,10700
2019-07-10,26.089001,26.089001,25.974001,26.000000,24.596169,14600
2019-07-11,25.940001,26.039000,25.940001,26.000000,24.596169,6500
2019-07-12,25.987000,26.059999,25.889999,25.959999,24.558327,45300
2019-07-15,26.090000,26.112000,25.910000,25.990000,24.586706,17200
2019-07-16,26.020000,26.063999,25.860001,25.950001,24.548868,81900
2019-07-17,25.900000,26.020000,25.900000,25.950001,24.548868,26500
2019-07-18,25.950001,26.139999,25.950001,26.100000,24.690767,10900
2019-07-19,26.129999,26.219999,26.010000,26.129999,24.719147,19200
2019-07-22,26.145000,26.200001,26.090000,26.120001,24.709690,6500
2019-07-23,26.190001,26.190001,26.100000,26.110001,24.700230,12000
2019-07-24,26.150000,26.150000,26.090000,26.139999,24.728607,24300
2019-07-25,26.150000,26.150000,26.110001,26.110001,24.700230,17700
2019-07-26,26.139999,26.320999,26.120001,26.120001,24.709690,10300
2019-07-29,26.260000,26.260000,25.990000,26.000000,24.596169,175600
2019-07-30,25.950001,26.032000,25.830000,25.830000,24.435345,27600
2019-07-31,25.920000,26.049999,25.719999,25.820000,24.425886,158300
2019-08-01,25.950001,26.002001,25.879999,25.879999,24.482645,36800
2019-08-02,25.920000,25.980000,25.889999,25.900000,24.501568,24600
2019-08-05,25.879999,25.938000,25.799999,25.850000,24.454268,45700
2019-08-06,25.879999,25.975000,25.855000,25.900000,24.501568,27700
2019-08-07,26.009001,26.049999,25.850000,26.020000,24.615088,40300
2019-08-08,26.090000,26.120001,25.966999,25.990000,24.586706,27200
2019-08-09,26.040001,26.240000,26.040001,26.200001,24.785370,16000
2019-08-12,26.160000,26.200001,26.100000,26.120001,24.709690,22700
2019-08-13,26.129999,26.129999,26.090000,26.120001,24.709690,15200
2019-08-14,26.110001,26.150000,26.059999,26.120001,24.709690,21900
2019-08-15,26.049999,26.200001,26.049999,26.200001,24.785370,16900
2019-08-16,26.200001,26.200001,26.070000,26.120001,24.709690,19000
2019-08-19,26.090000,26.184000,26.090000,26.129999,24.719147,444700
2019-08-20,26.160000,26.219000,26.120001,26.139999,24.728607,11500
2019-08-21,26.200001,26.240000,26.110001,26.129999,24.719147,301500
2019-08-22,26.209999,26.299999,26.180000,26.299999,24.879969,12500
2019-08-23,26.299999,26.299999,25.990000,25.990000,24.586706,56800
2019-08-26,26.129999,26.169001,26.000000,26.135000,24.723879,25600
2019-08-27,26.170000,26.250999,26.110001,26.219999,24.804289,32200
2019-08-28,26.299999,26.400000,26.250000,26.250000,24.832670,30500
2019-08-29,26.379999,26.379999,26.209999,26.270000,24.851589,13800
2019-08-30,26.290001,26.490000,26.280001,26.360001,24.936729,64700
2019-09-03,26.490000,26.500000,26.270000,26.280001,24.861050,36500
2019-09-04,26.299999,26.450001,26.295000,26.309999,24.889429,16700
2019-09-05,26.440001,26.440001,26.299999,26.309999,24.889429,13400
2019-09-06,26.320000,26.480000,26.260000,26.480000,25.050251,22700
2019-09-09,26.450001,26.500000,26.320000,26.480000,25.050251,14100
2019-09-10,26.480000,26.480000,26.275000,26.410000,24.984030,11400
2019-09-11,26.389999,26.420000,26.350000,26.420000,24.993490,9000
2019-09-12,26.400000,26.440001,26.350000,26.434999,25.007681,18200
2019-09-13,26.490000,26.490000,26.247999,26.360001,24.936729,56400
2019-09-16,26.299999,26.430000,26.299999,26.410000,24.984030,6000
2019-09-17,26.400000,26.430000,26.280001,26.389999,24.965109,9700
2019-09-18,26.379999,26.540001,26.360001,26.450001,25.021870,25700
2019-09-19,26.480000,26.480000,26.370001,26.400000,24.974569,17000
2019-09-20,26.350000,26.488001,26.320000,26.320000,24.898890,14700
2019-09-23,26.420000,26.495001,26.340000,26.340000,24.917810,12600
2019-09-24,26.400000,26.500000,26.379999,26.379999,24.955650,18100
2019-09-25,26.389999,26.469999,26.350000,26.459999,25.031330,6700
2019-09-26,26.459999,26.459999,26.219999,26.309999,24.889429,34700
2019-09-27,26.299999,26.388000,26.209999,26.219999,24.804289,38700
2019-09-30,26.000000,26.000000,25.740000,25.790001,24.811987,90300
2019-10-01,25.750000,25.840000,25.639999,25.760000,24.783125,77600
2019-10-02,25.780001,25.799999,25.570000,25.719999,24.744638,69500
2019-10-03,25.709999,25.730000,25.570000,25.670000,24.696535,58300
2019-10-04,25.570000,25.790001,25.570000,25.750000,24.773502,19400
2019-10-07,25.700001,25.709999,25.600000,25.690001,24.715778,53000
2019-10-08,25.719999,25.740000,25.608000,25.660000,24.686916,36900
2019-10-09,25.760000,25.760000,25.639999,25.650000,24.677294,297100
2019-10-10,25.650000,25.740000,25.639999,25.730000,24.754259,166800
2019-10-11,25.760000,25.870001,25.736000,25.780001,24.802364,25300
2019-10-14,25.830999,25.850000,25.670000,25.770000,24.792744,53300
2019-10-15,25.850000,25.858999,25.629999,25.670000,24.696535,70100
2019-10-16,25.690001,25.732000,25.590000,25.600000,24.629192,95600
2019-10-17,25.639999,25.730000,25.610001,25.711000,24.735981,27300
2019-10-18,25.730000,25.760000,25.650000,25.660000,24.686916,46300
2019-10-21,25.730000,25.732000,25.629999,25.700001,24.725399,56900
2019-10-22,25.700001,25.780001,25.700001,25.760000,24.783125,19700
2019-10-23,25.780001,25.850000,25.730000,25.740000,24.763882,26900
2019-10-24,25.780001,25.861000,25.770000,25.840000,24.860090,29300
2019-10-25,25.879999,25.889999,25.809999,25.809999,24.831226,12600
2019-10-28,25.850000,25.860001,25.700001,25.700001,24.725399,190100
2019-10-29,25.790001,25.809999,25.709999,25.799999,24.821606,22500
2019-10-30,25.799999,25.980000,25.799999,25.920000,24.937056,26400
2019-10-31,26.090000,26.120001,25.930000,25.930000,24.946676,85700
2019-11-01,26.020000,26.047001,25.870001,25.959999,24.975538,8900
2019-11-04,26.020000,26.020000,25.850000,25.959999,24.975538,39300
2019-11-05,25.969999,25.995001,25.860001,25.900000,24.917814,12000
2019-11-06,25.950001,25.959999,25.860001,25.860001,24.879332,24700
2019-11-07,25.879999,25.920000,25.850000,25.860001,24.879332,34500
2019-11-08,25.889999,25.934999,25.850000,25.910000,24.927435,44700
2019-11-11,25.910000,25.999001,25.910000,25.950001,24.965919,5900
2019-11-12,25.950001,26.010000,25.910000,25.930000,24.946676,18500
2019-11-13,26.000000,26.049999,25.950001,25.980000,24.994780,17400
2019-11-14,26.030001,26.040001,25.969999,26.040001,25.052505,19100
2019-11-15,26.080000,26.080000,26.035000,26.040001,25.052505,9700
2019-11-18,26.049999,26.080000,26.000000,26.000000,25.014023,15300
2019-11-19,26.052000,26.100000,26.039000,26.100000,25.110229,18700
2019-11-20,26.049999,26.200001,26.049999,26.200001,25.206438,23400
2019-11-21,26.190001,26.250000,26.157000,26.250000,25.254541,18900
2019-11-22,26.270000,26.270000,26.150000,26.260000,25.264162,11700
2019-11-25,26.250000,26.250000,26.150000,26.230000,25.235298,46800
2019-11-26,26.250000,26.379999,26.209999,26.370001,25.369991,31600
2019-11-27,26.379999,26.379999,26.290001,26.350000,25.350750,47300
2019-11-29,26.350000,26.350000,26.150000,26.150000,25.158333,39600
2019-12-02,26.299999,26.299999,26.141001,26.219999,25.225679,50600
2019-12-03,26.230000,26.230000,26.139999,26.209999,25.216057,19500
2019-12-04,26.209999,26.209999,26.100000,26.200001,25.206438,25700
2019-12-05,26.129999,26.150000,26.059999,26.150000,25.158333,21700
2019-12-06,26.150000,26.150000,26.100000,26.120001,25.129473,11000
2019-12-09,26.120001,26.170000,26.080999,26.150000,25.158333,12200
2019-12-10,26.100000,26.180000,26.100000,26.170000,25.177576,15200
2019-12-11,26.150000,26.170000,26.100000,26.129999,25.139090,24100
2019-12-12,26.150000,26.170000,26.100000,26.170000,25.177576,18200
2019-12-13,26.170000,26.320000,26.150000,26.320000,25.321888,12100
2019-12-16,26.330000,26.330000,26.263000,26.330000,25.331507,16200
2019-12-17,26.330000,26.330000,26.260000,26.325001,25.326698,8400
2019-12-18,26.330000,26.360001,26.294001,26.360001,25.360371,13200
2019-12-19,26.360001,26.360001,26.305000,26.309999,25.312265,15100
2019-12-20,26.320000,26.389999,26.309999,26.340000,25.341127,20600
2019-12-23,26.410000,26.410000,26.309999,26.379999,25.379610,12600
2019-12-24,26.400000,26.400000,26.367001,26.370001,25.369991,6100
2019-12-26,26.350000,26.379999,26.340000,26.370001,25.369991,14500
2019-12-27,26.420000,26.420000,26.309999,26.370001,25.369991,38300
2019-12-30,25.930000,26.049999,25.930000,25.959999,25.397383,19200
2019-12-31,25.990000,26.030001,25.950001,25.950001,25.387602,14400
2020-01-02,26.040001,26.110001,26.016001,26.100000,25.534349,18100
2020-01-03,26.070000,26.145000,26.020000,26.030001,25.465868,47900
2020-01-06,26.049999,26.082001,26.030001,26.030001,25.465868,8400
2020-01-07,26.080000,26.150999,26.020000,26.020000,25.456083,20500
2020-01-08,26.160000,26.170000,26.080999,26.090000,25.524567,41000
2020-01-09,26.139999,26.180000,26.100000,26.160000,25.593050,8100
2020-01-10,26.280001,26.280001,26.155001,26.254000,25.685011,17500
2020-01-13,26.240000,26.264000,26.172001,26.190001,25.622400,27900
2020-01-14,26.190001,26.280001,26.180000,26.280001,25.710449,13600
2020-01-15,26.320000,26.320000,26.250000,26.250000,25.681099,14100
2020-01-16,26.209999,26.334000,26.209999,26.270000,25.700666,14500
2020-01-17,26.309999,26.309999,26.110001,26.170000,25.602833,190400
2020-01-21,26.209999,26.320000,26.184999,26.299000,25.729036,13400
2020-01-22,26.299999,26.350000,26.271000,26.350000,25.778933,24800
2020-01-23,26.350000,26.350000,26.309999,26.340000,25.769148,13300
2020-01-24,26.370001,26.370001,26.299999,26.350000,25.778933,27000
2020-01-27,26.400000,26.400000,26.299999,26.360001,25.788715,24000
2020-01-28,26.389999,26.400000,26.267000,26.309999,25.739798,11500
2020-01-29,26.370001,26.389999,26.219999,26.250000,25.681099,18300
2020-01-30,26.340000,26.430000,26.330000,26.379999,25.808281,11200
2020-01-31,26.420000,26.490000,26.240000,26.270000,25.700666,27300
2020-02-03,26.209999,26.430000,26.209999,26.320000,25.749582,23000
2020-02-04,26.230000,26.320999,26.200001,26.250000,25.681099,32600
2020-02-05,26.240000,26.309999,26.200001,26.200001,25.632183,15100
2020-02-06,26.260000,26.299999,26.200001,26.219999,25.651749,17900
2020-02-07,26.280001,26.340000,26.231001,26.299999,25.730015,33100
2020-02-10,26.330000,26.330000,26.219999,26.230000,25.661531,10800
2020-02-11,26.260000,26.320000,26.250000,26.304001,25.733929,9400
2020-02-12,26.309999,26.370001,26.219999,26.219999,25.651749,23800
2020-02-13,26.270000,26.360001,26.250000,26.350000,25.778933,19900
2020-02-14,26.350000,26.360001,26.320999,26.325001,25.754475,12100
2020-02-18,26.340000,26.340000,26.295000,26.330000,25.759365,23200
2020-02-19,26.330000,26.330000,26.209999,26.209999,25.641964,30900
2020-02-20,26.290001,26.320000,26.230000,26.320000,25.749582,23900
2020-02-21,26.320000,26.320000,26.200001,26.200001,25.632183,14600
2020-02-24,26.150000,26.246000,26.129999,26.129999,25.563698,11200
2020-02-25,26.200001,26.379999,26.170000,26.270000,25.700666,53500
2020-02-26,26.340000,26.400000,26.170000,26.350000,25.778933,44700
2020-02-27,26.299999,26.299999,25.799999,26.020000,25.456083,57000
2020-02-28,25.770000,25.840000,25.198000,25.250000,24.702772,106600
2020-03-02,25.549999,25.690001,25.320000,25.690001,25.133236,52800
2020-03-03,25.540001,25.920000,25.475000,25.600000,25.045187,45300
2020-03-04,25.790001,26.089001,25.600000,26.010000,25.446301,32900
2020-03-05,25.870001,25.961000,25.620001,25.620001,25.064753,30400
2020-03-06,25.209999,25.548000,25.120001,25.320000,24.771254,38700
2020-03-09,25.059999,25.059999,23.500000,24.889999,24.350573,117600
2020-03-10,25.090000,25.226999,24.150000,24.309999,23.783142,113200
2020-03-11,24.230000,24.500000,23.070000,23.100000,22.599367,99100
2020-03-12,21.760000,22.250000,19.799999,20.299999,19.860048,149100
2020-03-13,20.600000,21.343000,19.549999,20.250000,19.811132,182800
2020-03-16,18.760000,19.480000,17.610001,18.559999,18.157759,439100
2020-03-17,18.280001,18.565001,17.510000,17.840000,17.453363,185300
2020-03-18,17.370001,17.503000,10.000000,12.310000,12.043213,766000
2020-03-19,12.110000,19.500000,12.060000,18.010000,17.619680,366900
2020-03-20,18.850000,18.860001,16.590000,17.330000,16.954416,224000
2020-03-23,17.350000,17.450001,15.300000,16.690001,16.328287,311200
2020-03-24,17.889999,18.198999,16.750000,17.035000,16.665810,271900
2020-03-25,17.879999,20.540001,17.504000,19.000000,18.588224,193300
2020-03-26,19.400000,21.903999,19.400000,20.950001,20.495964,293300
2020-03-27,20.799999,21.379999,20.000000,21.285999,20.824680,366400
2020-03-30,21.350000,21.350000,19.799999,20.209999,19.771999,102800
2020-03-31,20.000000,20.000000,19.180000,19.450001,19.450001,181100
2020-04-01,18.510000,19.170000,18.125000,18.280001,18.280001,199500
2020-04-02,18.250000,19.250000,17.690001,19.240000,19.240000,175300
2020-04-03,19.639999,19.639999,18.299999,19.379999,19.379999,176500
2020-04-06,20.230000,21.690001,20.230000,21.129999,21.129999,257100
2020-04-07,21.370001,21.950001,21.299999,21.740000,21.740000,118000
2020-04-08,22.030001,22.920000,21.850000,22.920000,22.920000,149200
2020-04-09,23.000000,23.490000,22.632000,22.940001,22.940001,121700
2020-04-13,22.950001,22.950001,21.610001,21.780001,21.780001,143500
2020-04-14,22.290001,22.431999,21.660000,21.930000,21.930000,55400
2020-04-15,21.680000,21.680000,21.059999,21.260000,21.260000,69300
2020-04-16,21.410000,21.820000,20.780001,21.799999,21.799999,99400
2020-04-17,22.299999,22.799999,21.830000,22.799999,22.799999,103000
2020-04-20,22.420000,23.309999,22.420000,22.709999,22.709999,61500
2020-04-21,22.600000,23.059999,22.010000,22.950001,22.950001,46900
2020-04-22,23.200001,23.200001,22.610001,22.610001,22.610001,36700
2020-04-23,22.740000,22.830000,22.600000,22.610001,22.610001,30900
2020-04-24,22.750000,22.834999,22.219999,22.500000,22.500000,28900
2020-04-27,22.500000,22.770000,22.370001,22.570000,22.570000,45500
2020-04-28,22.850000,23.129999,22.650000,22.990000,22.990000,129400
2020-04-29,23.250000,23.250000,22.870001,23.150000,23.150000,112700
2020-04-30,23.150000,23.681999,23.000000,23.000000,23.000000,181800
2020-05-01,23.020000,23.420000,22.719999,23.030001,23.030001,107200
2020-05-04,23.030001,23.040001,22.740000,23.030001,23.030001,51200
2020-05-05,23.100000,23.143999,22.850000,23.129999,23.129999,46000
2020-05-06,23.190001,23.190001,22.879999,23.150000,23.150000,37800
2020-05-07,23.299999,23.379999,23.049999,23.049999,23.049999,53300