Date,Open,High,Low,Close,Adj Close,Volume
2019-09-27,25.000000,25.000000,24.799999,24.910000,23.956530,6105500
2019-09-30,24.940001,25.129999,24.920000,25.049999,24.091171,1281500
2019-10-01,25.049999,25.080000,24.980000,25.049999,24.091171,983100
2019-10-02,25.100000,25.100000,24.980000,25.040001,24.081556,362200
2019-10-03,25.049999,25.150000,25.000000,25.139999,24.177725,369500
2019-10-04,25.150000,25.200001,25.100000,25.110001,24.148876,329800
2019-10-07,25.139999,25.150000,25.059999,25.120001,24.158493,466500
2019-10-08,25.120001,25.250000,25.110001,25.250000,24.283516,404100
2019-10-09,25.250000,25.290001,25.200001,25.250000,24.283516,169200
2019-10-10,25.250000,25.270000,25.100000,25.110001,24.148876,231700
2019-10-11,25.150000,25.170000,25.070000,25.070000,24.110405,184900
2019-10-14,25.129999,25.190001,25.100000,25.180000,24.216196,118400
2019-10-15,25.180000,25.230000,25.120001,25.190001,24.225813,164500
2019-10-16,25.230000,25.230000,25.120001,25.180000,24.216196,178400
2019-10-17,25.170000,25.230000,25.150000,25.230000,24.264282,164300
2019-10-18,25.240000,25.240000,25.160000,25.170000,24.206577,31400
2019-10-21,25.200001,25.209999,25.150000,25.150000,24.187344,246300
2019-10-22,25.200001,25.200001,25.160000,25.180000,24.216196,135100
2019-10-23,25.200001,25.280001,25.183001,25.240000,24.273899,153500
2019-10-24,25.270000,25.400000,25.250000,25.400000,24.427774,123200
2019-10-25,25.360001,25.410000,25.299999,25.400000,24.427774,170500
2019-10-28,25.370001,25.420000,25.250000,25.420000,24.447008,327000
2019-10-29,25.340000,25.459999,25.340000,25.434999,24.461435,161300
2019-10-30,25.412001,25.650000,25.350000,25.650000,24.668205,400300
2019-10-31,25.525000,25.820000,25.500000,25.730000,24.745144,1894700
2019-11-01,25.610001,25.650000,25.510000,25.549999,24.572033,90900
2019-11-04,25.540001,25.570000,25.450001,25.514999,24.538372,121600
2019-11-05,25.500000,25.525000,25.450001,25.495001,24.519138,85100
2019-11-06,25.490000,25.600000,25.450001,25.540001,24.562418,250700
2019-11-07,25.509001,25.590000,25.400000,25.580000,24.600885,101400
2019-11-08,25.542999,25.688999,25.514000,25.632999,24.651855,91900
2019-11-11,25.680000,25.700001,25.636000,25.639999,24.658587,22200
2019-11-12,25.629999,25.700001,25.610001,25.639999,24.658587,39500
2019-11-13,25.639999,25.639999,25.500000,25.549999,24.572033,66700
2019-11-14,25.559999,25.600000,25.510000,25.580000,24.600885,100600
2019-11-15,25.549999,25.650000,25.500000,25.625000,24.644163,30800
2019-11-18,25.600000,25.618000,25.549999,25.590000,24.610502,61700
2019-11-19,25.555000,25.583000,25.500000,25.549999,24.572033,48500
2019-11-20,25.540001,25.700001,25.500000,25.650000,24.668205,57000
2019-11-21,25.546000,25.700001,25.546000,25.684999,24.701866,39800
2019-11-22,25.674999,25.700001,25.570000,25.700001,24.716293,60800
2019-11-25,25.643000,25.750000,25.549999,25.620001,24.639355,65100
2019-11-26,25.636000,25.799999,25.580000,25.750000,24.764378,77900
2019-11-27,25.730000,25.750000,25.590000,25.650000,24.668205,216700
2019-11-29,25.650000,25.650000,25.580000,25.580000,24.600885,68100
2019-12-02,25.590000,25.639999,25.549999,25.610001,24.629736,24700
2019-12-03,25.589001,25.780001,25.570000,25.590000,24.610502,273400
2019-12-04,25.600000,25.740000,25.540001,25.730000,24.745144,66700
2019-12-05,25.740000,25.770000,25.590000,25.750000,24.764378,91700
2019-12-06,25.700001,25.760000,25.650000,25.760000,24.773996,12700
2019-12-09,25.712999,25.750000,25.590000,25.690001,24.706676,52700
2019-12-10,25.683001,25.740000,25.570000,25.600000,24.620119,60300
2019-12-11,25.600000,25.600000,25.530001,25.600000,24.620119,52200
2019-12-12,25.600000,25.610001,25.500000,25.580000,24.600885,92700
2019-12-13,25.559999,25.670000,25.520000,25.600000,24.620119,132200
2019-12-16,25.600000,25.830000,25.600000,25.760000,24.773996,63200
2019-12-17,25.840000,25.889999,25.725000,25.889999,24.899017,46200
2019-12-18,25.980000,25.980000,25.780001,25.920000,24.927872,107300
2019-12-19,25.860001,25.889999,25.785000,25.889999,24.899017,64300
2019-12-20,25.900000,25.950001,25.870001,25.900000,24.908638,60100
2019-12-23,25.910999,25.990000,25.888000,25.980000,24.985575,42100
2019-12-24,25.969999,26.000000,25.850000,25.959999,24.966339,22700
2019-12-26,25.830000,26.000000,25.830000,25.900000,24.908638,76500
2019-12-27,25.879999,25.959999,25.870001,25.959999,24.966339,17600
2019-12-30,25.510000,25.629999,25.510000,25.591000,25.055435,42200
2019-12-31,25.587999,25.740000,25.587999,25.650000,25.113201,28600
2020-01-02,25.702000,25.889999,25.667000,25.799999,25.260061,49500
2020-01-03,25.850000,25.850000,25.750000,25.820000,25.279642,17000
2020-01-06,25.799999,25.850000,25.650000,25.680000,25.142572,44300
2020-01-07,25.740000,25.930000,25.660000,25.740000,25.201317,165800
2020-01-08,25.740000,25.920000,25.681999,25.870001,25.328598,127300
2020-01-09,25.805000,25.850000,25.680000,25.730000,25.191526,72200
2020-01-10,25.709999,25.879999,25.709999,25.870001,25.328598,20900
2020-01-13,25.799999,25.836000,25.740000,25.750000,25.211107,21000
2020-01-14,25.780001,25.820000,25.740000,25.760000,25.220900,26300
2020-01-15,25.730000,25.870001,25.719999,25.870001,25.328598,47900
2020-01-16,25.815001,25.870001,25.709999,25.760000,25.220900,45500
2020-01-17,25.799999,26.090000,25.700001,26.059999,25.514620,114000
2020-01-21,26.000000,26.080000,25.920000,26.080000,25.534203,26400
2020-01-22,26.590000,26.590000,26.049999,26.080000,25.534203,24300
2020-01-23,26.090000,26.090000,25.850000,25.900000,25.357969,47600
2020-01-24,25.900000,26.000000,25.900000,25.969999,25.426502,12300
2020-01-27,25.966000,25.980000,25.850000,25.860001,25.318806,41400
2020-01-28,25.980000,25.983000,25.790001,25.860001,25.318806,38200
2020-01-29,25.879999,25.879999,25.760000,25.840000,25.299225,172000
2020-01-30,25.840000,26.000000,25.840000,25.930000,25.387341,38100
2020-01-31,25.993000,26.030001,25.950001,25.950001,25.406923,47000
2020-02-03,26.020000,26.150000,26.014999,26.070999,25.525389,23000
2020-02-04,26.250000,26.250000,25.830000,25.870001,25.328598,174400
2020-02-05,25.920000,26.020000,25.870001,26.018000,25.473499,100200
2020-02-06,25.955000,25.990000,25.910000,25.990000,25.446085,76100
2020-02-07,26.040001,26.040001,25.980000,26.010000,25.465668,83900
2020-02-10,26.000000,26.030001,26.000000,26.010000,25.465668,59400
2020-02-11,26.010000,26.020000,25.950001,26.000000,25.455875,66800
2020-02-12,26.000000,26.000000,25.920000,25.980000,25.436295,20000
2020-02-13,25.990000,26.040001,25.930000,26.040001,25.495039,31000
2020-02-14,26.049999,26.049999,25.879999,25.940001,25.397133,21100
2020-02-18,25.889999,25.990000,25.860001,25.910000,25.367760,20600
2020-02-19,25.900000,25.990000,25.809999,25.879999,25.338387,28300
2020-02-20,25.855000,25.990000,25.809999,25.950001,25.406923,25500
2020-02-21,25.920000,25.990000,25.860001,25.940001,25.397133,44500
2020-02-24,25.889999,25.889999,25.778999,25.870001,25.328598,38800
2020-02-25,25.940001,25.940001,25.740000,25.860001,25.318806,69200
2020-02-26,25.930000,25.930000,25.516001,25.750000,25.211107,70400
2020-02-27,25.740000,25.740000,25.030001,25.260000,24.731363,147200
2020-02-28,25.250000,25.299999,24.709999,24.709999,24.192871,201200
2020-03-02,24.780001,25.280001,24.780001,25.150000,24.623665,73900
2020-03-03,25.150000,25.480000,25.150000,25.250000,24.721571,32700
2020-03-04,25.393999,25.650000,25.270000,25.639999,25.103409,58500
2020-03-05,25.469999,25.605000,25.330000,25.389999,24.858641,34800
2020-03-06,25.200001,25.290001,25.040001,25.100000,24.574711,56800
2020-03-09,24.650000,24.990000,24.299999,24.400000,23.889360,191000
2020-03-10,24.889999,24.889999,23.700001,23.910000,23.409615,143500
2020-03-11,23.990000,24.370001,22.600000,22.645000,22.171089,172100
2020-03-12,20.379999,22.490000,18.129999,18.809999,18.416348,522600
2020-03-13,19.049999,20.486000,18.731001,19.600000,19.189816,172500
2020-03-16,19.299999,19.549999,18.100000,18.150000,17.770159,255900
2020-03-17,19.000000,19.000000,16.219999,16.500000,16.154690,179900
2020-03-18,16.000000,16.000000,8.870000,10.490000,10.270467,721000
2020-03-19,11.000000,17.690001,11.000000,16.080000,15.743480,533700
2020-03-20,16.100000,16.555000,14.690000,15.350000,15.028758,898800
2020-03-23,15.500000,15.580000,13.460000,15.030000,14.715454,565900
2020-03-24,15.500000,17.450001,15.500000,15.680000,15.351851,382800
2020-03-25,16.250000,18.700001,16.010000,16.990000,16.634436,466000
2020-03-26,17.549999,20.750000,17.549999,20.059999,19.640186,490700
2020-03-27,19.680000,20.889999,19.110001,20.559999,20.129723,638600
2020-03-30,20.190001,20.440001,19.059999,19.400000,18.993999,167000
2020-03-31,19.100000,19.120001,18.139999,18.500000,18.500000,305400
2020-04-01,17.850000,18.170000,16.969999,17.350000,17.350000,420300
2020-04-02,17.299999,18.260000,16.790001,18.230000,18.230000,765500
2020-04-03,18.330000,18.450001,16.990000,18.260000,18.260000,240700
2020-04-06,19.010000,21.139999,19.010000,20.889999,20.889999,295100
2020-04-07,21.379999,21.700001,20.837999,21.590000,21.590000,186300
2020-04-08,21.990000,22.440001,21.709999,22.240000,22.240000,187500
2020-04-09,22.790001,22.790001,21.799999,21.889999,21.889999,521600
2020-04-13,22.170000,22.170000,20.469999,20.889999,20.889999,483000
2020-04-14,21.020000,21.500000,20.660000,20.780001,20.780001,324500
2020-04-15,20.500000,20.600000,19.530001,19.959999,19.959999,389800
2020-04-16,20.450001,20.670000,19.760000,20.600000,20.600000,131200
2020-04-17,21.200001,21.790001,20.879999,21.750000,21.750000,200900
2020-04-20,21.070000,21.950001,21.070000,21.549999,21.549999,82200
2020-04-21,21.400000,21.870001,20.950001,21.799999,21.799999,110500
2020-04-22,21.968000,21.968000,21.389999,21.440001,21.440001,92100
2020-04-23,21.510000,21.730000,21.400000,21.430000,21.430000,61600
2020-04-24,21.410000,21.500000,21.070000,21.320000,21.320000,80300
2020-04-27,21.590000,21.590000,21.410000,21.500000,21.500000,47800
2020-04-28,21.750000,22.129000,21.650000,21.980000,21.980000,98500
2020-04-29,21.888000,22.280001,21.888000,22.230000,22.230000,153800
2020-04-30,22.000000,22.700001,22.000000,22.450001,22.450001,132500
2020-05-01,22.000000,22.350000,22.000000,22.219999,22.219999,50800
2020-05-04,21.969999,22.250000,21.969999,22.000000,22.000000,55200
2020-05-05,22.350000,22.433001,22.000000,22.110001,22.110001,36500
2020-05-06,22.270000,22.270000,22.000000,22.180000,22.180000,52400
2020-05-07,22.180000,22.540001,22.180000,22.299999,22.299999,36900