Date,Open,High,Low,Close,Adj Close,Volume
2014-05-23,5.500000,6.060000,5.050000,5.540000,5.540000,3359800
2014-05-27,5.510000,5.610000,5.420000,5.550000,5.550000,290000
2014-05-28,5.530000,5.930000,5.520000,5.800000,5.800000,238300
2014-05-29,5.900000,6.030000,5.750000,5.940000,5.940000,211900
2014-05-30,5.950000,6.000000,5.610000,5.850000,5.850000,172500
2014-06-02,5.900000,6.040000,5.600000,5.970000,5.970000,98000
2014-06-03,6.050000,6.440000,5.970000,6.400000,6.400000,236300
2014-06-04,6.330000,6.500000,6.110000,6.250000,6.250000,84800
2014-06-05,6.300000,6.300000,5.700000,5.810000,5.810000,76500
2014-06-06,5.750000,5.900000,5.563000,5.890000,5.890000,69400
2014-06-09,6.190000,6.190000,5.610000,6.010000,6.010000,51900
2014-06-10,6.000000,6.350000,5.770000,6.300000,6.300000,79600
2014-06-11,6.300000,6.620000,6.300000,6.480000,6.480000,154000
2014-06-12,6.420000,6.920000,6.300000,6.900000,6.900000,155300
2014-06-13,6.920000,6.920000,6.630000,6.920000,6.920000,53700
2014-06-16,6.860000,6.860000,6.610000,6.780000,6.780000,29200
2014-06-17,7.260000,7.840000,6.900000,7.390000,7.390000,544000
2014-06-18,7.400000,7.930000,7.380000,7.810000,7.810000,153400
2014-06-19,8.170000,8.170000,7.860000,7.890000,7.890000,78300
2014-06-20,7.860000,8.030000,7.360000,7.650000,7.650000,60800
2014-06-23,8.200000,12.550000,7.900000,10.330000,10.330000,1829000
2014-06-24,10.770000,11.200000,10.350000,10.650000,10.650000,1097000
2014-06-25,10.810000,11.000000,10.220000,10.400000,10.400000,265900
2014-06-26,10.250000,10.300000,9.070000,9.620000,9.620000,259600
2014-06-27,9.540000,9.670000,8.800000,9.250000,9.250000,221200
2014-06-30,8.940000,9.000000,8.260000,8.720000,8.720000,204500
2014-07-01,8.500000,8.900000,8.369000,8.890000,8.890000,94400
2014-07-02,8.860000,9.500000,8.620000,8.790000,8.790000,114400
2014-07-03,9.200000,9.200000,8.700000,8.930000,8.930000,52400
2014-07-07,9.230000,9.230000,8.500000,8.540000,8.540000,69300
2014-07-08,8.770000,8.770000,8.400000,8.560000,8.560000,38600
2014-07-09,8.520000,8.760000,8.000000,8.210000,8.210000,29400
2014-07-10,8.030000,8.100000,7.520000,8.010000,8.010000,43000
2014-07-11,7.920000,8.120000,7.868000,8.010000,8.010000,14500
2014-07-14,8.020000,8.020000,7.500000,7.620000,7.620000,77800
2014-07-15,7.450000,7.600000,6.990000,7.010000,7.010000,121400
2014-07-16,7.010000,7.090000,6.990000,7.000000,7.000000,27300
2014-07-17,7.000000,7.218000,6.970000,6.995000,6.995000,26100
2014-07-18,7.020000,7.500000,7.020000,7.240000,7.240000,36700
2014-07-21,7.050000,7.220000,7.020000,7.150000,7.150000,37800
2014-07-22,7.160000,7.160000,6.980000,7.110000,7.110000,22000
2014-07-23,7.150000,7.250000,6.980000,7.030000,7.030000,17300
2014-07-24,7.000000,7.000000,6.550000,6.710000,6.710000,43800
2014-07-25,6.930000,6.940000,6.700000,6.760000,6.760000,22800
2014-07-28,6.760000,6.988000,6.510000,6.580000,6.580000,27700
2014-07-29,6.600000,6.600000,6.100000,6.110000,6.110000,71800
2014-07-30,6.100000,6.200000,6.060000,6.080000,6.080000,18600
2014-07-31,6.060000,6.340000,5.960000,6.250000,6.250000,62100
2014-08-01,6.310000,6.350000,5.970000,6.000000,6.000000,47800
2014-08-04,5.980000,6.000000,5.900000,5.910000,5.910000,29100
2014-08-05,5.930000,6.030000,5.800000,6.010000,6.010000,24700
2014-08-06,5.910000,6.150000,5.820000,6.070000,6.070000,32300
2014-08-07,6.050000,7.000000,5.970000,6.760000,6.760000,63500
2014-08-08,6.320000,6.765000,6.190000,6.450000,6.450000,26700
2014-08-11,6.530000,6.620000,6.520000,6.570000,6.570000,15700
2014-08-12,6.570000,6.615000,6.330000,6.340000,6.340000,16600
2014-08-13,6.330000,6.450000,6.100000,6.290000,6.290000,17100
2014-08-14,6.180000,6.470000,6.000000,6.220000,6.220000,63000
2014-08-15,7.950000,8.000000,6.420000,7.360000,7.360000,119800
2014-08-18,7.260000,7.300000,6.850000,7.240000,7.240000,70800
2014-08-19,7.230000,7.668000,7.230000,7.420000,7.420000,65600
2014-08-20,7.460000,7.810000,7.453000,7.770000,7.770000,23100
2014-08-21,7.750000,7.760000,7.500000,7.590000,7.590000,13700
2014-08-22,7.630000,7.670000,7.501000,7.640000,7.640000,7900
2014-08-25,7.700000,7.810000,7.520000,7.700000,7.700000,27800
2014-08-26,7.420000,7.620000,7.325000,7.480000,7.480000,8200
2014-08-27,7.450000,7.670000,7.060000,7.511000,7.511000,26300
2014-08-28,7.570000,7.900000,7.451000,7.700000,7.700000,18200
2014-08-29,7.690000,8.490000,7.690000,8.440000,8.440000,78800
2014-09-02,8.790000,9.425000,8.610000,9.380000,9.380000,155700
2014-09-03,9.390000,9.990000,9.300000,9.950000,9.950000,98900
2014-09-04,10.000000,10.125000,9.490000,9.490000,9.490000,131300
2014-09-05,9.430000,9.590000,8.770000,9.390000,9.390000,33700
2014-09-08,9.310000,10.500000,9.250000,9.970000,9.970000,62900
2014-09-09,10.010000,10.180000,9.800000,10.000000,10.000000,36700
2014-09-10,9.970000,10.100000,9.920000,9.980000,9.980000,25700
2014-09-11,9.940000,10.010000,9.050000,9.940000,9.940000,84500
2014-09-12,9.950000,9.970000,9.480000,9.540000,9.540000,16500
2014-09-15,9.570000,9.570000,8.590000,8.700000,8.700000,51600
2014-09-16,8.700000,9.240000,7.840000,8.540000,8.540000,89800
2014-09-17,8.408000,8.830000,8.190000,8.200000,8.200000,35800
2014-09-18,8.300000,9.090000,8.250000,8.750000,8.750000,31800
2014-09-19,8.820000,9.850000,8.370000,8.400000,8.400000,174700
2014-09-22,8.420000,8.920000,7.510000,7.750000,7.750000,49300
2014-09-23,7.660000,7.960000,7.540000,7.670000,7.670000,10400
2014-09-24,7.670000,8.178000,7.550000,7.710000,7.710000,28000
2014-09-25,7.740000,8.120000,7.740000,7.980000,7.980000,11700
2014-09-26,8.010000,8.400000,8.000000,8.050000,8.050000,20800
2014-09-29,7.700000,7.700000,7.265000,7.640000,7.640000,40300
2014-09-30,7.520000,7.530000,6.510000,7.300000,7.300000,194500
2014-10-01,7.240000,7.240000,6.050000,6.380000,6.380000,59800
2014-10-02,6.330000,6.510000,6.230000,6.340000,6.340000,17900
2014-10-03,6.340000,6.570000,6.290000,6.330000,6.330000,30900
2014-10-06,6.340000,6.500000,6.210000,6.400000,6.400000,24100
2014-10-07,6.220000,6.639000,6.050000,6.150000,6.150000,61600
2014-10-08,6.070000,6.140000,6.000000,6.000000,6.000000,31500
2014-10-09,6.000000,6.100000,5.980000,5.980000,5.980000,33900
2014-10-10,5.950000,6.100000,5.950000,6.020000,6.020000,23500
2014-10-13,6.150000,6.810000,6.150000,6.180000,6.180000,34800
2014-10-14,6.220000,6.560000,6.150000,6.330000,6.330000,19500
2014-10-15,6.460000,6.690000,6.290000,6.310000,6.310000,6600
2014-10-16,6.640000,6.640000,6.420000,6.570000,6.570000,20600
2014-10-17,6.700000,6.700000,6.470000,6.700000,6.700000,14300
2014-10-20,6.660000,6.660000,6.420000,6.600000,6.600000,11400
2014-10-21,6.550000,6.700000,6.518000,6.700000,6.700000,12900
2014-10-22,6.700000,7.020000,6.510000,6.510000,6.510000,12600
2014-10-23,6.930000,6.980000,6.550000,6.600000,6.600000,9100
2014-10-24,6.770000,6.940000,6.650000,6.790000,6.790000,9600
2014-10-27,6.960000,7.150000,6.550000,7.120000,7.120000,21300
2014-10-28,7.050000,7.520000,6.950000,7.420000,7.420000,28700
2014-10-29,7.360000,7.360000,6.900000,7.000000,7.000000,23600
2014-10-30,7.050000,7.310000,6.900000,7.180000,7.180000,18000
2014-10-31,7.190000,7.430000,6.950000,7.100000,7.100000,30200
2014-11-03,7.260000,7.260000,6.500000,6.760000,6.760000,25800
2014-11-04,6.760000,6.890000,6.750000,6.860000,6.860000,3700
2014-11-05,6.868000,6.868000,6.500000,6.510000,6.510000,5400
2014-11-06,6.500000,6.814000,6.500000,6.520000,6.520000,10400
2014-11-07,6.720000,6.720000,6.500000,6.500000,6.500000,14800
2014-11-10,6.800000,6.840000,6.561000,6.620000,6.620000,13000
2014-11-11,6.560000,6.720000,6.560000,6.620000,6.620000,10700
2014-11-12,6.505000,6.700000,6.500000,6.520000,6.520000,13100
2014-11-13,6.590000,6.590000,6.414000,6.420000,6.420000,12800
2014-11-14,6.440000,6.580000,6.370000,6.370000,6.370000,7200
2014-11-17,6.353000,6.430000,5.820000,5.880000,5.880000,72100
2014-11-18,5.940000,6.100000,5.850000,5.870000,5.870000,39700
2014-11-19,5.770000,5.920000,5.770000,5.850000,5.850000,35400
2014-11-20,5.820000,5.900000,5.820000,5.870000,5.870000,20400
2014-11-21,5.870000,6.000000,5.780000,5.940000,5.940000,37900
2014-11-24,5.899000,5.960000,5.870000,5.950000,5.950000,21000
2014-11-25,5.860000,5.950000,5.810000,5.900000,5.900000,4600
2014-11-26,5.928000,6.000000,5.850000,5.930000,5.930000,9900
2014-11-28,5.920000,5.950000,5.850000,5.950000,5.950000,7300
2014-12-01,6.000000,6.000000,5.850000,5.860000,5.860000,20500
2014-12-02,5.950000,6.000000,5.840000,5.890000,5.890000,27200
2014-12-03,5.920000,6.000000,5.854000,5.990000,5.990000,87500
2014-12-04,6.020000,6.020000,5.860000,5.950000,5.950000,91600
2014-12-05,5.970000,6.090000,5.840000,5.950000,5.950000,34700
2014-12-08,5.950000,6.000000,5.850000,5.960000,5.960000,34700
2014-12-09,6.310000,6.310000,5.840000,5.950000,5.950000,8700
2014-12-10,5.850000,5.989000,5.840000,5.940000,5.940000,6300
2014-12-11,6.000000,6.050000,5.840000,5.980000,5.980000,12200
2014-12-12,5.870000,6.000000,5.870000,5.950000,5.950000,8000
2014-12-15,6.000000,6.067000,5.900000,5.900000,5.900000,14400
2014-12-16,5.930000,5.990000,5.800000,5.820000,5.820000,7200
2014-12-17,5.950000,6.050000,5.950000,6.050000,6.050000,7500
2014-12-18,6.140000,6.614000,6.051000,6.360000,6.360000,50700
2014-12-19,6.360000,7.230000,6.360000,7.000000,7.000000,31900
2014-12-22,7.110000,7.370000,6.750000,6.750000,6.750000,32600
2014-12-23,7.000000,7.000000,6.720000,6.840000,6.840000,14200
2014-12-24,7.080000,7.080000,6.798000,6.900000,6.900000,14800
2014-12-26,6.935000,6.980000,6.500000,6.570000,6.570000,28400
2014-12-29,6.500000,6.910000,6.500000,6.620000,6.620000,49500
2014-12-30,6.680000,6.900000,6.680000,6.700000,6.700000,18600
2014-12-31,6.630000,6.780000,6.003000,6.140000,6.140000,115700
2015-01-02,6.230000,6.320000,6.100000,6.320000,6.320000,16300
2015-01-05,6.320000,6.320000,6.201000,6.320000,6.320000,14200
2015-01-06,6.170000,6.710000,6.170000,6.500000,6.500000,19900
2015-01-07,6.709000,6.840000,6.270000,6.700000,6.700000,16500
2015-01-08,6.660000,6.730000,6.376000,6.469000,6.469000,16800
2015-01-09,6.610000,7.050000,6.400000,6.840000,6.840000,31100
2015-01-12,7.000000,7.000000,6.710000,6.730000,6.730000,14200
2015-01-13,6.850000,6.850000,6.350000,6.390000,6.390000,10400
2015-01-14,6.310000,6.310000,5.900000,5.980000,5.980000,29900
2015-01-15,6.000000,6.080000,5.800000,5.970000,5.970000,12400
2015-01-16,5.880000,6.150000,5.820000,5.950000,5.950000,15100
2015-01-20,6.050000,6.990000,6.000000,6.900000,6.900000,64600
2015-01-21,7.000000,7.900000,7.000000,7.490000,7.490000,81900
2015-01-22,7.690000,7.690000,6.620000,7.460000,7.460000,46300
2015-01-23,7.260000,7.740000,6.900000,7.540000,7.540000,11000
2015-01-26,7.750000,8.080000,7.550000,7.680000,7.680000,59300
2015-01-27,7.730000,7.890000,7.710000,7.750000,7.750000,16900
2015-01-28,7.910000,8.280000,7.850000,8.020000,8.020000,69000
2015-01-29,8.330000,8.920000,8.330000,8.500000,8.500000,100800
2015-01-30,8.430000,8.760000,8.250000,8.700000,8.700000,12900
2015-02-02,8.810000,9.240000,8.510000,8.910000,8.910000,76800
2015-02-03,9.110000,9.250000,8.500000,9.060000,9.060000,37600
2015-02-04,8.650000,8.970000,8.500000,8.770000,8.770000,38900
2015-02-05,8.700000,8.940000,8.250000,8.620000,8.620000,59100
2015-02-06,8.790000,9.000000,8.125000,8.970000,8.970000,72800
2015-02-09,9.000000,9.143000,8.820000,8.880000,8.880000,61900
2015-02-10,8.960000,9.240000,8.561000,9.000000,9.000000,37100
2015-02-11,8.920000,9.210000,8.920000,9.000000,9.000000,18600
2015-02-12,9.140000,9.140000,8.830000,8.985000,8.985000,40300
2015-02-13,9.000000,9.106000,8.570000,8.570000,8.570000,14300
2015-02-17,8.720000,9.700000,8.310000,9.400000,9.400000,97800
2015-02-18,9.110000,9.500000,9.062000,9.370000,9.370000,21600
2015-02-19,9.170000,9.660000,9.170000,9.450000,9.450000,15800
2015-02-20,9.500000,9.540000,8.961000,9.470000,9.470000,17800
2015-02-23,9.640000,9.690000,9.140000,9.690000,9.690000,26900
2015-02-24,9.700000,10.239000,9.680000,9.820000,9.820000,168100
2015-02-25,9.930000,10.230000,9.740000,10.000000,10.000000,85000
2015-02-26,10.000000,10.620000,9.870000,10.490000,10.490000,113300
2015-02-27,10.800000,10.890000,10.450000,10.840000,10.840000,97200
2015-03-02,10.860000,10.860000,10.570000,10.800000,10.800000,40300
2015-03-03,10.700000,10.910000,10.600000,10.900000,10.900000,31500
2015-03-04,10.890000,11.180000,10.680000,11.120000,11.120000,34800
2015-03-05,11.180000,11.180000,10.958000,10.990000,10.990000,46100
2015-03-06,10.990000,11.068000,10.600000,10.650000,10.650000,17200
2015-03-09,10.450000,10.630000,9.690000,10.020000,10.020000,59200
2015-03-10,9.710000,9.840000,9.020000,9.780000,9.780000,42000
2015-03-11,9.770000,10.110000,9.670000,9.890000,9.890000,21600
2015-03-12,9.810000,10.270000,9.640000,10.000000,10.000000,55100
2015-03-13,10.000000,10.140000,9.830000,9.890000,9.890000,37600
2015-03-16,10.030000,10.030000,9.090000,9.670000,9.670000,47300
2015-03-17,9.610000,9.880000,9.250000,9.860000,9.860000,19400
2015-03-18,9.860000,9.941000,9.490000,9.840000,9.840000,17700
2015-03-19,9.860000,9.970000,9.764000,9.910000,9.910000,11900
2015-03-20,9.910000,10.000000,9.580000,9.700000,9.700000,64800
2015-03-23,9.584000,9.730000,9.090000,9.340000,9.340000,25900
2015-03-24,9.300000,9.500000,8.930000,9.110000,9.110000,19400
2015-03-25,9.170000,9.170000,8.545000,8.840000,8.840000,30100
2015-03-26,8.890000,9.780000,8.220000,8.890000,8.890000,25000
2015-03-27,8.900000,9.420000,8.900000,9.230000,9.230000,22300
2015-03-30,9.220000,9.660000,8.880000,9.360000,9.360000,15800
2015-03-31,9.340000,9.460000,9.050000,9.270000,9.270000,10800
2015-04-01,9.190000,9.618000,9.010000,9.400000,9.400000,26000
2015-04-02,9.790000,9.914000,9.480000,9.550000,9.550000,17700
2015-04-06,9.770000,10.980000,9.770000,10.480000,10.480000,265700
2015-04-07,10.570000,11.620000,10.570000,11.560000,11.560000,314400
2015-04-08,11.640000,11.800000,10.720000,11.730000,11.730000,190700
2015-04-09,11.780000,11.800000,11.500000,11.670000,11.670000,62200
2015-04-10,11.800000,11.800000,11.500000,11.780000,11.780000,85500
2015-04-13,11.780000,12.050000,11.540000,12.030000,12.030000,131000
2015-04-14,12.500000,12.590000,12.100000,12.455000,12.455000,218300
2015-04-15,12.680000,12.760000,12.430000,12.750000,12.750000,245700
2015-04-16,13.000000,13.190000,12.610000,12.880000,12.880000,101300
2015-04-17,12.750000,12.990000,12.600000,12.740000,12.740000,115900
2015-04-20,12.740000,12.810000,12.200000,12.320000,12.320000,160700
2015-04-21,12.320000,12.330000,11.750000,12.080000,12.080000,211400
2015-04-22,12.140000,12.390000,11.835000,12.250000,12.250000,60400
2015-04-23,12.270000,12.740000,12.030000,12.440000,12.440000,71500
2015-04-24,12.570000,12.990000,12.220000,12.770000,12.770000,196900
2015-04-27,13.020000,13.020000,12.090000,12.100000,12.100000,66300
2015-04-28,12.300000,12.300000,11.500000,11.860000,11.860000,85900
2015-04-29,11.770000,12.290000,11.660000,12.290000,12.290000,62100
2015-04-30,12.220000,12.230000,11.510000,11.620000,11.620000,75800
2015-05-01,11.600000,12.839000,11.440000,11.570000,11.570000,74400
2015-05-04,11.860000,11.980000,11.410000,11.550000,11.550000,238000
2015-05-05,11.550000,11.600000,11.450000,11.510000,11.510000,194900
2015-05-06,11.510000,11.620000,11.280000,11.540000,11.540000,103500
2015-05-07,11.650000,12.070000,11.500000,11.510000,11.510000,51200
2015-05-08,11.450000,11.640000,11.370000,11.520000,11.520000,65200
2015-05-11,11.500000,11.840000,11.500000,11.610000,11.610000,45100
2015-05-12,11.580000,11.830000,11.500000,11.810000,11.810000,37100
2015-05-13,11.700000,11.845000,11.430000,11.610000,11.610000,65500
2015-05-14,11.680000,12.148000,11.490000,11.490000,11.490000,47200
2015-05-15,11.420000,11.540000,11.260000,11.520000,11.520000,75600
2015-05-18,11.580000,12.090000,11.450000,11.750000,11.750000,43800
2015-05-19,11.700000,11.730000,11.230000,11.460000,11.460000,39600
2015-05-20,11.500000,11.750000,11.200000,11.650000,11.650000,29300
2015-05-21,11.690000,11.690000,11.160000,11.300000,11.300000,30800
2015-05-22,11.270000,11.300000,10.870000,10.870000,10.870000,20300
2015-05-26,10.840000,10.850000,9.950000,10.250000,10.250000,219800
2015-05-27,10.300000,10.370000,9.770000,9.790000,9.790000,154600
2015-05-28,9.740000,9.940000,9.150000,9.710000,9.710000,200300
2015-05-29,9.360000,9.890000,9.200000,9.460000,9.460000,250500
2015-06-01,9.630000,9.630000,8.800000,8.880000,8.880000,109000
2015-06-02,8.700000,8.900000,8.520000,8.880000,8.880000,35800
2015-06-03,8.970000,9.320000,8.650000,9.200000,9.200000,78300
2015-06-04,9.430000,9.580000,9.110000,9.410000,9.410000,53500
2015-06-05,9.390000,9.760000,9.180000,9.250000,9.250000,44900
2015-06-08,9.240000,9.440000,8.970000,9.220000,9.220000,33400
2015-06-09,9.180000,9.620000,9.000000,9.590000,9.590000,32400
2015-06-10,9.540000,9.970000,9.130000,9.750000,9.750000,71100
2015-06-11,9.690000,9.840000,9.300000,9.430000,9.430000,22200
2015-06-12,9.670000,9.670000,9.140000,9.140000,9.140000,25200
2015-06-15,9.050000,9.850000,8.740000,8.970000,8.970000,74400
2015-06-16,8.960000,9.170000,8.850000,8.920000,8.920000,28100
2015-06-17,8.950000,9.220000,8.650000,8.920000,8.920000,174700
2015-06-18,8.930000,9.395000,8.910000,9.250000,9.250000,43000
2015-06-19,9.330000,9.380000,8.780000,8.780000,8.780000,68700
2015-06-22,8.960000,9.000000,8.560000,8.610000,8.610000,49300
2015-06-23,8.600000,9.190000,8.600000,9.070000,9.070000,81800
2015-06-24,9.090000,9.120000,8.950000,9.000000,9.000000,49200
2015-06-25,9.343000,9.343000,8.860000,8.970000,8.970000,48100
2015-06-26,8.960000,9.480000,8.950000,9.210000,9.210000,1235300
2015-06-29,9.210000,9.470000,8.830000,8.880000,8.880000,72100
2015-06-30,8.900000,8.900000,8.550000,8.590000,8.590000,136100
2015-07-01,8.700000,8.860000,8.542000,8.620000,8.620000,57700
2015-07-02,8.700000,8.840000,8.607000,8.720000,8.720000,38900
2015-07-06,8.790000,9.880000,8.780000,9.860000,9.860000,72400
2015-07-07,9.860000,9.950000,9.315000,9.890000,9.890000,113300
2015-07-08,9.830000,9.830000,9.060000,9.390000,9.390000,99900
2015-07-09,9.510000,9.950000,9.390000,9.470000,9.470000,88000
2015-07-10,9.550000,10.630000,9.550000,10.250000,10.250000,167100
2015-07-13,10.330000,10.600000,10.252000,10.570000,10.570000,84900
2015-07-14,10.620000,11.000000,10.620000,10.770000,10.770000,47300
2015-07-15,10.950000,11.069000,10.430000,10.740000,10.740000,86900
2015-07-16,10.900000,11.050000,10.605000,11.000000,11.000000,57700
2015-07-17,11.040000,11.300000,10.871000,11.100000,11.100000,106000
2015-07-20,11.260000,11.260000,10.640000,10.850000,10.850000,61000
2015-07-21,10.810000,10.890000,10.573000,10.700000,10.700000,44200
2015-07-22,10.650000,10.960000,10.530000,10.720000,10.720000,88900
2015-07-23,10.800000,10.800000,10.510000,10.550000,10.550000,39700
2015-07-24,10.520000,10.990000,10.520000,10.850000,10.850000,56300
2015-07-27,10.640000,10.670000,9.580000,9.800000,9.800000,108700
2015-07-28,9.880000,10.020000,9.690000,9.940000,9.940000,53800
2015-07-29,10.000000,10.000000,9.740000,9.850000,9.850000,41100
2015-07-30,9.860000,9.860000,9.520000,9.720000,9.720000,31300
2015-07-31,9.720000,9.720000,9.100000,9.130000,9.130000,47400
2015-08-03,9.050000,9.360000,8.560000,8.670000,8.670000,71600
2015-08-04,8.710000,9.140000,8.710000,9.020000,9.020000,44500
2015-08-05,9.200000,9.200000,8.800000,8.880000,8.880000,61000
2015-08-06,8.900000,8.900000,8.440000,8.480000,8.480000,53800
2015-08-07,8.370000,8.740000,8.370000,8.580000,8.580000,61400
2015-08-10,8.620000,8.814000,8.450000,8.690000,8.690000,85300
2015-08-11,8.660000,8.950000,8.600000,8.900000,8.900000,35200
2015-08-12,8.800000,9.000000,8.460000,9.000000,9.000000,64300
2015-08-13,9.000000,9.090000,8.430000,8.490000,8.490000,29200
2015-08-14,8.490000,9.120000,8.490000,9.060000,9.060000,34900
2015-08-17,8.990000,9.000000,8.630000,8.940000,8.940000,25300
2015-08-18,8.900000,8.930000,8.500000,8.730000,8.730000,47100
2015-08-19,8.650000,8.680000,8.450000,8.470000,8.470000,17800
2015-08-20,8.350000,8.420000,8.250000,8.250000,8.250000,68600
2015-08-21,8.050000,8.760000,7.500000,8.170000,8.170000,79300
2015-08-24,7.880000,8.450000,7.588000,8.100000,8.100000,67100
2015-08-25,8.510000,8.510000,7.960000,8.230000,8.230000,27000
2015-08-26,8.410000,8.710000,8.130000,8.420000,8.420000,17300
2015-08-27,8.430000,8.430000,8.210000,8.430000,8.430000,20000
2015-08-28,8.320000,9.170000,8.320000,9.160000,9.160000,28400
2015-08-31,8.980000,9.020000,8.730000,8.830000,8.830000,10300
2015-09-01,8.730000,8.730000,8.310000,8.420000,8.420000,21600
2015-09-02,8.540000,8.860000,8.090000,8.380000,8.380000,74700
2015-09-03,8.530000,8.693000,8.140000,8.150000,8.150000,28900
2015-09-04,8.140000,8.600000,8.100000,8.270000,8.270000,47200
2015-09-08,8.330000,8.980000,8.260000,8.710000,8.710000,127800
2015-09-09,8.770000,8.770000,8.000000,8.020000,8.020000,189400
2015-09-10,7.980000,8.340000,7.980000,8.005000,8.005000,51900
2015-09-11,7.950000,8.190000,7.930000,8.150000,8.150000,69800
2015-09-14,8.060000,8.090000,7.920000,8.000000,8.000000,86300
2015-09-15,8.020000,8.060000,7.900000,7.940000,7.940000,34700
2015-09-16,7.910000,8.040000,7.910000,7.990000,7.990000,32900
2015-09-17,8.000000,8.200000,7.970000,8.080000,8.080000,49500
2015-09-18,7.980000,8.390000,7.840000,8.000000,8.000000,42300
2015-09-21,8.090000,8.115000,6.860000,7.030000,7.030000,61700
2015-09-22,6.940000,8.200000,6.940000,8.160000,8.160000,123000
2015-09-23,8.150000,8.200000,7.330000,8.050000,8.050000,100700
2015-09-24,7.990000,7.990000,7.315000,7.510000,7.510000,66700
2015-09-25,7.580000,7.580000,6.830000,6.970000,6.970000,65400
2015-09-28,7.010000,7.060000,6.834000,6.940000,6.940000,79500
2015-09-29,6.880000,7.060000,6.170000,6.530000,6.530000,114400
2015-09-30,6.270000,6.760000,6.070000,6.740000,6.740000,96100
2015-10-01,6.680000,7.190000,6.640000,7.040000,7.040000,178700
2015-10-02,7.030000,7.320000,6.990000,7.190000,7.190000,41700
2015-10-05,7.529000,7.529000,6.700000,7.460000,7.460000,99800
2015-10-06,7.360000,7.690000,6.940000,7.630000,7.630000,48700
2015-10-07,7.720000,7.910000,7.080000,7.880000,7.880000,31900
2015-10-08,7.880000,8.280000,7.640000,7.980000,7.980000,30400
2015-10-09,8.010000,8.218000,7.740000,8.060000,8.060000,16000
2015-10-12,8.050000,8.220000,7.600000,7.660000,7.660000,16900
2015-10-13,7.560000,7.600000,6.955000,7.000000,7.000000,30900
2015-10-14,7.020000,7.410000,6.990000,7.060000,7.060000,15100
2015-10-15,7.060000,7.370000,6.830000,7.250000,7.250000,110600
2015-10-16,7.300000,7.390000,6.855000,7.280000,7.280000,26000
2015-10-19,7.280000,7.500000,6.968000,7.080000,7.080000,160000
2015-10-20,7.120000,7.120000,6.780000,6.940000,6.940000,152000
2015-10-21,6.940000,7.460000,6.650000,6.760000,6.760000,51000
2015-10-22,6.800000,7.130000,6.380000,6.700000,6.700000,290300
2015-10-23,6.760000,7.150000,6.530000,6.960000,6.960000,184000
2015-10-26,6.940000,7.190000,6.830000,6.920000,6.920000,9500
2015-10-27,6.900000,7.050000,6.615000,6.830000,6.830000,19500
2015-10-28,6.820000,7.310000,6.500000,7.100000,7.100000,48400
2015-10-29,7.130000,7.490000,6.800000,7.380000,7.380000,37200
2015-10-30,7.420000,8.020000,7.255000,7.940000,7.940000,49600
2015-11-02,7.910000,8.300000,7.770000,8.140000,8.140000,64700
2015-11-03,8.170000,8.389000,7.900000,8.030000,8.030000,24200
2015-11-04,8.060000,8.389000,8.000000,8.140000,8.140000,22900
2015-11-05,8.150000,8.290000,7.886000,8.040000,8.040000,13300
2015-11-06,8.000000,8.130000,7.740000,8.130000,8.130000,9400
2015-11-09,7.930000,8.420000,7.930000,8.320000,8.320000,28200
2015-11-10,8.300000,8.510000,8.060000,8.290000,8.290000,15600
2015-11-11,8.290000,8.290000,8.000000,8.180000,8.180000,14400
2015-11-12,8.140000,8.200000,7.600000,7.800000,7.800000,30800
2015-11-13,7.680000,7.720000,7.500000,7.660000,7.660000,21800
2015-11-16,7.660000,8.170000,7.490000,8.000000,8.000000,18600
2015-11-17,7.900000,7.960000,7.750000,7.850000,7.850000,10400
2015-11-18,7.870000,8.060000,7.750000,7.850000,7.850000,27600
2015-11-19,7.860000,7.930000,7.750000,7.890000,7.890000,23100
2015-11-20,7.950000,8.065000,7.750000,7.975000,7.975000,46700
2015-11-23,7.940000,8.130000,7.750000,7.945000,7.945000,15600
2015-11-24,7.880000,8.350000,7.771000,8.235000,8.235000,33300
2015-11-25,7.990000,8.590000,7.990000,8.550000,8.550000,18600
2015-11-27,8.540000,8.820000,8.540000,8.820000,8.820000,4600
2015-11-30,8.862000,8.970000,8.655000,8.920000,8.920000,26900
2015-12-01,8.970000,9.000000,8.770000,8.990000,8.990000,32700
2015-12-02,9.000000,9.350000,8.830000,8.980000,8.980000,35600
2015-12-03,9.040000,9.100000,8.750000,9.020000,9.020000,20400
2015-12-04,9.040000,9.360000,8.770000,9.350000,9.350000,29600
2015-12-07,9.280000,9.623000,8.640000,8.810000,8.810000,27500
2015-12-08,8.690000,9.140000,8.500000,8.690000,8.690000,23000
2015-12-09,8.640000,8.642000,7.800000,7.850000,7.850000,143700
2015-12-10,7.880000,7.950000,7.685000,7.770000,7.770000,97600
2015-12-11,7.520000,7.613000,6.730000,7.340000,7.340000,153600
2015-12-14,7.330000,7.620000,7.250000,7.340000,7.340000,185200
2015-12-15,7.130000,7.480000,7.120000,7.440000,7.440000,155300
2015-12-16,7.530000,7.770000,7.340000,7.640000,7.640000,28600
2015-12-17,7.640000,8.210000,7.590000,7.610000,7.610000,37300
2015-12-18,7.600000,7.780000,7.600000,7.720000,7.720000,40900
2015-12-21,7.660000,7.955000,7.260000,7.800000,7.800000,22900
2015-12-22,7.790000,7.790000,7.340000,7.670000,7.670000,30000
2015-12-23,7.660000,8.250000,7.660000,8.100000,8.100000,19400
2015-12-24,7.760000,8.560000,7.760000,8.140000,8.140000,7500
2015-12-28,8.070000,8.500000,8.000000,8.480000,8.480000,28500
2015-12-29,8.580000,9.000000,8.350000,8.910000,8.910000,47600
2015-12-30,9.110000,10.250000,9.100000,9.980000,9.980000,108900
2015-12-31,10.000000,10.410000,9.440000,9.760000,9.760000,88600
2016-01-04,9.430000,9.780000,9.235000,9.450000,9.450000,61900
2016-01-05,9.270000,10.000000,8.675000,8.940000,8.940000,51300
2016-01-06,8.800000,8.810000,8.160000,8.300000,8.300000,37900
2016-01-07,7.860000,8.480000,7.730000,7.950000,7.950000,38300
2016-01-08,8.680000,9.020000,8.030000,8.150000,8.150000,48100
2016-01-11,8.500000,9.043000,8.080000,8.400000,8.400000,84100
2016-01-12,8.490000,8.490000,7.670000,7.810000,7.810000,83100
2016-01-13,7.810000,8.055000,7.530000,7.860000,7.860000,64200
2016-01-14,7.880000,7.900000,7.311000,7.570000,7.570000,37300
2016-01-15,7.400000,7.400000,6.990000,7.200000,7.200000,31300
2016-01-19,7.350000,7.780000,7.030000,7.250000,7.250000,37900
2016-01-20,7.440000,7.580000,6.800000,7.320000,7.320000,41200
2016-01-21,7.460000,7.543000,7.020000,7.060000,7.060000,35500
2016-01-22,6.360000,6.670000,6.010000,6.670000,6.670000,1258400
2016-01-25,6.680000,6.680000,5.960000,6.220000,6.220000,301600
2016-01-26,6.210000,6.910000,6.110000,6.650000,6.650000,221700
2016-01-27,6.570000,6.780000,6.250000,6.360000,6.360000,85800
2016-01-28,6.400000,6.400000,6.100000,6.140000,6.140000,57300
2016-01-29,6.200000,6.360000,5.920000,6.100000,6.100000,292300
2016-02-01,6.110000,6.950000,6.105000,6.630000,6.630000,90500
2016-02-02,6.650000,7.040000,6.214000,6.450000,6.450000,176000
2016-02-03,6.480000,6.510000,5.900000,5.960000,5.960000,136000
2016-02-04,5.960000,6.490000,5.938000,6.220000,6.220000,111100
2016-02-05,6.170000,6.170000,5.750000,5.760000,5.760000,87400
2016-02-08,5.740000,5.950000,5.480000,5.930000,5.930000,90900
2016-02-09,5.840000,5.990000,5.664000,5.890000,5.890000,60100
2016-02-10,5.910000,6.230000,5.630000,6.030000,6.030000,119800
2016-02-11,5.910000,6.080000,5.710000,6.010000,6.010000,39000
2016-02-12,6.120000,6.330000,5.650000,6.260000,6.260000,81700
2016-02-16,6.320000,6.320000,5.910000,6.030000,6.030000,54100
2016-02-17,5.980000,6.300000,5.950000,6.160000,6.160000,52500
2016-02-18,6.120000,6.120000,5.910000,5.980000,5.980000,39900
2016-02-19,5.960000,6.110000,5.915000,6.000000,6.000000,39800
2016-02-22,6.000000,6.130000,5.830000,6.020000,6.020000,54500
2016-02-23,6.050000,6.130000,5.820000,6.010000,6.010000,61200
2016-02-24,5.820000,6.240000,5.820000,6.140000,6.140000,67900
2016-02-25,6.140000,6.190000,5.725000,5.860000,5.860000,26300
2016-02-26,5.860000,6.210000,5.790000,6.200000,6.200000,48300
2016-02-29,6.200000,6.220000,5.750000,5.760000,5.760000,241700
2016-03-01,5.810000,5.900000,5.515000,5.860000,5.860000,30000
2016-03-02,5.800000,6.220000,5.660000,6.170000,6.170000,36300
2016-03-03,6.140000,6.160000,5.930000,6.030000,6.030000,25300
2016-03-04,6.050000,6.640000,6.050000,6.380000,6.380000,38600
2016-03-07,6.380000,6.710000,6.300000,6.590000,6.590000,50000
2016-03-08,6.570000,6.775000,5.855000,5.970000,5.970000,30600
2016-03-09,6.000000,6.480000,5.820000,6.030000,6.030000,12000
2016-03-10,6.110000,6.120000,5.690000,5.810000,5.810000,43600
2016-03-11,5.870000,6.090000,5.700000,5.800000,5.800000,51100
2016-03-14,5.820000,5.965000,5.730000,5.860000,5.860000,22800
2016-03-15,5.820000,6.244000,5.730000,5.820000,5.820000,43800
2016-03-16,5.820000,5.910000,5.500000,5.640000,5.640000,31500
2016-03-17,5.620000,5.860000,5.320000,5.560000,5.560000,457500
2016-03-18,5.610000,5.820000,5.540000,5.790000,5.790000,82700
2016-03-21,5.760000,5.950000,5.700000,5.910000,5.910000,26200
2016-03-22,5.870000,6.130000,5.830000,6.030000,6.030000,27100
2016-03-23,5.960000,6.480000,5.750000,5.800000,5.800000,38900
2016-03-24,5.730000,5.960000,5.730000,5.880000,5.880000,17900
2016-03-28,5.860000,6.230000,5.760000,5.770000,5.770000,10100
2016-03-29,5.750000,6.160000,5.750000,6.110000,6.110000,29100
2016-03-30,6.120000,6.140000,6.020000,6.060000,6.060000,7100
2016-03-31,6.250000,6.250000,6.040000,6.210000,6.210000,20300
2016-04-01,5.980000,6.260000,5.980000,6.240000,6.240000,15800
2016-04-04,6.190000,6.490000,6.124000,6.230000,6.230000,46300
2016-04-05,6.220000,6.320000,6.110000,6.200000,6.200000,35700
2016-04-06,6.440000,6.445000,6.180000,6.310000,6.310000,22000
2016-04-07,6.355000,6.370000,6.100000,6.260000,6.260000,17000
2016-04-08,6.340000,6.340000,6.150000,6.250000,6.250000,9200
2016-04-11,6.260000,6.360000,6.130000,6.210000,6.210000,20100
2016-04-12,6.250000,6.300000,6.190000,6.230000,6.230000,11900
2016-04-13,6.340000,6.340000,6.020000,6.220000,6.220000,42600
2016-04-14,6.240000,6.260000,6.200000,6.240000,6.240000,16500
2016-04-15,6.190000,6.320000,6.190000,6.290000,6.290000,24200
2016-04-18,6.320000,6.470000,6.310000,6.460000,6.460000,30500
2016-04-19,6.460000,6.655000,6.400000,6.450000,6.450000,20400
2016-04-20,6.410000,6.660000,6.410000,6.610000,6.610000,25200
2016-04-21,6.690000,6.735000,6.610000,6.700000,6.700000,16800
2016-04-22,6.700000,6.810000,6.530000,6.560000,6.560000,69600
2016-04-25,6.600000,6.715000,6.050000,6.070000,6.070000,20400
2016-04-26,6.060000,6.060000,5.840000,5.880000,5.880000,24400
2016-04-27,5.850000,5.850000,5.600000,5.780000,5.780000,167100
2016-04-28,5.780000,5.890000,5.730000,5.750000,5.750000,11800
2016-04-29,5.770000,5.840000,5.730000,5.790000,5.790000,25400
2016-05-02,5.830000,5.980000,5.700000,5.970000,5.970000,16400
2016-05-03,5.950000,6.085000,5.750000,5.760000,5.760000,24100
2016-05-04,5.780000,6.080000,5.710000,5.800000,5.800000,27600
2016-05-05,5.860000,5.860000,5.750000,5.800000,5.800000,63400
2016-05-06,6.000000,6.040000,5.760000,5.870000,5.870000,41900
2016-05-09,5.900000,5.980000,5.780000,5.980000,5.980000,26900
2016-05-10,6.000000,6.250000,5.970000,6.220000,6.220000,36900
2016-05-11,6.200000,6.620000,5.954000,6.400000,6.400000,20200
2016-05-12,6.450000,6.470000,6.200000,6.340000,6.340000,29300
2016-05-13,6.360000,6.510000,6.150000,6.490000,6.490000,24000
2016-05-16,6.520000,6.980000,6.380000,6.890000,6.890000,38600
2016-05-17,6.880000,6.990000,6.500000,6.530000,6.530000,28600
2016-05-18,6.520000,6.720000,6.470000,6.550000,6.550000,10900
2016-05-19,6.530000,6.634000,6.450000,6.570000,6.570000,14200
2016-05-20,6.630000,6.960000,6.520000,6.900000,6.900000,17700
2016-05-23,6.910000,7.200000,6.910000,7.020000,7.020000,40100
2016-05-24,7.110000,7.655000,7.050000,7.470000,7.470000,35900
2016-05-25,7.560000,7.990000,7.530000,7.700000,7.700000,33700
2016-05-26,7.760000,7.920000,7.340000,7.900000,7.900000,24600
2016-05-27,7.920000,8.190000,7.840000,7.980000,7.980000,16300
2016-05-31,8.030000,8.275000,7.880000,8.000000,8.000000,42300
2016-06-01,8.120000,8.440000,8.120000,8.210000,8.210000,96700
2016-06-02,8.500000,8.650000,8.220000,8.270000,8.270000,88200
2016-06-03,8.140000,8.310000,8.060000,8.100000,8.100000,56500
2016-06-06,8.150000,8.270000,7.960000,8.050000,8.050000,54200
2016-06-07,8.230000,8.300000,8.000000,8.070000,8.070000,64800
2016-06-08,8.080000,8.100000,7.590000,7.630000,7.630000,68200
2016-06-09,7.610000,7.920000,7.599000,7.790000,7.790000,40900
2016-06-10,7.650000,8.110000,7.650000,8.070000,8.070000,72200
2016-06-13,8.050000,8.120000,7.670000,7.800000,7.800000,61400
2016-06-14,7.900000,7.950000,7.400000,7.640000,7.640000,74100
2016-06-15,7.650000,7.740000,7.140000,7.530000,7.530000,39000
2016-06-16,7.430000,7.550000,7.170000,7.530000,7.530000,30600
2016-06-17,7.500000,7.500000,7.030000,7.160000,7.160000,149300
2016-06-20,7.240000,7.240000,6.920000,7.140000,7.140000,77100
2016-06-21,7.130000,7.130000,6.680000,6.900000,6.900000,25900
2016-06-22,6.890000,7.080000,6.410000,6.880000,6.880000,29600
2016-06-23,6.970000,7.300000,6.750000,7.280000,7.280000,33300
2016-06-24,6.900000,7.640000,6.770000,7.560000,7.560000,219600
2016-06-27,7.350000,7.380000,6.930000,7.040000,7.040000,55000
2016-06-28,7.090000,7.546000,7.090000,7.410000,7.410000,29900
2016-06-29,7.460000,7.840000,7.340000,7.610000,7.610000,54100
2016-06-30,7.630000,7.740000,7.450000,7.610000,7.610000,40100
2016-07-01,7.640000,7.930000,7.340000,7.660000,7.660000,24500
2016-07-05,7.670000,7.700000,7.330000,7.480000,7.480000,174900
2016-07-06,7.380000,7.570000,6.990000,7.250000,7.250000,88900
2016-07-07,7.250000,7.560000,7.145000,7.240000,7.240000,33800
2016-07-08,7.290000,7.570000,7.210000,7.480000,7.480000,29200
2016-07-11,7.490000,7.700000,7.450000,7.550000,7.550000,34600
2016-07-12,7.590000,7.590000,7.180000,7.270000,7.270000,165100
2016-07-13,7.270000,7.290000,7.070000,7.100000,7.100000,37100
2016-07-14,7.230000,7.230000,6.955000,6.960000,6.960000,30200
2016-07-15,7.000000,7.050000,6.780000,7.010000,7.010000,23800
2016-07-18,6.989000,7.020000,6.760000,6.780000,6.780000,97700
2016-07-19,6.810000,6.810000,6.550000,6.580000,6.580000,23500
2016-07-20,6.640000,6.950000,6.535000,6.800000,6.800000,66300
2016-07-21,6.780000,6.780000,6.530000,6.660000,6.660000,16500
2016-07-22,6.760000,6.920000,6.650000,6.860000,6.860000,25500
2016-07-25,6.970000,6.970000,6.700000,6.730000,6.730000,13600
2016-07-26,6.770000,6.787000,6.610000,6.670000,6.670000,96600
2016-07-27,6.730000,7.010000,6.650000,6.990000,6.990000,19300
2016-07-28,6.960000,7.040000,6.720000,6.780000,6.780000,5300
2016-07-29,6.780000,7.020000,6.735000,7.000000,7.000000,44900
2016-08-01,6.990000,7.400000,6.990000,7.330000,7.330000,19100
2016-08-02,7.380000,7.380000,6.900000,7.070000,7.070000,27000
2016-08-03,7.130000,7.280000,7.000000,7.050000,7.050000,32100
2016-08-04,7.080000,7.101000,6.800000,6.950000,6.950000,19100
2016-08-05,6.990000,7.050000,6.950000,7.010000,7.010000,21400
2016-08-08,7.060000,7.430000,7.060000,7.360000,7.360000,33700
2016-08-09,7.098000,7.240000,6.860000,7.000000,7.000000,418200
2016-08-10,7.050000,7.150000,6.760000,6.990000,6.990000,163900
2016-08-11,7.035000,7.230000,6.920000,7.190000,7.190000,203500
2016-08-12,7.250000,7.365000,6.890000,6.930000,6.930000,42200
2016-08-15,7.040000,7.080000,6.800000,6.990000,6.990000,62000
2016-08-16,7.080000,7.120000,6.830000,7.050000,7.050000,19100
2016-08-17,7.050000,7.080000,6.890000,6.960000,6.960000,47300
2016-08-18,6.710000,7.189000,6.710000,7.070000,7.070000,24900
2016-08-19,7.060000,7.110000,6.970000,7.000000,7.000000,17800
2016-08-22,7.020000,7.190000,7.010000,7.040000,7.040000,4800
2016-08-23,7.040000,7.470000,7.040000,7.330000,7.330000,16800
2016-08-24,7.380000,8.150000,7.380000,7.560000,7.560000,64000
2016-08-25,7.550000,7.692000,7.270000,7.340000,7.340000,14800
2016-08-26,7.500000,7.500000,7.200000,7.230000,7.230000,9200
2016-08-29,7.220000,7.670000,7.210000,7.540000,7.540000,17600
2016-08-30,7.646000,7.646000,7.260000,7.350000,7.350000,40300
2016-08-31,7.580000,7.580000,7.050000,7.240000,7.240000,61800
2016-09-01,7.300000,7.460000,7.300000,7.460000,7.460000,142900
2016-09-02,7.530000,7.530000,7.000000,7.170000,7.170000,40200
2016-09-06,7.170000,7.290000,7.000000,7.100000,7.100000,47800
2016-09-07,7.240000,7.240000,7.030000,7.160000,7.160000,34900
2016-09-08,7.060000,7.270000,6.970000,7.070000,7.070000,69500
2016-09-09,7.080000,7.120000,6.760000,6.780000,6.780000,32900
2016-09-12,6.810000,7.260000,6.810000,7.240000,7.240000,25300
2016-09-13,7.110000,7.320000,7.020000,7.110000,7.110000,24700
2016-09-14,7.150000,7.170000,6.940000,7.040000,7.040000,14500
2016-09-15,6.920000,7.190000,6.910000,7.090000,7.090000,14700
2016-09-16,7.140000,7.310000,6.990000,7.280000,7.280000,106400
2016-09-19,7.280000,7.670000,7.212000,7.490000,7.490000,34400
2016-09-20,7.560000,7.560000,7.250000,7.450000,7.450000,16900
2016-09-21,7.480000,7.560000,7.250000,7.440000,7.440000,32200
2016-09-22,7.480000,7.580000,7.220000,7.300000,7.300000,17800
2016-09-23,7.300000,7.460000,7.130000,7.250000,7.250000,24700
2016-09-26,7.150000,7.440000,7.120000,7.210000,7.210000,68600
2016-09-27,7.230000,7.450000,7.225000,7.340000,7.340000,62300
2016-09-28,7.465000,7.465000,7.230000,7.270000,7.270000,25900
2016-09-29,7.320000,7.410000,6.835000,6.960000,6.960000,26900
2016-09-30,6.950000,7.150000,6.824000,6.980000,6.980000,67100
2016-10-03,6.890000,7.350000,6.890000,7.290000,7.290000,41800
2016-10-04,7.290000,7.400000,6.980000,7.000000,7.000000,37200
2016-10-05,7.070000,7.250000,7.000000,7.160000,7.160000,49800
2016-10-06,7.110000,7.290000,7.050000,7.200000,7.200000,74700
2016-10-07,7.287000,7.490000,7.208000,7.480000,7.480000,61400
2016-10-10,7.818000,7.880000,7.545000,7.820000,7.820000,22600
2016-10-11,7.800000,7.929000,7.765000,7.800000,7.800000,28500
2016-10-12,7.870000,7.945000,7.324000,7.400000,7.400000,43800
2016-10-13,7.270000,7.350000,7.200000,7.320000,7.320000,12700
2016-10-14,7.360000,7.370000,7.050000,7.340000,7.340000,28800
2016-10-17,7.330000,7.680000,7.100000,7.510000,7.510000,37300
2016-10-18,7.570000,7.570000,7.160000,7.250000,7.250000,37600
2016-10-19,7.260000,7.270000,6.980000,6.990000,6.990000,46000
2016-10-20,7.010000,7.559000,6.920000,7.000000,7.000000,35600
2016-10-21,6.960000,7.198000,6.850000,7.000000,7.000000,32200
2016-10-24,7.090000,7.090000,6.910000,7.000000,7.000000,17600
2016-10-25,6.950000,7.220000,6.950000,7.150000,7.150000,294300
2016-10-26,7.150000,7.430000,7.150000,7.360000,7.360000,87900
2016-10-27,7.390000,7.680000,7.390000,7.640000,7.640000,22000
2016-10-28,7.590000,7.680000,7.550000,7.660000,7.660000,16800
2016-10-31,7.660000,7.660000,7.344000,7.600000,7.600000,56500
2016-11-01,7.590000,7.700000,7.490000,7.560000,7.560000,27400
2016-11-02,7.620000,7.620000,7.280000,7.480000,7.480000,28600
2016-11-03,7.450000,7.650000,6.880000,6.940000,6.940000,31400
2016-11-04,6.910000,7.480000,6.900000,7.180000,7.180000,22600
2016-11-07,7.300000,7.740000,7.170000,7.530000,7.530000,51800
2016-11-08,7.550000,7.800000,7.200000,7.640000,7.640000,75100
2016-11-09,7.620000,7.620000,6.950000,7.110000,7.110000,78300
2016-11-10,7.170000,7.170000,6.310000,6.640000,6.640000,112000
2016-11-11,6.650000,7.290000,6.410000,7.190000,7.190000,163100
2016-11-14,7.250000,7.390000,6.950000,7.000000,7.000000,160900
2016-11-15,7.040000,7.300000,6.950000,7.080000,7.080000,57000
2016-11-16,7.020000,7.280000,6.950000,7.120000,7.120000,139300
2016-11-17,7.110000,7.300000,6.840000,7.080000,7.080000,92200
2016-11-18,7.120000,7.310000,6.900000,7.190000,7.190000,183000
2016-11-21,7.200000,7.207000,6.810000,6.880000,6.880000,130100
2016-11-22,6.860000,7.060000,6.530000,6.900000,6.900000,118200
2016-11-23,6.830000,6.990000,6.670000,6.870000,6.870000,54700
2016-11-25,6.860000,6.990000,6.750000,6.840000,6.840000,16900
2016-11-28,6.860000,7.000000,6.790000,6.980000,6.980000,54000
2016-11-29,7.000000,7.020000,6.800000,6.880000,6.880000,40800
2016-11-30,6.870000,7.086000,6.810000,6.870000,6.870000,70000
2016-12-01,6.860000,6.970000,6.750000,6.750000,6.750000,39400
2016-12-02,6.750000,6.940000,6.750000,6.760000,6.760000,48400
2016-12-05,6.760000,7.000000,6.760000,6.960000,6.960000,78400
2016-12-06,6.960000,6.965000,6.750000,6.850000,6.850000,48400
2016-12-07,6.850000,6.860000,6.670000,6.700000,6.700000,285500
2016-12-08,6.730000,6.855000,6.600000,6.760000,6.760000,116000
2016-12-09,6.820000,6.880000,6.680000,6.710000,6.710000,126300
2016-12-12,6.710000,6.805000,6.590000,6.720000,6.720000,59000
2016-12-13,6.810000,6.866000,6.618000,6.720000,6.720000,65000
2016-12-14,6.660000,6.740000,6.540000,6.610000,6.610000,45900
2016-12-15,6.635000,6.722000,6.510000,6.540000,6.540000,48400
2016-12-16,6.580000,6.950000,6.580000,6.750000,6.750000,351900
2016-12-19,6.800000,7.060000,6.710000,6.870000,6.870000,334600
2016-12-20,6.930000,6.940000,6.670000,6.730000,6.730000,214000
2016-12-21,6.760000,6.830000,6.387000,6.490000,6.490000,157700
2016-12-22,6.450000,6.570000,6.350000,6.550000,6.550000,130100
2016-12-23,6.571000,6.700000,6.550000,6.620000,6.620000,100100
2016-12-27,6.570000,6.660000,6.400000,6.510000,6.510000,83800
2016-12-28,6.440000,6.490000,6.100000,6.130000,6.130000,162700
2016-12-29,6.150000,6.423000,5.960000,6.030000,6.030000,212800
2016-12-30,6.000000,6.045000,5.620000,5.700000,5.700000,268500
2017-01-03,5.770000,5.813000,4.460000,5.000000,5.000000,2390400
2017-01-04,1.930000,2.940000,1.820000,2.630000,2.630000,18584900
2017-01-05,2.710000,2.710000,2.400000,2.520000,2.520000,2408400
2017-01-06,2.540000,2.700000,2.450000,2.690000,2.690000,1515700
2017-01-09,2.740000,3.100000,2.650000,2.790000,2.790000,2054000
2017-01-10,3.000000,3.000000,2.580000,2.720000,2.720000,874500
2017-01-11,2.730000,2.730000,2.580000,2.650000,2.650000,382100
2017-01-12,2.650000,2.650000,2.510000,2.560000,2.560000,409500
2017-01-13,2.530000,2.630000,2.461000,2.520000,2.520000,564900
2017-01-17,2.500000,2.580000,2.470000,2.540000,2.540000,496400
2017-01-18,2.530000,2.550000,2.363000,2.440000,2.440000,342500
2017-01-19,2.440000,2.450000,2.330000,2.370000,2.370000,371400
2017-01-20,2.380000,2.390000,2.270000,2.320000,2.320000,180800
2017-01-23,2.310000,2.310000,2.060000,2.180000,2.180000,392000
2017-01-24,2.200000,2.210000,2.060000,2.110000,2.110000,186700
2017-01-25,2.130000,2.295000,2.070000,2.260000,2.260000,426800
2017-01-26,2.270000,2.270000,2.140000,2.240000,2.240000,213700
2017-01-27,2.240000,2.330000,2.210000,2.280000,2.280000,162600
2017-01-30,2.260000,2.303000,2.210000,2.260000,2.260000,191100
2017-01-31,2.270000,2.320000,2.220000,2.300000,2.300000,196600
2017-02-01,2.310000,2.310000,2.230000,2.250000,2.250000,87800
2017-02-02,2.250000,2.280000,2.200000,2.210000,2.210000,98500
2017-02-03,2.210000,2.350000,2.180000,2.330000,2.330000,196900
2017-02-06,2.310000,2.320000,2.250000,2.290000,2.290000,111600
2017-02-07,2.300000,2.390000,2.260000,2.370000,2.370000,191900
2017-02-08,2.370000,2.380000,2.250000,2.280000,2.280000,100800
2017-02-09,2.290000,2.360000,2.260000,2.280000,2.280000,72100
2017-02-10,2.300000,2.300000,2.210000,2.270000,2.270000,81800
2017-02-13,2.280000,2.300000,2.200000,2.240000,2.240000,156800
2017-02-14,2.240000,2.350000,2.200000,2.340000,2.340000,204600
2017-02-15,2.360000,2.560000,2.360000,2.500000,2.500000,280200
2017-02-16,2.500000,2.529000,2.430000,2.470000,2.470000,119500
2017-02-17,2.460000,2.510000,2.420000,2.480000,2.480000,98300
2017-02-21,2.460000,2.480000,2.330000,2.410000,2.410000,157900
2017-02-22,2.410000,2.430000,2.330000,2.340000,2.340000,263700
2017-02-23,2.330000,2.360000,2.150000,2.240000,2.240000,126700
2017-02-24,2.230000,2.295000,2.170000,2.240000,2.240000,170200
2017-02-27,2.230000,2.300000,2.150000,2.290000,2.290000,89900
2017-02-28,2.280000,2.290000,2.160000,2.220000,2.220000,49600
2017-03-01,2.230000,2.290000,2.160000,2.200000,2.200000,130000
2017-03-02,2.200000,2.290000,2.180000,2.220000,2.220000,186200
2017-03-03,2.220000,2.243000,2.170000,2.190000,2.190000,61400
2017-03-06,2.180000,2.208000,2.100000,2.140000,2.140000,105600
2017-03-07,2.120000,2.140000,2.010000,2.040000,2.040000,155500
2017-03-08,2.060000,2.180000,2.060000,2.150000,2.150000,121300
2017-03-09,2.150000,2.440000,2.110000,2.420000,2.420000,307400
2017-03-10,2.450000,2.470000,2.250000,2.400000,2.400000,170300
2017-03-13,2.430000,2.445000,2.350000,2.370000,2.370000,102400
2017-03-14,2.370000,2.430000,2.230000,2.230000,2.230000,196900
2017-03-15,2.250000,2.370000,2.250000,2.360000,2.360000,330800
2017-03-16,2.360000,2.880000,2.340000,2.690000,2.690000,1289300
2017-03-17,2.720000,3.280000,2.700000,2.940000,2.940000,2775700
2017-03-20,2.880000,2.900000,2.660000,2.710000,2.710000,252100
2017-03-21,2.720000,2.723000,2.600000,2.600000,2.600000,245300
2017-03-22,2.650000,2.690000,2.600000,2.690000,2.690000,190500
2017-03-23,2.700000,3.000000,2.660000,2.960000,2.960000,454000
2017-03-24,2.980000,3.230000,2.880000,2.960000,2.960000,691300
2017-03-27,2.940000,3.080000,2.850000,3.000000,3.000000,258900
2017-03-28,3.020000,3.200000,2.990000,3.160000,3.160000,321000
2017-03-29,3.190000,3.640000,3.092000,3.490000,3.490000,1098300
2017-03-30,3.520000,3.540000,3.110000,3.290000,3.290000,706900
2017-03-31,3.280000,3.388000,3.130000,3.205000,3.205000,210000
2017-04-03,3.230000,3.230000,3.030000,3.130000,3.130000,205200
2017-04-04,3.110000,3.300000,3.046000,3.140000,3.140000,266000
2017-04-05,3.120000,3.240000,2.930000,2.970000,2.970000,484300
2017-04-06,2.980000,3.090000,2.903000,3.040000,3.040000,166200
2017-04-07,3.060000,3.110000,2.920000,2.940000,2.940000,350000
2017-04-10,2.970000,3.010000,2.931000,2.960000,2.960000,63000
2017-04-11,3.100000,3.200000,3.030000,3.110000,3.110000,173000
2017-04-12,3.080000,3.090000,2.950000,2.970000,2.970000,97200
2017-04-13,2.980000,3.100000,2.950000,2.980000,2.980000,138700
2017-04-17,3.000000,3.100000,2.970000,3.060000,3.060000,90200
2017-04-18,3.050000,3.050000,2.950000,3.000000,3.000000,65400
2017-04-19,3.030000,3.146000,2.950000,3.020000,3.020000,109500
2017-04-20,3.050000,3.130000,3.020000,3.050000,3.050000,85500
2017-04-21,3.040000,3.060000,2.960000,3.030000,3.030000,138300
2017-04-24,3.050000,3.120000,3.010000,3.080000,3.080000,108200
2017-04-25,3.110000,3.300000,3.060000,3.210000,3.210000,225100
2017-04-26,3.210000,3.390000,3.210000,3.300000,3.300000,143500
2017-04-27,3.300000,3.350000,3.250000,3.280000,3.280000,161900
2017-04-28,3.290000,3.840000,3.290000,3.590000,3.590000,854700
2017-05-01,3.600000,3.780000,3.580000,3.600000,3.600000,223300
2017-05-02,3.560000,3.710000,3.450000,3.580000,3.580000,209200
2017-05-03,3.550000,3.550000,3.401000,3.490000,3.490000,214500
2017-05-04,3.510000,3.550000,3.370000,3.470000,3.470000,245300
2017-05-05,3.480000,3.500000,3.320000,3.370000,3.370000,126300
2017-05-08,3.350000,3.450000,3.220000,3.380000,3.380000,102200
2017-05-09,3.250000,3.400000,3.200000,3.310000,3.310000,122600
2017-05-10,3.290000,3.490000,3.250000,3.460000,3.460000,120500
2017-05-11,3.460000,3.900000,3.300000,3.500000,3.500000,206200
2017-05-12,3.560000,3.810000,3.500000,3.510000,3.510000,178700
2017-05-15,3.510000,3.650000,3.375000,3.550000,3.550000,170100
2017-05-16,3.550000,3.550000,3.400000,3.470000,3.470000,140000
2017-05-17,3.440000,3.460000,3.370000,3.390000,3.390000,92400
2017-05-18,3.340000,3.460000,3.210000,3.410000,3.410000,74100
2017-05-19,3.430000,3.480000,3.310000,3.370000,3.370000,81500
2017-05-22,3.350000,3.430000,3.300000,3.340000,3.340000,41700
2017-05-23,3.340000,3.485000,3.330000,3.360000,3.360000,56500
2017-05-24,3.400000,3.560000,3.360000,3.480000,3.480000,81800
2017-05-25,3.490000,3.580000,3.340000,3.460000,3.460000,141300
2017-05-26,3.398000,3.490000,3.340000,3.450000,3.450000,38300
2017-05-30,3.440000,3.440000,3.350000,3.360000,3.360000,56100
2017-05-31,3.370000,3.370000,3.030000,3.280000,3.280000,106400
2017-06-01,3.290000,3.700000,3.260000,3.560000,3.560000,186800
2017-06-02,3.560000,3.690000,3.510000,3.640000,3.640000,389000
2017-06-05,3.650000,3.810000,3.560000,3.780000,3.780000,133000
2017-06-06,3.770000,3.950000,3.690000,3.930000,3.930000,171000
2017-06-07,3.950000,4.150000,3.800000,4.020000,4.020000,279800
2017-06-08,4.010000,4.100000,3.880000,3.900000,3.900000,219000
2017-06-09,3.900000,3.900000,3.610000,3.710000,3.710000,173100
2017-06-12,3.750000,3.780000,3.630000,3.710000,3.710000,121500
2017-06-13,3.710000,3.790000,3.650000,3.680000,3.680000,83000
2017-06-14,3.680000,3.860000,3.580000,3.750000,3.750000,70300
2017-06-15,3.740000,3.850000,3.400000,3.740000,3.740000,142700
2017-06-16,3.670000,3.830000,3.580000,3.670000,3.670000,99700
2017-06-19,3.720000,3.950000,3.620000,3.910000,3.910000,126400
2017-06-20,4.250000,4.250000,3.780000,3.910000,3.910000,84100
2017-06-21,3.910000,4.030000,3.845000,3.890000,3.890000,119800
2017-06-22,3.920000,4.089000,3.800000,3.910000,3.910000,179600
2017-06-23,3.880000,4.050000,3.830000,3.840000,3.840000,1454000
2017-06-26,3.880000,4.071000,3.800000,3.800000,3.800000,128400
2017-06-27,3.800000,3.960000,3.800000,3.860000,3.860000,114400
2017-06-28,3.910000,3.930000,3.780000,3.860000,3.860000,108900
2017-06-29,3.850000,3.940000,3.570000,3.760000,3.760000,174100
2017-06-30,3.850000,3.850000,3.690000,3.750000,3.750000,90200
2017-07-03,3.760000,3.925000,3.750000,3.830000,3.830000,50400
2017-07-05,3.840000,3.920000,3.690000,3.750000,3.750000,73600
2017-07-06,3.760000,3.770000,3.690000,3.720000,3.720000,44400
2017-07-07,3.710000,3.750000,3.700000,3.730000,3.730000,40500
2017-07-10,3.730000,3.790000,3.705000,3.730000,3.730000,47000
2017-07-11,3.760000,3.792000,3.718000,3.750000,3.750000,25300
2017-07-12,3.800000,3.890000,3.750000,3.870000,3.870000,56900
2017-07-13,3.890000,3.960000,3.860000,3.940000,3.940000,77300
2017-07-14,3.950000,4.050000,3.880000,3.980000,3.980000,94800
2017-07-17,3.970000,4.200000,3.952000,4.180000,4.180000,70000
2017-07-18,4.260000,4.300000,4.050000,4.170000,4.170000,103500
2017-07-19,4.380000,5.120000,4.310000,4.930000,4.930000,553400
2017-07-20,4.930000,5.450000,4.930000,5.370000,5.370000,420400
2017-07-21,5.360000,5.370000,5.060000,5.190000,5.190000,208600
2017-07-24,5.200000,5.270000,5.040000,5.190000,5.190000,132400
2017-07-25,5.260000,5.350000,4.940000,4.940000,4.940000,164800
2017-07-26,4.910000,4.950000,4.250000,4.770000,4.770000,250200
2017-07-27,4.760000,4.760000,4.510000,4.600000,4.600000,200200
2017-07-28,4.680000,5.600000,4.620000,4.950000,4.950000,913800
2017-07-31,5.060000,5.060000,4.530000,4.740000,4.740000,154900
2017-08-01,4.740000,4.742000,4.400000,4.600000,4.600000,113200
2017-08-02,4.610000,4.670000,4.410000,4.570000,4.570000,95900
2017-08-03,3.500000,3.630000,3.300000,3.300000,3.300000,3709500
2017-08-04,3.380000,3.460000,3.130000,3.450000,3.450000,840500
2017-08-07,3.430000,3.440000,3.040000,3.260000,3.260000,623300
2017-08-08,3.240000,3.290000,3.100000,3.290000,3.290000,442200
2017-08-09,3.250000,3.320000,3.065000,3.160000,3.160000,494300
2017-08-10,3.100000,3.270000,3.100000,3.270000,3.270000,277300
2017-08-11,3.260000,3.370000,3.200000,3.300000,3.300000,235900
2017-08-14,3.330000,3.460000,3.260000,3.430000,3.430000,292700
2017-08-15,3.450000,3.540000,3.267000,3.490000,3.490000,165100
2017-08-16,3.480000,3.507000,3.310000,3.430000,3.430000,206200
2017-08-17,3.440000,3.525000,3.250000,3.480000,3.480000,253700
2017-08-18,3.420000,3.440000,3.310000,3.400000,3.400000,78800
2017-08-21,3.350000,3.400000,3.280000,3.340000,3.340000,100700
2017-08-22,3.390000,3.390000,3.300000,3.320000,3.320000,100600
2017-08-23,3.320000,3.350000,3.250000,3.310000,3.310000,74800
2017-08-24,3.320000,3.370000,3.280000,3.330000,3.330000,117500
2017-08-25,3.340000,3.390000,3.280000,3.330000,3.330000,116300
2017-08-28,3.340000,3.390000,3.260000,3.260000,3.260000,149700
2017-08-29,3.320000,3.420000,3.250000,3.380000,3.380000,225500
2017-08-30,3.420000,3.480000,3.390000,3.420000,3.420000,212100
2017-08-31,3.460000,3.520000,3.401000,3.440000,3.440000,194500
2017-09-01,3.470000,3.490000,3.360000,3.450000,3.450000,202600
2017-09-05,3.420000,3.465000,3.350000,3.390000,3.390000,112500
2017-09-06,3.390000,3.430000,3.330000,3.340000,3.340000,133200
2017-09-07,3.350000,3.450000,3.350000,3.390000,3.390000,344500
2017-09-08,3.400000,3.580000,3.400000,3.470000,3.470000,526000
2017-09-11,3.500000,3.560000,3.470000,3.520000,3.520000,185800
2017-09-12,3.530000,3.640000,3.510000,3.530000,3.530000,186700
2017-09-13,3.530000,3.600000,3.450000,3.500000,3.500000,169800
2017-09-14,3.760000,3.790000,3.520000,3.760000,3.760000,1026600
2017-09-15,3.790000,3.830000,3.670000,3.830000,3.830000,313700
2017-09-18,3.890000,3.900000,3.700000,3.730000,3.730000,156500
2017-09-19,3.750000,3.750000,3.550000,3.630000,3.630000,142500
2017-09-20,3.640000,3.730000,3.570000,3.730000,3.730000,119800
2017-09-21,3.720000,3.790000,3.665000,3.770000,3.770000,165000
2017-09-22,3.850000,4.100000,3.700000,4.010000,4.010000,644400
2017-09-25,4.040000,4.200000,3.941000,4.030000,4.030000,334100
2017-09-26,4.050000,4.150000,4.000000,4.040000,4.040000,193000
2017-09-27,4.080000,4.340000,4.080000,4.300000,4.300000,282400
2017-09-28,4.320000,4.440000,4.120000,4.140000,4.140000,366700
2017-09-29,4.150000,4.560000,4.140000,4.460000,4.460000,428900
2017-10-02,4.730000,4.903000,4.510000,4.860000,4.860000,489700
2017-10-03,4.890000,4.920000,4.550000,4.770000,4.770000,311300
2017-10-04,4.780000,4.899000,4.630000,4.850000,4.850000,304000
2017-10-05,4.970000,5.320000,4.970000,4.980000,4.980000,730100
2017-10-06,5.030000,5.400000,5.030000,5.290000,5.290000,440200
2017-10-09,5.260000,5.330000,5.050000,5.090000,5.090000,386400
2017-10-10,5.140000,5.140000,4.830000,4.980000,4.980000,335500
2017-10-11,4.980000,5.160000,4.933000,5.150000,5.150000,177800
2017-10-12,5.120000,5.400000,4.961000,5.310000,5.310000,246000
2017-10-13,5.360000,5.370000,4.900000,5.020000,5.020000,268500
2017-10-16,5.000000,5.090000,4.850000,4.860000,4.860000,167700
2017-10-17,4.850000,5.190000,4.820000,5.130000,5.130000,128600
2017-10-18,5.110000,5.250000,5.030000,5.050000,5.050000,150600
2017-10-19,5.050000,5.180000,4.880000,5.040000,5.040000,202700
2017-10-20,5.090000,5.250000,4.911000,4.990000,4.990000,207700
2017-10-23,5.050000,5.170000,4.950000,5.000000,5.000000,152300
2017-10-24,5.000000,5.100000,4.960000,5.010000,5.010000,85800
2017-10-25,5.000000,5.090000,4.760000,4.880000,4.880000,113300
2017-10-26,4.830000,4.842000,4.550000,4.600000,4.600000,159000
2017-10-27,4.550000,4.690000,4.511000,4.610000,4.610000,119300
2017-10-30,4.600000,4.720000,4.331000,4.510000,4.510000,119500
2017-10-31,4.520000,4.780000,4.460000,4.750000,4.750000,104900
2017-11-01,4.770000,4.909000,4.687000,4.750000,4.750000,73200
2017-11-02,4.750000,4.750000,4.490000,4.500000,4.500000,95600
2017-11-03,4.530000,4.650000,4.500000,4.620000,4.620000,106300
2017-11-06,4.650000,4.735000,4.630000,4.680000,4.680000,74400
2017-11-07,4.710000,4.730000,4.540000,4.670000,4.670000,76000
2017-11-08,4.670000,4.680000,4.560000,4.570000,4.570000,65200
2017-11-09,4.570000,4.620000,4.500000,4.510000,4.510000,108000
2017-11-10,4.500000,4.620000,4.500000,4.590000,4.590000,94400
2017-11-13,4.620000,4.620000,4.260000,4.320000,4.320000,180100
2017-11-14,4.250000,4.460000,4.020000,4.400000,4.400000,140100
2017-11-15,4.400000,4.490000,4.102000,4.450000,4.450000,64600
2017-11-16,4.500000,4.600000,4.339000,4.470000,4.470000,114800
2017-11-17,4.470000,4.615000,4.460000,4.570000,4.570000,111900
2017-11-20,4.600000,4.870000,4.550000,4.850000,4.850000,217800
2017-11-21,4.880000,5.060000,4.780000,5.040000,5.040000,272600
2017-11-22,5.030000,5.260000,4.950000,5.160000,5.160000,351100
2017-11-24,5.160000,5.320000,5.000000,5.170000,5.170000,119400
2017-11-27,5.170000,5.330000,5.021000,5.120000,5.120000,146600
2017-11-28,5.140000,5.180000,5.060000,5.140000,5.140000,146700
2017-11-29,5.130000,5.200000,4.980000,5.010000,5.010000,200000
2017-11-30,5.010000,5.160000,5.000000,5.010000,5.010000,76700
2017-12-01,5.020000,5.150000,4.910000,4.990000,4.990000,186900
2017-12-04,5.030000,5.120000,4.950000,5.020000,5.020000,183600
2017-12-05,5.040000,5.065000,4.830000,4.880000,4.880000,152800
2017-12-06,4.850000,4.880000,4.400000,4.560000,4.560000,281900
2017-12-07,4.530000,4.810000,4.510000,4.740000,4.740000,260800
2017-12-08,4.770000,4.990000,4.640000,4.680000,4.680000,620200
2017-12-11,4.710000,4.990000,4.690000,4.950000,4.950000,379100
2017-12-12,4.950000,5.090000,4.800000,4.860000,4.860000,302500
2017-12-13,4.870000,4.980000,4.700000,4.710000,4.710000,204600
2017-12-14,4.740000,4.880000,4.480000,4.540000,4.540000,408700
2017-12-15,4.560000,4.860000,4.420000,4.770000,4.770000,487100
2017-12-18,4.890000,4.990000,4.580000,4.620000,4.620000,1137800
2017-12-19,4.650000,4.690000,4.420000,4.440000,4.440000,881900
2017-12-20,4.450000,4.900000,4.450000,4.760000,4.760000,569200
2017-12-21,4.800000,5.180000,4.750000,4.760000,4.760000,707800
2017-12-22,1.940000,2.790000,1.930000,2.520000,2.520000,10344800
2017-12-26,2.570000,3.070000,2.540000,2.950000,2.950000,2848300
2017-12-27,2.950000,2.990000,2.730000,2.840000,2.840000,1266900
2017-12-28,2.850000,2.940000,2.750000,2.760000,2.760000,731200
2017-12-29,2.790000,2.830000,2.678000,2.690000,2.690000,499700
2018-01-02,2.740000,2.800000,2.659000,2.770000,2.770000,422100
2018-01-03,2.760000,2.940000,2.760000,2.880000,2.880000,300700
2018-01-04,2.920000,2.949000,2.750000,2.810000,2.810000,265900
2018-01-05,2.810000,2.860000,2.750000,2.840000,2.840000,253000
2018-01-08,2.860000,2.910000,2.780000,2.810000,2.810000,344300
2018-01-09,2.800000,3.450000,2.800000,3.120000,3.120000,1681700
2018-01-10,3.120000,3.170000,2.980000,3.060000,3.060000,346300
2018-01-11,3.110000,3.280000,3.037000,3.220000,3.220000,345700
2018-01-12,3.250000,3.302000,3.161000,3.280000,3.280000,259800
2018-01-16,3.310000,3.540000,3.231000,3.490000,3.490000,513600
2018-01-17,3.530000,3.640000,3.230000,3.320000,3.320000,558800
2018-01-18,3.300000,3.500000,3.230000,3.470000,3.470000,314200
2018-01-19,3.470000,3.650000,3.360000,3.540000,3.540000,268800
2018-01-22,3.530000,3.650000,3.460000,3.500000,3.500000,223600
2018-01-23,3.500000,3.520000,3.400000,3.495000,3.495000,214200
2018-01-24,3.510000,3.530000,3.250000,3.460000,3.460000,375400
2018-01-25,3.470000,3.470000,3.290000,3.320000,3.320000,223700
2018-01-26,3.320000,3.430000,3.277000,3.390000,3.390000,99200
2018-01-29,3.360000,3.455000,3.250000,3.360000,3.360000,191100
2018-01-30,3.300000,3.390000,3.241000,3.270000,3.270000,132700
2018-01-31,3.300000,3.350000,3.240000,3.280000,3.280000,134000
2018-02-01,3.270000,3.330000,3.221000,3.260000,3.260000,87700
2018-02-02,3.230000,3.320000,3.220000,3.270000,3.270000,121000
2018-02-05,3.260000,3.310000,3.141000,3.190000,3.190000,185200
2018-02-06,3.140000,3.300000,3.010000,3.250000,3.250000,189400
2018-02-07,3.230000,3.300000,3.200000,3.290000,3.290000,66200
2018-02-08,3.230000,3.300000,3.210000,3.270000,3.270000,100700
2018-02-09,3.270000,3.460000,3.220000,3.400000,3.400000,238200
2018-02-12,3.410000,3.490000,3.350000,3.400000,3.400000,92600
2018-02-13,3.390000,3.450000,3.360000,3.440000,3.440000,64400
2018-02-14,3.420000,3.860000,3.340000,3.700000,3.700000,339100
2018-02-15,3.740000,3.809000,3.530000,3.650000,3.650000,103100
2018-02-16,3.620000,3.720000,3.590000,3.690000,3.690000,120000
2018-02-20,3.700000,3.790000,3.560000,3.580000,3.580000,57000
2018-02-21,3.590000,3.700000,3.590000,3.600000,3.600000,69200
2018-02-22,3.600000,3.700000,3.530000,3.670000,3.670000,106300
2018-02-23,3.690000,3.750000,3.550000,3.650000,3.650000,45400
2018-02-26,3.660000,3.800000,3.660000,3.750000,3.750000,52300
2018-02-27,3.750000,3.780000,3.630000,3.650000,3.650000,59100
2018-02-28,3.670000,3.699000,3.590000,3.630000,3.630000,22900
2018-03-01,3.620000,3.635000,3.534000,3.610000,3.610000,45900
2018-03-02,3.590000,3.820000,3.540000,3.710000,3.710000,91700
2018-03-05,3.710000,3.870000,3.660000,3.830000,3.830000,74500
2018-03-06,3.860000,3.890000,3.680000,3.700000,3.700000,62000
2018-03-07,3.680000,3.890000,3.680000,3.780000,3.780000,77800
2018-03-08,3.790000,3.920000,3.780000,3.800000,3.800000,72100
2018-03-09,3.820000,3.820000,3.660000,3.700000,3.700000,131600
2018-03-12,3.720000,3.820000,3.610000,3.640000,3.640000,132500
2018-03-13,3.670000,3.720000,3.311000,3.440000,3.440000,235000
2018-03-14,3.340000,3.560000,3.326000,3.370000,3.370000,140000
2018-03-15,3.380000,3.439000,3.170000,3.190000,3.190000,139500
2018-03-16,3.200000,3.239000,3.000000,3.030000,3.030000,246800
2018-03-19,3.040000,3.170000,2.900000,2.920000,2.920000,143100
2018-03-20,2.960000,2.970000,2.750000,2.860000,2.860000,132100
2018-03-21,2.850000,2.970000,2.700000,2.900000,2.900000,535500
2018-03-22,2.850000,3.014000,2.840000,2.930000,2.930000,83000
2018-03-23,2.940000,2.950000,2.790000,2.870000,2.870000,72700
2018-03-26,2.910000,2.970000,2.600000,2.700000,2.700000,186600
2018-03-27,2.690000,2.710000,2.500000,2.670000,2.670000,128500
2018-03-28,2.740000,2.740000,2.400000,2.420000,2.420000,121900
2018-03-29,2.440000,2.696000,2.430000,2.570000,2.570000,132100
2018-04-02,2.600000,2.655000,2.439000,2.530000,2.530000,187500
2018-04-03,2.530000,2.730000,2.530000,2.710000,2.710000,94400
2018-04-04,2.700000,2.920000,2.700000,2.870000,2.870000,74200
2018-04-05,2.890000,2.936000,2.750000,2.760000,2.760000,119400
2018-04-06,2.750000,2.800000,2.665000,2.670000,2.670000,132300
2018-04-09,2.700000,2.806000,2.700000,2.750000,2.750000,60900
2018-04-10,2.780000,2.930000,2.700000,2.930000,2.930000,90200
2018-04-11,2.910000,2.975000,2.870000,2.920000,2.920000,63400
2018-04-12,2.920000,2.970000,2.810000,2.920000,2.920000,42700
2018-04-13,2.880000,2.960000,2.880000,2.950000,2.950000,64100
2018-04-16,2.950000,2.950000,2.850000,2.910000,2.910000,104700
2018-04-17,2.900000,2.970000,2.830000,2.860000,2.860000,56400
2018-04-18,2.860000,2.910000,2.840000,2.860000,2.860000,59600
2018-04-19,2.870000,2.910000,2.850000,2.900000,2.900000,60700
2018-04-20,2.900000,2.910000,2.720000,2.730000,2.730000,92800
2018-04-23,2.730000,2.770000,2.620000,2.710000,2.710000,59200
2018-04-24,2.710000,3.000000,2.680000,2.890000,2.890000,204000
2018-04-25,2.890000,2.900000,2.800000,2.830000,2.830000,57500
2018-04-26,2.840000,2.850000,2.750000,2.780000,2.780000,96600
2018-04-27,2.790000,2.850000,2.770000,2.820000,2.820000,9500
2018-04-30,2.840000,2.890000,2.780000,2.830000,2.830000,56600
2018-05-01,2.820000,2.950000,2.820000,2.920000,2.920000,55100
2018-05-02,2.910000,2.990000,2.880000,2.880000,2.880000,44900
2018-05-03,2.930000,2.970000,2.620000,2.700000,2.700000,106900
2018-05-04,2.670000,2.730000,2.590000,2.720000,2.720000,134700
2018-05-07,2.720000,2.950000,2.720000,2.900000,2.900000,145200
2018-05-08,2.880000,2.920000,2.810000,2.830000,2.830000,80200
2018-05-09,2.830000,2.840000,2.730000,2.770000,2.770000,113900
2018-05-10,2.780000,2.819000,2.690000,2.690000,2.690000,67700
2018-05-11,2.690000,2.880000,2.590000,2.680000,2.680000,369500
2018-05-14,2.690000,2.771000,2.600000,2.660000,2.660000,104400
2018-05-15,2.649000,2.690000,2.580000,2.660000,2.660000,138300
2018-05-16,2.650000,2.895000,2.620000,2.620000,2.620000,43800
2018-05-17,2.590000,2.590000,2.420000,2.500000,2.500000,271600
2018-05-18,1.020000,1.020000,0.580000,0.690000,0.690000,10537600
2018-05-21,0.790000,0.790000,0.660000,0.690000,0.690000,3434000
2018-05-22,0.700000,0.700000,0.620000,0.660000,0.660000,2007500
2018-05-23,0.660000,0.677000,0.612000,0.615000,0.615000,1105600
2018-05-24,0.631000,0.631000,0.590000,0.615000,0.615000,960400
2018-05-25,0.590000,0.615000,0.582000,0.590000,0.590000,607700
2018-05-29,0.600000,0.600000,0.530000,0.535000,0.535000,1121300
2018-05-30,0.540000,0.580000,0.540000,0.560000,0.560000,632100
2018-05-31,0.560000,0.590000,0.551000,0.560000,0.560000,462600
2018-06-01,0.576000,0.577000,0.551000,0.561000,0.561000,514400
2018-06-04,0.575000,0.575000,0.560000,0.562000,0.562000,540200
2018-06-05,0.573000,0.620000,0.563000,0.609000,0.609000,1194700
2018-06-06,0.615000,0.645000,0.590000,0.608000,0.608000,1106900
2018-06-07,0.610000,0.620000,0.572000,0.597000,0.597000,405200
2018-06-08,0.598000,0.628000,0.585000,0.611000,0.611000,649100
2018-06-11,0.610000,0.620000,0.585000,0.592000,0.592000,412300
2018-06-12,0.588000,0.720000,0.588000,0.652000,0.652000,3109400
2018-06-13,0.650000,0.680000,0.595000,0.608000,0.608000,1230300
2018-06-14,0.600000,0.608000,0.580000,0.584000,0.584000,575100
2018-06-15,0.590000,0.590000,0.560000,0.572000,0.572000,501700
2018-06-18,0.580000,0.610000,0.561000,0.570000,0.570000,389600
2018-06-19,0.554000,0.590000,0.540000,0.578000,0.578000,342800
2018-06-20,0.570000,0.598000,0.570000,0.577000,0.577000,298500
2018-06-21,0.587000,0.595000,0.577000,0.580000,0.580000,334600
2018-06-22,0.590000,0.590000,0.560000,0.570000,0.570000,296600
2018-06-25,0.566000,0.572000,0.530000,0.545000,0.545000,367100
2018-06-26,0.540000,0.570000,0.540000,0.560000,0.560000,219500
2018-06-27,0.580000,0.580000,0.540000,0.550000,0.550000,274600
2018-06-28,0.554000,0.555000,0.500000,0.530000,0.530000,736200
2018-06-29,0.542000,0.542000,0.491000,0.494000,0.494000,534900
2018-07-02,0.490000,0.490000,0.440000,0.481000,0.481000,280600
2018-07-03,0.490000,0.560000,0.490000,0.530000,0.530000,306300
2018-07-05,0.560000,0.560000,0.500000,0.545000,0.545000,455700
2018-07-06,0.550000,0.580000,0.545000,0.560000,0.560000,189800
2018-07-09,0.580000,0.580000,0.550000,0.570000,0.570000,268200
2018-07-10,0.580000,0.580000,0.560000,0.560000,0.560000,149300
2018-07-11,0.561000,0.580000,0.540000,0.540000,0.540000,143900
2018-07-12,0.570000,0.570000,0.526000,0.551000,0.551000,190200
2018-07-13,0.567000,0.567000,0.535000,0.540000,0.540000,192300
2018-07-16,0.540000,0.540000,0.501000,0.512000,0.512000,195800
2018-07-17,0.504000,0.527000,0.467000,0.484000,0.484000,599300
2018-07-18,0.481000,0.570000,0.481000,0.515000,0.515000,1456400
2018-07-19,0.510000,0.529000,0.485000,0.510000,0.510000,441100
2018-07-20,0.500000,0.510000,0.403000,0.485000,0.485000,1140000
2018-07-23,0.490000,0.500000,0.450000,0.468000,0.468000,127900
2018-07-24,0.475000,0.475000,0.450000,0.460000,0.460000,608900
2018-07-25,0.358000,0.359000,0.270000,0.290000,0.290000,2196800
2018-07-26,0.300000,0.309000,0.282000,0.300000,0.300000,467600
2018-07-27,0.314000,0.326000,0.280000,0.295000,0.295000,446300
2018-07-30,0.300000,0.300000,0.274000,0.280000,0.280000,359000
2018-07-31,0.290000,0.310000,0.274000,0.293000,0.293000,617300
2018-08-01,0.300000,0.304000,0.280000,0.281000,0.281000,289300
2018-08-02,0.290000,0.290000,0.263000,0.268000,0.268000,362800
2018-08-03,0.271000,0.295000,0.270000,0.291000,0.291000,422400
2018-08-06,0.300000,0.300000,0.265000,0.281000,0.281000,478200
2018-08-07,0.274000,0.289000,0.268000,0.273000,0.273000,290200
2018-08-08,0.280000,0.289000,0.269000,0.280000,0.280000,475300
2018-08-09,0.269000,0.284000,0.260000,0.265000,0.265000,324600
2018-08-10,0.279000,0.279000,0.252000,0.252000,0.252000,378900
2018-08-13,0.264000,0.264000,0.231000,0.250000,0.250000,1022300
2018-08-14,0.260000,0.270000,0.248000,0.266000,0.266000,375500
2018-08-15,0.270000,0.275000,0.245000,0.256000,0.256000,244500
2018-08-16,0.269000,0.269000,0.245000,0.265000,0.265000,239400
2018-08-17,0.270000,0.270000,0.250000,0.255000,0.255000,105400
2018-08-20,0.255000,0.255000,0.251000,0.253000,0.253000,67200
2018-08-21,0.255000,0.255000,0.252000,0.252000,0.252000,224400
2018-08-22,0.252000,0.270000,0.252000,0.256000,0.256000,145000
2018-08-23,0.260000,0.304000,0.260000,0.267000,0.267000,2099400
2018-08-24,0.290000,0.290000,0.261000,0.280000,0.280000,361200
2018-08-27,0.275000,0.290000,0.262000,0.262000,0.262000,347700
2018-08-28,0.270000,0.280000,0.254000,0.258000,0.258000,209800
2018-08-29,0.260000,0.270000,0.255000,0.270000,0.270000,170800
2018-08-30,0.270000,0.280000,0.270000,0.276000,0.276000,100800
2018-08-31,0.280000,0.310000,0.271000,0.293000,0.293000,967700
2018-09-04,0.300000,0.300000,0.269000,0.270000,0.270000,331300
2018-09-05,0.280000,0.280000,0.270000,0.275000,0.275000,211700
2018-09-06,0.285000,0.300000,0.275000,0.290000,0.290000,272300
2018-09-07,0.295000,0.330000,0.276000,0.300000,0.300000,1338600
2018-09-10,0.300000,0.325000,0.270000,0.309000,0.309000,1582900
2018-09-11,0.600000,0.916000,0.450000,0.670000,0.670000,52163100
2018-09-12,0.560000,0.648000,0.500000,0.550000,0.550000,10150500
2018-09-13,0.535000,0.567000,0.480000,0.485000,0.485000,3487900
2018-09-14,0.480000,0.500000,0.341000,0.362000,0.362000,5792700
2018-09-17,0.355000,0.420000,0.342000,0.370000,0.370000,2408700
2018-09-18,0.380000,0.380000,0.324000,0.366000,0.366000,2551200
2018-09-19,0.350000,0.365000,0.330000,0.336000,0.336000,1479800
2018-09-20,0.343000,0.360000,0.330000,0.355000,0.355000,1029700
2018-09-21,0.360000,0.360000,0.338000,0.338000,0.338000,692300
2018-09-24,0.337000,0.365000,0.333000,0.340000,0.340000,1447700
2018-09-25,0.349000,0.460000,0.323000,0.392000,0.392000,5228000
2018-09-26,0.400000,0.410000,0.350000,0.390000,0.390000,3011300
2018-09-27,0.397000,0.397000,0.352000,0.378000,0.378000,1487800
2018-09-28,0.379000,0.380000,0.352000,0.367000,0.367000,657500
2018-10-01,0.374000,0.390000,0.350000,0.360000,0.360000,1542500
2018-10-02,0.360000,0.370000,0.330000,0.357000,0.357000,1606700
2018-10-03,0.346000,0.490000,0.335000,0.465000,0.465000,6480800
2018-10-04,0.411000,0.439000,0.370000,0.390000,0.390000,1668900
2018-10-05,0.381000,0.400000,0.365000,0.390000,0.390000,1496300
2018-10-08,0.451000,0.640000,0.390000,0.462000,0.462000,15073400
2018-10-09,0.917000,1.100000,0.680000,0.710000,0.710000,58765600
2018-10-10,0.680000,0.700000,0.610000,0.656000,0.656000,5201600
2018-10-11,0.635000,0.640000,0.514000,0.610000,0.610000,3266000
2018-10-12,0.600000,0.780000,0.580000,0.740000,0.740000,7731700
2018-10-15,0.742000,1.200000,0.730000,0.948000,0.948000,35729600
2018-10-16,1.000000,1.300000,0.950000,0.979000,0.979000,18165100
2018-10-17,0.997000,1.000000,0.850000,0.890000,0.890000,4248500
2018-10-18,0.840000,0.886000,0.780000,0.835000,0.835000,2669500
2018-10-19,0.823000,0.970000,0.790000,0.955000,0.955000,5565200
2018-10-22,0.954000,0.954000,0.790000,0.810000,0.810000,3695100
2018-10-23,0.720000,0.848000,0.650000,0.800000,0.800000,3443700
2018-10-24,0.870000,0.880000,0.722000,0.763000,0.763000,2315500
2018-10-25,0.741000,0.779000,0.700000,0.770000,0.770000,1914700
2018-10-26,0.750000,0.789000,0.710000,0.780000,0.780000,1634700
2018-10-29,0.770000,0.790000,0.720000,0.727000,0.727000,1604400
2018-10-30,0.730000,0.909000,0.720000,0.860000,0.860000,5158300
2018-10-31,0.858000,0.870000,0.790000,0.841000,0.841000,1805500
2018-11-01,0.842000,1.020000,0.840000,0.923000,0.923000,4743500
2018-11-02,0.945000,1.170000,0.945000,1.050000,1.050000,7230800
2018-11-05,1.010000,1.140000,1.000000,1.020000,1.020000,2306100
2018-11-06,1.010000,1.020000,0.910000,0.962000,0.962000,1845000
2018-11-07,0.950000,0.980000,0.864000,0.895000,0.895000,795800
2018-11-08,0.890000,0.970000,0.890000,0.960000,0.960000,656600
2018-11-09,0.940000,1.070000,0.940000,1.000000,1.000000,1283100
2018-11-12,0.980000,1.020000,0.900000,0.910000,0.910000,636500
2018-11-13,0.900000,0.966000,0.880000,0.920000,0.920000,623600
2018-11-14,0.948000,0.950000,0.850000,0.861000,0.861000,598900
2018-11-15,0.880000,0.900000,0.800000,0.844000,0.844000,725800
2018-11-16,0.821000,0.875000,0.819000,0.855000,0.855000,332000
2018-11-19,0.850000,0.880000,0.850000,0.857000,0.857000,376000
2018-11-20,0.859000,0.920000,0.828000,0.885000,0.885000,745200
2018-11-21,0.890000,0.933000,0.860000,0.900000,0.900000,365700
2018-11-23,0.900000,0.907000,0.851000,0.862000,0.862000,212900
2018-11-26,0.861000,0.882000,0.810000,0.820000,0.820000,433400
2018-11-27,0.812000,0.820000,0.770000,0.799000,0.799000,460200
2018-11-28,0.786000,0.825000,0.760000,0.810000,0.810000,549200
2018-11-29,0.835000,0.870000,0.780000,0.853000,0.853000,847600
2018-11-30,0.894000,0.895000,0.815000,0.867000,0.867000,630700
2018-12-03,0.867000,0.867000,0.821000,0.840000,0.840000,297700
2018-12-04,0.856000,0.867000,0.775000,0.815000,0.815000,410500
2018-12-06,0.815000,0.848000,0.780000,0.791000,0.791000,362000
2018-12-07,0.809000,0.838000,0.800000,0.802000,0.802000,185600
2018-12-10,0.800000,0.820000,0.787000,0.804000,0.804000,167000
2018-12-11,0.820000,0.830000,0.799000,0.800000,0.800000,173000
2018-12-12,0.792000,0.830000,0.792000,0.829000,0.829000,159000
2018-12-13,0.812000,0.870000,0.800000,0.822000,0.822000,291000
2018-12-14,0.825000,0.850000,0.720000,0.740000,0.740000,646200
2018-12-17,0.720000,0.750000,0.550000,0.650000,0.650000,727700
2018-12-18,0.640000,0.650000,0.530000,0.580000,0.580000,732100
2018-12-19,0.593000,0.690000,0.580000,0.632000,0.632000,570500
2018-12-20,0.600000,0.632000,0.590000,0.608000,0.608000,245100
2018-12-21,0.604000,0.630000,0.550000,0.594000,0.594000,440200
2018-12-24,0.575000,0.600000,0.550000,0.570000,0.570000,147600
2018-12-26,0.570000,0.680000,0.553000,0.630000,0.630000,302800
2018-12-27,0.630000,0.650000,0.590000,0.614000,0.614000,257600
2018-12-28,0.560000,0.635000,0.553000,0.615000,0.615000,237800
2018-12-31,0.620000,0.620000,0.561000,0.576000,0.576000,391900
2019-01-02,0.584000,0.728000,0.581000,0.715000,0.715000,381400
2019-01-03,0.714000,0.748000,0.660000,0.740000,0.740000,195200
2019-01-04,0.747000,0.800000,0.705000,0.780000,0.780000,239000
2019-01-07,0.763000,0.800000,0.703000,0.761000,0.761000,213100
2019-01-08,0.788000,0.795000,0.751000,0.790000,0.790000,244500
2019-01-09,0.780000,0.795000,0.750000,0.792000,0.792000,150100
2019-01-10,0.767000,0.810000,0.764000,0.788000,0.788000,247000
2019-01-11,0.820000,0.820000,0.764000,0.780000,0.780000,200800
2019-01-14,0.766000,0.800000,0.766000,0.780000,0.780000,93400
2019-01-15,0.780000,0.790000,0.750000,0.765000,0.765000,130100
2019-01-16,0.764000,0.785000,0.750000,0.780000,0.780000,80700
2019-01-17,0.780000,0.800000,0.759000,0.780000,0.780000,86300
2019-01-18,0.783000,0.895000,0.780000,0.891000,0.891000,695900
2019-01-22,0.897000,0.897000,0.850000,0.880000,0.880000,210200
2019-01-23,0.860000,0.890000,0.800000,0.889000,0.889000,182600
2019-01-24,0.898000,0.898000,0.860000,0.886000,0.886000,121000
2019-01-25,0.862000,0.890000,0.841000,0.849000,0.849000,120300
2019-01-28,0.840000,0.870000,0.814000,0.831000,0.831000,73900
2019-01-29,0.840000,0.850000,0.826000,0.836000,0.836000,117100
2019-01-30,0.849000,0.850000,0.800000,0.842000,0.842000,156300
2019-01-31,0.827000,0.850000,0.804000,0.810000,0.810000,194800
2019-02-01,0.802000,0.840000,0.800000,0.825000,0.825000,73900
2019-02-04,0.815000,0.850000,0.800000,0.850000,0.850000,88800
2019-02-05,0.840000,0.860000,0.822000,0.824000,0.824000,86200
2019-02-06,0.824000,0.849000,0.800000,0.844000,0.844000,62400
2019-02-07,0.852000,0.856000,0.820000,0.844000,0.844000,68900
2019-02-08,0.856000,0.895000,0.820000,0.890000,0.890000,310900
2019-02-11,1.000000,1.070000,0.900000,0.905000,0.905000,2994800
2019-02-12,0.930000,1.000000,0.920000,0.990000,0.990000,965800
2019-02-13,1.020000,1.180000,1.010000,1.110000,1.110000,2642200
2019-02-14,1.110000,1.170000,1.030000,1.130000,1.130000,1114700
2019-02-15,1.120000,1.130000,1.050000,1.070000,1.070000,519500
2019-02-19,1.070000,1.090000,1.000000,1.030000,1.030000,491400
2019-02-20,1.030000,1.040000,0.900000,0.956000,0.956000,688600
2019-02-21,0.950000,1.000000,0.900000,0.900000,0.900000,370700
2019-02-22,0.907000,0.960000,0.900000,0.916000,0.916000,399500
2019-02-25,0.904000,1.000000,0.904000,0.934000,0.934000,356100
2019-02-26,0.949000,0.970000,0.915000,0.939000,0.939000,193700
2019-02-27,0.922000,0.950000,0.902000,0.940000,0.940000,141600
2019-02-28,0.910000,0.940000,0.900000,0.901000,0.901000,258600
2019-03-01,0.901000,0.940000,0.901000,0.927000,0.927000,187500
2019-03-04,1.030000,1.260000,1.030000,1.110000,1.110000,2912900
2019-03-05,1.150000,1.180000,1.040000,1.070000,1.070000,660800
2019-03-06,1.090000,1.120000,1.020000,1.120000,1.120000,396500
2019-03-07,1.100000,1.120000,1.080000,1.100000,1.100000,195000
2019-03-08,1.080000,1.151000,1.050000,1.140000,1.140000,439200
2019-03-11,1.140000,1.450000,1.140000,1.440000,1.440000,3313100
2019-03-12,1.430000,1.680000,1.316000,1.670000,1.670000,3037600
2019-03-13,1.690000,1.700000,1.580000,1.650000,1.650000,2086100
2019-03-14,1.610000,1.660000,1.600000,1.620000,1.620000,1271500
2019-03-15,1.640000,1.700000,1.530000,1.610000,1.610000,1228000
2019-03-18,1.600000,1.650000,1.570000,1.600000,1.600000,572900
2019-03-19,1.590000,1.600000,1.570000,1.590000,1.590000,335900
2019-03-20,1.600000,1.653000,1.550000,1.580000,1.580000,390900
2019-03-21,1.560000,1.580000,1.500000,1.560000,1.560000,313000
2019-03-22,1.560000,1.570000,1.450000,1.480000,1.480000,414100
2019-03-25,1.470000,1.550000,1.470000,1.530000,1.530000,225300
2019-03-26,1.530000,1.560000,1.500000,1.520000,1.520000,115300
2019-03-27,1.500000,1.540000,1.490000,1.520000,1.520000,202300
2019-03-28,1.510000,1.550000,1.480000,1.540000,1.540000,299100
2019-03-29,1.550000,1.550000,1.510000,1.510000,1.510000,220000
2019-04-01,1.520000,1.550000,1.470000,1.480000,1.480000,270900
2019-04-02,1.560000,1.560000,1.510000,1.510000,1.510000,278800
2019-04-03,1.510000,1.540000,1.470000,1.480000,1.480000,196500
2019-04-04,1.500000,1.510000,1.460000,1.480000,1.480000,184200
2019-04-05,1.470000,1.538000,1.470000,1.510000,1.510000,155600
2019-04-08,1.480000,1.560000,1.470000,1.490000,1.490000,393900
2019-04-09,1.490000,1.503000,1.330000,1.470000,1.470000,460200
2019-04-10,1.430000,1.510000,1.430000,1.480000,1.480000,349600
2019-04-11,1.500000,1.510000,1.434000,1.480000,1.480000,142500
2019-04-12,1.480000,1.520000,1.433000,1.470000,1.470000,287700
2019-04-15,1.500000,1.520000,1.440000,1.500000,1.500000,109900
2019-04-16,1.490000,1.500000,1.450000,1.490000,1.490000,132000
2019-04-17,1.490000,1.500000,1.400000,1.410000,1.410000,269100
2019-04-18,1.400000,1.410000,1.310000,1.380000,1.380000,220600
2019-04-22,1.360000,1.430000,1.360000,1.420000,1.420000,53100
2019-04-23,1.430000,1.475000,1.430000,1.460000,1.460000,122600
2019-04-24,1.460000,1.480000,1.447000,1.470000,1.470000,52300
2019-04-25,1.460000,1.500000,1.460000,1.500000,1.500000,127600
2019-04-26,1.500000,1.510000,1.480000,1.500000,1.500000,116900
2019-04-29,1.490000,1.500000,1.430000,1.500000,1.500000,159000
2019-04-30,1.500000,1.540000,1.460000,1.520000,1.520000,200600
2019-05-01,1.520000,1.530000,1.430000,1.490000,1.490000,75800
2019-05-02,1.470000,1.480000,1.400000,1.480000,1.480000,85000
2019-05-03,1.440000,1.500000,1.400000,1.500000,1.500000,202300
2019-05-06,1.490000,1.500000,1.450000,1.480000,1.480000,77400
2019-05-07,1.480000,1.500000,1.410000,1.440000,1.440000,66300
2019-05-08,1.440000,1.470000,1.420000,1.450000,1.450000,56600
2019-05-09,1.450000,1.450000,1.340000,1.440000,1.440000,156000
2019-05-10,1.400000,1.460000,1.390000,1.430000,1.430000,92000
2019-05-13,1.420000,1.445000,1.369000,1.380000,1.380000,128000
2019-05-14,1.369000,1.430000,1.350000,1.380000,1.380000,132800
2019-05-15,1.380000,1.420000,1.350000,1.370000,1.370000,160700
2019-05-16,1.400000,1.470000,1.378000,1.460000,1.460000,131500
2019-05-17,1.460000,1.460000,1.380000,1.410000,1.410000,197200
2019-05-20,1.400000,1.450000,1.390000,1.390000,1.390000,106300
2019-05-21,1.410000,1.430000,1.370000,1.410000,1.410000,200900
2019-05-22,1.450000,1.495000,1.350000,1.380000,1.380000,558200
2019-05-23,1.330000,1.350000,1.200000,1.330000,1.330000,302800
2019-05-24,1.320000,1.350000,1.278000,1.330000,1.330000,111200
2019-05-28,1.340000,1.340000,1.250000,1.270000,1.270000,140500
2019-05-29,1.250000,1.296000,1.220000,1.220000,1.220000,89900
2019-05-30,1.220000,1.290000,1.220000,1.260000,1.260000,70600
2019-05-31,1.250000,1.305000,1.224000,1.250000,1.250000,124800
2019-06-03,1.260000,1.260000,1.200000,1.210000,1.210000,111000
2019-06-04,1.210000,1.210000,1.050000,1.180000,1.180000,246900
2019-06-05,1.170000,1.230000,1.100000,1.110000,1.110000,102500
2019-06-06,1.120000,1.210000,1.020000,1.030000,1.030000,227900
2019-06-07,1.250000,1.380000,1.080000,1.130000,1.130000,1118200
2019-06-10,1.160000,1.340000,1.155000,1.270000,1.270000,605600
2019-06-11,1.320000,1.330000,1.250000,1.330000,1.330000,182600
2019-06-12,1.340000,1.370000,1.260000,1.340000,1.340000,264500
2019-06-13,1.320000,1.350000,1.300000,1.310000,1.310000,97400
2019-06-14,1.310000,1.340000,1.295000,1.330000,1.330000,70300
2019-06-17,1.320000,1.400000,1.310000,1.390000,1.390000,158500
2019-06-18,1.410000,1.410000,1.370000,1.370000,1.370000,134900
2019-06-19,1.380000,1.400000,1.380000,1.390000,1.390000,58100
2019-06-20,1.400000,1.450000,1.380000,1.420000,1.420000,297700
2019-06-21,1.420000,1.470000,1.420000,1.450000,1.450000,253500
2019-06-24,1.450000,1.450000,1.370000,1.430000,1.430000,181500
2019-06-25,1.440000,1.470000,1.370000,1.440000,1.440000,609700
2019-06-26,1.430000,1.460000,1.380000,1.420000,1.420000,52900
2019-06-27,1.420000,1.440000,1.370000,1.410000,1.410000,101300
2019-06-28,1.420000,1.470000,1.400000,1.460000,1.460000,126000
2019-07-01,1.460000,1.500000,1.459000,1.470000,1.470000,92000
2019-07-02,1.500000,1.500000,1.460000,1.500000,1.500000,159600
2019-07-03,1.500000,1.500000,1.470000,1.480000,1.480000,113500
2019-07-05,1.480000,1.530000,1.380000,1.530000,1.530000,188400
2019-07-08,1.500000,1.590000,1.500000,1.560000,1.560000,292000
2019-07-09,1.560000,1.640000,1.480000,1.490000,1.490000,343700
2019-07-10,1.520000,1.540000,1.420000,1.480000,1.480000,147500
2019-07-11,1.480000,1.520000,1.400000,1.400000,1.400000,188600
2019-07-12,1.400000,1.420000,1.230000,1.289000,1.289000,500600
2019-07-15,1.290000,1.420000,1.250000,1.340000,1.340000,336700
2019-07-16,1.350000,1.360000,1.260000,1.280000,1.280000,134000
2019-07-17,1.280000,1.310000,1.270000,1.290000,1.290000,76900
2019-07-18,1.300000,1.310000,1.270000,1.300000,1.300000,82300
2019-07-19,1.310000,1.342000,1.230000,1.280000,1.280000,183300
2019-07-22,1.280000,1.340000,1.262000,1.330000,1.330000,117000
2019-07-23,1.320000,1.320000,1.260000,1.270000,1.270000,154100
2019-07-24,1.270000,1.290000,1.240000,1.240000,1.240000,86000
2019-07-25,1.250000,1.290000,1.150000,1.290000,1.290000,256300
2019-07-26,1.270000,1.380000,1.170000,1.300000,1.300000,215400
2019-07-29,1.310000,1.370000,1.170000,1.250000,1.250000,434900
2019-07-30,1.219000,1.265000,1.190000,1.215000,1.215000,207900
2019-07-31,1.220000,1.245000,1.090000,1.160000,1.160000,461200
2019-08-01,1.190000,1.250000,1.100000,1.100000,1.100000,172100
2019-08-02,0.990000,1.020000,0.950000,0.995000,0.995000,2931200
2019-08-05,1.000000,1.050000,0.983000,1.010000,1.010000,766600
2019-08-06,1.020000,1.090000,1.010000,1.060000,1.060000,693300
2019-08-07,1.060000,1.100000,0.970000,1.090000,1.090000,633200
2019-08-08,1.060000,1.165000,1.050000,1.090000,1.090000,520800
2019-08-09,1.090000,1.135000,1.080000,1.100000,1.100000,425400
2019-08-12,1.113000,1.215000,1.100000,1.130000,1.130000,911800
2019-08-13,1.140000,1.180000,1.120000,1.150000,1.150000,413700
2019-08-14,1.120000,1.160000,1.100000,1.160000,1.160000,362500
2019-08-15,1.150000,1.180000,1.080000,1.110000,1.110000,436500
2019-08-16,1.120000,1.170000,1.092000,1.120000,1.120000,901100
2019-08-19,1.140000,1.160000,1.100000,1.150000,1.150000,298000
2019-08-20,1.140000,1.160000,1.130000,1.140000,1.140000,119100
2019-08-21,1.140000,1.140000,1.100000,1.120000,1.120000,305300
2019-08-22,1.140000,1.140000,1.080000,1.120000,1.120000,279300
2019-08-23,1.110000,1.110000,1.070000,1.070000,1.070000,213300
2019-08-26,1.070000,1.100000,1.030000,1.080000,1.080000,215600
2019-08-27,1.080000,1.110000,1.040000,1.040000,1.040000,147200
2019-08-28,1.050000,1.090000,1.044000,1.080000,1.080000,103000
2019-08-29,1.080000,1.190000,1.080000,1.110000,1.110000,921800
2019-08-30,1.130000,1.150000,1.080000,1.100000,1.100000,269500
2019-09-03,1.120000,1.120000,1.050000,1.120000,1.120000,305200
2019-09-04,1.120000,1.150000,1.090000,1.140000,1.140000,408300
2019-09-05,1.130000,1.300000,1.100000,1.250000,1.250000,742700
2019-09-06,1.280000,1.430000,1.280000,1.370000,1.370000,2258000
2019-09-09,1.390000,1.400000,1.320000,1.360000,1.360000,787600
2019-09-10,1.350000,1.420000,1.340000,1.360000,1.360000,764500
2019-09-11,1.390000,1.590000,1.361000,1.460000,1.460000,2136000
2019-09-12,1.540000,1.550000,1.470000,1.500000,1.500000,1015200
2019-09-13,1.500000,1.508000,1.410000,1.440000,1.440000,913600
2019-09-16,1.450000,1.455000,1.370000,1.390000,1.390000,607600
2019-09-17,1.390000,1.402000,1.300000,1.300000,1.300000,889000
2019-09-18,1.330000,1.340000,1.260000,1.290000,1.290000,669000
2019-09-19,1.280000,1.290000,1.150000,1.180000,1.180000,1373600
2019-09-20,1.180000,1.180000,1.130000,1.160000,1.160000,798000
2019-09-23,1.150000,1.201000,1.110000,1.140000,1.140000,742200
2019-09-24,1.150000,1.150000,1.070000,1.100000,1.100000,1052300
2019-09-25,1.100000,1.120000,1.040000,1.040000,1.040000,1455300
2019-09-26,1.050000,1.080000,1.040000,1.050000,1.050000,1219700
2019-09-27,1.050000,1.260000,1.050000,1.120000,1.120000,2860000
2019-09-30,1.160000,1.280000,1.140000,1.185000,1.185000,1376700
2019-10-01,1.200000,1.230000,1.110000,1.140000,1.140000,1072000
2019-10-02,1.130000,1.160000,1.080000,1.095000,1.095000,1255000
2019-10-03,1.120000,1.180000,1.100000,1.120000,1.120000,1954400
2019-10-04,1.130000,1.150000,1.090000,1.100000,1.100000,679800
2019-10-07,1.120000,1.200000,1.110000,1.180000,1.180000,1435100
2019-10-08,1.180000,1.220000,1.140000,1.190000,1.190000,1090800
2019-10-09,1.200000,1.224000,1.140000,1.160000,1.160000,876900
2019-10-10,1.150000,1.170000,1.120000,1.130000,1.130000,887300
2019-10-11,1.150000,1.150000,1.110000,1.130000,1.130000,1125500
2019-10-14,1.130000,1.160000,1.120000,1.160000,1.160000,668700
2019-10-15,1.160000,1.289000,1.150000,1.250000,1.250000,2124400
2019-10-16,1.260000,1.290000,1.210000,1.240000,1.240000,988600
2019-10-17,1.250000,1.260000,1.180000,1.190000,1.190000,1172300
2019-10-18,1.190000,1.220000,1.165000,1.190000,1.190000,594100
2019-10-21,1.200000,1.240000,1.180000,1.230000,1.230000,698100
2019-10-22,1.220000,1.290000,1.190000,1.190000,1.190000,1513500
2019-10-23,1.200000,1.230000,1.170000,1.190000,1.190000,1299200
2019-10-24,1.200000,1.210000,1.120000,1.140000,1.140000,2316600
2019-10-25,1.150000,1.150000,1.100000,1.110000,1.110000,1553600
2019-10-28,0.700000,0.750000,0.450000,0.452000,0.452000,23542300
2019-10-29,0.482000,0.489000,0.350000,0.371000,0.371000,10011100
2019-10-30,0.371000,0.371000,0.371000,0.371000,0.371000,0
2019-10-31,1.500000,1.540000,1.030000,1.200000,1.200000,59745500
2019-11-01,1.210000,1.360000,1.150000,1.350000,1.350000,12523300
2019-11-04,1.500000,1.890000,1.450000,1.780000,1.780000,28699500
2019-11-05,2.020000,2.430000,2.020000,2.400000,2.400000,32328400
2019-11-06,2.820000,2.970000,1.930000,2.470000,2.470000,32370500
2019-11-07,2.200000,2.290000,1.940000,2.030000,2.030000,7661400
2019-11-08,1.900000,2.240000,1.850000,2.180000,2.180000,7680200
2019-11-11,1.980000,2.290000,1.960000,2.140000,2.140000,4827300
2019-11-12,2.350000,2.350000,2.180000,2.210000,2.210000,4314300
2019-11-13,2.210000,2.210000,2.020000,2.160000,2.160000,3839000
2019-11-14,2.200000,2.480000,2.150000,2.380000,2.380000,8201200
2019-11-15,1.650000,1.900000,1.400000,1.490000,1.490000,17205100
2019-11-18,1.470000,1.490000,1.350000,1.370000,1.370000,3123800
2019-11-19,1.570000,1.900000,1.480000,1.770000,1.770000,9912600
2019-11-20,1.650000,1.770000,1.630000,1.770000,1.770000,2633000
2019-11-21,1.740000,1.810000,1.710000,1.740000,1.740000,1459900
2019-11-22,1.760000,1.780000,1.660000,1.740000,1.740000,1306100
2019-11-25,1.760000,1.950000,1.760000,1.900000,1.900000,2966700
2019-11-26,1.950000,2.390000,1.941000,2.090000,2.090000,6616100
2019-11-27,2.120000,2.150000,2.020000,2.060000,2.060000,2650800
2019-11-29,2.060000,2.100000,1.970000,2.100000,2.100000,908900
2019-12-02,2.110000,2.180000,2.050000,2.120000,2.120000,1311100
2019-12-03,2.100000,2.130000,2.060000,2.060000,2.060000,1177100
2019-12-04,2.070000,2.100000,1.970000,2.010000,2.010000,1672400
2019-12-05,2.000000,2.050000,1.980000,2.030000,2.030000,1257700
2019-12-06,2.020000,2.070000,1.950000,2.060000,2.060000,1882700
2019-12-09,2.060000,2.080000,1.990000,1.990000,1.990000,1141600
2019-12-10,2.040000,2.040000,1.980000,2.000000,2.000000,1133900
2019-12-11,2.000000,2.030000,1.950000,1.990000,1.990000,882700
2019-12-12,2.000000,2.025000,1.900000,2.020000,2.020000,1190200
2019-12-13,2.040000,2.070000,2.000000,2.070000,2.070000,2172800
2019-12-16,2.100000,2.160000,2.048000,2.120000,2.120000,1849800
2019-12-17,2.150000,2.150000,2.090000,2.130000,2.130000,1088500
2019-12-18,2.130000,2.150000,2.050000,2.150000,2.150000,967200
2019-12-19,2.150000,2.340000,2.120000,2.300000,2.300000,3619000
2019-12-20,2.350000,2.500000,2.320000,2.500000,2.500000,3440000
2019-12-23,2.560000,2.700000,2.500000,2.680000,2.680000,5120200
2019-12-24,2.710000,2.730000,2.130000,2.610000,2.610000,3992100
2019-12-26,2.640000,2.650000,2.430000,2.490000,2.490000,2186800
2019-12-27,2.450000,2.480000,2.220000,2.430000,2.430000,2014400
2019-12-30,2.340000,2.550000,2.260000,2.460000,2.460000,1559700
2019-12-31,2.450000,2.580000,2.450000,2.500000,2.500000,1455500
2020-01-02,2.560000,3.000000,2.500000,2.970000,2.970000,6742800
2020-01-03,2.830000,2.940000,2.750000,2.900000,2.900000,2271900
2020-01-06,2.870000,3.120000,2.810000,2.850000,2.850000,3480700
2020-01-07,2.850000,2.900000,2.740000,2.850000,2.850000,1537100
2020-01-08,2.810000,2.970000,2.800000,2.920000,2.920000,1469100
2020-01-09,3.020000,3.100000,2.865000,2.970000,2.970000,2300300
2020-01-10,3.000000,3.010000,2.870000,2.950000,2.950000,1686500
2020-01-13,2.970000,3.020000,2.870000,2.940000,2.940000,1871600
2020-01-14,2.960000,3.080000,2.900000,2.980000,2.980000,1605400
2020-01-15,3.000000,3.030000,2.800000,2.840000,2.840000,2605100
2020-01-16,2.880000,2.990000,2.820000,2.930000,2.930000,1934500
2020-01-17,2.930000,2.930000,2.820000,2.820000,2.820000,1760400
2020-01-21,2.830000,2.920000,2.670000,2.790000,2.790000,2306200
2020-01-22,2.790000,2.900000,2.700000,2.830000,2.830000,1915600
2020-01-23,2.950000,3.090000,2.802000,3.080000,3.080000,4173000
2020-01-24,3.140000,3.580000,3.140000,3.350000,3.350000,6509000
2020-01-27,3.320000,3.550000,3.210000,3.410000,3.410000,3038000
2020-01-28,3.500000,3.960000,3.424000,3.920000,3.920000,5541600
2020-01-29,4.100000,4.200000,3.690000,3.840000,3.840000,6233100
2020-01-30,3.800000,3.940000,3.600000,3.780000,3.780000,2616500
2020-01-31,3.800000,3.801000,3.360000,3.700000,3.700000,2246700
2020-02-03,3.670000,3.880000,3.650000,3.720000,3.720000,1908500
2020-02-04,3.800000,3.810000,3.540000,3.740000,3.740000,2386500
2020-02-05,3.670000,3.748000,3.510000,3.590000,3.590000,2154100
2020-02-06,3.600000,3.749000,3.530000,3.690000,3.690000,1526300
2020-02-07,3.700000,4.030000,3.620000,3.930000,3.930000,3338500
2020-02-10,4.050000,4.160000,3.960000,4.010000,4.010000,3766300
2020-02-11,4.320000,4.645000,4.150000,4.400000,4.400000,7828400
2020-02-12,4.650000,4.765000,4.200000,4.320000,4.320000,7495200
2020-02-13,4.340000,4.350000,2.720000,4.130000,4.130000,13473900
2020-02-14,4.180000,4.240000,3.570000,4.070000,4.070000,6918500
2020-02-18,4.000000,4.300000,3.740000,3.940000,3.940000,12914500
2020-02-19,4.000000,4.000000,3.300000,3.660000,3.660000,7366000
2020-02-20,3.630000,3.630000,3.370000,3.580000,3.580000,5048800
2020-02-21,3.080000,3.240000,3.030000,3.095000,3.095000,8831000
2020-02-24,3.000000,3.180000,2.980000,3.050000,3.050000,3753200
2020-02-25,3.080000,3.180000,3.000000,3.020000,3.020000,3888000
2020-02-26,3.090000,3.305000,3.010000,3.145000,3.145000,7765600
2020-02-27,3.000000,3.000000,2.440000,2.740000,2.740000,7750000
2020-02-28,2.490000,2.820000,2.450000,2.675000,2.675000,3731400
2020-03-02,2.690000,2.700000,2.450000,2.540000,2.540000,2807700
2020-03-03,2.570000,2.600000,2.300000,2.320000,2.320000,4428100
2020-03-04,2.390000,2.430000,2.110000,2.340000,2.340000,5152100
2020-03-05,2.290000,2.540000,2.280000,2.320000,2.320000,3565300
2020-03-06,2.400000,2.950000,2.345000,2.560000,2.560000,9159300
2020-03-09,2.400000,2.400000,2.050000,2.180000,2.180000,3938200
2020-03-10,2.270000,2.290000,2.110000,2.110000,2.110000,2055800
2020-03-11,2.090000,2.155000,1.820000,1.940000,1.940000,3692100
2020-03-12,1.490000,1.805000,1.350000,1.680000,1.680000,3413900
2020-03-13,1.750000,1.960000,1.450000,1.960000,1.960000,5903900
2020-03-16,1.650000,1.870000,1.520000,1.670000,1.670000,3292500
2020-03-17,1.760000,1.850000,1.570000,1.780000,1.780000,2551600
2020-03-18,1.670000,1.810000,1.600000,1.670000,1.670000,1988800
2020-03-19,1.620000,1.760000,1.580000,1.620000,1.620000,1806300
2020-03-20,1.650000,1.670000,1.560000,1.620000,1.620000,1803200
2020-03-23,1.620000,1.690000,1.450000,1.580000,1.580000,2381700
2020-03-24,1.680000,1.900000,1.625000,1.880000,1.880000,4339700
2020-03-25,1.920000,2.000000,1.750000,1.930000,1.930000,2362500
2020-03-26,1.960000,2.091000,1.940000,2.010000,2.010000,2057500
2020-03-27,1.950000,2.050000,1.860000,2.050000,2.050000,1489000
2020-03-30,2.050000,2.250000,1.990000,2.150000,2.150000,1747000
2020-03-31,2.160000,2.230000,1.850000,1.860000,1.860000,2208900
2020-04-01,1.850000,1.940000,1.800000,1.860000,1.860000,860400
2020-04-02,1.890000,1.940000,1.810000,1.840000,1.840000,985900
2020-04-03,1.840000,1.880000,1.750000,1.850000,1.850000,1014600
2020-04-06,1.940000,1.968000,1.820000,1.890000,1.890000,1194400
2020-04-07,1.920000,1.930000,1.790000,1.810000,1.810000,1695900
2020-04-08,1.850000,1.920000,1.820000,1.900000,1.900000,1403400
2020-04-09,1.970000,2.200000,1.870000,2.180000,2.180000,2768000
2020-04-13,2.260000,2.390000,2.110000,2.370000,2.370000,2001500
2020-04-14,2.430000,2.570000,2.260000,2.320000,2.320000,2411500
2020-04-15,2.280000,2.290000,2.070000,2.250000,2.250000,1679600
2020-04-16,2.260000,2.280000,2.110000,2.230000,2.230000,1099500
2020-04-17,2.250000,2.270000,2.110000,2.230000,2.230000,1198300
2020-04-20,2.230000,2.270000,2.134000,2.180000,2.180000,1565100
2020-04-21,2.160000,2.215000,2.065000,2.100000,2.100000,1425200
2020-04-22,2.160000,2.220000,2.100000,2.190000,2.190000,990900
2020-04-23,2.190000,2.289000,2.150000,2.230000,2.230000,1251200
2020-04-24,2.260000,2.320000,2.157000,2.300000,2.300000,1163900
2020-04-27,2.330000,2.545000,2.300000,2.390000,2.390000,2239700
2020-04-28,2.470000,2.550000,2.370000,2.530000,2.530000,1414500
2020-04-29,2.620000,2.640000,2.500000,2.530000,2.530000,1650000
2020-04-30,2.590000,2.590000,2.400000,2.425000,2.425000,1420000
2020-05-01,2.460000,2.950000,2.410000,2.770000,2.770000,6850300
2020-05-04,3.000000,3.350000,2.660000,2.760000,2.760000,8815500
2020-05-05,2.860000,2.970000,2.710000,2.830000,2.830000,4364100
2020-05-06,2.540000,2.649000,2.140000,2.460000,2.460000,5594300
2020-05-07,2.400000,2.480000,2.320000,2.440000,2.440000,2249700