Date,Open,High,Low,Close,Adj Close,Volume
2014-03-27,12.750000,16.820000,12.500000,14.760000,14.760000,1566100
2014-03-28,14.950000,15.900000,13.630000,14.550000,14.550000,183900
2014-03-31,14.600000,15.450000,14.600000,15.000000,15.000000,35800
2014-04-01,15.180000,18.389999,15.180000,15.610000,15.610000,120400
2014-04-02,16.000000,17.180000,15.500000,16.350000,16.350000,134600
2014-04-03,16.360001,16.360001,15.750000,16.299999,16.299999,9600
2014-04-04,16.400000,16.528999,15.800000,16.080000,16.080000,21400
2014-04-07,16.070000,16.490000,13.400000,14.090000,14.090000,59900
2014-04-08,14.010000,14.850000,12.750000,14.840000,14.840000,78100
2014-04-09,14.850000,15.150000,13.720000,14.720000,14.720000,37700
2014-04-10,14.340000,14.820000,13.410000,14.420000,14.420000,16800
2014-04-11,13.593000,14.000000,13.270000,13.350000,13.350000,5600
2014-04-14,13.280000,14.860000,13.280000,13.500000,13.500000,35400
2014-04-15,14.730000,14.890000,11.170000,12.750000,12.750000,100900
2014-04-16,13.780000,13.880000,12.828000,13.650000,13.650000,163800
2014-04-17,13.540000,15.000000,13.210000,14.080000,14.080000,48900
2014-04-21,14.010000,14.320000,12.910000,13.320000,13.320000,42700
2014-04-22,13.550000,13.700000,12.800000,13.550000,13.550000,46300
2014-04-23,13.700000,13.700000,11.848000,12.980000,12.980000,43900
2014-04-24,12.700000,13.490000,12.110000,12.720000,12.720000,19200
2014-04-25,12.440000,13.315000,11.285000,12.840000,12.840000,98700
2014-04-28,12.890000,12.990000,11.300000,12.740000,12.740000,99100
2014-04-29,12.580000,12.900000,11.325000,12.900000,12.900000,34400
2014-04-30,12.650000,12.660000,11.880000,12.530000,12.530000,15600
2014-05-01,11.631000,12.800000,11.631000,12.580000,12.580000,9800
2014-05-02,11.870000,12.660000,11.640000,12.300000,12.300000,10000
2014-05-05,12.440000,12.650000,12.200000,12.420000,12.420000,15600
2014-05-06,12.640000,12.650000,11.980000,11.980000,11.980000,5200
2014-05-07,12.220000,12.540000,11.850000,12.310000,12.310000,5900
2014-05-08,12.480000,12.480000,11.100000,11.320000,11.320000,17000
2014-05-09,11.500000,12.450000,11.300000,12.100000,12.100000,35500
2014-05-12,12.080000,12.240000,11.900000,11.910000,11.910000,9200
2014-05-13,11.850000,12.300000,11.850000,12.200000,12.200000,10000
2014-05-14,12.100000,12.700000,12.100000,12.700000,12.700000,8700
2014-05-15,12.350000,12.690000,12.200000,12.690000,12.690000,10900
2014-05-16,12.490000,13.400000,12.390000,13.100000,13.100000,19300
2014-05-19,12.990000,13.260000,12.520000,13.260000,13.260000,17000
2014-05-20,13.000000,13.040000,12.560000,13.040000,13.040000,13900
2014-05-21,13.240000,13.300000,12.500000,12.500000,12.500000,16500
2014-05-22,12.540000,13.000000,12.430000,12.870000,12.870000,20300
2014-05-23,12.730000,13.200000,12.730000,13.200000,13.200000,5700
2014-05-27,13.220000,13.480000,12.960000,13.390000,13.390000,17500
2014-05-28,13.115000,13.420000,13.020000,13.350000,13.350000,11800
2014-05-29,13.200000,13.500000,13.050000,13.500000,13.500000,20600
2014-05-30,13.600000,13.740000,13.250000,13.700000,13.700000,13300
2014-06-02,13.660000,21.879999,13.660000,19.740000,19.740000,212900
2014-06-03,19.000000,20.500000,17.459999,20.030001,20.030001,102300
2014-06-04,20.000000,21.010000,18.500000,20.110001,20.110001,56300
2014-06-05,20.150000,24.250000,19.740000,22.160000,22.160000,104200
2014-06-06,22.100000,22.250000,19.990000,21.420000,21.420000,53400
2014-06-09,21.690001,24.540001,21.420000,23.870001,23.870001,83200
2014-06-10,24.030001,25.889999,23.559999,25.290001,25.290001,40000
2014-06-11,25.080000,26.809999,21.660000,24.049999,24.049999,70900
2014-06-12,24.290001,26.500000,24.290001,25.870001,25.870001,94900
2014-06-13,26.510000,29.629999,23.299999,27.490000,27.490000,56800
2014-06-16,26.219999,28.000000,24.010000,27.440001,27.440001,98400
2014-06-17,27.299999,29.870001,26.950001,29.870001,29.870001,65400
2014-06-18,31.000000,33.919998,30.320000,31.690001,31.690001,157600
2014-06-19,32.400002,34.369999,30.500000,30.950001,30.950001,87700
2014-06-20,30.900000,31.400000,28.780001,30.459999,30.459999,195100
2014-06-23,30.650000,32.650002,30.469999,31.270000,31.270000,56800
2014-06-24,31.549999,32.490002,30.700001,31.120001,31.120001,84100
2014-06-25,31.120001,32.000000,29.910000,30.650000,30.650000,56100
2014-06-26,30.170000,30.450001,27.850000,28.209999,28.209999,49900
2014-06-27,27.900000,28.799999,25.170000,25.180000,25.180000,747500
2014-06-30,25.080000,25.299999,22.565001,23.100000,23.100000,84900
2014-07-01,22.969999,24.350000,22.010000,22.490000,22.490000,42200
2014-07-02,22.360001,24.478001,21.410000,24.160000,24.160000,50000
2014-07-03,24.450001,25.450001,23.500000,23.770000,23.770000,27500
2014-07-07,23.780001,25.459999,22.700001,23.129999,23.129999,38000
2014-07-08,23.299999,25.090000,21.650000,22.219999,22.219999,68400
2014-07-09,22.430000,23.700001,20.952000,21.370001,21.370001,38200
2014-07-10,21.070000,21.139999,19.650000,19.709999,19.709999,89000
2014-07-11,19.709999,20.110001,18.900000,19.070000,19.070000,30800
2014-07-14,19.459999,20.160000,18.610001,18.790001,18.790001,24000
2014-07-15,19.459999,19.459999,16.790001,17.299999,17.299999,76000
2014-07-16,18.139999,18.139999,16.549999,17.920000,17.920000,116600
2014-07-17,17.879999,18.490000,17.389999,17.900000,17.900000,25600
2014-07-18,17.690001,18.520000,17.510000,18.520000,18.520000,28300
2014-07-21,18.290001,18.290001,16.410000,17.040001,17.040001,27200
2014-07-22,17.219999,18.184000,16.469999,18.059999,18.059999,68200
2014-07-23,18.000000,18.250000,16.600000,16.700001,16.700001,96300
2014-07-24,16.809999,17.010000,14.910000,15.610000,15.610000,149000
2014-07-25,15.780000,18.469999,15.750000,17.990000,17.990000,590800
2014-07-28,17.639999,17.730000,15.840000,16.580000,16.580000,142100
2014-07-29,16.450001,18.379999,15.820000,16.290001,16.290001,215000
2014-07-30,17.754999,17.936001,16.450001,16.870001,16.870001,46100
2014-07-31,16.570000,16.990000,15.870000,16.000000,16.000000,42700
2014-08-01,16.049999,16.096001,14.850000,14.930000,14.930000,77700
2014-08-04,14.910000,16.049999,14.695000,15.690000,15.690000,52800
2014-08-05,15.500000,17.059999,15.500000,16.900000,16.900000,73400
2014-08-06,16.639999,17.299999,16.138000,16.950001,16.950001,30900
2014-08-07,17.270000,17.270000,15.800000,16.650000,16.650000,46100
2014-08-08,16.920000,17.750000,16.400000,17.639999,17.639999,64400
2014-08-11,17.639999,21.650000,17.639999,20.980000,20.980000,44000
2014-08-12,20.580000,20.650000,18.687000,19.280001,19.280001,54600
2014-08-13,19.120001,20.344000,18.370001,19.209999,19.209999,35200
2014-08-14,19.370001,21.200001,19.200001,21.070000,21.070000,43000
2014-08-15,21.110001,21.110001,19.340000,19.620001,19.620001,52200
2014-08-18,19.920000,20.110001,18.809999,19.500000,19.500000,38000
2014-08-19,19.062000,19.870001,18.660000,19.059999,19.059999,32200
2014-08-20,19.020000,19.020000,18.120001,18.209999,18.209999,16800
2014-08-21,18.700001,19.010000,17.709999,18.430000,18.430000,18900
2014-08-22,18.309999,18.309999,17.250000,18.080000,18.080000,48400
2014-08-25,18.180000,18.559999,17.077999,18.010000,18.010000,28900
2014-08-26,18.016001,18.309999,17.625000,18.040001,18.040001,22800
2014-08-27,17.860001,19.150000,17.860001,18.969999,18.969999,39000
2014-08-28,18.670000,19.090000,18.190001,18.379999,18.379999,47800
2014-08-29,18.370001,18.660000,16.822001,17.100000,17.100000,117200
2014-09-02,17.080000,17.080000,15.522000,16.340000,16.340000,58500
2014-09-03,16.400000,16.400000,15.210000,15.880000,15.880000,55100
2014-09-04,16.020000,17.195000,15.550000,15.670000,15.670000,45600
2014-09-05,15.550000,16.209999,15.110000,16.150000,16.150000,43700
2014-09-08,16.030001,16.750000,15.380000,16.540001,16.540001,52400
2014-09-09,16.520000,18.549999,16.263000,17.719999,17.719999,156900
2014-09-10,17.840000,18.000000,16.209999,17.850000,17.850000,72900
2014-09-11,17.700001,18.110001,17.094999,17.950001,17.950001,51100
2014-09-12,17.860001,17.860001,16.740000,17.219999,17.219999,52500
2014-09-15,16.900000,17.110001,15.570000,16.590000,16.590000,52400
2014-09-16,16.469999,16.570000,16.059999,16.469999,16.469999,62500
2014-09-17,16.440001,17.070000,16.150000,16.530001,16.530001,52200
2014-09-18,16.520000,16.680000,15.740000,16.500000,16.500000,48000
2014-09-19,16.570000,16.740000,16.000000,16.639999,16.639999,77500
2014-09-22,16.650000,16.780001,15.910000,16.200001,16.200001,47600
2014-09-23,15.950000,16.799999,15.860000,16.570000,16.570000,69900
2014-09-24,16.459999,18.450001,16.240000,17.680000,17.680000,75900
2014-09-25,17.340000,19.290001,17.110001,19.020000,19.020000,72700
2014-09-26,19.030001,19.462000,17.600000,18.770000,18.770000,86300
2014-09-29,18.620001,19.150000,17.471001,17.990000,17.990000,54200
2014-09-30,18.440001,18.700001,17.605000,18.610001,18.610001,60900
2014-10-01,18.500000,18.690001,17.459999,18.459999,18.459999,37300
2014-10-02,18.510000,19.120001,17.715000,18.350000,18.350000,47300
2014-10-03,19.639999,20.990999,18.650000,19.170000,19.170000,293800
2014-10-06,19.860001,19.860001,18.059999,18.959999,18.959999,242300
2014-10-07,18.840000,18.840000,17.049999,17.250000,17.250000,78100
2014-10-08,17.340000,19.000000,17.340000,18.620001,18.620001,77400
2014-10-09,18.719999,18.750000,17.591999,17.690001,17.690001,37000
2014-10-10,17.570000,18.540001,16.690001,17.510000,17.510000,53800
2014-10-13,17.580000,17.965000,16.200001,17.750000,17.750000,50300
2014-10-14,17.799999,18.980000,16.334999,18.760000,18.760000,162900
2014-10-15,17.080000,18.895000,17.080000,18.559999,18.559999,68500
2014-10-16,18.190001,19.020000,17.450001,18.799999,18.799999,18500
2014-10-17,19.260000,19.260000,17.639999,17.709999,17.709999,19500
2014-10-20,17.690001,18.010000,17.280001,17.820000,17.820000,44700
2014-10-21,17.840000,18.110001,17.700001,17.920000,17.920000,5900
2014-10-22,17.559999,18.110001,17.559999,17.930000,17.930000,12200
2014-10-23,18.200001,19.000000,18.131001,18.889999,18.889999,26000
2014-10-24,18.900000,19.219999,18.639999,18.809999,18.809999,13500
2014-10-27,18.629999,19.900000,18.620001,19.700001,19.700001,38300
2014-10-28,19.840000,20.190001,19.250000,20.040001,20.040001,40500
2014-10-29,20.150000,20.200001,19.059999,19.379999,19.379999,23600
2014-10-30,19.420000,20.100000,19.129999,20.090000,20.090000,20400
2014-10-31,20.250000,20.750000,19.375000,20.100000,20.100000,82300
2014-11-03,20.080000,20.302999,19.400000,19.790001,19.790001,21300
2014-11-04,19.770000,21.730000,19.260000,21.370001,21.370001,31000
2014-11-05,21.680000,21.785000,20.920000,21.410000,21.410000,36300
2014-11-06,21.230000,21.760000,20.750000,21.680000,21.680000,32900
2014-11-07,21.540001,27.040001,21.389999,26.200001,26.200001,88700
2014-11-10,26.250000,28.240000,24.600000,25.910000,25.910000,60200
2014-11-11,25.719999,26.000000,23.490000,24.270000,24.270000,41900
2014-11-12,24.270000,24.420000,22.610001,24.209999,24.209999,75200
2014-11-13,24.240000,24.260000,23.290001,23.299999,23.299999,45300
2014-11-14,23.580000,23.580000,22.639999,23.049999,23.049999,19200
2014-11-17,23.629999,24.080000,22.309999,22.410000,22.410000,19200
2014-11-18,22.410000,22.410000,19.760000,20.450001,20.450001,109300
2014-11-19,19.990000,20.150000,19.260000,20.020000,20.020000,147000
2014-11-20,19.920000,20.360001,19.280001,19.410000,19.410000,245800
2014-11-21,19.870001,20.209999,19.520000,19.850000,19.850000,266100
2014-11-24,19.770000,21.000000,19.650000,20.760000,20.760000,21200
2014-11-25,20.900000,21.080000,20.240000,20.730000,20.730000,64800
2014-11-26,20.930000,21.570000,20.740000,21.040001,21.040001,15500
2014-11-28,20.940001,20.940001,20.190001,20.190001,20.190001,4400
2014-12-01,19.660000,20.110001,19.150000,20.000000,20.000000,13700
2014-12-02,20.826000,21.190001,19.504000,21.139999,21.139999,74100
2014-12-03,21.190001,21.563000,20.820000,21.240000,21.240000,20200
2014-12-04,21.340000,21.539000,20.385000,20.980000,20.980000,29700
2014-12-05,21.110001,21.379999,20.610001,21.100000,21.100000,24500
2014-12-08,20.889999,21.170000,20.330000,20.469999,20.469999,20700
2014-12-09,19.950001,22.000000,19.610001,21.200001,21.200001,82600
2014-12-10,21.170000,21.469999,20.959999,21.260000,21.260000,44000
2014-12-11,21.040001,21.400000,21.000000,21.270000,21.270000,50500
2014-12-12,20.900000,21.510000,20.139999,20.180000,20.180000,58200
2014-12-15,20.160000,20.959999,19.700001,19.850000,19.850000,46800
2014-12-16,19.650000,20.510000,19.650000,19.910000,19.910000,31600
2014-12-17,19.879999,21.000000,19.840000,20.910000,20.910000,90200
2014-12-18,21.139999,21.139999,20.530001,21.059999,21.059999,93900
2014-12-19,21.040001,21.420000,20.610001,20.830000,20.830000,80500
2014-12-22,21.010000,21.100000,20.639999,20.980000,20.980000,37300
2014-12-23,21.000000,21.270000,20.410000,20.740000,20.740000,28900
2014-12-24,20.719999,21.240000,20.610001,20.959999,20.959999,42400
2014-12-26,20.750000,21.500000,20.469999,21.190001,21.190001,85800
2014-12-29,21.680000,22.230000,20.740000,21.000000,21.000000,63400
2014-12-30,21.180000,22.240000,20.965000,21.549999,21.549999,61100
2014-12-31,21.540001,22.190001,20.900000,21.020000,21.020000,57300
2015-01-02,21.059999,21.639999,20.799999,21.309999,21.309999,30400
2015-01-05,21.379999,21.700001,20.660000,21.219999,21.219999,44000
2015-01-06,21.410000,21.730000,19.260000,20.379999,20.379999,65800
2015-01-07,20.450001,21.400000,19.889999,21.299999,21.299999,61500
2015-01-08,21.480000,21.870001,21.049999,21.490000,21.490000,104600
2015-01-09,21.510000,21.930000,20.969999,21.260000,21.260000,29000
2015-01-12,21.160000,21.299999,20.750000,21.049999,21.049999,34200
2015-01-13,21.049999,22.190001,20.969999,21.290001,21.290001,163300
2015-01-14,21.629999,23.139999,21.070000,22.879999,22.879999,111000
2015-01-15,22.860001,24.000000,22.520000,22.670000,22.670000,237800
2015-01-16,22.680000,23.740000,22.540001,22.969999,22.969999,78300
2015-01-20,23.219999,24.719999,23.070000,24.480000,24.480000,397900
2015-01-21,24.549999,24.690001,23.950001,24.549999,24.549999,194500
2015-01-22,24.670000,24.900000,23.420000,24.490000,24.490000,230600
2015-01-23,24.350000,24.900000,23.950001,24.020000,24.020000,182000
2015-01-26,24.150000,24.600000,23.216000,24.299999,24.299999,46500
2015-01-27,24.049999,24.780001,24.049999,24.420000,24.420000,68100
2015-01-28,24.450001,24.620001,23.985001,24.430000,24.430000,90100
2015-01-29,23.809999,24.889999,23.620001,24.620001,24.620001,49900
2015-01-30,24.459999,25.110001,24.230000,24.980000,24.980000,110600
2015-02-02,25.180000,25.420000,22.799999,23.180000,23.180000,71600
2015-02-03,23.780001,23.780001,21.809999,22.469999,22.469999,59000
2015-02-04,22.240000,22.240000,20.490000,21.559999,21.559999,75200
2015-02-05,21.530001,23.820000,21.530001,23.650000,23.650000,45800
2015-02-06,23.940001,24.690001,23.340000,23.799999,23.799999,63600
2015-02-09,23.930000,24.250000,23.535000,23.799999,23.799999,38000
2015-02-10,23.549999,24.320000,23.549999,23.959999,23.959999,70700
2015-02-11,24.059999,24.910000,21.469999,23.420000,23.420000,110000
2015-02-12,23.980000,24.850000,23.264000,24.680000,24.680000,64300
2015-02-13,24.639999,24.820000,21.870001,24.490000,24.490000,77900
2015-02-17,24.660000,24.764999,23.920000,24.580000,24.580000,74500
2015-02-18,24.180000,24.740000,23.809999,24.620001,24.620001,36200
2015-02-19,24.670000,24.690001,22.660000,22.969999,22.969999,71800
2015-02-20,23.110001,23.840000,22.500000,22.730000,22.730000,34900
2015-02-23,22.719999,23.410000,22.000000,22.340000,22.340000,639300
2015-02-24,22.440001,22.450001,21.049999,21.360001,21.360001,102500
2015-02-25,21.350000,21.570000,21.190001,21.350000,21.350000,46800
2015-02-26,21.360001,21.959999,21.350000,21.690001,21.690001,39600
2015-02-27,21.879999,21.879999,20.219999,20.290001,20.290001,52200
2015-03-02,20.230000,20.844999,19.660000,20.240000,20.240000,137600
2015-03-03,20.309999,20.730000,20.000000,20.590000,20.590000,44700
2015-03-04,20.420000,21.000000,20.070000,20.400000,20.400000,45500
2015-03-05,20.820000,21.440001,20.400000,20.950001,20.950001,19300
2015-03-06,20.980000,20.980000,20.250000,20.340000,20.340000,28600
2015-03-09,20.309999,20.780001,19.750000,20.760000,20.760000,50900
2015-03-10,21.000000,22.250000,20.450001,21.770000,21.770000,41900
2015-03-11,21.920000,22.250000,21.780001,22.139999,22.139999,88000
2015-03-12,22.250000,22.250000,21.990000,22.150000,22.150000,44400
2015-03-13,22.170000,23.070000,21.990000,22.590000,22.590000,55600
2015-03-16,22.750000,22.900000,22.559999,22.730000,22.730000,48800
2015-03-17,22.990000,22.990000,22.010000,22.639999,22.639999,37100
2015-03-18,22.770000,22.850000,22.530001,22.639999,22.639999,44000
2015-03-19,22.680000,22.990000,22.280001,22.639999,22.639999,30300
2015-03-20,22.559999,22.650000,22.150000,22.430000,22.430000,37900
2015-03-23,22.330000,22.389999,20.799999,21.230000,21.230000,65700
2015-03-24,21.200001,22.165001,21.000000,21.450001,21.450001,51600
2015-03-25,21.639999,21.639999,20.000000,20.120001,20.120001,60500
2015-03-26,20.000000,20.770000,19.299999,20.200001,20.200001,56700
2015-03-27,20.190001,20.330000,19.389999,20.010000,20.010000,57700
2015-03-30,20.020000,21.080000,20.020000,20.820000,20.820000,52300
2015-03-31,20.850000,20.850000,19.700001,19.990000,19.990000,48900
2015-04-01,19.990000,20.820000,19.870001,20.690001,20.690001,65000
2015-04-02,20.665001,20.820000,20.100000,20.290001,20.290001,43300
2015-04-06,20.510000,20.990000,20.290001,20.820000,20.820000,129500
2015-04-07,20.620001,22.410000,20.620001,21.100000,21.100000,169400
2015-04-08,21.230000,22.450001,21.110001,22.120001,22.120001,185400
2015-04-09,22.340000,22.459999,21.690001,22.250000,22.250000,105500
2015-04-10,22.370001,22.990000,22.260000,22.440001,22.440001,209900
2015-04-13,22.730000,22.730000,22.309999,22.639999,22.639999,96700
2015-04-14,22.650000,22.799000,22.389999,22.719999,22.719999,74300
2015-04-15,22.900000,22.900000,22.014000,22.160000,22.160000,54500
2015-04-16,22.389999,22.389999,21.610001,21.870001,21.870001,49700
2015-04-17,21.700001,22.430000,20.990000,21.680000,21.680000,56100
2015-04-20,21.830000,21.830000,20.219999,20.910000,20.910000,65100
2015-04-21,21.129999,21.690001,20.865999,21.430000,21.430000,59800
2015-04-22,21.440001,21.450001,19.645000,20.020000,20.020000,56400
2015-04-23,20.080000,21.562000,20.080000,21.219999,21.219999,59300
2015-04-24,22.379999,22.379999,20.750000,21.740000,21.740000,57400
2015-04-27,22.020000,22.020000,19.364000,20.530001,20.530001,104600
2015-04-28,21.100000,21.100000,19.370001,20.285000,20.285000,113900
2015-04-29,20.299999,20.620001,19.799999,20.110001,20.110001,41500
2015-04-30,20.020000,20.219999,18.309999,19.139999,19.139999,129000
2015-05-01,19.160000,19.910000,18.780001,19.870001,19.870001,75900
2015-05-04,19.500000,19.600000,16.330000,16.770000,16.770000,267600
2015-05-05,17.260000,17.872000,15.700000,15.820000,15.820000,192200
2015-05-06,15.970000,17.190001,15.610000,16.730000,16.730000,204300
2015-05-07,16.750000,18.219999,16.620001,18.180000,18.180000,163500
2015-05-08,18.420000,18.730000,17.610001,18.450001,18.450001,94800
2015-05-11,18.500000,19.129999,18.000000,18.070000,18.070000,49900
2015-05-12,17.700001,18.240000,17.200001,17.900000,17.900000,121700
2015-05-13,17.959999,18.379999,17.000000,17.040001,17.040001,53900
2015-05-14,17.059999,17.360001,16.620001,16.910000,16.910000,50000
2015-05-15,16.790001,17.836000,16.299999,17.309999,17.309999,65400
2015-05-18,17.330000,18.430000,16.930000,18.360001,18.360001,104200
2015-05-19,18.280001,18.944000,17.520000,18.100000,18.100000,81100
2015-05-20,18.410000,19.455000,17.556999,19.059999,19.059999,89600
2015-05-21,19.049999,19.200001,18.540001,19.170000,19.170000,61600
2015-05-22,19.090000,19.180000,18.219999,19.090000,19.090000,43100
2015-05-26,18.900000,20.230000,18.815001,19.639999,19.639999,161300
2015-05-27,19.770000,20.209999,19.545000,20.000000,20.000000,76900
2015-05-28,20.000000,20.200001,19.260000,19.920000,19.920000,47200
2015-05-29,19.950001,20.194000,19.639999,20.049999,20.049999,114100
2015-06-01,20.000000,20.150000,19.040001,19.500000,19.500000,67100
2015-06-02,19.379999,19.698000,19.080000,19.200001,19.200001,34000
2015-06-03,19.160000,19.586000,18.799999,19.270000,19.270000,56900
2015-06-04,19.129999,19.190001,18.360001,18.840000,18.840000,34300
2015-06-05,18.690001,19.090000,18.520000,19.010000,19.010000,42000
2015-06-08,18.889999,19.090000,18.410000,18.770000,18.770000,25500
2015-06-09,18.719999,18.870001,18.260000,18.680000,18.680000,32400
2015-06-10,18.690001,19.840000,18.680000,19.540001,19.540001,33400
2015-06-11,19.580000,19.700001,18.889999,19.000000,19.000000,61900
2015-06-12,18.910000,18.980000,18.455000,18.799999,18.799999,47700
2015-06-15,18.590000,19.930000,18.400000,19.770000,19.770000,37100
2015-06-16,19.570000,19.750000,18.219999,18.389999,18.389999,145100
2015-06-17,18.480000,18.860001,17.850000,18.160000,18.160000,41300
2015-06-18,18.480000,19.080000,18.450001,18.790001,18.790001,53500
2015-06-19,18.870001,19.120001,17.750000,17.799999,17.799999,55700
2015-06-22,17.920000,18.809999,16.610001,17.590000,17.590000,111100
2015-06-23,17.660000,18.200001,16.790001,16.840000,16.840000,75000
2015-06-24,16.820000,17.139999,16.240000,16.450001,16.450001,50900
2015-06-25,16.459999,16.690001,15.510000,15.570000,15.570000,87100
2015-06-26,15.690000,16.090000,15.220000,15.530000,15.530000,426200
2015-06-29,15.040000,15.470000,14.400000,14.520000,14.520000,96300
2015-06-30,14.620000,15.360000,14.620000,15.340000,15.340000,57700
2015-07-01,15.600000,16.590000,15.530000,16.260000,16.260000,100500
2015-07-02,18.910000,20.100000,18.209999,19.030001,19.030001,3389700
2015-07-06,19.100000,20.040001,19.100000,19.420000,19.420000,441500
2015-07-07,19.400000,19.540001,17.700001,18.680000,18.680000,340700
2015-07-08,18.230000,18.620001,17.610001,18.020000,18.020000,153800
2015-07-09,18.299999,18.900000,18.030001,18.219999,18.219999,112100
2015-07-10,18.660000,18.660000,17.290001,17.820000,17.820000,111700
2015-07-13,17.660000,19.900000,17.000000,19.500000,19.500000,317000
2015-07-14,19.799999,20.049999,18.694000,18.900000,18.900000,212900
2015-07-15,19.170000,19.604000,18.139999,18.370001,18.370001,200900
2015-07-16,18.440001,19.500000,18.420000,19.080000,19.080000,119300
2015-07-17,19.000000,19.325001,18.879999,19.150000,19.150000,182400
2015-07-20,19.280001,19.490000,18.400000,18.520000,18.520000,67300
2015-07-21,18.610001,18.740000,18.080000,18.480000,18.480000,74600
2015-07-22,18.680000,18.889999,18.309999,18.709999,18.709999,125400
2015-07-23,18.650000,19.290001,18.160000,18.389999,18.389999,75200
2015-07-24,18.290001,18.700001,17.400000,17.799999,17.799999,108600
2015-07-27,17.510000,17.790001,17.000000,17.410000,17.410000,83400
2015-07-28,17.400000,18.490000,17.170000,18.180000,18.180000,81200
2015-07-29,18.200001,18.430000,17.709999,18.250000,18.250000,64000
2015-07-30,18.200001,18.240000,17.730000,18.160000,18.160000,65100
2015-07-31,18.290001,18.840000,18.040001,18.459999,18.459999,51100
2015-08-03,18.820000,19.000000,18.200001,18.610001,18.610001,105900
2015-08-04,18.530001,18.930000,18.000000,18.379999,18.379999,45900
2015-08-05,18.420000,18.750000,17.850000,17.910000,17.910000,56900
2015-08-06,17.879999,17.879999,17.260000,17.610001,17.610001,96600
2015-08-07,17.389999,17.422001,15.800000,16.889999,16.889999,113400
2015-08-10,17.100000,18.030001,16.770000,17.809999,17.809999,94700
2015-08-11,17.750000,18.180000,17.389999,17.650000,17.650000,62400
2015-08-12,17.410000,17.799999,17.049999,17.600000,17.600000,92200
2015-08-13,17.459999,17.650000,16.040001,16.200001,16.200001,94700
2015-08-14,16.070000,16.905001,15.200000,15.640000,15.640000,63300
2015-08-17,15.510000,16.200001,15.500000,15.870000,15.870000,40900
2015-08-18,15.820000,17.750000,15.210000,15.800000,15.800000,174700
2015-08-19,15.690000,16.059999,14.900000,15.510000,15.510000,87300
2015-08-20,16.129999,16.299999,14.970000,14.980000,14.980000,165800
2015-08-21,14.500000,16.299999,14.500000,15.740000,15.740000,182400
2015-08-24,14.890000,15.900000,14.500000,15.120000,15.120000,107000
2015-08-25,15.740000,16.549999,14.800000,14.960000,14.960000,178000
2015-08-26,15.410000,16.113001,14.450000,15.480000,15.480000,200400
2015-08-27,15.800000,15.905000,14.800000,15.900000,15.900000,101200
2015-08-28,15.760000,16.770000,15.700000,16.690001,16.690001,61300
2015-08-31,16.440001,16.580000,16.150000,16.430000,16.430000,43800
2015-09-01,16.090000,16.389999,15.570000,15.680000,15.680000,89400
2015-09-02,15.790000,16.600000,15.530000,16.559999,16.559999,76900
2015-09-03,16.600000,16.799999,16.010000,16.209999,16.209999,66700
2015-09-04,15.890000,16.389999,15.642000,16.280001,16.280001,22900
2015-09-08,16.540001,17.230000,16.290001,16.959999,16.959999,67200
2015-09-09,17.030001,17.110001,15.100000,15.280000,15.280000,172600
2015-09-10,15.240000,15.670000,14.980000,15.510000,15.510000,95900
2015-09-11,15.020000,15.110000,13.700000,13.880000,13.880000,297800
2015-09-14,13.920000,14.490000,13.517000,14.430000,14.430000,88700
2015-09-15,14.410000,15.000000,14.230000,14.720000,14.720000,261600
2015-09-16,14.680000,14.940000,14.250000,14.830000,14.830000,155000
2015-09-17,14.720000,15.899000,14.580000,15.840000,15.840000,214800
2015-09-18,15.610000,16.415001,15.240000,15.860000,15.860000,265500
2015-09-21,15.940000,16.350000,14.630000,14.980000,14.980000,151800
2015-09-22,14.680000,14.955000,13.530000,13.950000,13.950000,250600
2015-09-23,14.020000,14.080000,13.320000,13.490000,13.490000,94000
2015-09-24,13.390000,13.870000,12.690000,13.800000,13.800000,200900
2015-09-25,13.830000,13.830000,12.470000,13.000000,13.000000,199500
2015-09-28,13.000000,13.350000,12.430000,12.810000,12.810000,213600
2015-09-29,12.850000,13.380000,12.480000,12.850000,12.850000,153500
2015-09-30,13.050000,13.890000,12.770000,13.140000,13.140000,114000
2015-10-01,13.050000,13.330000,12.740000,12.860000,12.860000,123000
2015-10-02,12.590000,13.650000,12.107000,13.040000,13.040000,72100
2015-10-05,13.600000,14.200000,13.410000,13.640000,13.640000,402300
2015-10-06,13.540000,13.540000,12.280000,12.770000,12.770000,164700
2015-10-07,12.570000,13.660000,11.910000,13.020000,13.020000,222300
2015-10-08,13.130000,13.140000,12.580000,12.920000,12.920000,134500
2015-10-09,12.990000,13.425000,12.950000,13.270000,13.270000,107200
2015-10-12,13.130000,13.430000,12.900000,13.140000,13.140000,95100
2015-10-13,12.960000,13.310000,12.610000,12.740000,12.740000,67800
2015-10-14,12.860000,13.230000,12.514000,12.780000,12.780000,43300
2015-10-15,12.700000,13.340000,12.700000,13.220000,13.220000,93000
2015-10-16,13.300000,13.350000,12.720000,13.070000,13.070000,186200
2015-10-19,13.070000,13.305000,12.440000,12.930000,12.930000,134000
2015-10-20,12.930000,12.950000,12.480000,12.670000,12.670000,84900
2015-10-21,12.720000,12.850000,12.200000,12.650000,12.650000,62400
2015-10-22,12.750000,13.200000,11.990000,12.560000,12.560000,96700
2015-10-23,12.810000,12.930000,12.340000,12.520000,12.520000,81100
2015-10-26,12.430000,12.720000,12.070000,12.350000,12.350000,75000
2015-10-27,12.330000,12.530000,12.260000,12.410000,12.410000,120800
2015-10-28,12.490000,12.570000,12.020000,12.190000,12.190000,147400
2015-10-29,12.180000,12.350000,12.040000,12.200000,12.200000,99800
2015-10-30,12.260000,12.373000,11.720000,12.000000,12.000000,110400
2015-11-02,12.000000,13.180000,12.000000,13.030000,13.030000,98900
2015-11-03,12.950000,13.330000,12.810000,13.080000,13.080000,117400
2015-11-04,13.080000,13.870000,12.790000,13.790000,13.790000,132900
2015-11-05,13.750000,13.750000,12.810000,13.190000,13.190000,98800
2015-11-06,11.670000,13.170000,10.890000,13.020000,13.020000,144300
2015-11-09,12.940000,14.000000,12.420000,13.810000,13.810000,60800
2015-11-10,13.750000,15.820000,13.750000,15.340000,15.340000,178100
2015-11-11,15.470000,15.705000,14.370000,15.050000,15.050000,128400
2015-11-12,14.910000,16.150000,14.860000,15.350000,15.350000,277200
2015-11-13,15.360000,16.139999,14.750000,15.920000,15.920000,164600
2015-11-16,15.850000,16.080000,15.550000,16.000000,16.000000,131700
2015-11-17,16.090000,16.590000,15.460000,15.900000,15.900000,266800
2015-11-18,15.910000,16.799999,15.910000,16.770000,16.770000,207600
2015-11-19,16.830000,17.055000,15.570000,16.059999,16.059999,171900
2015-11-20,16.230000,16.730000,15.920000,16.629999,16.629999,87100
2015-11-23,16.600000,17.040001,15.490000,16.170000,16.170000,143000
2015-11-24,16.139999,16.750000,16.084999,16.450001,16.450001,105000
2015-11-25,16.360001,16.700001,16.280001,16.639999,16.639999,123300
2015-11-27,16.620001,16.809999,16.500000,16.660000,16.660000,78200
2015-11-30,16.670000,17.250000,16.105000,17.040001,17.040001,253100
2015-12-01,17.059999,17.520000,16.719999,17.090000,17.090000,239400
2015-12-02,17.030001,17.719999,16.870001,17.170000,17.170000,144200
2015-12-03,17.270000,17.400000,16.549999,16.940001,16.940001,165100
2015-12-04,17.650000,17.910000,17.059999,17.129999,17.129999,217700
2015-12-07,16.980000,17.260000,16.200001,16.670000,16.670000,153700
2015-12-08,16.540001,17.330000,16.110001,17.139999,17.139999,177200
2015-12-09,17.209999,17.209999,15.690000,15.990000,15.990000,204700
2015-12-10,15.980000,16.615000,15.380000,16.250000,16.250000,153600
2015-12-11,16.030001,16.370001,15.860000,16.190001,16.190001,233600
2015-12-14,16.240000,16.900000,15.950000,16.379999,16.379999,267200
2015-12-15,16.549999,17.530001,16.040001,17.180000,17.180000,287600
2015-12-16,17.450001,17.950001,17.365000,17.860001,17.860001,235500
2015-12-17,18.000000,18.430000,17.510000,18.070000,18.070000,183900
2015-12-18,18.250000,19.240000,17.900000,17.940001,17.940001,906500
2015-12-21,18.209999,19.955000,17.805000,19.469999,19.469999,368000
2015-12-22,19.530001,19.580000,18.950001,19.480000,19.480000,322700
2015-12-23,19.709999,20.700001,19.590000,20.430000,20.430000,298300
2015-12-24,20.370001,20.950001,20.129999,20.340000,20.340000,35700
2015-12-28,20.400000,21.270000,20.139999,21.139999,21.139999,149600
2015-12-29,21.240000,21.430000,20.430000,20.860001,20.860001,82800
2015-12-30,20.790001,21.180000,20.059999,20.270000,20.270000,142600
2015-12-31,20.209999,20.754999,20.070000,20.400000,20.400000,94300
2016-01-04,20.070000,20.129999,19.129999,19.799999,19.799999,237800
2016-01-05,19.870001,19.990000,19.490000,19.830000,19.830000,143800
2016-01-06,19.750000,19.750000,18.660000,19.230000,19.230000,129600
2016-01-07,19.000000,19.010000,17.360001,17.420000,17.420000,230100
2016-01-08,17.600000,17.840000,16.660000,17.010000,17.010000,240500
2016-01-11,17.030001,17.155001,15.535000,16.010000,16.010000,232100
2016-01-12,16.000000,16.569000,15.430000,15.840000,15.840000,159500
2016-01-13,16.500000,16.584999,14.490000,14.620000,14.620000,121200
2016-01-14,14.640000,15.180000,13.650000,14.720000,14.720000,366800
2016-01-15,14.270000,15.600000,13.960000,15.550000,15.550000,157800
2016-01-19,15.700000,15.700000,14.050000,14.420000,14.420000,169000
2016-01-20,14.380000,15.530000,14.040000,15.380000,15.380000,192800
2016-01-21,15.490000,15.870000,14.900000,15.010000,15.010000,90500
2016-01-22,15.360000,15.860000,14.770000,15.830000,15.830000,101700
2016-01-25,15.710000,16.410000,15.710000,16.110001,16.110001,131800
2016-01-26,16.250000,16.389999,14.630000,15.910000,15.910000,73700
2016-01-27,15.900000,15.970000,14.950000,15.070000,15.070000,74800
2016-01-28,15.140000,15.750000,14.100000,14.560000,14.560000,138000
2016-01-29,14.560000,15.250000,14.280000,14.610000,14.610000,107000
2016-02-01,14.580000,14.760000,13.870000,14.660000,14.660000,132300
2016-02-02,14.540000,15.180000,14.110000,14.740000,14.740000,76500
2016-02-03,14.800000,14.800000,13.840000,14.360000,14.360000,71400
2016-02-04,14.250000,15.430000,14.140000,14.460000,14.460000,58000
2016-02-05,14.290000,14.700000,13.560000,14.150000,14.150000,90400
2016-02-08,13.910000,14.666000,12.650000,13.100000,13.100000,95800
2016-02-09,13.230000,14.610000,11.135000,12.060000,12.060000,297400
2016-02-10,12.120000,13.010000,12.120000,12.320000,12.320000,159400
2016-02-11,12.050000,13.150000,11.620000,12.930000,12.930000,90000
2016-02-12,13.140000,13.650000,12.390000,13.550000,13.550000,127300
2016-02-16,13.860000,14.300000,13.770000,13.940000,13.940000,103800
2016-02-17,14.000000,14.540000,13.910000,14.400000,14.400000,352200
2016-02-18,14.500000,14.700000,14.110000,14.380000,14.380000,176700
2016-02-19,14.310000,14.830000,14.020000,14.750000,14.750000,81400
2016-02-22,14.890000,15.620000,14.680000,15.200000,15.200000,114900
2016-02-23,15.010000,15.420000,14.540000,14.550000,14.550000,116300
2016-02-24,14.290000,15.030000,13.660000,14.850000,14.850000,61600
2016-02-25,14.870000,15.280000,13.740000,13.990000,13.990000,205800
2016-02-26,14.060000,14.500000,14.030000,14.210000,14.210000,124700
2016-02-29,14.190000,14.490000,13.240000,13.270000,13.270000,183000
2016-03-01,13.320000,14.170000,13.025000,13.970000,13.970000,280700
2016-03-02,13.990000,14.650000,13.770000,14.560000,14.560000,142000
2016-03-03,14.560000,15.160000,14.140000,14.460000,14.460000,113300
2016-03-04,14.450000,14.480000,14.000000,14.130000,14.130000,96000
2016-03-07,14.110000,14.985000,14.050000,14.760000,14.760000,62100
2016-03-08,14.640000,14.650000,13.830000,13.990000,13.990000,125700
2016-03-09,14.110000,14.390000,13.410000,14.280000,14.280000,127900
2016-03-10,14.320000,14.750000,13.590000,13.920000,13.920000,106400
2016-03-11,14.000000,14.410000,13.850000,14.200000,14.200000,78800
2016-03-14,14.100000,14.540000,14.100000,14.430000,14.430000,94500
2016-03-15,14.200000,14.200000,13.220000,13.420000,13.420000,106000
2016-03-16,13.470000,13.840000,13.150000,13.300000,13.300000,71500
2016-03-17,13.320000,13.570000,12.816000,13.380000,13.380000,85400
2016-03-18,13.590000,13.960000,13.205000,13.750000,13.750000,222300
2016-03-21,13.590000,14.470000,13.590000,14.370000,14.370000,179900
2016-03-22,14.370000,14.775000,14.015000,14.310000,14.310000,116300
2016-03-23,14.390000,14.460000,13.670000,13.820000,13.820000,86300
2016-03-24,13.750000,14.200000,13.470000,13.700000,13.700000,72300
2016-03-28,13.890000,14.055000,13.500000,13.550000,13.550000,117900
2016-03-29,13.520000,14.060000,13.250000,13.960000,13.960000,176400
2016-03-30,14.160000,14.430000,13.700000,13.800000,13.800000,268600
2016-03-31,13.660000,14.250000,13.325000,13.980000,13.980000,418900
2016-04-01,13.730000,14.570000,13.530000,14.550000,14.550000,238100
2016-04-04,14.540000,16.516001,14.370000,16.240000,16.240000,187800
2016-04-05,16.090000,16.340000,15.490000,15.750000,15.750000,143900
2016-04-06,15.800000,17.010000,15.785000,16.879999,16.879999,141700
2016-04-07,16.830000,17.070000,15.610000,15.870000,15.870000,207500
2016-04-08,16.209999,16.260000,15.460000,15.850000,15.850000,132800
2016-04-11,16.059999,16.240000,15.530000,15.660000,15.660000,72600
2016-04-12,15.880000,16.299999,15.520000,16.150000,16.150000,86200
2016-04-13,16.410000,17.170000,16.280001,17.170000,17.170000,200900
2016-04-14,17.230000,17.230000,16.650000,16.719999,16.719999,87300
2016-04-15,16.809999,17.170000,16.360001,17.070000,17.070000,62600
2016-04-18,16.920000,17.350000,16.490000,17.059999,17.059999,69900
2016-04-19,17.049999,17.049999,15.950000,16.570000,16.570000,94600
2016-04-20,16.600000,16.840000,16.070000,16.410000,16.410000,45500
2016-04-21,16.600000,17.219999,16.440001,17.010000,17.010000,98900
2016-04-22,17.129999,18.160000,16.870001,18.160000,18.160000,112100
2016-04-25,18.240000,18.250000,17.400000,17.440001,17.440001,119700
2016-04-26,17.500000,17.500000,16.680000,16.809999,16.809999,86100
2016-04-27,16.770000,19.860001,15.935000,16.090000,16.090000,108200
2016-04-28,16.120001,16.309999,15.820000,16.190001,16.190001,228400
2016-04-29,16.080000,16.500000,15.460000,15.710000,15.710000,65300
2016-05-02,15.750000,16.556999,14.750000,15.550000,15.550000,135400
2016-05-03,15.540000,15.540000,14.860000,14.970000,14.970000,67100
2016-05-04,14.940000,15.540000,14.560000,14.690000,14.690000,91600
2016-05-05,14.950000,15.180000,14.150000,14.420000,14.420000,148200
2016-05-06,14.500000,14.610000,14.030000,14.260000,14.260000,151800
2016-05-09,14.390000,14.440000,14.080000,14.200000,14.200000,181600
2016-05-10,15.920000,15.920000,13.890000,14.050000,14.050000,187800
2016-05-11,14.040000,14.590000,13.560000,13.810000,13.810000,112700
2016-05-12,13.950000,14.090000,13.340000,13.720000,13.720000,118300
2016-05-13,13.630000,15.000000,13.630000,14.640000,14.640000,177200
2016-05-16,14.700000,15.160000,14.700000,15.020000,15.020000,78600
2016-05-17,14.900000,15.220000,14.400000,14.660000,14.660000,100200
2016-05-18,14.650000,15.850000,14.650000,15.670000,15.670000,131900
2016-05-19,15.610000,15.770000,15.030000,15.120000,15.120000,56700
2016-05-20,15.230000,15.630000,15.230000,15.580000,15.580000,38300
2016-05-23,15.710000,16.200001,15.710000,15.970000,15.970000,109700
2016-05-24,16.059999,16.360001,15.690000,16.290001,16.290001,76400
2016-05-25,16.450001,16.840000,16.190001,16.280001,16.280001,63700
2016-05-26,16.180000,16.240000,15.930000,16.100000,16.100000,20300
2016-05-27,16.000000,16.600000,16.000000,16.520000,16.520000,38500
2016-05-31,16.620001,17.245001,16.620001,17.200001,17.200001,62300
2016-06-01,17.120001,17.200001,16.400000,16.620001,16.620001,85800
2016-06-02,16.620001,17.410000,16.469999,17.379999,17.379999,139200
2016-06-03,17.340000,17.350000,16.760000,16.950001,16.950001,116800
2016-06-06,17.090000,17.350000,16.760000,17.049999,17.049999,78900
2016-06-07,16.900000,17.000000,16.330000,16.610001,16.610001,119900
2016-06-08,16.309999,16.459999,15.760000,16.080000,16.080000,107500
2016-06-09,16.030001,16.270000,15.130000,16.000000,16.000000,143900
2016-06-10,15.900000,16.080000,15.420000,15.490000,15.490000,40500
2016-06-13,15.250000,15.800000,15.140000,15.470000,15.470000,98900
2016-06-14,15.480000,15.510000,14.910000,15.230000,15.230000,71100
2016-06-15,15.340000,15.880000,14.920000,15.680000,15.680000,81300
2016-06-16,15.620000,15.650000,15.150000,15.570000,15.570000,61900
2016-06-17,15.570000,15.614000,14.240000,14.430000,14.430000,152500
2016-06-20,14.730000,14.835000,14.460000,14.620000,14.620000,89700
2016-06-21,14.750000,14.840000,14.200000,14.350000,14.350000,69200
2016-06-22,14.530000,14.790000,13.860000,14.100000,14.100000,237600
2016-06-23,14.330000,14.350000,13.900000,14.330000,14.330000,157600
2016-06-24,13.750000,14.060000,13.320000,13.640000,13.640000,552400
2016-06-27,13.320000,13.530000,12.760000,12.960000,12.960000,110800
2016-06-28,13.180000,13.600000,13.130000,13.430000,13.430000,57400
2016-06-29,13.680000,14.490000,13.600000,14.240000,14.240000,165000
2016-06-30,14.240000,14.370000,14.000000,14.130000,14.130000,65100
2016-07-01,14.170000,15.020000,14.170000,14.970000,14.970000,151700
2016-07-05,14.750000,14.900000,14.490000,14.720000,14.720000,59200
2016-07-06,14.540000,15.580000,14.440000,15.410000,15.410000,71600
2016-07-07,15.470000,15.700000,15.180000,15.570000,15.570000,54900
2016-07-08,15.650000,15.980000,15.500000,15.810000,15.810000,67700
2016-07-11,16.040001,16.209999,15.780000,15.970000,15.970000,105600
2016-07-12,16.100000,16.450001,15.870000,15.990000,15.990000,102800
2016-07-13,16.139999,16.570000,15.490000,15.550000,15.550000,71100
2016-07-14,15.730000,16.299999,15.080000,15.160000,15.160000,114700
2016-07-15,15.270000,15.840000,15.270000,15.690000,15.690000,72300
2016-07-18,15.700000,15.960000,15.560000,15.640000,15.640000,71700
2016-07-19,15.610000,16.365000,15.214000,15.390000,15.390000,41700
2016-07-20,15.460000,16.240000,15.180000,15.720000,15.720000,83900
2016-07-21,15.840000,16.170000,15.580000,15.640000,15.640000,73200
2016-07-22,15.730000,15.940000,15.520000,15.690000,15.690000,45500
2016-07-25,15.720000,16.040001,15.090000,15.440000,15.440000,59200
2016-07-26,15.410000,15.775000,15.050000,15.180000,15.180000,112500
2016-07-27,15.290000,15.750000,15.290000,15.570000,15.570000,77900
2016-07-28,15.630000,16.049999,14.730000,15.180000,15.180000,53800
2016-07-29,15.180000,15.180000,14.761000,15.030000,15.030000,110700
2016-08-01,15.100000,15.560000,15.000000,15.250000,15.250000,56900
2016-08-02,15.320000,16.080000,14.640000,14.940000,14.940000,54600
2016-08-03,14.990000,15.660000,14.990000,15.510000,15.510000,47000
2016-08-04,15.560000,17.000000,15.200000,15.250000,15.250000,85900
2016-08-05,15.360000,15.800000,15.320000,15.630000,15.630000,57900
2016-08-08,15.670000,16.049999,15.100000,15.200000,15.200000,50500
2016-08-09,15.250000,16.620001,14.950000,16.010000,16.010000,264400
2016-08-10,15.970000,16.350000,15.020000,15.100000,15.100000,94200
2016-08-11,15.080000,15.310000,15.010000,15.230000,15.230000,57600
2016-08-12,15.150000,15.630000,15.144000,15.400000,15.400000,66100
2016-08-15,15.410000,15.780000,15.120000,15.220000,15.220000,76300
2016-08-16,15.230000,15.470000,15.100000,15.230000,15.230000,44000
2016-08-17,15.260000,15.260000,15.020000,15.130000,15.130000,35300
2016-08-18,15.140000,15.250000,14.670000,14.830000,14.830000,57200
2016-08-19,14.810000,15.140000,14.480000,14.560000,14.560000,37800
2016-08-22,14.330000,15.020000,14.330000,14.820000,14.820000,61400
2016-08-23,14.770000,15.030000,14.500000,14.630000,14.630000,29500
2016-08-24,14.570000,14.800000,13.390000,13.580000,13.580000,76300
2016-08-25,13.570000,13.830000,13.010000,13.300000,13.300000,67700
2016-08-26,13.350000,13.620000,13.050000,13.220000,13.220000,53500
2016-08-29,13.250000,13.340000,12.730000,13.270000,13.270000,118800
2016-08-30,13.210000,13.360000,13.110000,13.310000,13.310000,52900
2016-08-31,13.310000,13.310000,12.630000,12.780000,12.780000,120000
2016-09-01,12.820000,12.860000,12.470000,12.660000,12.660000,37200
2016-09-02,12.710000,12.750000,12.011000,12.530000,12.530000,70800
2016-09-06,12.530000,12.953000,12.530000,12.850000,12.850000,46700
2016-09-07,12.880000,13.350000,12.700000,13.010000,13.010000,101300
2016-09-08,13.060000,13.300000,12.770000,13.040000,13.040000,89800
2016-09-09,13.010000,13.110000,12.370000,12.370000,12.370000,65400
2016-09-12,12.690000,13.330000,12.550000,13.190000,13.190000,172800
2016-09-13,9.080000,9.500000,8.770000,9.000000,9.000000,2186400
2016-09-14,9.050000,9.120000,8.500000,8.840000,8.840000,626600
2016-09-15,8.680000,8.930000,8.590000,8.620000,8.620000,556500
2016-09-16,8.600000,9.100000,8.580000,8.920000,8.920000,503300
2016-09-19,9.000000,9.080000,8.580000,8.580000,8.580000,318700
2016-09-20,8.690000,9.020000,8.520000,8.820000,8.820000,348900
2016-09-21,9.000000,9.070000,8.665000,8.890000,8.890000,320800
2016-09-22,9.000000,9.050000,8.750000,8.890000,8.890000,149000
2016-09-23,8.890000,9.030000,8.660000,8.960000,8.960000,384400
2016-09-26,9.140000,9.250000,8.860000,8.910000,8.910000,397900
2016-09-27,8.990000,9.350000,8.970000,9.210000,9.210000,333500
2016-09-28,9.310000,9.740000,9.260000,9.610000,9.610000,538000
2016-09-29,9.650000,9.940000,9.310000,9.880000,9.880000,411600
2016-09-30,9.910000,9.920000,9.630000,9.780000,9.780000,171100
2016-10-03,9.720000,10.200000,9.530000,10.040000,10.040000,320000
2016-10-04,10.000000,10.130000,9.850000,9.980000,9.980000,273600
2016-10-05,10.220000,10.330000,9.760000,10.180000,10.180000,245200
2016-10-06,10.120000,10.200000,10.000000,10.070000,10.070000,268400
2016-10-07,10.050000,10.120000,9.320000,9.450000,9.450000,203000
2016-10-10,9.550000,9.800000,9.270000,9.600000,9.600000,237500
2016-10-11,9.540000,9.836000,9.180000,9.350000,9.350000,102700
2016-10-12,9.400000,9.500000,8.640000,8.680000,8.680000,194300
2016-10-13,8.640000,8.640000,8.290000,8.550000,8.550000,219000
2016-10-14,8.590000,8.637000,8.230000,8.330000,8.330000,171400
2016-10-17,8.250000,8.400000,8.150000,8.300000,8.300000,221800
2016-10-18,8.400000,8.900000,8.200000,8.700000,8.700000,153900
2016-10-19,8.750000,8.900000,8.350000,8.700000,8.700000,164300
2016-10-20,8.750000,9.075000,8.555000,9.000000,9.000000,272200
2016-10-21,8.900000,8.900000,8.250000,8.250000,8.250000,134000
2016-10-24,8.400000,8.400000,8.075000,8.200000,8.200000,134600
2016-10-25,8.300000,8.300000,8.050000,8.100000,8.100000,100900
2016-10-26,8.100000,8.100000,7.800000,7.950000,7.950000,243400
2016-10-27,8.000000,8.050000,7.400000,7.500000,7.500000,144400
2016-10-28,7.450000,7.550000,7.150000,7.400000,7.400000,111000
2016-10-31,7.400000,7.400000,7.100000,7.150000,7.150000,80300
2016-11-01,7.150000,7.200000,6.650000,6.850000,6.850000,140100
2016-11-02,6.850000,6.900000,6.550000,6.550000,6.550000,83500
2016-11-03,6.550000,6.700000,6.350000,6.350000,6.350000,137000
2016-11-04,6.400000,6.750000,6.400000,6.600000,6.600000,108200
2016-11-07,6.850000,7.350000,6.800000,7.200000,7.200000,132100
2016-11-08,7.150000,7.200000,6.900000,7.050000,7.050000,122200
2016-11-09,8.000000,9.300000,7.700000,9.150000,9.150000,524300
2016-11-10,9.300000,9.950000,9.200000,9.400000,9.400000,331600
2016-11-11,9.350000,10.000000,9.250000,9.850000,9.850000,245100
2016-11-14,10.000000,10.650000,9.700000,10.550000,10.550000,309500
2016-11-15,10.600000,10.850000,10.050000,10.100000,10.100000,235500
2016-11-16,10.150000,10.250000,9.250000,9.350000,9.350000,189900
2016-11-17,9.450000,10.050000,9.330000,9.600000,9.600000,133500
2016-11-18,9.850000,10.400000,9.750000,10.050000,10.050000,147700
2016-11-21,10.150000,10.200000,9.675000,9.950000,9.950000,122900
2016-11-22,10.050000,10.100000,9.500000,9.700000,9.700000,88300
2016-11-23,9.500000,10.000000,9.350000,9.850000,9.850000,83700
2016-11-25,10.000000,10.000000,9.550000,9.900000,9.900000,30300
2016-11-28,9.900000,9.900000,9.150000,9.200000,9.200000,149500
2016-11-29,9.300000,9.650000,9.100000,9.500000,9.500000,97100
2016-11-30,9.650000,9.800000,9.050000,9.200000,9.200000,56400
2016-12-01,9.200000,9.450000,8.700000,8.700000,8.700000,91400
2016-12-02,8.600000,9.000000,8.550000,8.950000,8.950000,77700
2016-12-05,9.250000,9.500000,8.800000,9.500000,9.500000,107900
2016-12-06,9.450000,9.500000,9.000000,9.450000,9.450000,85700
2016-12-07,9.300000,9.500000,8.950000,9.100000,9.100000,87800
2016-12-08,9.250000,9.700000,9.050000,9.475000,9.475000,116300
2016-12-09,9.550000,9.775000,9.350000,9.500000,9.500000,117500
2016-12-12,9.400000,9.650000,9.200000,9.500000,9.500000,93000
2016-12-13,9.650000,9.900000,9.525000,9.600000,9.600000,105300
2016-12-14,9.600000,9.800000,9.200000,9.450000,9.450000,99900
2016-12-15,9.450000,9.650000,8.950000,9.250000,9.250000,124700
2016-12-16,9.250000,9.550000,8.700000,8.750000,8.750000,761300
2016-12-19,8.700000,9.500000,8.700000,9.250000,9.250000,158900
2016-12-20,9.250000,9.650000,9.200000,9.600000,9.600000,107500
2016-12-21,9.550000,9.700000,9.400000,9.500000,9.500000,61100
2016-12-22,9.450000,9.600000,9.350000,9.500000,9.500000,68100
2016-12-23,9.450000,9.950000,9.400000,9.950000,9.950000,54200
2016-12-27,10.000000,10.150000,9.700000,9.900000,9.900000,76200
2016-12-28,9.900000,10.000000,9.700000,9.850000,9.850000,51900
2016-12-29,9.850000,9.950000,9.500000,9.850000,9.850000,53800
2016-12-30,9.900000,9.950000,9.275000,9.350000,9.350000,106800
2017-01-03,9.450000,9.750000,9.100000,9.550000,9.550000,128600
2017-01-04,9.750000,10.000000,9.450000,9.700000,9.700000,146100
2017-01-05,9.750000,9.750000,9.400000,9.650000,9.650000,50900
2017-01-06,9.750000,9.900000,9.400000,9.450000,9.450000,47100
2017-01-09,9.600000,9.950000,9.400000,9.750000,9.750000,57700
2017-01-10,9.850000,10.150000,9.700000,10.050000,10.050000,124200
2017-01-11,10.050000,10.150000,9.225000,9.500000,9.500000,113900
2017-01-12,9.500000,9.600000,9.100000,9.250000,9.250000,112700
2017-01-13,9.300000,9.600000,9.300000,9.400000,9.400000,71500
2017-01-17,9.250000,9.250000,8.850000,8.950000,8.950000,93600
2017-01-18,9.000000,9.250000,8.600000,8.750000,8.750000,128400
2017-01-19,8.750000,8.950000,8.600000,8.750000,8.750000,97700
2017-01-20,8.850000,9.450000,8.350000,8.500000,8.500000,129500
2017-01-23,8.500000,8.650000,8.300000,8.400000,8.400000,112300
2017-01-24,8.450000,8.500000,8.050000,8.100000,8.100000,97500
2017-01-25,8.250000,8.550000,8.084000,8.350000,8.350000,154500
2017-01-26,8.300000,8.550000,8.100000,8.150000,8.150000,72300
2017-01-27,8.250000,8.400000,8.050000,8.150000,8.150000,54000
2017-01-30,8.200000,8.200000,7.350000,7.400000,7.400000,144500
2017-01-31,7.300000,7.450000,7.100000,7.250000,7.250000,392600
2017-02-01,7.400000,7.450000,7.200000,7.200000,7.200000,159300
2017-02-02,7.200000,7.300000,7.100000,7.200000,7.200000,94700
2017-02-03,7.200000,7.300000,6.900000,6.900000,6.900000,126300
2017-02-06,6.950000,7.100000,6.850000,6.900000,6.900000,269300
2017-02-07,6.900000,7.050000,6.400000,6.450000,6.450000,244000
2017-02-08,6.350000,7.200000,6.075000,6.400000,6.400000,376600
2017-02-09,6.500000,7.180000,6.400000,6.850000,6.850000,345100
2017-02-10,6.950000,7.750000,6.950000,7.300000,7.300000,306000
2017-02-13,7.400000,7.600000,7.050000,7.150000,7.150000,232500
2017-02-14,7.300000,7.375000,6.700000,7.200000,7.200000,228100
2017-02-15,7.200000,7.550000,7.100000,7.150000,7.150000,167600
2017-02-16,7.150000,8.000000,7.000000,7.950000,7.950000,505500
2017-02-17,7.950000,8.300000,7.950000,8.100000,8.100000,258600
2017-02-21,8.200000,8.250000,7.850000,7.900000,7.900000,185000
2017-02-22,7.850000,7.950000,7.450000,7.500000,7.500000,183400
2017-02-23,7.500000,7.650000,7.325000,7.400000,7.400000,226200
2017-02-24,7.300000,7.434000,7.050000,7.250000,7.250000,198600
2017-02-27,7.300000,8.050000,7.300000,7.950000,7.950000,174500
2017-02-28,7.900000,8.000000,7.650000,7.750000,7.750000,150800
2017-03-01,7.900000,7.950000,7.620000,7.750000,7.750000,144700
2017-03-02,7.850000,8.250000,7.650000,8.100000,8.100000,173500
2017-03-03,8.150000,8.350000,7.950000,8.350000,8.350000,182100
2017-03-06,8.350000,8.400000,7.650000,7.700000,7.700000,212000
2017-03-07,7.700000,7.800000,7.500000,7.650000,7.650000,127500
2017-03-08,7.750000,8.150000,7.750000,7.950000,7.950000,120200
2017-03-09,7.950000,8.050000,7.625000,7.750000,7.750000,100100
2017-03-10,7.800000,7.900000,7.350000,7.650000,7.650000,159500
2017-03-13,7.700000,7.900000,7.500000,7.800000,7.800000,92700
2017-03-14,7.650000,7.700000,7.500000,7.500000,7.500000,64600
2017-03-15,7.800000,7.828000,7.550000,7.650000,7.650000,176200
2017-03-16,7.750000,7.800000,7.650000,7.700000,7.700000,106900
2017-03-17,7.700000,7.800000,7.275000,7.350000,7.350000,180400
2017-03-20,7.350000,7.350000,7.125000,7.200000,7.200000,102200
2017-03-21,7.250000,7.250000,6.700000,6.700000,6.700000,151100
2017-03-22,6.750000,6.850000,6.500000,6.750000,6.750000,140500
2017-03-23,6.900000,6.900000,6.500000,6.600000,6.600000,140200
2017-03-24,6.700000,6.750000,6.500000,6.650000,6.650000,93700
2017-03-27,6.650000,6.950000,6.650000,6.850000,6.850000,140500
2017-03-28,6.850000,6.900000,6.600000,6.750000,6.750000,115500
2017-03-29,6.700000,6.800000,6.550000,6.650000,6.650000,184900
2017-03-30,6.700000,6.850000,6.550000,6.850000,6.850000,202800
2017-03-31,6.850000,6.900000,6.700000,6.900000,6.900000,132000
2017-04-03,6.950000,7.050000,6.750000,6.900000,6.900000,101200
2017-04-04,6.850000,7.000000,6.600000,6.650000,6.650000,157100
2017-04-05,6.650000,6.800000,6.550000,6.650000,6.650000,92200
2017-04-06,6.650000,6.695000,6.400000,6.500000,6.500000,153000
2017-04-07,6.450000,6.650000,6.400000,6.600000,6.600000,82400
2017-04-10,6.600000,6.600000,6.300000,6.400000,6.400000,124500
2017-04-11,6.400000,6.500000,6.250000,6.300000,6.300000,124500
2017-04-12,6.300000,6.350000,5.950000,6.050000,6.050000,172900
2017-04-13,6.050000,6.250000,6.000000,6.150000,6.150000,126000
2017-04-17,6.150000,6.200000,5.925000,6.000000,6.000000,178600
2017-04-18,6.000000,6.100000,5.900000,6.100000,6.100000,343200
2017-04-19,6.150000,6.455000,6.105000,6.400000,6.400000,111900
2017-04-20,6.400000,6.400000,6.150000,6.200000,6.200000,91700
2017-04-21,6.100000,6.316000,5.550000,5.575000,5.575000,339000
2017-04-24,5.650000,5.900000,5.600000,5.700000,5.700000,144600
2017-04-25,5.750000,5.850000,5.650000,5.850000,5.850000,243900
2017-04-26,5.850000,5.900000,5.750000,5.900000,5.900000,187800
2017-04-27,5.950000,5.950000,5.750000,5.750000,5.750000,119000
2017-04-28,5.750000,5.800000,5.450000,5.600000,5.600000,218500
2017-05-01,5.600000,5.950000,5.600000,5.800000,5.800000,135500
2017-05-02,5.750000,6.000000,5.600000,5.600000,5.600000,74500
2017-05-03,5.650000,5.750000,5.600000,5.700000,5.700000,125400
2017-05-04,5.700000,5.750000,5.600000,5.700000,5.700000,105800
2017-05-05,5.650000,5.800000,5.600000,5.750000,5.750000,75400
2017-05-08,5.700000,5.950000,5.625000,5.850000,5.850000,107700
2017-05-09,5.900000,6.000000,5.750000,5.950000,5.950000,114700
2017-05-10,5.950000,6.050000,5.850000,5.950000,5.950000,151900
2017-05-11,5.750000,5.900000,5.250000,5.650000,5.650000,278000
2017-05-12,5.650000,5.850000,5.550000,5.800000,5.800000,120100
2017-05-15,5.850000,5.900000,5.550000,5.800000,5.800000,201600
2017-05-16,5.850000,5.850000,5.550000,5.800000,5.800000,92200
2017-05-17,5.700000,5.700000,5.425000,5.450000,5.450000,117800
2017-05-18,5.450000,5.500000,5.000000,5.100000,5.100000,211100
2017-05-19,5.150000,5.300000,5.100000,5.250000,5.250000,156700
2017-05-22,5.200000,5.400000,5.200000,5.400000,5.400000,110500
2017-05-23,5.450000,5.450000,5.250000,5.350000,5.350000,75000
2017-05-24,5.300000,5.400000,5.250000,5.350000,5.350000,104500
2017-05-25,5.400000,5.600000,5.280000,5.450000,5.450000,171600
2017-05-26,5.400000,5.500000,5.150000,5.350000,5.350000,166800
2017-05-30,5.350000,5.350000,5.050000,5.200000,5.200000,209000
2017-05-31,5.200000,5.250000,5.150000,5.200000,5.200000,118400
2017-06-01,5.150000,5.300000,5.150000,5.200000,5.200000,180200
2017-06-02,5.200000,5.250000,5.050000,5.100000,5.100000,106400
2017-06-05,5.050000,5.050000,4.800000,4.825000,4.825000,165200
2017-06-06,4.700000,5.000000,4.700000,4.850000,4.850000,108800
2017-06-07,4.950000,5.100000,4.850000,4.850000,4.850000,91800
2017-06-08,4.950000,5.000000,4.800000,5.000000,5.000000,81800
2017-06-09,4.950000,5.450000,4.900000,5.250000,5.250000,309000
2017-06-12,5.200000,5.209000,4.950000,4.950000,4.950000,154300
2017-06-13,5.000000,5.100000,4.900000,5.050000,5.050000,87200
2017-06-14,5.050000,5.250000,5.000000,5.200000,5.200000,166100
2017-06-15,5.200000,5.300000,5.150000,5.150000,5.150000,187100
2017-06-16,5.100000,5.150000,4.900000,5.050000,5.050000,361300
2017-06-19,5.050000,5.250000,5.050000,5.200000,5.200000,315300
2017-06-20,5.250000,5.352000,5.100000,5.250000,5.250000,223200
2017-06-21,5.300000,5.700000,5.200000,5.650000,5.650000,192300
2017-06-22,5.700000,6.050000,5.500000,5.550000,5.550000,344700
2017-06-23,5.700000,5.900000,5.400000,5.450000,5.450000,2000200
2017-06-26,5.550000,5.800000,5.500000,5.750000,5.750000,337600
2017-06-27,5.800000,5.850000,5.400000,5.400000,5.400000,206500
2017-06-28,5.400000,5.450000,5.200000,5.200000,5.200000,380400
2017-06-29,5.200000,5.300000,5.050000,5.100000,5.100000,205100
2017-06-30,5.050000,5.150000,5.000000,5.100000,5.100000,129700
2017-07-03,5.100000,5.300000,5.000000,5.050000,5.050000,122900
2017-07-05,5.100000,5.175000,5.000000,5.050000,5.050000,160300
2017-07-06,5.100000,5.150000,4.900000,5.050000,5.050000,323400
2017-07-07,5.100000,5.100000,5.000000,5.050000,5.050000,108700
2017-07-10,5.000000,5.100000,4.900000,5.000000,5.000000,298600
2017-07-11,4.950000,5.000000,4.800000,4.800000,4.800000,161200
2017-07-12,4.800000,5.000000,4.800000,4.850000,4.850000,157600
2017-07-13,4.900000,4.950000,4.800000,4.900000,4.900000,188400
2017-07-14,4.900000,5.000000,4.850000,4.900000,4.900000,142800
2017-07-17,4.950000,5.050000,4.850000,4.900000,4.900000,120600
2017-07-18,4.900000,4.950000,4.650000,4.700000,4.700000,183200
2017-07-19,4.600000,5.000000,4.600000,4.950000,4.950000,179900
2017-07-20,4.950000,5.090000,4.600000,4.600000,4.600000,206900
2017-07-21,4.650000,4.900000,4.650000,4.750000,4.750000,162400
2017-07-24,4.750000,5.050000,4.700000,5.050000,5.050000,147100
2017-07-25,5.050000,5.200000,4.939000,4.950000,4.950000,126500
2017-07-26,5.000000,5.150000,4.900000,5.100000,5.100000,94100
2017-07-27,5.050000,5.100000,4.750000,4.750000,4.750000,79200
2017-07-28,4.750000,4.750000,4.650000,4.700000,4.700000,182400
2017-07-31,4.750000,4.800000,4.625000,4.750000,4.750000,128200
2017-08-01,4.750000,4.750000,4.500000,4.600000,4.600000,162800
2017-08-02,4.650000,4.750000,4.500000,4.650000,4.650000,148800
2017-08-03,4.600000,4.600000,4.500000,4.500000,4.500000,91000
2017-08-04,4.550000,5.050000,4.550000,5.000000,5.000000,229600
2017-08-07,4.850000,5.050000,4.800000,5.000000,5.000000,149000
2017-08-08,5.000000,5.050000,4.850000,4.900000,4.900000,187800
2017-08-09,4.900000,5.100000,4.850000,5.000000,5.000000,255300
2017-08-10,5.000000,5.100000,4.900000,5.050000,5.050000,146500
2017-08-11,5.000000,5.150000,4.950000,4.950000,4.950000,120900
2017-08-14,5.000000,5.300000,5.000000,5.200000,5.200000,99200
2017-08-15,5.150000,5.180000,5.000000,5.000000,5.000000,58000
2017-08-16,5.050000,5.300000,5.000000,5.100000,5.100000,106800
2017-08-17,5.100000,5.300000,4.950000,5.250000,5.250000,177800
2017-08-18,5.300000,5.300000,4.750000,4.800000,4.800000,91400
2017-08-21,4.750000,4.800000,4.550000,4.600000,4.600000,77200
2017-08-22,4.650000,4.750000,4.595000,4.650000,4.650000,79300
2017-08-23,4.550000,4.625000,4.550000,4.600000,4.600000,69900
2017-08-24,4.600000,4.650000,4.550000,4.600000,4.600000,71200
2017-08-25,4.650000,4.720000,4.500000,4.550000,4.550000,119600
2017-08-28,4.650000,4.650000,4.500000,4.500000,4.500000,83100
2017-08-29,4.500000,4.650000,4.500000,4.550000,4.550000,112300
2017-08-30,4.550000,4.600000,4.500000,4.550000,4.550000,55000
2017-08-31,4.600000,4.650000,4.550000,4.600000,4.600000,42700
2017-09-01,4.550000,4.700000,4.550000,4.700000,4.700000,98700
2017-09-05,4.750000,4.800000,4.450000,4.500000,4.500000,201400
2017-09-06,4.550000,4.725000,4.500000,4.650000,4.650000,111000
2017-09-07,4.700000,4.700000,4.625000,4.700000,4.700000,45200
2017-09-08,4.700000,4.800000,4.525000,4.650000,4.650000,139400
2017-09-11,4.700000,4.800000,4.600000,4.700000,4.700000,162400
2017-09-12,4.800000,5.100000,4.650000,4.950000,4.950000,212800
2017-09-13,4.550000,4.561000,3.950000,4.050000,4.050000,927000
2017-09-14,4.100000,4.100000,3.700000,3.700000,3.700000,625300
2017-09-15,3.750000,3.750000,3.500000,3.550000,3.550000,492900
2017-09-18,3.700000,3.900000,3.650000,3.750000,3.750000,614200
2017-09-19,3.850000,3.895000,3.650000,3.750000,3.750000,261200
2017-09-20,3.700000,3.750000,3.650000,3.650000,3.650000,144900
2017-09-21,3.650000,3.650000,3.550000,3.600000,3.600000,169300
2017-09-22,3.600000,3.650000,3.600000,3.650000,3.650000,92600
2017-09-25,3.700000,3.800000,3.650000,3.650000,3.650000,215100
2017-09-26,3.700000,3.700000,3.550000,3.650000,3.650000,134600
2017-09-27,3.700000,3.850000,3.623000,3.700000,3.700000,153000
2017-09-28,3.750000,3.800000,3.700000,3.750000,3.750000,122100
2017-09-29,3.750000,4.100000,3.716000,3.950000,3.950000,268700
2017-10-02,4.000000,4.150000,3.950000,4.100000,4.100000,151100
2017-10-03,4.150000,4.200000,4.050000,4.150000,4.150000,143600
2017-10-04,4.200000,4.250000,4.100000,4.100000,4.100000,177900
2017-10-05,4.100000,4.250000,3.950000,4.000000,4.000000,188400
2017-10-06,4.050000,4.200000,4.000000,4.000000,4.000000,62500
2017-10-09,4.050000,4.100000,3.950000,4.050000,4.050000,42800
2017-10-10,4.050000,4.100000,3.800000,3.900000,3.900000,322000
2017-10-11,3.850000,4.000000,3.750000,3.750000,3.750000,95500
2017-10-12,3.750000,4.000000,3.750000,3.900000,3.900000,140300
2017-10-13,3.950000,4.100000,3.800000,3.850000,3.850000,149800
2017-10-16,3.900000,3.900000,3.700000,3.800000,3.800000,117700
2017-10-17,3.750000,3.950000,3.700000,3.850000,3.850000,151500
2017-10-18,3.900000,4.000000,3.800000,3.925000,3.925000,101100
2017-10-19,3.900000,3.950000,3.800000,3.900000,3.900000,82100
2017-10-20,3.850000,4.100000,3.750000,4.050000,4.050000,124100
2017-10-23,4.000000,4.100000,3.850000,3.850000,3.850000,45300
2017-10-24,3.850000,3.900000,3.750000,3.850000,3.850000,88900
2017-10-25,3.900000,3.950000,3.750000,3.800000,3.800000,72900
2017-10-26,3.750000,3.850000,3.700000,3.800000,3.800000,92400
2017-10-27,3.800000,3.900000,3.700000,3.800000,3.800000,107900
2017-10-30,3.700000,3.850000,3.700000,3.700000,3.700000,55800
2017-10-31,3.700000,3.750000,3.400000,3.400000,3.400000,301500
2017-11-01,3.400000,3.550000,3.250000,3.550000,3.550000,176900
2017-11-02,3.500000,3.550000,3.450000,3.450000,3.450000,47300
2017-11-03,3.400000,3.550000,3.400000,3.400000,3.400000,61700
2017-11-06,3.450000,3.500000,3.350000,3.450000,3.450000,85100
2017-11-07,3.450000,3.500000,3.250000,3.400000,3.400000,110500
2017-11-08,3.300000,3.850000,3.300000,3.600000,3.600000,174200
2017-11-09,3.600000,3.850000,3.550000,3.650000,3.650000,184500
2017-11-10,3.700000,3.800000,3.600000,3.775000,3.775000,81200
2017-11-13,3.750000,3.850000,3.600000,3.750000,3.750000,75900
2017-11-14,3.750000,3.850000,3.650000,3.850000,3.850000,88200
2017-11-15,3.750000,3.850000,3.712000,3.800000,3.800000,84100
2017-11-16,3.800000,3.900000,3.775000,3.800000,3.800000,75200
2017-11-17,3.800000,4.000000,3.800000,3.950000,3.950000,96100
2017-11-20,4.000000,4.000000,3.750000,3.800000,3.800000,53700
2017-11-21,3.850000,4.000000,3.800000,3.800000,3.800000,37000
2017-11-22,3.800000,4.000000,3.750000,3.850000,3.850000,81900
2017-11-24,3.850000,4.000000,3.809000,4.000000,4.000000,24200
2017-11-27,4.050000,4.050000,3.850000,3.850000,3.850000,56700
2017-11-28,3.950000,4.000000,3.850000,4.000000,4.000000,50700
2017-11-29,3.950000,4.075000,3.850000,3.950000,3.950000,101900
2017-11-30,3.900000,4.000000,3.750000,3.750000,3.750000,116500
2017-12-01,3.700000,3.950000,3.700000,3.800000,3.800000,110000
2017-12-04,3.850000,3.900000,3.750000,3.750000,3.750000,48700
2017-12-05,3.764000,3.900000,3.750000,3.875000,3.875000,77300
2017-12-06,3.850000,3.950000,3.800000,3.900000,3.900000,44700
2017-12-07,3.900000,3.950000,3.750000,3.850000,3.850000,93000
2017-12-08,3.850000,4.000000,3.800000,3.825000,3.825000,125600
2017-12-11,3.850000,3.850000,3.750000,3.750000,3.750000,59200
2017-12-12,3.800000,3.800000,3.600000,3.600000,3.600000,93600
2017-12-13,3.550000,3.695000,3.500000,3.575000,3.575000,111500
2017-12-14,3.550000,3.700000,3.500000,3.625000,3.625000,162000
2017-12-15,3.600000,3.650000,3.500000,3.500000,3.500000,76400
2017-12-18,3.550000,3.650000,3.450000,3.600000,3.600000,157200
2017-12-19,3.650000,3.800000,3.550000,3.750000,3.750000,81500
2017-12-20,3.750000,3.750000,3.550000,3.600000,3.600000,139200
2017-12-21,3.600000,3.714000,3.550000,3.700000,3.700000,94100
2017-12-22,3.650000,3.750000,3.550000,3.600000,3.600000,166200
2017-12-26,3.550000,3.700000,3.550000,3.650000,3.650000,75000
2017-12-27,3.600000,3.750000,3.600000,3.700000,3.700000,253200
2017-12-28,3.700000,3.750000,3.650000,3.675000,3.675000,101500
2017-12-29,3.650000,3.750000,3.600000,3.600000,3.600000,194100
2018-01-02,3.600000,3.800000,3.550000,3.750000,3.750000,161000
2018-01-03,3.800000,4.050000,3.800000,3.900000,3.900000,220500
2018-01-04,3.950000,4.100000,3.950000,4.100000,4.100000,192000
2018-01-05,4.150000,4.400000,4.150000,4.300000,4.300000,112200
2018-01-08,4.300000,4.500000,4.200000,4.350000,4.350000,129300
2018-01-09,4.350000,4.450000,4.200000,4.200000,4.200000,69700
2018-01-10,4.200000,4.350000,4.050000,4.300000,4.300000,93600
2018-01-11,4.300000,4.350000,4.250000,4.300000,4.300000,36500
2018-01-12,4.250000,4.400000,4.200000,4.200000,4.200000,41300
2018-01-16,4.150000,4.250000,4.000000,4.000000,4.000000,116900
2018-01-17,4.100000,4.143000,3.950000,3.950000,3.950000,65800
2018-01-18,4.000000,4.050000,3.900000,4.000000,4.000000,51900
2018-01-19,3.950000,4.150000,3.950000,4.100000,4.100000,57800
2018-01-22,4.100000,4.200000,4.100000,4.150000,4.150000,31600
2018-01-23,4.150000,4.250000,4.100000,4.250000,4.250000,78000
2018-01-24,4.250000,4.400000,4.200000,4.300000,4.300000,170100
2018-01-25,4.300000,4.700000,4.300000,4.700000,4.700000,125700
2018-01-26,4.800000,4.850000,4.650000,4.700000,4.700000,152700
2018-01-29,4.650000,5.200000,4.650000,5.200000,5.200000,290200
2018-01-30,5.350000,5.429000,4.900000,5.200000,5.200000,295900
2018-01-31,5.200000,5.505000,4.800000,4.950000,4.950000,145700
2018-02-01,4.900000,4.900000,4.350000,4.550000,4.550000,167500
2018-02-02,4.500000,4.500000,4.300000,4.300000,4.300000,50000
2018-02-05,4.300000,4.375000,4.000000,4.050000,4.050000,145100
2018-02-06,3.900000,4.250000,3.800000,4.050000,4.050000,87700
2018-02-07,4.100000,4.350000,4.100000,4.250000,4.250000,76600
2018-02-08,4.350000,4.500000,4.150000,4.250000,4.250000,62900
2018-02-09,4.050000,4.250000,3.850000,3.950000,3.950000,225600
2018-02-12,3.900000,3.950000,3.750000,3.850000,3.850000,65400
2018-02-13,3.900000,3.950000,3.700000,3.800000,3.800000,142000
2018-02-14,3.750000,3.900000,3.700000,3.800000,3.800000,55600
2018-02-15,3.800000,3.900000,3.750000,3.800000,3.800000,63600
2018-02-16,3.800000,3.850000,3.750000,3.750000,3.750000,25600
2018-02-20,3.750000,3.800000,3.700000,3.750000,3.750000,24000
2018-02-21,3.700000,3.850000,3.700000,3.700000,3.700000,62900
2018-02-22,3.700000,3.900000,3.700000,3.850000,3.850000,80000
2018-02-23,3.850000,3.950000,3.750000,3.750000,3.750000,30300
2018-02-26,3.800000,3.900000,3.700000,3.750000,3.750000,128400
2018-02-27,3.750000,3.800000,3.650000,3.650000,3.650000,77500
2018-02-28,3.650000,3.900000,3.600000,3.850000,3.850000,162000
2018-03-01,3.900000,3.950000,3.750000,3.950000,3.950000,125200
2018-03-02,3.900000,4.100000,3.900000,4.050000,4.050000,34900
2018-03-05,4.050000,4.250000,3.950000,4.225000,4.225000,242700
2018-03-06,4.300000,4.550000,4.250000,4.450000,4.450000,125700
2018-03-07,4.500000,5.000000,4.450000,4.750000,4.750000,287800
2018-03-08,4.800000,4.900000,4.650000,4.850000,4.850000,106100
2018-03-09,4.900000,4.900000,4.500000,4.500000,4.500000,103300
2018-03-12,4.450000,4.600000,4.300000,4.300000,4.300000,117000
2018-03-13,4.350000,4.500000,4.300000,4.400000,4.400000,25300
2018-03-14,4.450000,4.550000,4.350000,4.450000,4.450000,56700
2018-03-15,4.550000,4.750000,4.400000,4.550000,4.550000,88000
2018-03-16,4.650000,4.700000,4.500000,4.600000,4.600000,60800
2018-03-19,4.500000,4.600000,4.200000,4.250000,4.250000,80500
2018-03-20,4.300000,4.400000,4.000000,4.150000,4.150000,109600
2018-03-21,4.150000,4.400000,4.150000,4.375000,4.375000,34200
2018-03-22,4.400000,4.500000,4.297000,4.450000,4.450000,50700
2018-03-23,4.400000,4.600000,4.150000,4.200000,4.200000,68000
2018-03-26,4.200000,4.350000,4.050000,4.350000,4.350000,68700
2018-03-27,4.350000,4.400000,4.100000,4.150000,4.150000,32300
2018-03-28,4.150000,4.250000,3.850000,3.950000,3.950000,90800
2018-03-29,3.800000,4.000000,3.750000,3.850000,3.850000,61000
2018-04-02,3.750000,3.900000,3.600000,3.700000,3.700000,125900
2018-04-03,3.750000,3.875000,3.750000,3.750000,3.750000,39900
2018-04-04,3.750000,4.000000,3.750000,3.950000,3.950000,29400
2018-04-05,4.000000,4.100000,3.950000,3.950000,3.950000,45700
2018-04-06,3.905000,3.950000,3.700000,3.700000,3.700000,96500
2018-04-09,3.900000,4.100000,3.700000,3.700000,3.700000,64000
2018-04-10,3.750000,4.000000,3.750000,3.850000,3.850000,62800
2018-04-11,3.850000,4.350000,3.850000,4.000000,4.000000,132200
2018-04-12,4.050000,4.700000,4.050000,4.600000,4.600000,220700
2018-04-13,4.650000,5.100000,4.650000,5.050000,5.050000,256100
2018-04-16,5.050000,5.050000,4.705000,4.900000,4.900000,103500
2018-04-17,4.900000,5.450000,4.900000,5.250000,5.250000,276700
2018-04-18,5.350000,5.500000,4.955000,5.050000,5.050000,194400
2018-04-19,5.050000,5.100000,4.900000,5.000000,5.000000,79000
2018-04-20,5.050000,5.050000,4.920000,5.000000,5.000000,51500
2018-04-23,4.950000,5.245000,4.930000,5.100000,5.100000,75800
2018-04-24,5.100000,5.150000,4.850000,4.850000,4.850000,87400
2018-04-25,4.800000,4.850000,4.650000,4.700000,4.700000,49600
2018-04-26,4.700000,4.900000,4.700000,4.800000,4.800000,39400
2018-04-27,4.850000,4.850000,4.700000,4.725000,4.725000,41700
2018-04-30,4.700000,4.850000,4.550000,4.575000,4.575000,77000
2018-05-01,4.450000,4.750000,4.350000,4.650000,4.650000,56500
2018-05-02,4.650000,4.950000,4.650000,4.850000,4.850000,32700
2018-05-03,4.850000,4.850000,4.550000,4.700000,4.700000,34100
2018-05-04,4.650000,4.950000,4.500000,4.850000,4.850000,44900
2018-05-07,4.900000,5.155000,4.775000,5.050000,5.050000,70200
2018-05-08,5.050000,5.050000,4.850000,4.850000,4.850000,41100
2018-05-09,4.850000,4.950000,4.650000,4.800000,4.800000,94100
2018-05-10,4.900000,5.100000,4.850000,5.050000,5.050000,39500
2018-05-11,5.000000,5.250000,4.900000,4.900000,4.900000,56600
2018-05-14,4.950000,5.050000,4.850000,5.050000,5.050000,48900
2018-05-15,5.050000,5.750000,5.050000,5.425000,5.425000,199400
2018-05-16,5.450000,5.650000,5.250000,5.600000,5.600000,56600
2018-05-17,5.600000,5.605000,5.400000,5.500000,5.500000,70900
2018-05-18,5.550000,5.750000,5.550000,5.650000,5.650000,33700
2018-05-21,5.650000,5.750000,5.600000,5.650000,5.650000,61400
2018-05-22,5.750000,5.750000,5.350000,5.350000,5.350000,60400
2018-05-23,5.400000,5.400000,5.100000,5.250000,5.250000,62600
2018-05-24,5.000000,5.000000,4.500000,4.500000,4.500000,296800
2018-05-25,4.500000,4.750000,4.500000,4.625000,4.625000,150600
2018-05-29,4.700000,4.705000,4.300000,4.550000,4.550000,126800
2018-05-30,4.550000,4.750000,4.500000,4.500000,4.500000,97200
2018-05-31,4.450000,4.550000,4.050000,4.500000,4.500000,236600
2018-06-01,4.500000,4.700000,4.400000,4.400000,4.400000,255800
2018-06-04,4.500000,4.600000,4.300000,4.550000,4.550000,85600
2018-06-05,4.500000,4.900000,4.500000,4.650000,4.650000,98000
2018-06-06,4.730000,4.850000,4.600000,4.600000,4.600000,58300
2018-06-07,4.600000,5.100000,4.600000,4.900000,4.900000,154700
2018-06-08,5.000000,5.000000,4.675000,4.750000,4.750000,45200
2018-06-11,4.700000,4.750000,4.350000,4.550000,4.550000,131200
2018-06-12,4.600000,4.900000,4.600000,4.725000,4.725000,43900
2018-06-13,4.800000,4.800000,4.450000,4.500000,4.500000,81100
2018-06-14,4.500000,4.600000,4.300000,4.350000,4.350000,82000
2018-06-15,4.350000,4.400000,4.200000,4.300000,4.300000,97200
2018-06-18,4.300000,4.500000,4.300000,4.400000,4.400000,64300
2018-06-19,4.400000,4.550000,4.200000,4.350000,4.350000,84800
2018-06-20,4.379000,4.650000,4.350000,4.550000,4.550000,97700
2018-06-21,4.600000,4.600000,4.350000,4.400000,4.400000,40100
2018-06-22,4.350000,4.500000,4.250000,4.350000,4.350000,53400
2018-06-25,4.350000,4.350000,4.100000,4.100000,4.100000,96400
2018-06-26,4.050000,4.250000,4.050000,4.150000,4.150000,41700
2018-06-27,4.250000,4.250000,3.900000,3.900000,3.900000,109800
2018-06-28,3.900000,4.000000,3.850000,3.850000,3.850000,178900
2018-06-29,3.900000,3.950000,3.700000,3.700000,3.700000,140800
2018-07-02,3.700000,3.900000,3.700000,3.850000,3.850000,403300
2018-07-03,3.850000,4.300000,3.800000,4.250000,4.250000,166100
2018-07-05,4.350000,4.450000,4.250000,4.325000,4.325000,120200
2018-07-06,4.300000,4.350000,4.200000,4.200000,4.200000,49900
2018-07-09,4.200000,4.450000,4.200000,4.400000,4.400000,19500
2018-07-10,4.350000,4.450000,4.100000,4.150000,4.150000,78400
2018-07-11,4.150000,4.300000,4.100000,4.150000,4.150000,47400
2018-07-12,4.100000,4.200000,4.100000,4.100000,4.100000,12300
2018-07-13,4.100000,4.100000,3.950000,3.950000,3.950000,85200
2018-07-16,4.000000,4.000000,3.800000,3.850000,3.850000,143700
2018-07-17,3.850000,4.200000,3.831000,4.150000,4.150000,119100
2018-07-18,4.150000,4.300000,4.150000,4.200000,4.200000,96100
2018-07-19,4.200000,4.300000,4.050000,4.150000,4.150000,101100
2018-07-20,4.100000,4.200000,4.050000,4.050000,4.050000,69000
2018-07-23,4.200000,4.400000,4.100000,4.350000,4.350000,130800
2018-07-24,4.450000,4.500000,4.100000,4.100000,4.100000,145700
2018-07-25,4.100000,4.350000,4.100000,4.250000,4.250000,73600
2018-07-26,4.300000,4.350000,4.200000,4.250000,4.250000,36400
2018-07-27,4.300000,4.300000,4.000000,4.100000,4.100000,122100
2018-07-30,4.150000,4.200000,4.050000,4.075000,4.075000,14000
2018-07-31,4.050000,4.100000,4.000000,4.000000,4.000000,44700
2018-08-01,4.000000,4.300000,4.000000,4.225000,4.225000,95300
2018-08-02,4.200000,4.200000,4.100000,4.150000,4.150000,25300
2018-08-03,4.100000,4.250000,4.050000,4.150000,4.150000,34000
2018-08-06,4.150000,4.350000,4.150000,4.150000,4.150000,57500
2018-08-07,4.150000,4.300000,4.100000,4.100000,4.100000,40600
2018-08-08,4.050000,4.250000,3.950000,4.250000,4.250000,88800
2018-08-09,4.200000,4.250000,4.100000,4.100000,4.100000,40500
2018-08-10,4.100000,4.250000,3.900000,4.150000,4.150000,157300
2018-08-13,4.150000,4.155000,4.000000,4.000000,4.000000,125500
2018-08-14,4.000000,4.150000,4.000000,4.100000,4.100000,17200
2018-08-15,4.050000,4.100000,3.950000,4.100000,4.100000,182000
2018-08-16,4.050000,4.100000,4.050000,4.100000,4.100000,27200
2018-08-17,4.050000,4.150000,4.050000,4.150000,4.150000,44900
2018-08-20,4.150000,4.200000,4.000000,4.000000,4.000000,29900
2018-08-21,4.050000,4.355000,4.050000,4.300000,4.300000,130400
2018-08-22,4.300000,4.383000,4.250000,4.350000,4.350000,85800
2018-08-23,4.350000,4.350000,4.250000,4.250000,4.250000,50600
2018-08-24,4.350000,4.400000,4.300000,4.350000,4.350000,110000
2018-08-27,4.400000,4.650000,4.375000,4.500000,4.500000,38300
2018-08-28,4.500000,4.560000,4.200000,4.350000,4.350000,88200
2018-08-29,4.400000,4.450000,4.350000,4.450000,4.450000,11700
2018-08-30,4.450000,4.500000,4.400000,4.450000,4.450000,67800
2018-08-31,4.450000,4.500000,4.400000,4.450000,4.450000,92000
2018-09-04,4.400000,4.500000,4.300000,4.450000,4.450000,108500
2018-09-05,4.500000,4.500000,4.405000,4.475000,4.475000,25100
2018-09-06,4.450000,4.500000,4.350000,4.375000,4.375000,53600
2018-09-07,4.316000,4.500000,4.300000,4.475000,4.475000,39900
2018-09-10,4.400000,4.500000,4.290000,4.300000,4.300000,45800
2018-09-11,4.000000,4.100000,3.850000,3.925000,3.925000,162400
2018-09-12,3.950000,4.000000,3.875000,3.950000,3.950000,91700
2018-09-13,3.950000,4.100000,3.900000,3.900000,3.900000,92800
2018-09-14,4.050000,4.150000,3.900000,3.900000,3.900000,176000
2018-09-17,3.900000,4.300000,3.900000,4.150000,4.150000,123000
2018-09-18,4.150000,4.300000,4.150000,4.250000,4.250000,79100
2018-09-19,4.250000,4.450000,4.250000,4.350000,4.350000,50500
2018-09-20,4.350000,4.450000,4.250000,4.400000,4.400000,113400
2018-09-21,4.450000,4.775000,4.350000,4.400000,4.400000,227200
2018-09-24,5.150000,5.350000,4.700000,5.000000,5.000000,1218300
2018-09-25,5.050000,6.750000,5.050000,6.300000,6.300000,1413000
2018-09-26,6.200000,6.719000,5.800000,6.500000,6.500000,588300
2018-09-27,6.500000,7.500000,6.350000,7.350000,7.350000,686100
2018-09-28,7.350000,7.500000,6.650000,7.300000,7.300000,390900
2018-10-01,7.300000,7.500000,6.790000,6.850000,6.850000,319300
2018-10-02,6.810000,7.089000,6.590000,6.700000,6.700000,213900
2018-10-03,6.700000,6.934000,6.540000,6.580000,6.580000,158300
2018-10-04,6.590000,7.360000,6.590000,6.920000,6.920000,264800
2018-10-05,6.980000,7.190000,6.600000,6.840000,6.840000,150200
2018-10-08,6.820000,6.820000,6.214000,6.550000,6.550000,124700
2018-10-09,6.480000,6.740000,6.350000,6.360000,6.360000,192800
2018-10-10,6.380000,6.820000,6.350000,6.350000,6.350000,86200
2018-10-11,6.290000,6.790000,6.290000,6.460000,6.460000,118700
2018-10-12,6.500000,6.840000,6.420000,6.630000,6.630000,77100
2018-10-15,6.670000,6.909000,6.550000,6.700000,6.700000,87300
2018-10-16,6.730000,6.900000,6.520000,6.760000,6.760000,83600
2018-10-17,6.710000,6.800000,6.400000,6.480000,6.480000,73700
2018-10-18,6.420000,6.550000,6.420000,6.480000,6.480000,97600
2018-10-19,6.560000,6.590000,6.440000,6.450000,6.450000,53800
2018-10-22,6.490000,6.650000,6.370000,6.460000,6.460000,78400
2018-10-23,6.440000,6.860000,6.400000,6.770000,6.770000,102000
2018-10-24,6.840000,7.200000,6.500000,6.510000,6.510000,139600
2018-10-25,6.490000,6.820000,6.382000,6.480000,6.480000,68200
2018-10-26,6.480000,6.790000,6.480000,6.520000,6.520000,137400
2018-10-29,6.520000,6.570000,6.280000,6.330000,6.330000,127300
2018-10-30,6.380000,6.630000,6.080000,6.630000,6.630000,100200
2018-10-31,6.690000,6.740000,6.250000,6.280000,6.280000,116000
2018-11-01,6.330000,6.470000,6.200000,6.470000,6.470000,99200
2018-11-02,6.470000,6.650000,6.270000,6.480000,6.480000,96900
2018-11-05,6.440000,6.480000,6.280000,6.330000,6.330000,41800
2018-11-06,6.310000,6.435000,6.280000,6.280000,6.280000,75800
2018-11-07,6.290000,7.100000,6.280000,6.800000,6.800000,131600
2018-11-08,7.100000,7.100000,6.640000,7.010000,7.010000,142300
2018-11-09,7.030000,7.100000,6.410000,6.700000,6.700000,146600
2018-11-12,6.700000,7.250000,6.570000,7.050000,7.050000,120600
2018-11-13,7.050000,7.480000,7.050000,7.150000,7.150000,155000
2018-11-14,7.160000,7.350000,6.600000,6.830000,6.830000,104400
2018-11-15,6.820000,7.090000,6.720000,6.900000,6.900000,56300
2018-11-16,6.870000,7.030000,6.760000,6.860000,6.860000,43100
2018-11-19,6.900000,7.128000,6.760000,6.880000,6.880000,40900
2018-11-20,6.760000,6.990000,6.750000,6.750000,6.750000,37800
2018-11-21,6.780000,6.960000,6.630000,6.800000,6.800000,34800
2018-11-23,6.800000,6.928000,6.680000,6.730000,6.730000,16100
2018-11-26,6.730000,6.750000,6.300000,6.520000,6.520000,102600
2018-11-27,6.410000,6.550000,6.400000,6.480000,6.480000,69900
2018-11-28,6.550000,6.680000,6.420000,6.580000,6.580000,58500
2018-11-29,6.500000,6.570000,6.460000,6.490000,6.490000,86900
2018-11-30,6.450000,6.650000,6.450000,6.490000,6.490000,39600
2018-12-03,6.580000,6.640000,6.410000,6.560000,6.560000,41400
2018-12-04,6.540000,6.610000,6.080000,6.140000,6.140000,67000
2018-12-06,6.140000,6.350000,5.630000,6.310000,6.310000,168400
2018-12-07,6.250000,6.590000,5.990000,6.500000,6.500000,68900
2018-12-10,6.470000,6.470000,6.131000,6.170000,6.170000,79500
2018-12-11,6.290000,6.350000,5.860000,6.110000,6.110000,175600
2018-12-12,6.110000,6.870000,6.000000,6.560000,6.560000,347500
2018-12-13,4.070000,4.300000,3.320000,3.470000,3.470000,1761900
2018-12-14,3.440000,3.510000,3.210000,3.250000,3.250000,340600
2018-12-17,3.210000,3.280000,3.090000,3.110000,3.110000,237600
2018-12-18,3.120000,3.190000,2.810000,2.820000,2.820000,299400
2018-12-19,2.890000,2.890000,2.710000,2.750000,2.750000,258300
2018-12-20,2.750000,2.780000,2.510000,2.630000,2.630000,174600
2018-12-21,2.670000,2.670000,2.260000,2.280000,2.280000,352800
2018-12-24,2.300000,2.490000,2.300000,2.460000,2.460000,164600
2018-12-26,2.460000,2.600000,2.346000,2.540000,2.540000,235400
2018-12-27,2.530000,2.710000,2.440000,2.630000,2.630000,277700
2018-12-28,2.640000,2.729000,2.530000,2.540000,2.540000,156100
2018-12-31,2.540000,2.700000,2.460000,2.490000,2.490000,177200
2019-01-02,2.450000,2.690000,2.390000,2.650000,2.650000,151400
2019-01-03,2.630000,2.700000,2.550000,2.620000,2.620000,76000
2019-01-04,2.660000,2.720000,2.480000,2.720000,2.720000,201200
2019-01-07,2.700000,3.040000,2.700000,2.940000,2.940000,170500
2019-01-08,2.980000,3.060000,2.840000,2.960000,2.960000,60200
2019-01-09,2.950000,3.250000,2.950000,3.050000,3.050000,212200
2019-01-10,3.030000,3.200000,2.985000,3.150000,3.150000,130600
2019-01-11,3.160000,3.250000,3.100000,3.200000,3.200000,125700
2019-01-14,3.200000,3.240000,3.060000,3.110000,3.110000,74200
2019-01-15,3.130000,3.200000,3.020000,3.140000,3.140000,109500
2019-01-16,3.090000,3.200000,3.020000,3.040000,3.040000,131300
2019-01-17,3.010000,3.070000,2.960000,3.000000,3.000000,42800
2019-01-18,3.020000,3.020000,2.880000,2.905000,2.905000,41100
2019-01-22,2.890000,3.020000,2.750000,2.980000,2.980000,194600
2019-01-23,2.980000,3.120000,2.870000,2.970000,2.970000,82000
2019-01-24,2.990000,3.130000,2.990000,3.070000,3.070000,71300
2019-01-25,3.060000,3.140000,3.010000,3.060000,3.060000,43800
2019-01-28,3.050000,3.050000,2.880000,2.950000,2.950000,40800
2019-01-29,2.930000,2.960000,2.780000,2.800000,2.800000,60800
2019-01-30,2.790000,3.030000,2.790000,2.960000,2.960000,27100
2019-01-31,2.920000,3.100000,2.845000,2.960000,2.960000,43600
2019-02-01,2.990000,3.190000,2.910000,3.080000,3.080000,89500
2019-02-04,3.040000,3.200000,3.040000,3.100000,3.100000,25300
2019-02-05,3.100000,3.230000,3.060000,3.150000,3.150000,54600
2019-02-06,3.160000,3.240000,3.126000,3.240000,3.240000,44700
2019-02-07,3.300000,3.485000,3.100000,3.140000,3.140000,59200
2019-02-08,3.180000,3.380000,3.154000,3.380000,3.380000,75200
2019-02-11,3.320000,3.420000,3.199000,3.290000,3.290000,35600
2019-02-12,3.280000,3.330000,3.190000,3.240000,3.240000,22500
2019-02-13,3.230000,3.360000,3.152000,3.340000,3.340000,45900
2019-02-14,3.350000,3.400000,3.236000,3.350000,3.350000,30100
2019-02-15,3.320000,3.360000,3.190000,3.260000,3.260000,29300
2019-02-19,3.270000,3.370000,3.060000,3.340000,3.340000,49900
2019-02-20,3.340000,3.440000,3.245000,3.350000,3.350000,101000
2019-02-21,3.340000,3.430000,3.300000,3.400000,3.400000,27700
2019-02-22,3.390000,3.590000,3.345000,3.400000,3.400000,50600
2019-02-25,3.650000,4.050000,3.620000,3.720000,3.720000,298800
2019-02-26,3.730000,3.800000,3.620000,3.680000,3.680000,85400
2019-02-27,3.750000,3.870000,3.640000,3.750000,3.750000,64200
2019-02-28,3.720000,3.960000,3.720000,3.800000,3.800000,77000
2019-03-01,3.830000,3.960000,3.830000,3.890000,3.890000,69700
2019-03-04,3.920000,4.090000,3.770000,4.090000,4.090000,140400
2019-03-05,4.100000,4.240000,4.000000,4.060000,4.060000,170000
2019-03-06,4.090000,4.120000,3.800000,4.000000,4.000000,83100
2019-03-07,4.120000,4.120000,3.810000,3.830000,3.830000,102300
2019-03-08,3.830000,3.980000,3.800000,3.910000,3.910000,26500
2019-03-11,3.930000,4.060000,3.930000,3.970000,3.970000,12000
2019-03-12,4.000000,4.130000,4.000000,4.010000,4.010000,86200
2019-03-13,4.050000,4.140000,3.880000,4.040000,4.040000,111200
2019-03-14,3.990000,4.500000,3.990000,4.330000,4.330000,911200
2019-03-15,4.340000,4.740000,4.340000,4.400000,4.400000,337400
2019-03-18,4.450000,4.710000,4.240000,4.250000,4.250000,253100
2019-03-19,4.213000,4.290000,4.048000,4.280000,4.280000,70200
2019-03-20,4.280000,4.420000,4.120000,4.260000,4.260000,54600
2019-03-21,4.230000,4.470000,4.225000,4.440000,4.440000,49400
2019-03-22,4.360000,4.390000,4.060000,4.170000,4.170000,76800
2019-03-25,4.150000,4.410000,4.140000,4.200000,4.200000,40400
2019-03-26,4.290000,4.357000,4.030000,4.270000,4.270000,96300
2019-03-27,4.444000,4.444000,4.130000,4.210000,4.210000,32600
2019-03-28,4.200000,4.270000,4.070000,4.150000,4.150000,35200
2019-03-29,4.160000,4.260000,4.160000,4.190000,4.190000,66100
2019-04-01,4.270000,4.500000,4.246000,4.340000,4.340000,111500
2019-04-02,4.370000,4.440000,4.180000,4.390000,4.390000,107600
2019-04-03,4.350000,4.490000,4.300000,4.460000,4.460000,31000
2019-04-04,4.410000,4.600000,4.301000,4.530000,4.530000,61000
2019-04-05,4.450000,4.480000,4.300000,4.360000,4.360000,47300
2019-04-08,4.330000,4.490000,4.330000,4.410000,4.410000,70200
2019-04-09,4.440000,4.550000,4.420000,4.470000,4.470000,37000
2019-04-10,4.470000,4.610000,4.470000,4.520000,4.520000,93500
2019-04-11,4.570000,4.720000,4.509000,4.610000,4.610000,61900
2019-04-12,4.650000,4.775000,4.600000,4.650000,4.650000,50700
2019-04-15,4.650000,4.810000,4.650000,4.770000,4.770000,60100
2019-04-16,4.780000,4.780000,4.702000,4.720000,4.720000,113300
2019-04-17,4.730000,4.810000,4.630000,4.640000,4.640000,100800
2019-04-18,4.670000,4.800000,4.510000,4.550000,4.550000,49100
2019-04-22,4.600000,4.600000,4.400000,4.480000,4.480000,67200
2019-04-23,4.500000,4.780000,4.500000,4.780000,4.780000,63400
2019-04-24,4.750000,4.750000,4.646000,4.680000,4.680000,90600
2019-04-25,4.680000,4.950000,4.591000,4.620000,4.620000,25700
2019-04-26,4.561000,4.680000,4.410000,4.490000,4.490000,31100
2019-04-29,4.540000,4.560000,4.420000,4.490000,4.490000,26600
2019-04-30,4.530000,4.530000,4.450000,4.470000,4.470000,52300
2019-05-01,4.430000,4.438000,4.010000,4.210000,4.210000,38500
2019-05-02,4.610000,4.610000,4.300000,4.340000,4.340000,26500
2019-05-03,4.360000,4.400000,4.280000,4.300000,4.300000,10500
2019-05-06,4.300000,4.370000,4.180000,4.320000,4.320000,20000
2019-05-07,4.480000,4.480000,4.056000,4.230000,4.230000,61500
2019-05-08,4.230000,4.280000,4.120000,4.230000,4.230000,13300
2019-05-09,4.200000,4.340000,4.080000,4.210000,4.210000,41900
2019-05-10,4.200000,4.200000,4.080000,4.080000,4.080000,34000
2019-05-13,4.100000,4.180000,3.800000,4.060000,4.060000,70000
2019-05-14,4.100000,4.230000,4.010000,4.010000,4.010000,12900
2019-05-15,4.010000,4.100000,3.540000,3.780000,3.780000,86200
2019-05-16,3.810000,4.040000,3.780000,3.880000,3.880000,41400
2019-05-17,3.826000,4.090000,3.810000,3.820000,3.820000,21800
2019-05-20,3.880000,3.949000,3.650000,3.760000,3.760000,55400
2019-05-21,3.785000,3.897000,3.770000,3.820000,3.820000,17700
2019-05-22,3.870000,3.930000,3.700000,3.720000,3.720000,39500
2019-05-23,3.720000,3.721000,3.600000,3.690000,3.690000,25800
2019-05-24,3.760000,4.090000,3.750000,3.800000,3.800000,55400
2019-05-28,3.960000,3.960000,3.630000,3.690000,3.690000,117500
2019-05-29,3.670000,3.730000,3.607000,3.660000,3.660000,108000
2019-05-30,3.840000,3.870000,3.650000,3.700000,3.700000,27900
2019-05-31,3.730000,3.800000,3.650000,3.650000,3.650000,25100
2019-06-03,3.730000,3.880000,3.660000,3.880000,3.880000,35000
2019-06-04,3.880000,3.880000,3.560000,3.680000,3.680000,81500
2019-06-05,3.650000,3.860000,3.650000,3.680000,3.680000,41200
2019-06-06,3.680000,3.700000,3.560000,3.600000,3.600000,23600
2019-06-07,3.620000,3.765000,3.590000,3.630000,3.630000,12600
2019-06-10,3.640000,3.850000,3.630000,3.805000,3.805000,20500
2019-06-11,3.835000,3.900000,3.700000,3.700000,3.700000,33400
2019-06-12,3.660000,3.889000,3.616000,3.810000,3.810000,45600
2019-06-13,3.749000,3.890000,3.749000,3.820000,3.820000,36800
2019-06-14,3.830000,3.900000,3.820000,3.880000,3.880000,14600
2019-06-17,3.960000,4.100000,3.920000,3.990000,3.990000,36300
2019-06-18,4.010000,4.160000,3.940000,4.040000,4.040000,94700
2019-06-19,4.040000,4.050000,3.880000,3.880000,3.880000,69200
2019-06-20,3.940000,4.080000,3.760000,3.780000,3.780000,42300
2019-06-21,3.820000,4.000000,3.760000,3.800000,3.800000,40700
2019-06-24,3.880000,3.890000,3.770000,3.800000,3.800000,25400
2019-06-25,3.800000,3.870000,3.640000,3.750000,3.750000,44300
2019-06-26,3.790000,3.890000,3.701000,3.730000,3.730000,33400
2019-06-27,3.790000,3.790000,3.700000,3.750000,3.750000,11600
2019-06-28,3.700000,3.822000,3.680000,3.790000,3.790000,29500
2019-07-01,3.800000,3.839000,3.700000,3.700000,3.700000,51000
2019-07-02,3.710000,3.786000,3.610000,3.630000,3.630000,60700
2019-07-03,3.630000,3.690000,3.550000,3.660000,3.660000,19800
2019-07-05,3.650000,3.830000,3.650000,3.780000,3.780000,34800
2019-07-08,3.820000,3.879000,3.650000,3.700000,3.700000,49500
2019-07-09,3.730000,3.900000,3.700000,3.750000,3.750000,57000
2019-07-10,3.740000,3.981000,3.720000,3.740000,3.740000,75500
2019-07-11,3.740000,3.910000,3.710000,3.750000,3.750000,22900
2019-07-12,3.730000,3.930000,3.670000,3.670000,3.670000,38300
2019-07-15,3.670000,3.858000,3.670000,3.800000,3.800000,24400
2019-07-16,3.800000,4.074000,3.740000,3.790000,3.790000,185900
2019-07-17,3.840000,4.030000,3.820000,3.880000,3.880000,68500
2019-07-18,3.850000,3.990000,3.850000,3.880000,3.880000,52400
2019-07-19,3.860000,4.030000,3.860000,3.880000,3.880000,196100
2019-07-22,3.980000,4.080000,3.860000,3.910000,3.910000,113100
2019-07-23,3.920000,4.090000,3.880000,4.060000,4.060000,100400
2019-07-24,4.080000,4.100000,3.980000,4.020000,4.020000,117100
2019-07-25,4.070000,4.160000,3.960000,4.020000,4.020000,68900
2019-07-26,3.889000,4.124000,3.889000,3.950000,3.950000,52100
2019-07-29,3.920000,4.020000,3.889000,3.910000,3.910000,22300
2019-07-30,3.980000,4.030000,3.880000,3.900000,3.900000,48900
2019-07-31,3.930000,4.190000,3.860000,3.860000,3.860000,46400
2019-08-01,3.880000,4.040000,3.850000,3.890000,3.890000,62000
2019-08-02,3.907000,4.000000,3.850000,3.950000,3.950000,29700
2019-08-05,3.960000,3.960000,3.785000,3.910000,3.910000,30200
2019-08-06,3.870000,3.910000,3.680000,3.850000,3.850000,120700
2019-08-07,3.850000,3.980000,3.760000,3.855000,3.855000,54500
2019-08-08,3.900000,3.900000,3.725000,3.850000,3.850000,92300
2019-08-09,3.850000,4.000000,3.730000,3.830000,3.830000,96000
2019-08-12,3.750000,3.850000,3.670000,3.680000,3.680000,51400
2019-08-13,3.730000,3.790000,3.270000,3.510000,3.510000,198100
2019-08-14,3.410000,3.630000,3.410000,3.470000,3.470000,187200
2019-08-15,3.530000,3.530000,2.830000,3.000000,3.000000,366100
2019-08-16,2.960000,3.180000,2.751000,3.080000,3.080000,178600
2019-08-19,3.100000,3.240000,3.090000,3.180000,3.180000,158000
2019-08-20,3.160000,3.230000,2.960000,2.970000,2.970000,132800
2019-08-21,2.960000,3.170000,2.950000,3.000000,3.000000,64900
2019-08-22,3.065000,3.065000,2.950000,3.000000,3.000000,18700
2019-08-23,2.990000,3.040000,2.850000,2.880000,2.880000,69600
2019-08-26,2.880000,2.990000,2.700000,2.700000,2.700000,59200
2019-08-27,2.730000,2.870000,2.560000,2.590000,2.590000,73000
2019-08-28,2.520000,2.750000,2.520000,2.600000,2.600000,154900
2019-08-29,2.610000,3.025000,2.600000,2.980000,2.980000,169100
2019-08-30,2.970000,3.230000,2.910000,3.160000,3.160000,49600
2019-09-03,3.310000,3.310000,2.880000,3.160000,3.160000,82900
2019-09-04,3.270000,3.290000,3.140000,3.290000,3.290000,36900
2019-09-05,3.300000,3.300000,3.140000,3.200000,3.200000,60200
2019-09-06,3.410000,3.900000,3.320000,3.760000,3.760000,331200
2019-09-09,3.870000,4.020000,3.760000,3.800000,3.800000,96300
2019-09-10,3.800000,4.030000,3.670000,3.780000,3.780000,218700
2019-09-11,3.840000,3.860000,3.680000,3.700000,3.700000,118300
2019-09-12,3.740000,3.850000,3.380000,3.730000,3.730000,116900
2019-09-13,3.710000,3.810000,3.660000,3.680000,3.680000,128200
2019-09-16,3.710000,3.880000,3.600000,3.850000,3.850000,102400
2019-09-17,3.920000,3.920000,3.675000,3.780000,3.780000,87600
2019-09-18,3.790000,3.840000,3.690000,3.800000,3.800000,58800
2019-09-19,3.770000,3.810000,3.580000,3.610000,3.610000,52200
2019-09-20,3.620000,3.620000,3.350000,3.420000,3.420000,69900
2019-09-23,3.490000,3.700000,3.270000,3.640000,3.640000,88100
2019-09-24,3.520000,3.820000,3.300000,3.750000,3.750000,149100
2019-09-25,3.760000,3.800000,3.610000,3.780000,3.780000,117400
2019-09-26,3.770000,4.010000,3.700000,4.000000,4.000000,121300
2019-09-27,4.450000,4.610000,3.730000,3.990000,3.990000,3135200
2019-09-30,4.000000,4.240000,3.700000,4.160000,4.160000,451600
2019-10-01,4.190000,4.240000,3.930000,4.140000,4.140000,139800
2019-10-02,4.100000,4.180000,3.960000,4.000000,4.000000,184300
2019-10-03,3.970000,4.010000,3.700000,3.700000,3.700000,106300
2019-10-04,3.699000,3.790000,3.520000,3.530000,3.530000,102300
2019-10-07,3.530000,3.660000,3.330000,3.370000,3.370000,109800
2019-10-08,3.310000,3.427000,3.275000,3.280000,3.280000,92900
2019-10-09,3.290000,3.470000,3.070000,3.120000,3.120000,112500
2019-10-10,3.110000,3.250000,3.060000,3.150000,3.150000,63300
2019-10-11,3.130000,3.230000,3.050000,3.060000,3.060000,69800
2019-10-14,3.070000,3.200000,2.910000,3.100000,3.100000,82000
2019-10-15,3.130000,3.260000,2.920000,3.160000,3.160000,81700
2019-10-16,3.130000,3.340000,3.121000,3.240000,3.240000,95700
2019-10-17,3.250000,3.300000,3.070000,3.110000,3.110000,67600
2019-10-18,3.140000,3.221000,3.030000,3.080000,3.080000,69300
2019-10-21,3.010000,3.130000,2.810000,2.920000,2.920000,126400
2019-10-22,2.930000,3.130000,2.930000,2.990000,2.990000,62600
2019-10-23,3.000000,3.060000,2.830000,3.000000,3.000000,77600
2019-10-24,2.980000,3.000000,2.810000,2.820000,2.820000,50100
2019-10-25,2.850000,2.902000,2.800000,2.860000,2.860000,37700
2019-10-28,2.880000,3.030000,2.788000,2.950000,2.950000,31800
2019-10-29,3.000000,3.090000,2.990000,3.030000,3.030000,42400
2019-10-30,3.010000,3.060000,2.850000,2.910000,2.910000,70900
2019-10-31,2.880000,3.030000,2.880000,3.030000,3.030000,32900
2019-11-01,3.040000,3.100000,2.950000,3.040000,3.040000,43700
2019-11-04,3.010000,3.250000,2.950000,3.140000,3.140000,93700
2019-11-05,3.180000,3.310000,3.150000,3.230000,3.230000,102500
2019-11-06,3.280000,3.320000,2.960000,2.980000,2.980000,112400
2019-11-07,3.010000,3.170000,2.880000,2.890000,2.890000,60400
2019-11-08,2.940000,3.160000,2.890000,3.080000,3.080000,57800
2019-11-11,3.230000,3.230000,3.080000,3.160000,3.160000,44600
2019-11-12,3.230000,3.230000,3.030000,3.100000,3.100000,84500
2019-11-13,2.880000,3.120000,2.880000,2.930000,2.930000,66300
2019-11-14,2.950000,3.050000,2.830000,2.870000,2.870000,90100
2019-11-15,2.930000,2.990000,2.730000,2.770000,2.770000,175300
2019-11-18,2.800000,2.830000,2.790000,2.810000,2.810000,85100
2019-11-19,2.790000,2.950000,2.770000,2.900000,2.900000,66100
2019-11-20,2.890000,3.050000,2.750000,2.810000,2.810000,88500
2019-11-21,2.830000,2.870000,2.710000,2.770000,2.770000,100400
2019-11-22,2.820000,2.820000,2.700000,2.730000,2.730000,72800
2019-11-25,2.690000,2.850000,2.690000,2.800000,2.800000,110100
2019-11-26,2.810000,2.830000,2.710000,2.750000,2.750000,32700
2019-11-27,2.730000,2.850000,2.730000,2.800000,2.800000,67600
2019-11-29,2.850000,2.850000,2.730000,2.740000,2.740000,76100
2019-12-02,2.720000,2.820000,2.700000,2.750000,2.750000,84300
2019-12-03,2.610000,2.810000,2.610000,2.770000,2.770000,121200
2019-12-04,2.810000,3.080000,2.810000,3.020000,3.020000,207700
2019-12-05,3.050000,3.060000,2.850000,2.980000,2.980000,135700
2019-12-06,2.990000,3.070000,2.870000,2.870000,2.870000,110100
2019-12-09,2.900000,2.970000,2.710000,2.720000,2.720000,122500
2019-12-10,2.740000,2.890000,2.660000,2.730000,2.730000,59800
2019-12-11,2.730000,2.790000,2.690000,2.710000,2.710000,62600
2019-12-12,2.700000,2.770000,2.650000,2.690000,2.690000,151800
2019-12-13,2.710000,2.800000,2.660000,2.750000,2.750000,90500
2019-12-16,2.800000,2.880000,2.730000,2.850000,2.850000,169500
2019-12-17,2.880000,2.880000,2.710000,2.795000,2.795000,142700
2019-12-18,2.760000,2.876000,2.700000,2.750000,2.750000,102000
2019-12-19,2.720000,2.960000,2.720000,2.960000,2.960000,354000
2019-12-20,3.060000,3.990000,3.050000,3.840000,3.840000,1753300
2019-12-23,3.760000,4.220000,3.760000,3.920000,3.920000,544800
2019-12-24,3.990000,5.300000,3.960000,4.860000,4.860000,996200
2019-12-26,4.860000,5.490000,4.750000,4.920000,4.920000,821400
2019-12-27,4.910000,5.033000,4.282000,4.740000,4.740000,313900
2019-12-30,4.720000,4.847000,4.120000,4.400000,4.400000,369800
2019-12-31,4.300000,4.585000,4.200000,4.520000,4.520000,173500
2020-01-02,4.510000,4.570000,4.100000,4.150000,4.150000,267300
2020-01-03,4.170000,4.470000,4.130000,4.180000,4.180000,149700
2020-01-06,4.220000,4.260000,4.110000,4.130000,4.130000,149200
2020-01-07,4.150000,4.380000,4.110000,4.270000,4.270000,200300
2020-01-08,4.250000,4.280000,4.130000,4.160000,4.160000,126900
2020-01-09,6.650000,9.500000,5.900000,9.270000,9.270000,42113600
2020-01-10,8.600000,9.320000,7.570000,7.840000,7.840000,6476500
2020-01-13,8.030000,8.100000,7.410000,7.525000,7.525000,1026100
2020-01-14,7.450000,8.450000,7.360000,8.340000,8.340000,1179100
2020-01-15,8.360000,8.630000,8.000000,8.170000,8.170000,841500
2020-01-16,8.280000,8.360000,7.900000,8.130000,8.130000,518000
2020-01-17,8.240000,8.530000,7.970000,8.160000,8.160000,445200
2020-01-21,8.020000,8.340000,7.990000,8.250000,8.250000,366600
2020-01-22,8.290000,10.420000,8.190000,9.860000,9.860000,2384100
2020-01-23,7.000000,8.450000,6.512000,8.370000,8.370000,3206800
2020-01-24,8.200000,8.200000,7.080000,7.400000,7.400000,774800
2020-01-27,7.110000,8.000000,7.000000,7.860000,7.860000,736900
2020-01-28,8.250000,8.450000,7.045000,7.270000,7.270000,954800
2020-01-29,7.250000,7.390000,7.110000,7.360000,7.360000,183300
2020-01-30,7.140000,7.140000,6.227000,6.430000,6.430000,524100
2020-01-31,6.300000,6.420000,6.250000,6.280000,6.280000,216200
2020-02-03,6.270000,6.380000,5.890000,6.090000,6.090000,422700
2020-02-04,6.140000,6.590000,6.070000,6.440000,6.440000,318900
2020-02-05,6.490000,7.010000,6.480000,7.010000,7.010000,240800
2020-02-06,6.380000,6.480000,5.690000,5.710000,5.710000,1133700
2020-02-07,5.250000,5.475000,4.990000,5.000000,5.000000,3240500
2020-02-10,5.140000,5.319000,5.000000,5.000000,5.000000,1056700
2020-02-11,5.070000,5.270000,5.020000,5.140000,5.140000,583200
2020-02-12,5.190000,5.325000,4.840000,4.930000,4.930000,701700
2020-02-13,4.910000,5.150000,4.850000,5.140000,5.140000,372200
2020-02-14,5.050000,5.250000,5.050000,5.120000,5.120000,334300
2020-02-18,5.280000,5.520000,5.250000,5.405000,5.405000,1534100
2020-02-19,5.740000,5.750000,5.300000,5.550000,5.550000,1321300
2020-02-20,5.700000,5.750000,5.450000,5.690000,5.690000,713400
2020-02-21,5.670000,5.680000,5.300000,5.350000,5.350000,734900
2020-02-24,5.280000,5.296000,5.010000,5.070000,5.070000,774400
2020-02-25,5.090000,5.240000,4.820000,4.870000,4.870000,581000
2020-02-26,4.820000,5.100000,4.800000,4.920000,4.920000,384900
2020-02-27,4.800000,4.910000,4.420000,4.650000,4.650000,410700
2020-02-28,4.390000,4.830000,4.350000,4.730000,4.730000,319000
2020-03-02,4.770000,4.890000,4.521000,4.820000,4.820000,391900
2020-03-03,4.890000,5.090000,4.580000,4.750000,4.750000,362500
2020-03-04,4.800000,4.840000,4.610000,4.760000,4.760000,220600
2020-03-05,4.690000,4.810000,4.420000,4.450000,4.450000,264800
2020-03-06,4.330000,4.382000,4.110000,4.280000,4.280000,525500
2020-03-09,4.000000,4.800000,3.750000,3.770000,3.770000,405800
2020-03-10,3.780000,4.060000,3.670000,3.970000,3.970000,330900
2020-03-11,3.770000,4.010000,3.760000,3.840000,3.840000,151300
2020-03-12,3.530000,3.700000,3.110000,3.160000,3.160000,359600
2020-03-13,3.340000,3.520000,2.940000,3.130000,3.130000,394900
2020-03-16,2.800000,3.580000,2.510000,2.530000,2.530000,529000
2020-03-17,2.600000,2.880000,2.310000,2.650000,2.650000,396700
2020-03-18,2.510000,2.575000,2.290000,2.360000,2.360000,220100
2020-03-19,2.340000,2.840000,2.340000,2.790000,2.790000,299500
2020-03-20,2.830000,3.000000,2.590000,2.910000,2.910000,267200
2020-03-23,3.000000,3.160000,2.804000,3.120000,3.120000,253400
2020-03-24,3.300000,3.380000,3.180000,3.250000,3.250000,169200
2020-03-25,3.250000,3.620000,3.180000,3.410000,3.410000,425200
2020-03-26,3.450000,3.760000,3.370000,3.610000,3.610000,139800
2020-03-27,3.400000,3.530000,3.270000,3.330000,3.330000,177200
2020-03-30,3.340000,3.390000,3.160000,3.280000,3.280000,134500
2020-03-31,3.250000,3.400000,3.060000,3.280000,3.280000,176400
2020-04-01,3.120000,3.210000,3.020000,3.050000,3.050000,170600
2020-04-02,3.000000,3.320000,2.860000,3.240000,3.240000,235400
2020-04-03,3.210000,3.290000,2.910000,3.000000,3.000000,112900
2020-04-06,3.100000,3.420000,3.100000,3.340000,3.340000,239900
2020-04-07,3.460000,3.545000,3.180000,3.200000,3.200000,176200
2020-04-08,3.250000,3.430000,3.220000,3.370000,3.370000,68800
2020-04-09,3.460000,3.707000,3.410000,3.625000,3.625000,121700
2020-04-13,3.700000,3.820000,3.570000,3.700000,3.700000,159700
2020-04-14,3.830000,4.010000,3.800000,3.850000,3.850000,146000
2020-04-15,3.740000,4.220000,3.630000,4.100000,4.100000,215300
2020-04-16,4.200000,4.280000,3.880000,3.920000,3.920000,173200
2020-04-17,4.040000,4.215000,3.980000,4.050000,4.050000,97700
2020-04-20,4.110000,4.150000,3.920000,4.000000,4.000000,136600
2020-04-21,3.940000,4.067000,3.850000,3.910000,3.910000,99800
2020-04-22,4.030000,4.040000,3.920000,3.950000,3.950000,119000
2020-04-23,4.030000,4.170000,3.850000,3.870000,3.870000,179900
2020-04-24,3.900000,3.970000,3.850000,3.890000,3.890000,101700
2020-04-27,3.980000,4.140000,3.920000,3.970000,3.970000,200200
2020-04-28,4.090000,4.090000,3.830000,3.910000,3.910000,130400
2020-04-29,4.000000,4.200000,3.830000,3.860000,3.860000,261400
2020-04-30,3.940000,3.940000,3.560000,3.730000,3.730000,286700
2020-05-01,3.660000,3.990000,3.560000,3.950000,3.950000,278900
2020-05-04,3.930000,4.110000,3.870000,3.940000,3.940000,152800
2020-05-05,4.020000,4.100000,3.978000,4.020000,4.020000,137600
2020-05-06,4.020000,4.170000,3.940000,4.030000,4.030000,82400
2020-05-07,4.030000,4.250000,3.960000,4.230000,4.230000,226900