Date,Open,High,Low,Close,Adj Close,Volume
2017-10-18,25.180000,25.257999,25.070000,25.230000,22.793764,149500
2017-10-19,25.500000,25.500000,25.010000,25.285000,22.843454,198400
2017-10-20,25.610001,25.610001,25.350000,25.389999,22.938314,592700
2017-10-23,25.969999,25.990000,25.110001,25.170000,22.739557,1762100
2017-10-24,25.219999,25.280001,25.181000,25.190001,22.757627,546200
2017-10-25,25.200001,25.240000,24.700001,24.910000,22.504660,440000
2017-10-26,25.040001,25.049999,24.910000,24.969999,22.558868,429500
2017-10-27,25.080000,25.080000,24.780001,25.000000,22.585970,280400
2017-10-30,25.020000,25.020000,24.721001,24.770000,22.378180,377700
2017-10-31,24.830000,24.969999,24.770000,24.910000,22.504660,179900
2017-11-01,25.059999,25.150000,24.750000,24.850000,22.450457,270200
2017-11-02,24.860001,24.860001,24.620001,24.680000,22.296873,104700
2017-11-03,24.719999,24.719999,24.500000,24.600000,22.224596,132900
2017-11-06,24.549999,24.740000,24.549999,24.719999,22.333010,199100
2017-11-07,24.760000,24.760000,24.370001,24.450001,22.089081,381200
2017-11-08,24.389999,24.600000,24.320000,24.559999,22.188459,150300
2017-11-09,24.559999,24.559999,24.298000,24.520000,22.152323,211700
2017-11-10,24.400000,24.530001,24.400000,24.410000,22.052944,53600
2017-11-13,24.290001,24.400000,24.180000,24.400000,22.043911,113600
2017-11-14,24.290001,24.370001,24.211000,24.340000,21.989704,158300
2017-11-15,24.120001,24.325001,24.030001,24.280001,21.935497,53200
2017-11-16,24.290001,24.599001,24.290001,24.530001,22.161358,79700
2017-11-17,24.549999,24.750000,24.527000,24.719999,22.333010,46100
2017-11-20,24.809999,24.930000,24.740000,24.900000,22.495630,81700
2017-11-21,25.040001,25.100000,25.000000,25.070000,22.649214,112200
2017-11-22,25.150000,25.200001,25.020000,25.040001,22.622110,78100
2017-11-24,25.070000,25.150000,25.020000,25.090000,22.667282,46800
2017-11-27,25.100000,25.150000,25.000000,25.049999,22.631142,51500
2017-11-28,25.030001,25.408001,25.010000,25.400000,22.947348,93400
2017-11-29,25.469999,25.650000,25.415001,25.469999,23.010586,167100
2017-11-30,25.500000,25.740000,25.500000,25.549999,23.082863,134200
2017-12-01,25.600000,25.604000,24.900000,25.500000,23.037691,214000
2017-12-04,25.760000,25.930000,25.549999,25.559999,23.091898,106500
2017-12-05,25.559999,25.586000,25.320000,25.320000,22.875072,92300
2017-12-06,25.320000,25.365000,25.230000,25.240000,22.802799,93200
2017-12-07,25.320000,25.459999,25.205999,25.389999,22.938314,127200
2017-12-08,25.500000,25.580000,25.440001,25.540001,23.073832,99900
2017-12-11,25.600000,25.659000,25.580000,25.600000,23.128036,126400
2017-12-12,25.700001,25.790001,25.680000,25.690001,23.209345,126700
2017-12-13,25.799999,25.799999,25.610001,25.620001,23.146105,96800
2017-12-14,25.660000,25.679001,25.341999,25.370001,22.920248,135000
2017-12-15,25.549999,25.739000,25.421000,25.690001,23.209345,55500
2017-12-18,25.870001,26.000000,25.820000,25.980000,23.471340,65700
2017-12-19,26.059999,26.090000,25.920000,25.930000,23.426170,93400
2017-12-20,26.000000,26.000000,25.870001,25.930000,23.426170,62700
2017-12-21,25.930000,26.200001,25.930000,26.120001,23.597828,91800
2017-12-22,26.200001,26.200001,26.000000,26.100000,23.579756,60500
2017-12-26,26.120001,26.120001,25.980000,26.010000,23.536324,81500
2017-12-27,26.120001,26.120001,26.000000,26.040001,23.563469,62800
2017-12-28,26.049999,26.110001,26.020000,26.080000,23.599663,60100
2017-12-29,26.170000,26.170000,25.879999,25.889999,23.427732,66700
2018-01-02,26.000000,26.100000,25.900000,26.049999,23.572515,70000
2018-01-03,26.139999,26.250000,26.100000,26.240000,23.744450,99400
2018-01-04,26.389999,26.580000,26.299999,26.530001,24.006866,138500
2018-01-05,26.629999,26.740000,26.556999,26.740000,24.196896,147100
2018-01-08,26.809999,26.879999,26.650000,26.784000,24.236710,156200
2018-01-09,26.840000,26.990000,26.809999,26.910000,24.350729,130100
2018-01-10,26.860001,26.989000,26.799999,26.889999,24.332628,92100
2018-01-11,26.969999,27.270000,26.910000,27.240000,24.649340,177300
2018-01-12,27.260000,27.430000,27.260000,27.410000,24.803175,274600
2018-01-16,27.590000,27.670000,27.051001,27.160000,24.576950,355100
2018-01-17,27.379999,27.423000,27.100000,27.350000,24.748882,154400
2018-01-18,27.400000,27.400000,27.230000,27.299999,24.703632,82600
2018-01-19,27.370001,27.549999,27.309999,27.549999,24.929859,118300
2018-01-22,27.580000,27.719999,27.469999,27.719999,25.083691,185300
2018-01-23,27.770000,27.870001,27.680000,27.830000,25.183228,1143100
2018-01-24,27.930000,28.000000,27.650000,27.799999,25.156082,512200
2018-01-25,27.910000,27.950001,27.600000,27.730000,25.092741,269900
2018-01-26,27.860001,27.940001,27.745001,27.934999,25.278242,151800
2018-01-29,27.950001,27.980000,27.801001,27.840000,25.192278,229300
2018-01-30,27.570000,27.669001,27.459999,27.549999,24.929859,232700
2018-01-31,27.709999,27.760000,27.330000,27.400000,24.794125,171000
2018-02-01,27.309999,27.600000,27.299999,27.510000,24.893661,139900
2018-02-02,27.379999,27.459999,26.879999,26.920000,24.359776,274800
2018-02-05,26.760000,26.969999,25.760000,25.840000,23.382490,481000
2018-02-06,25.299999,26.450001,25.129999,26.370001,23.862085,339900
2018-02-07,26.290001,26.600000,26.216000,26.250000,23.753498,118600
2018-02-08,26.270000,26.344000,25.209999,25.209999,22.812405,215600
2018-02-09,25.530001,25.740000,24.799999,25.559999,23.129118,272100
2018-02-12,25.780001,26.080000,25.600000,25.900000,23.436781,92400
2018-02-13,25.879999,26.040001,25.750000,26.000000,23.527273,48500
2018-02-14,25.900000,26.480000,25.820000,26.480000,23.961618,112700
2018-02-15,26.730000,26.740000,26.358999,26.740000,24.196896,136100
2018-02-16,26.760000,26.950001,26.709999,26.740000,24.196896,96300
2018-02-20,26.709999,26.900000,26.600000,26.709999,24.169744,96100
2018-02-21,26.700001,27.000000,26.561001,26.561001,24.034922,75100
2018-02-22,26.590000,26.799999,26.440001,26.480000,23.961618,69100
2018-02-23,26.469999,26.910000,26.469999,26.850000,24.296434,89400
2018-02-26,26.930000,27.120001,26.909000,27.090000,24.513609,103200
2018-02-27,27.110001,27.249001,26.820000,26.820000,24.269289,59500
2018-02-28,27.000000,27.000000,26.500000,26.500000,23.979721,43800
2018-03-01,26.410000,26.618000,26.080000,26.280001,23.780643,108300
2018-03-02,26.100000,26.600000,26.000000,26.549999,24.024963,64100
2018-03-05,26.400000,26.877001,26.320000,26.790001,24.242142,58700
2018-03-06,27.000000,27.000000,26.700001,26.969999,24.405018,73500
2018-03-07,26.809999,27.080000,26.805000,27.080000,24.504560,47900
2018-03-08,27.080000,27.190001,26.990000,27.080000,24.504560,41100
2018-03-09,27.250000,27.580000,27.249001,27.570000,24.947956,83000
2018-03-12,27.700001,27.739000,27.459999,27.590000,24.966057,89600
2018-03-13,27.719999,27.749001,27.320000,27.370001,24.766977,52500
2018-03-14,27.490000,27.540001,27.170000,27.197001,24.610430,52100
2018-03-15,27.280001,27.299999,27.059999,27.150000,24.567900,33800
2018-03-16,27.150000,27.270000,27.090000,27.209999,24.622194,34500
2018-03-19,27.110001,27.155001,26.565001,26.740000,24.196896,73300
2018-03-20,26.820000,26.940001,26.740999,26.840000,24.310112,30400
2018-03-21,26.870001,27.180000,26.832001,26.940001,24.400688,37100
2018-03-22,26.639999,26.819000,26.270000,26.285000,23.807425,74800
2018-03-23,26.219999,26.250999,25.629999,25.650000,23.232281,115500
2018-03-26,26.000000,26.309999,25.716000,26.260000,23.784782,66000
2018-03-27,26.309999,26.448999,25.681000,25.780001,23.350029,53900
2018-03-28,25.730000,25.860001,25.525000,25.670000,23.250395,46200
2018-03-29,25.830000,26.215000,25.700001,26.059999,23.603636,21600
2018-04-02,25.930000,26.000000,25.190001,25.400000,23.005842,83800
2018-04-03,25.600000,25.820000,25.430000,25.750000,23.322853,42600
2018-04-04,25.309999,26.000000,25.270000,25.950001,23.504004,29800
2018-04-05,26.059999,26.278999,26.049999,26.230000,23.757610,44100
2018-04-06,25.910000,26.149000,25.500000,25.700001,23.277567,35700
2018-04-09,25.760000,25.950001,25.600000,25.600000,23.186993,63100
2018-04-10,25.980000,26.096001,25.761000,26.010000,23.558350,73100
2018-04-11,25.809999,26.080000,25.799999,25.969999,23.522120,29800
2018-04-12,26.059999,26.250000,26.010000,26.218000,23.746740,20200
2018-04-13,26.299999,26.343000,25.962999,26.049999,23.594576,27100
2018-04-16,26.170000,26.405001,26.150000,26.299999,23.821011,61500
2018-04-17,26.500000,26.670000,26.430000,26.600000,24.092739,69300
2018-04-18,26.690001,26.850000,26.684999,26.763000,24.240370,32600
2018-04-19,26.760000,26.808001,26.639999,26.690001,24.174253,61700
2018-04-20,26.650000,26.747000,26.565001,26.610001,24.101793,27000
2018-04-23,26.740000,26.781000,26.521000,26.580000,24.074621,33100
2018-04-24,26.670000,26.750000,26.131001,26.299999,23.821011,27300
2018-04-25,26.219999,26.350000,26.020000,26.240000,23.766670,47300
2018-04-26,26.440001,26.583000,26.400000,26.500000,24.002159,42900
2018-04-27,26.490000,26.639999,26.469999,26.549999,24.047447,34900
2018-04-30,26.610001,26.725000,26.350000,26.350000,23.866299,38800
2018-05-01,26.440001,26.629000,26.260000,26.620001,24.110851,46200
2018-05-02,26.480000,26.719999,26.427999,26.434999,23.943287,24400
2018-05-03,26.350000,26.419001,26.000999,26.280001,23.802900,55100
2018-05-04,26.180000,26.753000,26.180000,26.660000,24.147079,25900
2018-05-07,26.660000,26.969999,26.660000,26.860001,24.328228,79400
2018-05-08,26.889999,26.930000,26.770000,26.900000,24.364456,29700
2018-05-09,26.980000,27.370001,26.980000,27.299999,24.726755,63800
2018-05-10,27.420000,27.629999,27.370001,27.600000,24.998476,115700
2018-05-11,27.549999,27.650000,27.469999,27.639999,25.034702,49300
2018-05-14,27.650000,27.754999,27.510000,27.570000,24.971306,57600
2018-05-15,27.469999,27.480000,27.320000,27.448999,24.861710,31400
2018-05-16,27.309999,27.680000,27.309999,27.660000,25.052822,66600
2018-05-17,27.680000,27.860001,27.600000,27.760000,25.143394,64200
2018-05-18,27.760000,27.799999,27.680000,27.770000,25.152454,41400
2018-05-21,27.900000,27.940001,27.840000,27.879999,25.252085,53200
2018-05-22,27.940001,27.948999,27.730000,27.760000,25.143394,30900
2018-05-23,27.600000,27.750000,27.559999,27.750000,25.134338,33300
2018-05-24,27.650000,27.719999,27.412001,27.719999,25.107164,88000
2018-05-25,27.549999,27.650000,27.540001,27.639999,25.034702,59900
2018-05-29,27.440001,27.500000,27.150999,27.340000,24.762983,50900
2018-05-30,27.490000,27.730000,27.490000,27.670000,25.061878,97600
2018-05-31,27.709999,27.749001,27.471001,27.500000,24.907902,26100
2018-06-01,27.730000,27.900000,27.690001,27.830000,25.206797,31500
2018-06-04,27.950001,28.049999,27.870001,28.040001,25.397005,87000
2018-06-05,28.100000,28.150000,28.000000,28.110001,25.460407,68900
2018-06-06,28.150000,28.299999,28.040001,28.299999,25.632496,87900
2018-06-07,28.309999,28.450001,28.219999,28.370001,25.695904,109200
2018-06-08,28.370001,28.500000,28.309999,28.500000,25.813644,47400
2018-06-11,28.530001,28.690001,28.530001,28.629999,25.931391,75500
2018-06-12,28.740000,28.759001,28.596001,28.680000,25.976679,98800
2018-06-13,28.780001,28.780001,28.610001,28.610001,25.913275,47100
2018-06-14,28.670000,28.725000,28.590000,28.684999,25.981209,58300
2018-06-15,28.540001,28.700001,28.420000,28.680000,25.976679,79500
2018-06-18,28.520000,28.860001,28.520000,28.860001,26.139713,93500
2018-06-19,28.709999,28.740000,28.468000,28.730000,26.058083,86400
2018-06-20,28.799999,28.940001,28.799999,28.865000,26.180525,110900
2018-06-21,28.930000,28.930000,28.570000,28.629999,25.967381,69500
2018-06-22,28.809999,28.830000,28.600000,28.600000,25.940174,88100
2018-06-25,28.540001,28.540001,27.969999,28.139999,25.522953,130500
2018-06-26,28.270000,28.270000,28.000000,28.170000,25.550165,52000
2018-06-27,28.160000,28.340000,27.799999,27.799999,25.214571,67400
2018-06-28,27.799999,27.990000,27.660000,27.950001,25.350624,45600
2018-06-29,28.040001,28.280001,28.000000,28.004999,25.400507,48800
2018-07-02,27.790001,28.090000,27.730000,28.090000,25.477604,49700
2018-07-03,28.200001,28.230000,27.990000,27.990000,25.386904,43600
2018-07-05,28.030001,28.270000,28.030001,28.209999,25.586443,48400
2018-07-06,28.299999,28.559999,28.250000,28.540001,25.885752,99800
2018-07-09,28.660000,28.879999,28.650000,28.879999,26.194132,124300
2018-07-10,28.850000,28.959999,28.781000,28.889999,26.203201,90000
2018-07-11,28.750000,28.790001,28.570000,28.620001,25.958313,55200
2018-07-12,28.770000,28.898001,28.617001,28.889999,26.203201,53800
2018-07-13,28.940001,28.980000,28.840000,28.889999,26.203201,47600
2018-07-16,28.900000,28.959999,28.761000,28.830000,26.148783,45400
2018-07-17,28.790001,29.049999,28.782000,29.020000,26.321110,53200
2018-07-18,28.930000,29.170000,28.930000,29.170000,26.457161,57800
2018-07-19,29.129999,29.200001,28.959999,29.160000,26.448090,97800
2018-07-20,29.049999,29.129999,29.010000,29.059999,26.357389,70000
2018-07-23,29.100000,29.129999,28.900000,29.100000,26.393671,90800
2018-07-24,29.200001,29.250000,28.860001,28.980000,26.284830,79900
2018-07-25,29.010000,29.190001,28.850000,29.150999,26.439930,56100
2018-07-26,29.139999,29.250000,29.059999,29.160000,26.448090,84200
2018-07-27,29.209999,29.235001,28.700001,28.840000,26.157852,66300
2018-07-30,28.799999,28.895000,28.469999,28.520000,25.867613,120800
2018-07-31,28.610001,28.850000,28.610001,28.809999,26.130642,94100
2018-08-01,28.860001,28.959999,28.770000,28.770000,26.094364,46900
2018-08-02,28.750000,28.959999,28.559999,28.920000,26.230412,62000
2018-08-03,28.980000,29.000000,28.850000,28.969999,26.275761,31600
2018-08-06,29.000000,29.100000,28.900999,29.100000,26.393671,91200
2018-08-07,29.000000,29.290001,29.000000,29.230000,26.511580,84500
2018-08-08,29.209999,29.240000,29.111000,29.209999,26.493441,25900
2018-08-09,29.240000,29.309999,29.160000,29.200001,26.484369,53400
2018-08-10,29.000000,29.118999,28.860001,28.980000,26.284830,33700
2018-08-13,28.959999,29.100000,28.811001,28.870001,26.185062,45700
2018-08-14,28.959999,29.090000,28.910999,29.070000,26.366459,26500
2018-08-15,29.000000,29.000000,28.549999,28.760000,26.085295,86500
2018-08-16,28.910000,29.139000,28.879999,28.940001,26.248552,46300
2018-08-17,29.000000,29.129999,28.900000,29.090000,26.384600,35000
2018-08-20,29.170000,29.209999,29.030001,29.209999,26.493441,92600
2018-08-21,29.240000,29.420000,29.209999,29.360001,26.629488,66700
2018-08-22,29.400000,29.450001,29.299999,29.410000,26.674837,35500
2018-08-23,29.459999,29.500000,29.330000,29.370001,26.638559,38100
2018-08-24,29.469999,29.620001,29.420000,29.590000,26.838100,118400
2018-08-27,29.709999,29.850000,29.684000,29.809999,27.037640,612000
2018-08-28,29.879999,29.879999,29.691000,29.750000,26.983217,189900
2018-08-29,29.820000,29.900000,29.719999,29.889999,27.110199,155100
2018-08-30,29.760000,29.843000,29.600000,29.690001,26.928801,134100
2018-08-31,29.600000,29.700001,29.580999,29.700001,26.937868,56500
2018-09-04,29.620001,29.690001,29.500000,29.610001,26.856239,81300
2018-09-05,29.520000,29.580000,29.299999,29.469999,26.729259,106700
2018-09-06,29.469999,29.502001,29.190001,29.260000,26.538788,125200
2018-09-07,29.110001,29.360001,29.100000,29.180000,26.466230,77500
2018-09-10,29.350000,29.420000,29.221001,29.299999,26.575069,222800
2018-09-11,29.200001,29.389999,29.090000,29.360001,26.629488,105200
2018-09-12,29.299999,29.340000,29.110001,29.299999,26.575069,54700
2018-09-13,29.459999,29.469999,29.282000,29.410000,26.674837,50400
2018-09-14,29.459999,29.480000,29.318001,29.420000,26.683910,58300
2018-09-17,29.450001,29.468000,29.120001,29.170000,26.457161,70300
2018-09-18,29.100000,29.319000,29.100000,29.250000,26.529720,63200
2018-09-19,29.299999,29.400000,29.254999,29.340000,26.611349,41900
2018-09-20,29.360001,29.590000,29.360001,29.520000,26.774609,46100
2018-09-21,29.580000,29.680000,29.520000,29.559999,26.810890,61000
2018-09-24,29.500000,29.559999,29.350000,29.469999,26.729259,51500
2018-09-25,29.580000,29.580000,29.450001,29.450001,26.729259,31900
2018-09-26,29.559999,29.650000,29.360001,29.370001,26.656651,46200
2018-09-27,29.520000,29.590000,29.448999,29.490000,26.765564,51100
2018-09-28,29.410000,29.577000,29.410000,29.530001,26.801868,33700
2018-10-01,29.660000,29.700001,29.400000,29.459999,26.738337,72400
2018-10-02,29.430000,29.468000,29.280001,29.350000,26.638498,59200
2018-10-03,29.469999,29.580000,29.400000,29.450001,26.729259,41100
2018-10-04,29.370001,29.400000,29.020000,29.190001,26.493282,77700
2018-10-05,29.139999,29.229000,28.674999,28.850000,26.184692,128600
2018-10-08,28.770000,28.860001,28.493999,28.709999,26.057625,89400
2018-10-09,28.709999,28.770000,28.617001,28.709999,26.057625,39900
2018-10-10,28.690001,28.690001,27.690001,27.700001,25.140936,310500
2018-10-11,27.530001,27.882000,27.120001,27.290001,24.768814,136100
2018-10-12,27.700001,27.815001,27.207001,27.600000,25.050171,77700
2018-10-15,27.520000,27.690001,27.400000,27.500000,24.959412,82800
2018-10-16,27.700001,28.139000,27.650000,28.110001,25.513060,93300
2018-10-17,28.200001,28.200001,27.750000,28.080000,25.485828,82400
2018-10-18,27.980000,27.980000,27.400000,27.540001,24.995716,69600
2018-10-19,27.719999,27.809999,27.250000,27.360001,24.832346,197800
2018-10-22,27.410000,27.490000,27.160000,27.200001,24.687126,109400
2018-10-23,27.000000,27.174999,26.542000,27.090000,24.587288,143800
2018-10-24,26.990000,27.059999,26.000000,26.010000,23.607067,106100
2018-10-25,26.180000,26.660000,26.150000,26.500000,24.051794,78600
2018-10-26,26.010000,26.254999,25.600000,25.860001,23.470926,96700
2018-10-29,26.219999,26.370001,25.305000,25.622999,23.255816,68300
2018-10-30,25.559999,26.106001,25.559999,26.049999,23.643370,47800
2018-10-31,26.420000,26.780001,26.350000,26.540001,24.088102,61100
2018-11-01,26.670000,27.059999,26.600000,27.010000,24.514681,104100
2018-11-02,27.059999,27.290001,26.719999,26.910000,24.423918,48400
2018-11-05,26.840000,27.020000,26.715000,26.860001,24.378538,32700
2018-11-06,26.930000,26.988001,26.778000,26.920000,24.432997,71700
2018-11-07,27.219999,27.600000,27.219999,27.600000,25.050171,93000
2018-11-08,27.559999,27.559999,27.278999,27.340000,24.814194,31500
2018-11-09,27.209999,27.235001,26.799999,26.930000,24.442072,24500
2018-11-12,27.010000,27.010000,26.299999,26.340000,23.906578,68000
2018-11-13,26.320000,26.700001,26.240000,26.320000,23.888426,49800
2018-11-14,26.389999,26.670000,25.930000,26.040001,23.634295,26400
2018-11-15,25.830000,26.455999,25.820000,26.340000,23.906578,34100
2018-11-16,26.330000,26.480000,26.205999,26.400000,23.961035,26200
2018-11-19,26.340000,26.469000,25.559999,25.650000,23.280325,47600
2018-11-20,25.250000,25.540001,24.940001,25.170000,22.844669,81800
2018-11-21,25.420000,25.670000,25.360001,25.469999,23.116953,29400
2018-11-23,25.370001,25.500000,25.350000,25.350000,23.008039,12600
2018-11-26,25.450001,25.850000,25.450001,25.850000,23.461849,27700
2018-11-27,25.740000,25.802000,25.611000,25.780001,23.398315,19900
2018-11-28,25.790001,26.450001,25.790001,26.430000,23.988264,25300
2018-11-29,26.420000,26.600000,26.219999,26.410000,23.970112,27100
2018-11-30,26.340000,26.674000,26.260000,26.639999,24.178864,36400
2018-12-03,27.120001,27.438999,26.790001,26.920000,24.432997,40400
2018-12-04,26.920000,26.920000,25.959999,26.000000,23.597990,130700
2018-12-06,25.530001,25.910000,25.200001,25.910000,23.516304,55100
2018-12-07,25.830000,26.100000,25.150000,25.309999,22.971735,22100
2018-12-10,25.180000,25.382000,24.858000,25.280001,22.944508,72300
2018-12-11,25.610001,25.680000,25.086000,25.200001,22.871899,36500
2018-12-12,25.520000,25.813000,25.410000,25.410000,23.062494,30900
2018-12-13,25.410000,25.559999,25.200001,25.299999,22.962656,21600
2018-12-14,24.990000,25.129999,24.709999,24.730000,22.445318,46900
2018-12-17,24.580000,24.726999,24.020000,24.120001,21.891676,109200
2018-12-18,24.209999,24.459999,24.070000,24.250000,22.009663,112700
2018-12-19,24.160000,24.639999,23.628000,23.761000,21.565838,50600
2018-12-20,23.590000,23.770000,22.969999,23.240000,21.092972,124900
2018-12-21,23.270000,23.525000,22.629999,22.719999,20.621012,215600
2018-12-24,20.680000,20.799999,20.350000,20.350000,20.158407,142200
2018-12-26,20.440001,21.500000,20.351000,21.480000,21.277771,88300
2018-12-27,21.370001,21.730000,20.910000,21.730000,21.525417,110300
2018-12-28,21.879999,21.950001,21.525000,21.650000,21.446169,82400
2018-12-31,21.770000,21.919001,21.610001,21.820000,21.614569,93600
2019-01-02,21.500000,22.040001,21.480000,21.930000,21.723534,30000
2019-01-03,21.740000,21.760000,21.440001,21.441999,21.240128,41800
2019-01-04,21.620001,22.420000,21.620001,22.299999,22.090050,78500
2019-01-07,22.330000,22.829000,22.330000,22.610001,22.397131,31000
2019-01-08,22.920000,22.979000,22.621000,22.950001,22.733931,23400
2019-01-09,23.030001,23.257999,23.000000,23.190001,22.971674,40400
2019-01-10,23.070000,23.350000,23.000000,23.340000,23.120260,35100
2019-01-11,23.360001,23.379999,23.139999,23.350000,23.130163,26600
2019-01-14,23.110001,23.280001,23.040001,23.250000,23.031107,47800
2019-01-15,23.320000,23.549999,23.320000,23.540001,23.318377,50400
2019-01-16,23.590000,23.700001,23.540001,23.639999,23.417433,86300
2019-01-17,23.559999,23.877001,23.459999,23.820000,23.595739,26100
2019-01-18,24.000000,24.245001,23.950001,24.240000,24.011786,30900
2019-01-22,24.100000,24.128000,23.690001,23.850000,23.625458,68200
2019-01-23,23.889999,24.030001,23.530001,23.700001,23.476871,34200
2019-01-24,23.700001,23.990000,23.700001,23.870001,23.645269,38700
2019-01-25,24.080000,24.350000,24.080000,24.270000,24.041504,47200
2019-01-28,24.120001,24.219999,23.997000,24.167999,23.940462,29600
2019-01-29,24.160000,24.219999,24.000000,24.020000,23.793858,27800
2019-01-30,24.219999,24.450001,24.030001,24.389999,24.160374,30100
2019-01-31,24.459999,24.700001,24.459999,24.674999,24.442690,94900
2019-02-01,24.650000,24.889999,24.650000,24.820000,24.586323,27900
2019-02-04,24.780001,25.000000,24.780001,24.959999,24.725006,45000
2019-02-05,25.000000,25.169001,24.990000,25.120001,24.883501,75900
2019-02-06,25.170000,25.209999,24.959999,25.090000,24.853783,19500
2019-02-07,24.830000,24.910000,24.653000,24.799999,24.566513,36200
2019-02-08,24.700001,24.872000,24.650000,24.820000,24.586323,23300
2019-02-11,24.930000,25.040001,24.879999,24.980000,24.744818,149000
2019-02-12,25.150000,25.350000,25.150000,25.280001,25.041992,30700
2019-02-13,25.299999,25.490000,25.299999,25.330000,25.091524,29400
2019-02-14,25.270000,25.459999,25.120001,25.330000,25.091524,52100
2019-02-15,25.500000,25.600000,25.500000,25.580000,25.339170,62200
2019-02-19,25.500000,25.757000,25.500000,25.660000,25.418417,39500
2019-02-20,25.670000,25.780001,25.660000,25.719999,25.477852,39500
2019-02-21,25.719999,25.719999,25.459999,25.570000,25.329264,36600
2019-02-22,25.620001,25.792999,25.600000,25.790001,25.547194,32800
2019-02-25,25.830000,25.955000,25.770000,25.770000,25.527382,41400
2019-02-26,25.719999,25.822001,25.709999,25.709999,25.467945,27400
2019-02-27,25.620001,25.805000,25.620001,25.740000,25.497663,38900
2019-02-28,25.709999,25.820000,25.670000,25.700001,25.458040,26900
2019-03-01,25.799999,25.980000,25.740000,25.900000,25.656157,66200
2019-03-04,26.000000,26.049999,25.549999,25.780001,25.537289,73700
2019-03-05,25.790001,25.850000,25.700001,25.780001,25.537289,57500
2019-03-06,25.799999,25.799999,25.500000,25.500000,25.259924,39200
2019-03-07,25.450001,25.455999,25.240000,25.280001,25.041992,62300
2019-03-08,25.080000,25.209999,24.930000,25.190001,24.952843,66900
2019-03-11,25.190001,25.629999,25.190001,25.580000,25.339170,31100
2019-03-12,25.650000,25.799999,25.610001,25.680000,25.438229,40900
2019-03-13,25.780001,25.980000,25.760000,25.910000,25.666063,51700
2019-03-14,25.910000,25.920000,25.820000,25.830000,25.586817,14600
2019-03-15,25.900000,26.040001,25.900000,25.920000,25.675970,74400
2019-03-18,25.950001,26.100000,25.920000,26.070000,25.824556,29300
2019-03-19,26.100000,26.172001,25.910999,25.980000,25.735405,40300
2019-03-20,25.950001,26.049999,25.799999,25.900000,25.656157,29100
2019-03-21,25.870001,26.270000,25.870001,26.270000,26.022673,33700
2019-03-22,26.150000,26.150000,25.559999,25.559999,25.319357,72300
2019-03-25,25.510000,25.690001,25.379999,25.540001,25.299549,76900
2019-03-26,25.580000,25.811001,25.540001,25.650000,25.498362,22000
2019-03-27,25.590000,25.760000,25.391001,25.549999,25.398954,38400
2019-03-28,25.629999,25.740000,25.530001,25.712000,25.559996,16500
2019-03-29,25.870001,25.920000,25.799999,25.879999,25.727003,22800
2019-04-01,26.100000,26.240000,26.000000,26.190001,26.035173,61300
2019-04-02,26.100000,26.250000,26.100000,26.200001,26.045115,30600
2019-04-03,26.299999,26.400000,26.219999,26.270000,26.114698,44200
2019-04-04,26.270000,26.350000,26.129999,26.270000,26.114698,43000
2019-04-05,26.290001,26.450001,26.290001,26.410000,26.253872,27800
2019-04-08,26.430000,26.450001,26.280001,26.450001,26.293634,37100
2019-04-09,26.360001,26.410000,26.299999,26.350000,26.194227,68100
2019-04-10,26.330000,26.500000,26.330000,26.490000,26.333399,24300
2019-04-11,26.490000,26.544001,26.420000,26.469999,26.313517,69600
2019-04-12,26.650000,26.705000,26.591000,26.670000,26.512333,39000
2019-04-15,26.660000,26.700001,26.590000,26.639999,26.482510,35300
2019-04-16,26.709999,26.785999,26.671000,26.714001,26.556076,23000
2019-04-17,26.809999,26.809999,26.549999,26.549999,26.393042,35600
2019-04-18,26.610001,26.610001,26.410000,26.520000,26.363220,26800
2019-04-22,26.490000,26.600000,26.459999,26.540001,26.383102,36000
2019-04-23,26.570000,26.959999,26.570000,26.879999,26.721092,50300
2019-04-24,26.870001,26.980000,26.790001,26.790001,26.631624,64400
2019-04-25,26.760000,26.900000,26.660000,26.830000,26.671389,15700
2019-04-26,26.799999,26.940001,26.719999,26.900000,26.740973,22900
2019-04-29,26.900000,27.090000,26.900000,26.990000,26.830441,44800
2019-04-30,26.930000,27.020000,26.820000,26.969999,26.810560,18000
2019-05-01,26.910000,26.955000,26.660000,26.660000,26.502392,41600
2019-05-02,26.590000,26.780001,26.413000,26.600000,26.442747,24000
2019-05-03,26.700001,26.959999,26.700001,26.910000,26.750916,30000
2019-05-06,26.420000,26.957001,26.420000,26.850000,26.691269,49600
2019-05-07,26.570000,26.740000,26.280001,26.450001,26.293634,220500
2019-05-08,26.370001,26.600000,26.370001,26.440001,26.283695,64100
2019-05-09,26.160000,26.389999,25.959999,26.290001,26.134583,26000
2019-05-10,26.090000,26.504000,25.950001,26.469999,26.313517,52800
2019-05-13,25.799999,26.013000,25.534000,25.590000,25.438717,103500
2019-05-14,25.670000,26.097000,25.670000,25.930000,25.776709,25100
2019-05-15,25.798000,26.139999,25.690001,26.100000,25.945704,19000
2019-05-16,26.230000,26.420000,26.173000,26.250000,26.094818,25600
2019-05-17,25.990000,26.306000,25.969999,26.110001,25.955645,24600
2019-05-20,25.850000,25.906000,25.690001,25.790001,25.637539,24000
2019-05-21,25.889999,26.200001,25.889999,26.110001,25.955645,58200
2019-05-22,26.110001,26.110001,25.870001,25.870001,25.717064,18600
2019-05-23,25.750000,25.750000,25.360001,25.540001,25.389013,42300
2019-05-24,25.690001,25.740000,25.490000,25.600000,25.448658,12300
2019-05-28,25.559999,25.690001,25.330000,25.330000,25.180258,23000
2019-05-29,25.170000,25.202999,25.000000,25.129999,24.981438,44400
2019-05-30,25.120001,25.350000,25.059999,25.139999,24.991379,17200
2019-05-31,24.910000,24.999001,24.629999,24.760000,24.613625,50000
2019-06-03,24.750000,24.900000,24.570000,24.680000,24.534100,32200
2019-06-04,24.900000,25.350000,24.900000,25.350000,25.200138,29400
2019-06-05,25.500000,25.520000,25.260000,25.459999,25.309488,20400
2019-06-06,25.510000,25.700001,25.450001,25.700001,25.548069,37000
2019-06-07,25.680000,25.877001,25.680000,25.790001,25.637539,29000
2019-06-10,25.950001,26.200001,25.950001,25.980000,25.826412,27500
2019-06-11,26.110001,26.190001,25.840000,25.850000,25.697184,19300
2019-06-12,25.809999,25.990000,25.790001,25.820000,25.667358,11200
2019-06-13,25.879999,26.028999,25.840000,25.889999,25.736942,17400
2019-06-14,25.850000,25.870001,25.730000,25.770000,25.617653,28700
2019-06-17,25.809999,25.905001,25.760000,25.760000,25.607714,26200
2019-06-18,25.879999,26.270000,25.879999,26.110001,25.955645,66600
2019-06-19,26.100000,26.250000,26.070000,26.180000,26.025230,25100
2019-06-20,26.379999,26.499001,26.280001,26.430000,26.273754,29400
2019-06-21,26.350000,26.549999,26.350000,26.370001,26.214109,62600
2019-06-24,26.350000,26.530001,26.299999,26.299999,26.144522,56400
2019-06-25,26.280001,26.280001,26.020000,26.020000,25.866179,17100
2019-06-26,26.000000,26.200001,26.000000,26.059000,25.904945,13700
2019-06-27,26.049999,26.240000,26.049999,26.150000,25.995407,28600
2019-06-28,26.139999,26.350000,26.139999,26.337999,26.202335,47500
2019-07-01,26.520000,26.701000,26.459999,26.530001,26.393351,34300
2019-07-02,26.549999,26.639999,26.500000,26.639999,26.502781,62600
2019-07-03,26.600000,27.040001,26.600000,26.802000,26.663946,53200
2019-07-05,26.590000,26.850000,26.590000,26.850000,26.711702,24700
2019-07-08,26.760000,26.760000,26.600000,26.629999,26.492832,19000
2019-07-09,26.320000,26.719999,26.320000,26.690001,26.552525,31500
2019-07-10,26.780001,26.909000,26.768999,26.780001,26.642061,23700
2019-07-11,26.900000,26.900000,26.781000,26.879999,26.741545,16100
2019-07-12,26.900000,27.024000,26.886999,26.969999,26.831081,28600
2019-07-15,27.020000,27.040001,26.950001,26.969999,26.831081,28400
2019-07-16,26.930000,27.042000,26.840000,26.860001,26.721649,19500
2019-07-17,26.750000,26.900000,26.750000,26.790001,26.652012,14900
2019-07-18,26.580000,26.889999,26.580000,26.879999,26.741545,45400
2019-07-19,26.889999,26.959999,26.680000,26.680000,26.542576,12100
2019-07-22,26.700001,26.805000,26.680000,26.690001,26.552525,27300
2019-07-23,26.730000,26.879999,26.700001,26.820000,26.681854,11900
2019-07-24,26.719999,27.049999,26.719999,27.010000,26.870878,32300
2019-07-25,26.940001,26.980000,26.809999,26.830000,26.691803,40800
2019-07-26,26.870001,27.090000,26.870001,27.020000,26.880827,26800
2019-07-29,26.990000,27.000999,26.820000,26.900000,26.761444,16100
2019-07-30,26.719999,26.920000,26.719999,26.860001,26.721649,46700
2019-07-31,26.809999,26.930000,26.430000,26.530001,26.393351,37200
2019-08-01,26.510000,26.805000,26.211000,26.370001,26.234173,44500
2019-08-02,26.120001,26.120001,25.809999,25.889999,25.756645,77900
2019-08-05,25.740000,25.740000,24.920000,25.139999,25.010509,193900
2019-08-06,25.389999,25.575001,25.260000,25.510000,25.378603,60500
2019-08-07,25.299999,25.643999,25.118000,25.530001,25.398500,41600
2019-08-08,25.580000,26.180000,25.580000,26.070000,25.935719,67600
2019-08-09,26.070000,26.129999,25.830000,26.020000,25.885975,43700
2019-08-12,25.980000,25.980000,25.559999,25.620001,25.488037,36200
2019-08-13,25.450001,26.180000,25.450001,26.000999,25.867073,37100
2019-08-14,25.620001,25.700001,25.202000,25.306999,25.176645,51500
2019-08-15,25.309999,25.402000,25.230000,25.400000,25.269169,29800
2019-08-16,25.600000,25.740000,25.510000,25.719999,25.587521,27500
2019-08-19,25.959999,26.020000,25.870001,25.900000,25.766592,26000
2019-08-20,25.850000,25.945999,25.770000,25.770000,25.637264,14200
2019-08-21,25.920000,26.080000,25.920000,25.990000,25.856131,23400
2019-08-22,26.040001,26.142000,25.889999,26.073000,25.938702,21900
2019-08-23,26.059999,26.100000,25.450001,25.510000,25.378603,27100
2019-08-26,25.760000,25.760000,25.520000,25.700001,25.567623,25900
2019-08-27,25.730000,25.910000,25.545000,25.610001,25.478086,24100
2019-08-28,25.510000,25.780001,25.510000,25.719999,25.587521,25900
2019-08-29,25.910000,26.160000,25.910000,26.070000,25.935719,22000
2019-08-30,26.230000,26.280001,26.030001,26.180000,26.045153,27900
2019-09-03,25.969999,26.114000,25.858000,25.955000,25.821310,25500
2019-09-04,26.139999,26.204000,26.091000,26.110001,25.975513,31000
2019-09-05,26.250000,26.559999,26.250000,26.469999,26.333658,24900
2019-09-06,26.500000,26.650000,26.500000,26.545000,26.408272,35200
2019-09-09,26.580000,26.600000,26.260000,26.299999,26.164534,21700
2019-09-10,26.190001,26.240000,26.049999,26.209999,26.074995,12500
2019-09-11,26.250000,26.480000,26.250000,26.410000,26.273968,32300
2019-09-12,26.500000,26.681000,26.500000,26.510000,26.373451,28000
2019-09-13,26.510000,26.646999,26.490000,26.490000,26.353554,27800
2019-09-16,26.370001,26.520000,26.268000,26.459999,26.323708,30500
2019-09-17,26.410000,26.670000,26.410000,26.620001,26.482887,14000
2019-09-18,26.590000,26.660000,26.486000,26.590000,26.453041,44000
2019-09-19,26.670000,26.820000,26.618999,26.655001,26.517706,13400
2019-09-20,26.700001,26.700001,26.353001,26.466000,26.379162,18900
2019-09-23,26.379999,26.509001,26.360001,26.420000,26.333311,29200
2019-09-24,26.570000,26.580000,26.118000,26.190001,26.104067,13700
2019-09-25,26.170000,26.396999,26.020000,26.340000,26.253574,16800
2019-09-26,26.320000,26.350000,26.190001,26.280001,26.193771,18200
2019-09-27,26.330000,26.368000,25.900000,26.049999,25.964525,18900
2019-09-30,26.020000,26.219999,26.020000,26.139999,26.054230,21600
2019-10-01,26.209999,26.327999,25.889999,25.889999,25.805050,21400
2019-10-02,25.830000,25.830000,25.410000,25.570000,25.486099,22600
2019-10-03,25.510000,25.750000,25.200001,25.709999,25.625641,13000
2019-10-04,25.740000,26.070000,25.740000,26.030001,25.944592,24100
2019-10-07,25.959999,26.141001,25.947001,25.950001,25.864855,21100
2019-10-08,25.780001,25.799999,25.580000,25.639000,25.554874,22500
2019-10-09,25.790001,25.921000,25.709999,25.850000,25.765182,8800
2019-10-10,25.709999,26.035999,25.709999,25.990000,25.904722,10700
2019-10-11,26.209999,26.469999,26.209999,26.250000,26.163870,21700
2019-10-14,26.190001,26.330000,26.190001,26.219999,26.133968,45000
2019-10-15,26.280001,26.542000,26.280001,26.450001,26.363214,30200
2019-10-16,26.469999,26.469999,26.312000,26.385000,26.298426,8300
2019-10-17,26.440001,26.559999,26.440001,26.530001,26.442951,24900
2019-10-18,26.474001,26.474001,26.219999,26.330000,26.243608,9100
2019-10-21,26.500000,26.520000,26.389999,26.520000,26.432983,16700
2019-10-22,26.600000,26.600000,26.230000,26.261999,26.175829,17200
2019-10-23,26.200001,26.358000,26.170000,26.209999,26.123999,9400
2019-10-24,26.270000,26.490000,26.270000,26.370001,26.283476,11700
2019-10-25,26.340000,26.562000,26.333000,26.524000,26.436970,13400
2019-10-28,26.639999,26.698999,26.569000,26.690001,26.602427,16400
2019-10-29,26.660000,26.731001,26.570000,26.690001,26.602427,13800
2019-10-30,26.620001,26.768000,26.580999,26.700001,26.612394,8300
2019-10-31,26.700001,26.747000,26.500000,26.540001,26.452919,11600
2019-11-01,26.730000,26.850000,26.730000,26.820000,26.731998,17100
2019-11-04,26.920000,26.980000,26.766001,26.790001,26.702097,20400
2019-11-05,26.799999,26.820000,26.632999,26.680000,26.592459,32500
2019-11-06,26.639999,26.690001,26.570000,26.600000,26.512720,11800
2019-11-07,26.670000,26.950001,26.670000,26.770000,26.682163,24300
2019-11-08,26.790001,26.930000,26.790001,26.920000,26.831671,11500
2019-11-11,26.809999,26.900000,26.791000,26.850000,26.761900,22800
2019-11-12,26.850000,27.004999,26.850000,26.920000,26.831671,23200
2019-11-13,26.850000,27.049999,26.850000,27.049999,26.961245,22200
2019-11-14,27.040001,27.120001,26.934000,27.049999,26.961245,14900
2019-11-15,27.170000,27.400000,27.160000,27.320000,27.230360,18800
2019-11-18,27.400000,27.480000,27.344999,27.400000,27.310097,18900
2019-11-19,27.450001,27.559999,27.382000,27.559999,27.469572,15300
2019-11-20,27.430000,27.601999,27.400000,27.580000,27.489506,35000
2019-11-21,27.500000,27.587000,27.377001,27.400000,27.310097,16300
2019-11-22,27.540001,27.540001,27.320000,27.430000,27.339996,25200
2019-11-25,27.549999,27.750000,27.549999,27.660000,27.569242,24600
2019-11-26,27.740000,27.840000,27.667000,27.760000,27.668915,41400
2019-11-27,27.870001,27.959999,27.820000,27.959999,27.868259,18000
2019-11-29,27.910000,27.917000,27.799999,27.858000,27.766592,11400
2019-12-02,27.850000,27.850000,27.440001,27.545000,27.454620,25500
2019-12-03,27.270000,27.370001,27.149000,27.330000,27.240326,24600
2019-12-04,27.549999,27.639999,27.420000,27.530001,27.439671,53200
2019-12-05,27.570000,27.671000,27.527000,27.570000,27.479538,11100
2019-12-06,27.719999,27.848000,27.719999,27.770000,27.678883,16800
2019-12-09,27.750000,27.840000,27.700001,27.709999,27.619078,53500
2019-12-10,27.680000,27.789000,27.590000,27.660000,27.569242,13900
2019-12-11,27.670000,27.777000,27.629999,27.709999,27.619078,8900
2019-12-12,27.750000,27.920000,27.700001,27.900000,27.808456,19800
2019-12-13,27.770000,27.934999,27.680000,27.860001,27.768587,17200
2019-12-16,28.010000,28.200001,28.000000,28.110001,28.017767,38800
2019-12-17,28.180000,28.180000,28.070000,28.150000,28.057634,25100
2019-12-18,28.150000,28.230000,28.132000,28.190001,28.097506,13900
2019-12-19,28.209999,28.372999,28.200001,28.320000,28.227077,15400
2019-12-20,28.350000,28.530001,28.350000,28.459999,28.366617,23700
2019-12-23,28.530001,28.590000,28.483999,28.490000,28.396521,14000
2019-12-24,28.480000,28.573999,28.430000,28.455000,28.361633,8000
2019-12-26,28.600000,28.629999,28.507999,28.629999,28.536058,14100
2019-12-27,28.700001,28.700001,28.549999,28.601999,28.508150,13700
2019-12-30,28.650000,28.650000,28.360001,28.370001,28.286804,49600
2019-12-31,28.410000,28.500000,28.382999,28.450001,28.366570,17200
2020-01-02,28.549999,28.700001,28.340000,28.680000,28.595894,48200
2020-01-03,28.440001,28.680000,28.309999,28.559999,28.476246,38000
2020-01-06,28.389999,28.750000,28.389999,28.750000,28.665689,34300
2020-01-07,28.680000,28.809999,28.642000,28.770000,28.685631,29300
2020-01-08,28.790001,29.045000,28.790001,28.959999,28.875072,48800
2020-01-09,29.110001,29.110001,28.980000,29.070000,28.984751,58000
2020-01-10,29.129999,29.129999,28.931999,28.959999,28.875072,23300
2020-01-13,29.049999,29.200001,29.000000,29.200001,29.114370,37300
2020-01-14,29.170000,29.299999,29.100000,29.160000,29.074488,38400
2020-01-15,29.150000,29.349001,29.150000,29.240000,29.154253,18300
2020-01-16,29.360001,29.500000,29.360001,29.500000,29.413490,23700
2020-01-17,29.620001,29.648001,29.513000,29.590000,29.503225,65400
2020-01-21,29.540001,29.650000,29.500000,29.580000,29.493256,22500
2020-01-22,29.670000,29.709999,29.568001,29.568001,29.481291,44800
2020-01-23,29.559999,29.690001,29.389999,29.690001,29.602934,12500
2020-01-24,29.709999,29.709999,29.155001,29.306999,29.221054,31700
2020-01-27,28.730000,28.944000,28.549999,28.820000,28.735483,88700
2020-01-28,28.930000,29.184999,28.899000,29.120001,29.034605,10600
2020-01-29,29.280001,29.289000,29.072001,29.160000,29.074488,8600
2020-01-30,28.920000,29.120001,28.760000,29.110001,29.024633,29200
2020-01-31,29.100000,29.105000,28.562000,28.680000,28.595894,16400
2020-02-03,28.760000,29.056999,28.760000,28.879999,28.795307,29000
2020-02-04,29.209999,29.450001,29.209999,29.360001,29.273901,42600
2020-02-05,29.670000,29.700001,29.440001,29.570000,29.483284,86500
2020-02-06,29.660000,29.709000,29.583000,29.670000,29.582991,37600
2020-02-07,29.540001,29.568001,29.430000,29.459999,29.373606,21900
2020-02-10,29.400000,29.680000,29.290001,29.680000,29.592962,30600
2020-02-11,29.879999,29.950001,29.760000,29.809999,29.722580,43100
2020-02-12,29.950001,30.120001,29.900000,30.120001,30.031672,25400
2020-02-13,29.910000,30.110001,29.910000,30.054001,29.965866,18000
2020-02-14,30.090000,30.180000,30.049999,30.070000,29.981817,36300
2020-02-18,30.120001,30.160000,30.020000,30.139999,30.051613,29500
2020-02-19,30.200001,30.334000,30.200001,30.240000,30.151320,23600
2020-02-20,30.320000,30.360001,30.000000,30.216999,30.128386,17500
2020-02-21,30.049999,30.122999,29.750000,29.830999,29.743519,27500
2020-02-24,28.889999,29.062000,28.680000,28.830000,28.745455,79000
2020-02-25,29.030001,29.030001,27.840000,27.900000,27.818182,91500
2020-02-26,28.000000,28.290001,27.600000,27.620001,27.539003,26400
2020-02-27,27.120001,27.597000,26.610001,26.610001,26.531965,67600
2020-02-28,25.740000,26.440001,25.500000,26.430000,26.352493,207800
2020-03-02,26.570000,27.389000,26.264000,27.299999,27.219940,54300
2020-03-03,27.530001,27.882999,26.510000,26.790001,26.711437,133600
2020-03-04,27.209999,27.770000,27.020000,27.660000,27.578886,16800
2020-03-05,26.910000,27.445000,26.784000,26.938999,26.859999,37800
2020-03-06,26.139999,26.488001,25.799999,26.340000,26.262756,27500
2020-03-09,23.900000,25.129999,23.530001,24.336000,24.264633,63200
2020-03-10,25.150000,25.250000,24.082001,25.250000,25.175953,36700
2020-03-11,24.730000,24.750000,23.695999,23.870001,23.800001,38500
2020-03-12,22.240000,22.969999,21.510000,21.510000,21.446920,97700
2020-03-13,22.740000,23.270000,21.340000,23.250000,23.181818,57900
2020-03-16,20.389999,21.990000,20.230000,20.459999,20.400000,48600
2020-03-17,20.680000,21.690001,20.120001,21.500000,21.500000,64400
2020-03-18,20.190001,20.889000,19.480000,20.690001,20.690001,43000
2020-03-19,20.309999,21.361000,19.809999,20.730000,20.730000,31000
2020-03-20,21.200001,21.261000,20.114000,20.160000,20.160000,31900
2020-03-23,20.059999,20.059999,19.139999,19.730000,19.730000,45500
2020-03-24,20.559999,21.330000,20.509001,21.299999,21.299999,46100
2020-03-25,21.299999,22.160000,21.059999,21.620001,21.620001,51700
2020-03-26,21.730000,22.577000,21.730000,22.577000,22.577000,30700
2020-03-27,22.200001,22.719999,21.889999,22.090000,22.090000,24800
2020-03-30,22.240000,22.760000,22.240000,22.639999,22.639999,40700
2020-03-31,22.650000,22.837999,22.360001,22.412001,22.412001,11300
2020-04-01,21.719999,21.959999,21.440001,21.700001,21.700001,16300
2020-04-02,21.600000,22.010000,21.422001,22.010000,22.010000,25800
2020-04-03,21.950001,22.059999,21.549999,21.820000,21.820000,20000
2020-04-06,22.459999,23.150000,22.228001,22.889999,22.889999,15800
2020-04-07,23.650000,23.650000,22.906000,22.910000,22.910000,22400
2020-04-08,23.000000,23.538000,23.000000,23.480000,23.480000,13600
2020-04-09,23.580000,23.969999,23.580000,23.629999,23.629999,19200
2020-04-13,23.559999,23.879999,23.410000,23.770000,23.770000,27700
2020-04-14,24.000000,24.621000,24.000000,24.459999,24.459999,33600
2020-04-15,24.110001,24.587000,24.000000,24.559999,24.559999,13900
2020-04-16,24.719999,24.900000,24.549999,24.900000,24.900000,18700
2020-04-17,25.370001,25.490000,25.054001,25.490000,25.490000,24400
2020-04-20,25.020000,25.712999,25.020000,25.379999,25.379999,22100
2020-04-21,25.000000,25.018000,24.350000,24.580000,24.580000,18800
2020-04-22,25.038000,25.299000,24.900000,25.242001,25.242001,6000
2020-04-23,25.240000,25.510000,25.129999,25.139999,25.139999,17300
2020-04-24,25.219999,25.629000,25.184000,25.490000,25.490000,7100
2020-04-27,25.799999,25.950001,25.680000,25.799999,25.799999,22400
2020-04-28,26.160000,26.160000,25.379999,25.400000,25.400000,16300
2020-04-29,25.840000,25.969000,25.546000,25.827000,25.827000,20500
2020-04-30,25.629999,25.770000,25.478001,25.530001,25.530001,21500
2020-05-01,25.120001,25.408001,24.900999,25.010000,25.010000,24500
2020-05-04,24.900000,25.430000,24.900000,25.370001,25.370001,14100
2020-05-05,25.709999,25.875999,25.510000,25.662001,25.662001,12700
2020-05-06,25.750000,26.000000,25.643000,25.650000,25.650000,16700
2020-05-07,26.020000,26.270000,26.000000,26.070000,26.070000,18500