Date,Open,High,Low,Close,Adj Close,Volume
2015-08-06,17.500000,27.000000,17.500000,24.100000,24.100000,7528300
2015-08-07,23.500000,26.500000,22.879999,23.000000,23.000000,1455100
2015-08-10,23.160000,24.000000,22.750000,22.969999,22.969999,348000
2015-08-11,22.990000,23.910000,22.660000,23.010000,23.010000,325600
2015-08-12,22.650000,22.879999,21.450001,22.490000,22.490000,205300
2015-08-13,22.500000,26.670000,22.190001,25.520000,25.520000,310600
2015-08-14,26.260000,28.330000,25.000000,26.049999,26.049999,329700
2015-08-17,25.799999,26.290001,22.500000,24.160000,24.160000,248100
2015-08-18,23.910000,25.000000,23.000000,23.370001,23.370001,151900
2015-08-19,23.500000,24.799999,23.230000,23.770000,23.770000,100400
2015-08-20,23.520000,24.160000,21.100000,22.080000,22.080000,170700
2015-08-21,21.590000,22.360001,20.330000,21.100000,21.100000,188200
2015-08-24,18.469999,20.990000,18.469999,20.129999,20.129999,190600
2015-08-25,20.930000,21.620001,19.870001,20.740000,20.740000,127600
2015-08-26,20.840000,22.940001,20.840000,22.670000,22.670000,148900
2015-08-27,23.070000,23.400000,21.128000,21.350000,21.350000,88500
2015-08-28,21.840000,22.190001,20.879999,21.110001,21.110001,172100
2015-08-31,21.600000,23.240000,20.510000,21.090000,21.090000,244300
2015-09-01,21.000000,22.355000,20.506001,22.100000,22.100000,207800
2015-09-02,22.469999,22.709000,21.542000,22.250000,22.250000,157200
2015-09-03,22.500000,24.000000,21.780001,23.530001,23.530001,273300
2015-09-04,23.340000,23.540001,21.879999,22.590000,22.590000,202100
2015-09-08,23.180000,23.980000,22.500000,22.820000,22.820000,267500
2015-09-09,22.570000,23.340000,22.570000,22.760000,22.760000,136000
2015-09-10,22.590000,23.379999,21.950001,22.870001,22.870001,231800
2015-09-11,23.309999,25.190001,23.030001,25.010000,25.010000,148600
2015-09-14,25.500000,25.750000,23.590000,24.290001,24.290001,113200
2015-09-15,24.780001,25.980000,24.212000,25.889999,25.889999,100800
2015-09-16,25.889999,25.889999,23.160000,24.540001,24.540001,254200
2015-09-17,24.030001,24.750000,23.665001,24.340000,24.340000,169400
2015-09-18,24.250000,25.100000,24.010000,24.290001,24.290001,620300
2015-09-21,24.320000,25.100000,23.510000,24.170000,24.170000,214400
2015-09-22,23.860001,24.410000,23.559999,24.180000,24.180000,120200
2015-09-23,23.920000,25.230000,23.735001,24.639999,24.639999,262200
2015-09-24,24.320000,25.500000,23.575001,25.049999,25.049999,200500
2015-09-25,25.180000,25.740000,24.250000,24.459999,24.459999,140800
2015-09-28,24.209999,24.480000,23.250000,23.900000,23.900000,392700
2015-09-29,24.110001,24.980000,23.780001,24.100000,24.100000,318400
2015-09-30,24.389999,26.500000,24.299999,25.320000,25.320000,2117700
2015-10-01,25.570000,26.020000,22.325001,22.940001,22.940001,543700
2015-10-02,22.570000,23.164000,21.000000,21.160000,21.160000,514700
2015-10-05,21.200001,21.730000,19.010000,19.549999,19.549999,261000
2015-10-06,19.530001,19.980000,18.510000,19.719999,19.719999,121600
2015-10-07,19.799999,20.600000,19.469999,20.139999,20.139999,352900
2015-10-08,20.170000,20.209999,19.010000,19.490000,19.490000,106500
2015-10-09,19.420000,19.750000,18.750000,18.959999,18.959999,115700
2015-10-12,19.180000,19.180000,17.010000,17.100000,17.100000,216900
2015-10-13,17.379999,19.870001,15.560000,19.440001,19.440001,594600
2015-10-14,19.500000,19.624001,17.490000,17.500000,17.500000,148400
2015-10-15,17.660000,18.200001,16.389999,16.480000,16.480000,412600
2015-10-16,16.580000,17.860001,16.030001,16.270000,16.270000,358400
2015-10-19,16.150000,17.000000,15.640000,15.800000,15.800000,210700
2015-10-20,15.690000,16.490000,15.180000,16.309999,16.309999,192200
2015-10-21,16.469999,16.490999,14.750000,15.090000,15.090000,269500
2015-10-22,15.090000,15.760000,14.940000,15.550000,15.550000,166100
2015-10-23,15.610000,16.030001,14.840000,15.150000,15.150000,154500
2015-10-26,14.940000,15.500000,14.570000,14.770000,14.770000,126600
2015-10-27,14.620000,15.690000,14.400000,15.230000,15.230000,186300
2015-10-28,15.290000,15.770000,14.920000,15.540000,15.540000,121800
2015-10-29,15.540000,16.680000,15.072000,15.440000,15.440000,242000
2015-10-30,15.410000,15.820000,14.960000,15.050000,15.050000,91800
2015-11-02,15.230000,16.549999,14.622000,16.360001,16.360001,166800
2015-11-03,16.209999,17.490000,15.830000,16.780001,16.780001,345600
2015-11-04,16.760000,17.799999,16.760000,17.650000,17.650000,117900
2015-11-05,17.620001,18.030001,16.820000,17.879999,17.879999,70900
2015-11-06,17.709999,19.059999,15.500000,18.620001,18.620001,104400
2015-11-09,18.680000,19.879999,17.850000,19.629999,19.629999,124000
2015-11-10,19.530001,19.540001,18.712000,19.049999,19.049999,118700
2015-11-11,18.940001,20.172001,17.070000,17.559999,17.559999,177700
2015-11-12,17.389999,17.780001,16.059999,17.010000,17.010000,113600
2015-11-13,16.850000,18.090000,16.610001,17.660000,17.660000,150400
2015-11-16,18.520000,18.620001,17.620001,18.219999,18.219999,124200
2015-11-17,18.950001,19.990000,18.020000,18.510000,18.510000,202700
2015-11-18,18.650000,19.500000,18.160000,18.820000,18.820000,161300
2015-11-19,18.709999,19.920000,18.450001,19.770000,19.770000,67100
2015-11-20,19.920000,20.990000,19.240000,20.930000,20.930000,117000
2015-11-23,21.000000,21.516001,18.969999,19.469999,19.469999,166500
2015-11-24,19.430000,20.240000,18.250000,19.870001,19.870001,103500
2015-11-25,19.959999,21.440001,19.020000,21.240000,21.240000,93600
2015-11-27,21.190001,21.514999,20.680000,21.340000,21.340000,35900
2015-11-30,21.459999,22.007999,20.570000,21.389999,21.389999,229000
2015-12-01,21.610001,21.840000,20.424999,20.920000,20.920000,68300
2015-12-02,21.059999,21.370001,20.719999,20.879999,20.879999,116100
2015-12-03,21.080000,21.853001,19.049999,19.350000,19.350000,301100
2015-12-04,19.350000,19.860001,17.670000,18.690001,18.690001,184900
2015-12-07,18.700001,19.670000,18.400000,18.799999,18.799999,151200
2015-12-08,18.709999,20.754999,18.059999,19.040001,19.040001,86300
2015-12-09,18.980000,19.299999,18.090000,19.190001,19.190001,88500
2015-12-10,19.160000,20.385000,18.510000,20.370001,20.370001,90900
2015-12-11,19.959999,20.070000,19.049999,19.889999,19.889999,178300
2015-12-14,19.950001,20.330000,17.969999,18.520000,18.520000,227700
2015-12-15,18.580000,19.350000,17.857000,18.670000,18.670000,267200
2015-12-16,18.730000,19.575001,18.709999,19.290001,19.290001,107600
2015-12-17,19.610001,20.080000,18.190001,18.320000,18.320000,154000
2015-12-18,18.240000,19.840000,17.900000,18.820000,18.820000,369600
2015-12-21,19.020000,19.020000,17.700001,18.870001,18.870001,176700
2015-12-22,16.750000,19.770000,16.750000,19.180000,19.180000,110800
2015-12-23,19.139999,19.610001,18.930000,19.340000,19.340000,66500
2015-12-24,19.290001,20.049999,19.290001,19.879999,19.879999,50500
2015-12-28,19.480000,19.799999,18.635000,19.000000,19.000000,139400
2015-12-29,19.070000,19.440001,18.910000,19.280001,19.280001,81000
2015-12-30,19.100000,19.486000,18.455000,18.799999,18.799999,191600
2015-12-31,18.799999,18.900000,18.260000,18.450001,18.450001,86800
2016-01-04,18.190001,18.290001,17.809999,18.170000,18.170000,227000
2016-01-05,18.270000,18.459999,17.350000,18.160000,18.160000,164000
2016-01-06,17.959999,18.090000,17.250000,17.860001,17.860001,460600
2016-01-07,17.660000,17.680000,16.910000,17.240000,17.240000,109800
2016-01-08,17.330000,17.700001,16.650000,16.670000,16.670000,113700
2016-01-11,19.000000,19.000000,14.780000,15.810000,15.810000,317500
2016-01-12,15.930000,17.200001,15.490000,15.840000,15.840000,119000
2016-01-13,15.760000,16.150000,14.130000,14.400000,14.400000,152700
2016-01-14,14.450000,14.640000,13.800000,14.410000,14.410000,185700
2016-01-15,13.960000,14.290000,13.480000,13.890000,13.890000,155700
2016-01-19,14.110000,14.360000,13.590000,13.890000,13.890000,123600
2016-01-20,13.670000,15.240000,12.970000,14.630000,14.630000,124400
2016-01-21,14.570000,14.570000,13.000000,13.430000,13.430000,224100
2016-01-22,13.840000,17.950001,12.714000,15.420000,15.420000,752200
2016-01-25,15.220000,17.200001,14.640000,16.000000,16.000000,493100
2016-01-26,16.010000,16.350000,14.960000,15.280000,15.280000,150400
2016-01-27,15.180000,16.490000,13.840000,13.960000,13.960000,129000
2016-01-28,14.060000,14.060000,12.850000,13.090000,13.090000,69000
2016-01-29,13.110000,14.200000,13.080000,13.680000,13.680000,158600
2016-02-01,13.770000,14.720000,12.430000,14.300000,14.300000,142600
2016-02-02,14.130000,14.900000,13.910000,14.580000,14.580000,107200
2016-02-03,14.710000,15.870000,14.155000,15.000000,15.000000,153400
2016-02-04,15.040000,16.549999,15.040000,16.070000,16.070000,89100
2016-02-05,15.880000,16.150000,15.530000,15.600000,15.600000,149500
2016-02-08,15.700000,15.710000,14.000000,14.550000,14.550000,185500
2016-02-09,14.320000,15.290000,14.050000,15.180000,15.180000,131600
2016-02-10,15.320000,16.480000,15.100000,15.460000,15.460000,144000
2016-02-11,15.150000,16.200001,14.130000,15.950000,15.950000,173700
2016-02-12,16.070000,16.340000,15.550000,16.040001,16.040001,92700
2016-02-16,16.219999,18.000000,16.040001,16.590000,16.590000,238100
2016-02-17,17.549999,18.000000,15.300000,17.200001,17.200001,219300
2016-02-18,17.170000,18.139999,17.000000,17.260000,17.260000,99000
2016-02-19,17.230000,17.469999,16.690001,17.260000,17.260000,106700
2016-02-22,17.400000,18.545000,15.740000,16.040001,16.040001,147300
2016-02-23,15.970000,16.850000,15.900000,16.030001,16.030001,68500
2016-02-24,15.820000,16.440001,15.160000,16.209999,16.209999,98500
2016-02-25,16.330000,17.475000,16.040001,16.200001,16.200001,183900
2016-02-26,16.320000,17.020000,15.840000,16.930000,16.930000,166200
2016-02-29,16.889999,16.969999,15.510000,16.000000,16.000000,190200
2016-03-01,16.500000,17.000000,15.970000,16.840000,16.840000,153700
2016-03-02,16.830000,18.070000,16.040001,17.879999,17.879999,165400
2016-03-03,17.879999,18.330000,17.070000,17.879999,17.879999,156400
2016-03-04,17.400000,18.120001,16.580000,17.700001,17.700001,297000
2016-03-07,17.850000,18.480000,16.870001,17.250000,17.250000,261100
2016-03-08,17.190001,17.656000,16.671000,16.840000,16.840000,161700
2016-03-09,16.990000,17.200001,15.790000,16.090000,16.090000,256200
2016-03-10,16.090000,16.629999,15.435000,15.880000,15.880000,124700
2016-03-11,15.900000,16.920000,15.700000,16.459999,16.459999,155400
2016-03-14,16.480000,17.004999,16.101000,16.639999,16.639999,138800
2016-03-15,16.570000,16.570000,15.490000,15.530000,15.530000,86200
2016-03-16,15.560000,15.560000,14.820000,15.200000,15.200000,136800
2016-03-17,15.290000,15.290000,14.750000,15.050000,15.050000,197300
2016-03-18,15.180000,15.300000,14.600000,14.650000,14.650000,506400
2016-03-21,14.730000,15.650000,14.730000,14.810000,14.810000,106100
2016-03-22,14.750000,15.870000,14.361000,14.700000,14.700000,81300
2016-03-23,14.650000,14.876000,13.910000,14.080000,14.080000,103100
2016-03-24,13.940000,14.010000,13.200000,13.400000,13.400000,58800
2016-03-28,13.490000,13.905000,13.020000,13.170000,13.170000,143100
2016-03-29,13.200000,14.380000,12.810000,14.190000,14.190000,275500
2016-03-30,14.000000,14.205000,13.250000,13.570000,13.570000,811300
2016-03-31,13.620000,14.285000,12.840000,13.560000,13.560000,706400
2016-04-01,13.700000,14.150000,13.630000,13.940000,13.940000,142400
2016-04-04,13.970000,14.410000,13.650000,13.890000,13.890000,394500
2016-04-05,13.830000,13.990000,13.400000,13.540000,13.540000,131900
2016-04-06,13.580000,14.240000,13.580000,14.110000,14.110000,219700
2016-04-07,14.100000,14.320000,13.770000,13.950000,13.950000,228900
2016-04-08,14.100000,14.100000,13.780000,13.950000,13.950000,128500
2016-04-11,14.100000,14.100000,13.025000,13.100000,13.100000,221000
2016-04-12,13.100000,13.680000,13.035000,13.400000,13.400000,114100
2016-04-13,13.400000,13.530000,13.245000,13.400000,13.400000,92700
2016-04-14,13.400000,13.469000,13.190000,13.300000,13.300000,124400
2016-04-15,13.240000,13.690000,13.240000,13.440000,13.440000,87900
2016-04-18,13.480000,13.960000,13.300000,13.640000,13.640000,91500
2016-04-19,13.740000,13.830000,13.440000,13.710000,13.710000,129400
2016-04-20,13.600000,14.190000,13.510000,13.930000,13.930000,102500
2016-04-21,13.860000,14.180000,13.750000,14.130000,14.130000,90500
2016-04-22,14.000000,14.220000,13.830000,14.080000,14.080000,53700
2016-04-25,14.000000,14.110000,13.740000,13.840000,13.840000,81100
2016-04-26,13.820000,14.400000,13.750000,14.250000,14.250000,374400
2016-04-27,14.200000,14.860000,13.970000,14.060000,14.060000,142300
2016-04-28,14.010000,14.200000,13.610000,13.650000,13.650000,70200
2016-04-29,13.640000,13.640000,12.800000,12.950000,12.950000,151500
2016-05-02,12.980000,13.220000,12.520000,13.120000,13.120000,61900
2016-05-03,12.960000,13.180000,12.590000,12.740000,12.740000,118000
2016-05-04,12.590000,12.840000,12.560000,12.730000,12.730000,154600
2016-05-05,12.780000,12.930000,12.610000,12.780000,12.780000,99900
2016-05-06,12.700000,13.140000,12.700000,13.060000,13.060000,96000
2016-05-09,13.000000,13.920000,12.850000,13.830000,13.830000,114700
2016-05-10,13.870000,14.220000,13.350000,13.970000,13.970000,132900
2016-05-11,13.890000,14.180000,13.560000,13.750000,13.750000,118600
2016-05-12,13.860000,14.030000,13.030000,13.600000,13.600000,161300
2016-05-13,13.650000,14.010000,12.920000,13.960000,13.960000,100900
2016-05-16,14.000000,14.500000,13.920000,14.100000,14.100000,436300
2016-05-17,14.100000,14.300000,13.610000,14.030000,14.030000,181300
2016-05-18,13.980000,14.270000,13.870000,14.150000,14.150000,184200
2016-05-19,14.060000,14.440000,14.000000,14.250000,14.250000,196200
2016-05-20,14.210000,14.470000,14.195000,14.250000,14.250000,242400
2016-05-23,14.140000,14.310000,14.011000,14.200000,14.200000,168300
2016-05-24,14.230000,14.350000,14.150000,14.330000,14.330000,220900
2016-05-25,14.350000,15.640000,14.300000,15.400000,15.400000,284800
2016-05-26,15.340000,15.500000,14.940000,15.470000,15.470000,85800
2016-05-27,15.460000,15.670000,15.110000,15.470000,15.470000,129700
2016-05-31,15.570000,15.880000,15.100000,15.350000,15.350000,504700
2016-06-01,15.350000,15.410000,14.040000,15.100000,15.100000,103400
2016-06-02,15.140000,15.510000,14.700000,15.300000,15.300000,78800
2016-06-03,15.280000,15.280000,14.270000,14.340000,14.340000,166400
2016-06-06,14.380000,14.810000,14.090000,14.470000,14.470000,157000
2016-06-07,14.380000,15.200000,14.285000,14.700000,14.700000,151600
2016-06-08,14.750000,14.835000,14.350000,14.600000,14.600000,178000
2016-06-09,14.520000,14.665000,14.060000,14.110000,14.110000,122800
2016-06-10,13.960000,14.240000,13.080000,13.630000,13.630000,185900
2016-06-13,13.600000,13.950000,12.970000,13.020000,13.020000,398300
2016-06-14,13.000000,13.240000,12.330000,12.670000,12.670000,179800
2016-06-15,12.770000,12.770000,12.230000,12.480000,12.480000,229400
2016-06-16,12.470000,13.650000,12.315000,13.600000,13.600000,172500
2016-06-17,13.650000,13.730000,13.110000,13.490000,13.490000,229900
2016-06-20,13.680000,13.770000,13.310000,13.430000,13.430000,142600
2016-06-21,13.500000,13.500000,12.270000,12.440000,12.440000,157300
2016-06-22,12.320000,12.600000,12.020000,12.040000,12.040000,122100
2016-06-23,12.150000,12.360000,12.055000,12.310000,12.310000,170500
2016-06-24,12.200000,12.330000,11.430000,11.450000,11.450000,1897400
2016-06-27,11.570000,11.580000,10.685000,11.010000,11.010000,308300
2016-06-28,11.270000,11.390000,10.760000,10.880000,10.880000,280900
2016-06-29,10.910000,11.230000,10.570000,10.870000,10.870000,206200
2016-06-30,10.900000,11.150000,10.640000,10.820000,10.820000,170600
2016-07-01,10.850000,11.070000,10.620000,10.950000,10.950000,115700
2016-07-05,10.950000,10.960000,10.450000,10.470000,10.470000,213000
2016-07-06,10.550000,10.990000,10.390000,10.640000,10.640000,168200
2016-07-07,10.540000,10.700000,9.770000,10.260000,10.260000,283400
2016-07-08,10.460000,10.550000,10.050000,10.490000,10.490000,509100
2016-07-11,10.530000,10.820000,10.290000,10.360000,10.360000,154200
2016-07-12,10.330000,11.195000,10.300000,10.990000,10.990000,288400
2016-07-13,11.090000,11.450000,10.520000,10.560000,10.560000,344000
2016-07-14,10.630000,11.057000,10.470000,10.650000,10.650000,228900
2016-07-15,10.770000,11.020000,10.266000,10.960000,10.960000,135400
2016-07-18,10.930000,10.960000,10.750000,10.880000,10.880000,142800
2016-07-19,10.900000,10.900000,10.680000,10.720000,10.720000,190600
2016-07-20,10.820000,11.180000,10.660000,11.160000,11.160000,559200
2016-07-21,11.210000,11.830000,11.210000,11.390000,11.390000,105300
2016-07-22,11.430000,12.040000,11.400000,11.720000,11.720000,99000
2016-07-25,11.730000,11.810000,11.450000,11.620000,11.620000,86100
2016-07-26,11.590000,11.720000,11.520000,11.620000,11.620000,37600
2016-07-27,11.700000,12.110000,11.700000,11.990000,11.990000,68300
2016-07-28,12.000000,12.270000,11.660000,12.130000,12.130000,75300
2016-07-29,12.020000,12.070000,11.820000,11.990000,11.990000,73900
2016-08-01,12.080000,12.740000,12.050000,12.480000,12.480000,97200
2016-08-02,12.450000,12.700000,12.220000,12.290000,12.290000,167800
2016-08-03,12.290000,12.650000,12.050000,12.390000,12.390000,180000
2016-08-04,12.470000,13.000000,12.470000,12.730000,12.730000,129400
2016-08-05,12.780000,13.040000,12.620000,12.940000,12.940000,95900
2016-08-08,13.000000,13.030000,12.750000,12.970000,12.970000,87900
2016-08-09,12.960000,13.310000,12.800000,13.190000,13.190000,98100
2016-08-10,13.250000,13.250000,12.570000,12.660000,12.660000,203900
2016-08-11,12.680000,12.860000,12.335000,12.720000,12.720000,158500
2016-08-12,12.650000,12.980000,12.380000,12.880000,12.880000,57300
2016-08-15,12.940000,13.590000,12.940000,13.300000,13.300000,110300
2016-08-16,13.230000,13.230000,12.910000,13.000000,13.000000,183000
2016-08-17,13.070000,13.170000,12.820000,12.920000,12.920000,59300
2016-08-18,13.320000,14.060000,12.760000,13.980000,13.980000,1063700
2016-08-19,13.910000,14.610000,13.800000,14.400000,14.400000,244900
2016-08-22,14.520000,15.010000,14.400000,14.930000,14.930000,228900
2016-08-23,15.130000,15.285000,14.270000,15.150000,15.150000,152000
2016-08-24,15.300000,15.890000,14.560000,14.810000,14.810000,201800
2016-08-25,14.400000,14.980000,14.060000,14.540000,14.540000,190800
2016-08-26,14.510000,14.980000,14.010000,14.690000,14.690000,99900
2016-08-29,14.660000,15.060000,14.480000,14.830000,14.830000,77800
2016-08-30,14.850000,15.460000,14.720000,14.950000,14.950000,184800
2016-08-31,15.000000,15.100000,14.330000,14.770000,14.770000,154100
2016-09-01,14.720000,15.200000,14.500000,14.780000,14.780000,110700
2016-09-02,14.780000,14.920000,14.250000,14.700000,14.700000,62800
2016-09-06,14.850000,15.830000,14.750000,15.720000,15.720000,215600
2016-09-07,15.760000,16.240000,15.760000,16.200001,16.200001,117100
2016-09-08,16.150000,17.065001,15.990000,16.639999,16.639999,211600
2016-09-09,16.490000,17.104000,15.340000,15.360000,15.360000,249200
2016-09-12,15.340000,15.940000,15.040000,15.820000,15.820000,123500
2016-09-13,15.810000,15.960000,15.300000,15.570000,15.570000,140000
2016-09-14,15.610000,15.970000,15.390000,15.520000,15.520000,146000
2016-09-15,15.500000,15.760000,15.350000,15.650000,15.650000,114000
2016-09-16,15.690000,15.860000,15.320000,15.720000,15.720000,561500
2016-09-19,15.730000,15.990000,15.528000,15.620000,15.620000,104300
2016-09-20,15.720000,15.970000,15.470000,15.810000,15.810000,147800
2016-09-21,16.000000,16.549999,16.000000,16.230000,16.230000,252500
2016-09-22,16.320000,17.084999,16.260000,16.959999,16.959999,163300
2016-09-23,16.879999,17.230000,16.360001,16.570000,16.570000,167100
2016-09-26,16.719999,16.820000,15.870000,15.910000,15.910000,182200
2016-09-27,15.840000,15.965000,15.430000,15.490000,15.490000,173300
2016-09-28,15.580000,15.945000,15.150000,15.390000,15.390000,191600
2016-09-29,15.330000,15.531000,14.110000,14.140000,14.140000,277900
2016-09-30,14.290000,15.180000,14.190000,15.000000,15.000000,323400
2016-10-03,15.090000,15.360000,14.820000,15.350000,15.350000,173500
2016-10-04,15.490000,16.490000,14.481000,16.360001,16.360001,190400
2016-10-05,16.500000,17.190001,16.273001,16.740000,16.740000,281500
2016-10-06,16.629999,16.700001,16.100000,16.510000,16.510000,151800
2016-10-07,16.500000,16.940001,16.240000,16.549999,16.549999,95600
2016-10-10,16.700001,17.059999,16.671000,17.030001,17.030001,109400
2016-10-11,16.910000,17.150000,16.610001,16.840000,16.840000,132800
2016-10-12,16.840000,16.910000,16.330000,16.410000,16.410000,224400
2016-10-13,16.180000,16.760000,16.180000,16.700001,16.700001,156400
2016-10-14,16.900000,17.150000,16.370001,16.400000,16.400000,141000
2016-10-17,16.440001,16.969999,16.395000,16.840000,16.840000,135400
2016-10-18,17.160000,17.240000,16.910000,16.940001,16.940001,121700
2016-10-19,17.010000,17.010000,16.500000,16.600000,16.600000,126400
2016-10-20,16.559999,17.260000,16.559999,17.180000,17.180000,107900
2016-10-21,17.020000,17.309999,16.926001,16.980000,16.980000,109500
2016-10-24,17.070000,17.280001,16.860001,16.920000,16.920000,93100
2016-10-25,17.080000,17.110001,16.740000,16.780001,16.780001,65500
2016-10-26,16.830000,16.840000,16.160000,16.424999,16.424999,105300
2016-10-27,16.709999,16.870001,16.110001,16.280001,16.280001,74300
2016-10-28,16.129999,16.420000,15.835000,16.260000,16.260000,79100
2016-10-31,16.219999,16.480000,16.080000,16.280001,16.280001,143900
2016-11-01,16.350000,16.705000,16.160000,16.600000,16.600000,114200
2016-11-02,16.530001,16.610001,15.895000,16.430000,16.430000,121300
2016-11-03,16.500000,16.510000,14.868000,16.469999,16.469999,133200
2016-11-04,17.500000,18.250000,17.260000,17.930000,17.930000,544100
2016-11-07,18.049999,19.580000,18.020000,19.440001,19.440001,228500
2016-11-08,19.559999,20.850000,19.350000,20.639999,20.639999,352800
2016-11-09,20.629999,23.620001,20.559999,23.459999,23.459999,401700
2016-11-10,23.620001,25.000000,23.188000,24.525000,24.525000,414700
2016-11-11,24.969999,26.270000,24.500000,25.500000,25.500000,569800
2016-11-14,25.799999,27.309999,25.280001,26.700001,26.700001,747200
2016-11-15,25.000000,26.985001,23.867001,26.200001,26.200001,590700
2016-11-16,25.950001,26.950001,25.500000,25.740000,25.740000,241500
2016-11-17,25.889999,26.520000,25.120001,25.469999,25.469999,436800
2016-11-18,25.490000,25.500000,24.270000,24.620001,24.620001,300700
2016-11-21,24.570000,25.500000,24.030001,24.990000,24.990000,307800
2016-11-22,25.000000,25.200001,24.420000,24.940001,24.940001,417500
2016-11-23,24.799999,25.139999,24.459999,24.900000,24.900000,444800
2016-11-25,25.090000,25.480000,24.690001,24.900000,24.900000,204300
2016-11-28,25.010000,25.209999,24.490000,24.530001,24.530001,282000
2016-11-29,24.600000,24.760000,24.280001,24.400000,24.400000,352500
2016-11-30,24.080000,24.281000,22.600000,22.700001,22.700001,408400
2016-12-01,22.889999,22.950001,21.270000,22.020000,22.020000,418500
2016-12-02,21.879999,22.490000,20.809999,22.260000,22.260000,864300
2016-12-05,22.750000,23.360001,21.959999,22.549999,22.549999,320500
2016-12-06,22.559999,22.959999,22.360001,22.760000,22.760000,261000
2016-12-07,22.459999,22.820000,21.975000,22.760000,22.760000,241200
2016-12-08,22.760000,23.240000,22.445000,23.090000,23.090000,231600
2016-12-09,23.260000,23.549999,22.830000,23.080000,23.080000,363500
2016-12-12,23.280001,23.299999,22.540001,22.580000,22.580000,360300
2016-12-13,22.670000,22.900000,22.080000,22.459999,22.459999,292800
2016-12-14,22.309999,22.670000,22.080000,22.440001,22.440001,302400
2016-12-15,22.430000,22.680000,22.000000,22.549999,22.549999,414900
2016-12-16,22.559999,22.660000,21.889999,22.120001,22.120001,2055200
2016-12-19,22.139999,22.480000,21.080000,21.219999,21.219999,305800
2016-12-20,21.389999,21.830000,21.070000,21.590000,21.590000,200600
2016-12-21,21.709999,21.709999,20.940001,21.040001,21.040001,331700
2016-12-22,21.020000,21.020000,20.030001,20.400000,20.400000,284000
2016-12-23,20.330000,21.250000,20.200001,21.170000,21.170000,176300
2016-12-27,21.180000,21.455000,20.410000,20.629999,20.629999,162800
2016-12-28,20.559999,20.920000,20.370001,20.549999,20.549999,160700
2016-12-29,20.570000,20.879000,20.430000,20.530001,20.530001,85000
2016-12-30,20.540001,20.590000,20.219999,20.450001,20.450001,144300
2017-01-03,20.790001,20.870001,19.840000,20.580000,20.580000,213500
2017-01-04,20.450001,21.629999,20.320000,21.590000,21.590000,222600
2017-01-05,21.400000,22.100000,21.020000,22.020000,22.020000,266500
2017-01-06,22.219999,22.910000,22.120001,22.410000,22.410000,322200
2017-01-09,22.500000,22.650000,21.879999,22.340000,22.340000,198900
2017-01-10,22.420000,22.520000,21.570000,21.860001,21.860001,172700
2017-01-11,21.900000,21.959999,20.625000,21.299999,21.299999,248400
2017-01-12,21.040001,21.709999,20.740000,21.580000,21.580000,339700
2017-01-13,21.549999,22.230000,21.240000,21.270000,21.270000,244300
2017-01-17,21.059999,21.059999,19.450001,19.459999,19.459999,357600
2017-01-18,19.620001,20.042000,19.080000,19.370001,19.370001,305000
2017-01-19,19.370001,19.790001,18.600000,19.010000,19.010000,456900
2017-01-20,19.059999,19.440001,18.660000,18.830000,18.830000,339900
2017-01-23,18.790001,18.799999,18.219999,18.580000,18.580000,244600
2017-01-24,18.570000,18.570000,17.690001,18.320000,18.320000,316000
2017-01-25,18.540001,18.770000,18.070000,18.340000,18.340000,467100
2017-01-26,18.400000,18.639999,17.020000,17.040001,17.040001,370400
2017-01-27,17.010000,17.340000,16.799999,17.129999,17.129999,309200
2017-01-30,17.110001,17.365000,16.575001,16.900000,16.900000,390400
2017-01-31,16.750000,18.350000,16.420000,18.280001,18.280001,505600
2017-02-01,18.360001,18.559999,17.760000,17.959999,17.959999,273600
2017-02-02,17.969999,17.969999,17.450001,17.770000,17.770000,899700
2017-02-03,17.889999,18.740000,17.490000,18.730000,18.730000,288500
2017-02-06,18.660000,19.139999,18.260000,18.660000,18.660000,221900
2017-02-07,18.700001,18.990000,18.340000,18.799999,18.799999,213600
2017-02-08,18.690001,18.820000,18.270000,18.639999,18.639999,203700
2017-02-09,18.690001,18.910000,18.209999,18.540001,18.540001,232500
2017-02-10,18.549999,18.910000,18.200001,18.889999,18.889999,310300
2017-02-13,19.000000,19.360001,18.410000,19.090000,19.090000,253200
2017-02-14,19.070000,19.520000,18.844999,19.510000,19.510000,126800
2017-02-15,19.440001,20.240000,19.309999,20.030001,20.030001,234200
2017-02-16,20.080000,20.139999,19.410000,20.080000,20.080000,241100
2017-02-17,20.170000,20.610001,19.340000,20.010000,20.010000,1120700
2017-02-21,20.100000,20.509001,19.950001,20.070000,20.070000,209500
2017-02-22,20.000000,20.000000,18.910000,19.740000,19.740000,315200
2017-02-23,19.790001,20.100000,19.219999,19.570000,19.570000,141100
2017-02-24,19.510000,19.680000,19.389999,19.629999,19.629999,151400
2017-02-27,19.670000,21.170000,19.559999,21.030001,21.030001,633200
2017-02-28,21.150000,21.500000,20.240000,20.270000,20.270000,366200
2017-03-01,20.799999,21.278999,20.551001,21.040001,21.040001,218900
2017-03-02,20.969999,21.500000,20.709999,21.000000,21.000000,201100
2017-03-03,20.920000,21.959999,20.650000,21.910000,21.910000,285100
2017-03-06,21.670000,22.180000,21.440001,21.650000,21.650000,228600
2017-03-07,21.400000,21.620001,20.950001,21.309999,21.309999,205700
2017-03-08,21.350000,22.299999,21.010000,22.059999,22.059999,325000
2017-03-09,22.250000,22.445000,21.809999,22.100000,22.100000,180000
2017-03-10,22.200001,22.500000,22.070000,22.190001,22.190001,302500
2017-03-13,22.250000,22.930000,22.250000,22.320000,22.320000,307500
2017-03-14,22.049999,22.139999,21.270000,21.860001,21.860001,433400
2017-03-15,21.280001,22.922001,21.010000,22.670000,22.670000,348900
2017-03-16,22.620001,22.620001,21.865999,22.059999,22.059999,319900
2017-03-17,22.020000,22.670000,21.905001,22.430000,22.430000,1044800
2017-03-20,22.469999,22.690001,22.139999,22.610001,22.610001,261600
2017-03-21,22.730000,23.000000,21.750000,21.980000,21.980000,417200
2017-03-22,21.980000,22.815001,21.799999,22.320000,22.320000,132500
2017-03-23,22.340000,22.906000,22.260000,22.780001,22.780001,196800
2017-03-24,21.910000,22.969000,21.809999,22.820000,22.820000,266400
2017-03-27,22.500000,23.400000,22.480000,23.260000,23.260000,281300
2017-03-28,23.209999,23.370001,22.200001,22.330000,22.330000,315800
2017-03-29,22.400000,22.760000,22.200001,22.309999,22.309999,363300
2017-03-30,22.280001,22.340000,21.230000,21.760000,21.760000,314900
2017-03-31,21.750000,22.100000,21.629999,21.730000,21.730000,256300
2017-04-03,21.719999,21.879999,21.059999,21.080000,21.080000,280300
2017-04-04,21.000000,21.520000,20.010000,20.959999,20.959999,374500
2017-04-05,21.000000,21.260000,20.290001,20.510000,20.510000,267500
2017-04-06,20.500000,20.500000,19.700001,20.309999,20.309999,526400
2017-04-07,20.250000,20.670000,19.980000,20.020000,20.020000,531000
2017-04-10,20.020000,20.254999,19.709999,19.760000,19.760000,272500
2017-04-11,19.709999,20.059999,19.455000,19.700001,19.700001,244600
2017-04-12,19.700001,19.959999,19.219999,19.570000,19.570000,173000
2017-04-13,19.469999,19.809999,19.370001,19.570000,19.570000,276000
2017-04-17,19.570000,19.830000,19.430000,19.620001,19.620001,147600
2017-04-18,19.570000,19.629999,19.200001,19.420000,19.420000,166500
2017-04-19,19.520000,20.080000,19.500000,19.750000,19.750000,699200
2017-04-20,19.860001,19.910000,19.410000,19.650000,19.650000,173600
2017-04-21,19.580000,19.745001,18.840000,19.070000,19.070000,267500
2017-04-24,19.320000,19.330000,19.010000,19.290001,19.290001,146200
2017-04-25,19.500000,19.790001,19.490000,19.530001,19.530001,234400
2017-04-26,19.570000,19.799999,19.379999,19.620001,19.620001,199900
2017-04-27,19.670000,19.889999,19.370001,19.670000,19.670000,391400
2017-04-28,19.670000,20.100000,19.389999,19.440001,19.440001,709500
2017-05-01,19.459999,19.840000,19.290001,19.570000,19.570000,161900
2017-05-02,19.650000,19.680000,19.209999,19.480000,19.480000,141000
2017-05-03,19.379999,19.900000,19.350000,19.580000,19.580000,179600
2017-05-04,19.670000,19.680000,18.969999,19.440001,19.440001,176500
2017-05-05,19.440001,19.530001,18.959999,19.260000,19.260000,240900
2017-05-08,19.230000,19.400000,18.969999,19.299999,19.299999,237900
2017-05-09,19.400000,20.450001,19.110001,19.799999,19.799999,646500
2017-05-10,19.730000,20.180000,19.530001,19.790001,19.790001,241400
2017-05-11,19.760000,20.080000,19.520000,19.870001,19.870001,405200
2017-05-12,19.889999,20.100000,19.000000,19.260000,19.260000,320800
2017-05-15,19.230000,19.490000,18.969999,19.180000,19.180000,150000
2017-05-16,19.559999,19.639999,18.900000,19.030001,19.030001,367300
2017-05-17,18.840000,19.150000,18.670000,18.969999,18.969999,292700
2017-05-18,19.020000,19.420000,19.010000,19.040001,19.040001,273000
2017-05-19,19.040001,19.330000,18.860001,18.879999,18.879999,194900
2017-05-22,18.870001,18.980000,18.500000,18.809999,18.809999,292300
2017-05-23,18.850000,18.850000,17.850000,17.860001,17.860001,321700
2017-05-24,17.870001,17.940001,17.080000,17.260000,17.260000,617400
2017-05-25,17.190001,18.325001,16.889999,18.260000,18.260000,822100
2017-05-26,18.200001,19.167000,17.120001,17.150000,17.150000,288700
2017-05-30,17.129999,17.180000,16.280001,16.430000,16.430000,335100
2017-05-31,16.480000,16.760000,15.970000,16.600000,16.600000,230000
2017-06-01,16.639999,17.174999,16.549999,17.129999,17.129999,253400
2017-06-02,17.250000,17.990000,17.180000,17.770000,17.770000,268900
2017-06-05,17.900000,18.510000,17.570000,17.740000,17.740000,266400
2017-06-06,17.629999,18.070000,17.551001,17.670000,17.670000,184500
2017-06-07,17.670000,17.900000,17.590000,17.830000,17.830000,109400
2017-06-08,17.879999,17.940001,17.520000,17.740000,17.740000,183600
2017-06-09,17.709999,18.120001,17.530001,17.680000,17.680000,206900
2017-06-12,17.549999,18.020000,17.410000,17.700001,17.700001,228400
2017-06-13,17.700001,18.160000,17.549999,18.070000,18.070000,225800
2017-06-14,18.110001,18.830000,18.030001,18.430000,18.430000,305400
2017-06-15,18.350000,18.590000,17.790001,17.969999,17.969999,317200
2017-06-16,17.770000,17.889999,16.440001,16.469999,16.469999,759900
2017-06-19,16.500000,17.780001,16.250000,17.690001,17.690001,724700
2017-06-20,17.629999,18.969999,17.129999,18.559999,18.559999,453300
2017-06-21,18.660000,19.270000,18.639999,19.160000,19.160000,279300
2017-06-22,19.230000,20.020000,19.100000,19.900000,19.900000,311300
2017-06-23,19.809999,20.330000,19.500000,20.280001,20.280001,1264300
2017-06-26,20.350000,21.280001,20.000000,21.200001,21.200001,310900
2017-06-27,21.219999,21.430000,20.570000,20.780001,20.780001,289800
2017-06-28,20.860001,21.299999,20.410000,21.090000,21.090000,245400
2017-06-29,21.030001,21.416000,20.500000,21.049999,21.049999,372800
2017-06-30,21.010000,21.059999,20.510000,20.559999,20.559999,288600
2017-07-03,20.580000,20.700001,20.000000,20.610001,20.610001,192500
2017-07-05,20.580000,21.459999,20.340000,21.379999,21.379999,218600
2017-07-06,21.170000,21.200001,20.690001,20.740000,20.740000,221000
2017-07-07,20.709999,20.900000,20.459999,20.770000,20.770000,142900
2017-07-10,20.740000,20.770000,20.195000,20.620001,20.620001,145600
2017-07-11,20.620001,20.990000,20.500000,20.719999,20.719999,108900
2017-07-12,20.770000,21.280001,20.770000,21.270000,21.270000,142900
2017-07-13,21.240000,21.639999,20.950001,21.240000,21.240000,362900
2017-07-14,21.240000,21.430000,21.100000,21.200001,21.200001,211700
2017-07-17,21.180000,21.950001,21.129999,21.930000,21.930000,213000
2017-07-18,21.850000,21.900000,21.330000,21.650000,21.650000,153500
2017-07-19,21.750000,21.959999,21.530001,21.620001,21.620001,183500
2017-07-20,21.760000,21.930000,21.469999,21.709999,21.709999,155500
2017-07-21,21.900000,22.000000,21.410000,21.760000,21.760000,203800
2017-07-24,21.799999,22.000000,21.600000,22.000000,22.000000,143600
2017-07-25,22.170000,22.170000,21.250000,21.650000,21.650000,176300
2017-07-26,21.700001,21.930000,21.125000,21.930000,21.930000,287200
2017-07-27,22.020000,22.020000,21.280001,21.430000,21.430000,164100
2017-07-28,21.430000,21.730000,21.250000,21.600000,21.600000,129200
2017-07-31,21.600000,21.610001,21.240000,21.520000,21.520000,98500
2017-08-01,21.530001,21.530001,20.750000,20.900000,20.900000,137400
2017-08-02,20.900000,20.900000,20.100000,20.290001,20.290001,106200
2017-08-03,20.280001,20.580000,19.995001,20.030001,20.030001,103800
2017-08-04,20.070000,21.520000,19.709999,21.520000,21.520000,201300
2017-08-07,21.520000,21.520000,20.790001,21.049999,21.049999,152700
2017-08-08,21.040001,21.415001,20.540001,20.540001,20.540001,135900
2017-08-09,19.570000,20.410000,18.247999,19.000000,19.000000,446000
2017-08-10,18.920000,19.500000,18.500000,18.980000,18.980000,152800
2017-08-11,19.030001,19.295000,18.410000,19.120001,19.120001,269300
2017-08-14,19.200001,20.080000,19.030001,19.830000,19.830000,183500
2017-08-15,19.940001,19.959999,19.299999,19.309999,19.309999,109000
2017-08-16,19.430000,19.850000,19.190001,19.650000,19.650000,161900
2017-08-17,19.549999,19.920000,19.430000,19.480000,19.480000,213300
2017-08-18,19.290001,19.465000,18.740000,19.070000,19.070000,199400
2017-08-21,19.030001,19.290001,18.900000,19.250000,19.250000,90800
2017-08-22,19.379999,19.570000,19.230000,19.500000,19.500000,121000
2017-08-23,19.410000,19.490000,19.139999,19.170000,19.170000,83200
2017-08-24,19.290001,20.160000,19.010000,20.090000,20.090000,126800
2017-08-25,20.129999,20.200001,19.760000,20.049999,20.049999,81100
2017-08-28,20.260000,21.475000,20.260000,20.950001,20.950001,234500
2017-08-29,20.850000,21.280001,20.490000,21.000000,21.000000,172600
2017-08-30,21.080000,21.629999,20.900000,21.010000,21.010000,280500
2017-08-31,21.090000,21.540001,20.840000,21.500000,21.500000,206700
2017-09-01,21.370001,21.580000,20.940001,21.389999,21.389999,154900
2017-09-05,21.309999,22.000000,21.219999,21.660000,21.660000,200000
2017-09-06,21.870001,22.250000,21.379999,21.719999,21.719999,259500
2017-09-07,21.700001,23.160000,21.459999,22.830000,22.830000,394100
2017-09-08,22.709999,23.340000,22.580000,23.219999,23.219999,495800
2017-09-11,23.370001,23.490000,22.868000,23.170000,23.170000,379200
2017-09-12,23.200001,23.500000,22.920000,23.360001,23.360001,244200
2017-09-13,23.389999,23.950001,23.150000,23.549999,23.549999,314800
2017-09-14,23.540001,23.830000,23.059999,23.360001,23.360001,197000
2017-09-15,23.410000,23.410000,22.850000,23.219999,23.219999,672500
2017-09-18,23.330000,23.610001,23.090000,23.240000,23.240000,138400
2017-09-19,23.219999,23.280001,23.000000,23.260000,23.260000,76800
2017-09-20,23.330000,23.580000,23.010000,23.420000,23.420000,168200
2017-09-21,23.450001,23.950001,23.139999,23.900000,23.900000,295900
2017-09-22,23.850000,23.950001,23.299999,23.620001,23.620001,240800
2017-09-25,23.650000,25.920000,23.620001,25.100000,25.100000,784900
2017-09-26,25.190001,25.760000,24.360001,24.780001,24.780001,422600
2017-09-27,24.930000,25.540001,24.850000,25.350000,25.350000,270900
2017-09-28,25.420000,25.459999,24.549999,24.590000,24.590000,346600
2017-09-29,24.709999,25.139999,24.299999,24.790001,24.790001,605800
2017-10-02,25.030001,25.200001,24.639999,25.150000,25.150000,383000
2017-10-03,25.299999,25.790001,25.030001,25.110001,25.110001,219100
2017-10-04,25.049999,26.290001,24.900000,26.230000,26.230000,363200
2017-10-05,26.270000,26.299999,25.860001,26.200001,26.200001,259200
2017-10-06,26.200001,26.440001,24.969999,25.360001,25.360001,405700
2017-10-09,25.389999,25.969999,25.370001,25.469999,25.469999,231400
2017-10-10,25.530001,25.690001,25.070000,25.530001,25.530001,378600
2017-10-11,25.590000,25.700001,25.469999,25.559999,25.559999,336400
2017-10-12,25.559999,25.705000,24.980000,25.100000,25.100000,532500
2017-10-13,25.120001,25.350000,24.920000,25.110001,25.110001,454000
2017-10-16,25.200001,27.100000,25.110001,25.900000,25.900000,857700
2017-10-17,25.950001,25.950001,24.799999,25.559999,25.559999,311600
2017-10-18,25.900000,26.180000,25.469999,26.020000,26.020000,237100
2017-10-19,26.010000,26.219999,25.504999,25.719999,25.719999,229000
2017-10-20,26.030001,26.030001,25.450001,25.660000,25.660000,520400
2017-10-23,35.369999,37.500000,32.689999,32.939999,32.939999,8312100
2017-10-24,32.000000,32.400002,30.750999,31.570000,31.570000,1615800
2017-10-25,31.799999,33.150002,30.760000,31.240000,31.240000,737700
2017-10-26,31.190001,31.190001,30.120001,30.730000,30.730000,560500
2017-10-27,30.680000,31.030001,29.820000,29.879999,29.879999,780700
2017-10-30,29.950001,30.459999,29.010000,29.530001,29.530001,521600
2017-10-31,29.620001,30.010000,28.848000,29.070000,29.070000,428900
2017-11-01,29.330000,29.559999,28.330000,29.250000,29.250000,655100
2017-11-02,29.389999,31.190001,29.110001,30.480000,30.480000,500200
2017-11-03,30.480000,30.860001,30.129999,30.309999,30.309999,423500
2017-11-06,30.590000,30.870001,29.219999,30.780001,30.780001,426300
2017-11-07,30.480000,31.035000,30.030001,30.200001,30.200001,353500
2017-11-08,30.049999,31.340000,30.049999,30.940001,30.940001,314800
2017-11-09,30.940001,34.150002,30.480000,33.119999,33.119999,733300
2017-11-10,32.959999,34.029999,32.790001,33.770000,33.770000,577400
2017-11-13,33.360001,35.000000,33.360001,34.639999,34.639999,726400
2017-11-14,34.630001,35.660000,33.759998,34.820000,34.820000,609200
2017-11-15,34.750000,35.000000,33.441002,34.910000,34.910000,325700
2017-11-16,35.009998,36.040001,34.849998,35.279999,35.279999,318000
2017-11-17,35.250000,35.459999,34.389999,34.950001,34.950001,358000
2017-11-20,35.490002,35.750000,34.549999,34.860001,34.860001,310000
2017-11-21,35.119999,35.700001,34.709999,35.580002,35.580002,290100
2017-11-22,35.500000,35.919998,35.410000,35.740002,35.740002,192300
2017-11-24,35.680000,36.299999,35.495998,35.889999,35.889999,93500
2017-11-27,36.029999,36.299999,35.209999,35.220001,35.220001,175500
2017-11-28,35.360001,35.459999,34.630001,35.270000,35.270000,227200
2017-11-29,35.490002,36.169998,35.279999,35.930000,35.930000,254300
2017-11-30,36.119999,38.860001,36.000000,38.200001,38.200001,569200
2017-12-01,38.630001,38.770000,36.570000,38.020000,38.020000,328200
2017-12-04,38.660000,38.660000,36.060001,36.200001,36.200001,237600
2017-12-05,37.209999,37.470001,36.209999,36.279999,36.279999,300200
2017-12-06,36.169998,36.490002,34.860001,35.360001,35.360001,317400
2017-12-07,35.000000,35.409000,33.858002,34.099998,34.099998,931600
2017-12-08,34.189999,34.709999,33.340000,34.160000,34.160000,386400
2017-12-11,34.470001,35.070000,34.009998,34.160000,34.160000,360300
2017-12-12,34.110001,34.169998,33.220001,33.599998,33.599998,352800
2017-12-13,34.250000,36.110001,34.000000,35.349998,35.349998,526100
2017-12-14,35.250000,35.750000,33.790001,33.869999,33.869999,321200
2017-12-15,33.889999,34.580002,33.480000,34.209999,34.209999,896900
2017-12-18,34.320000,36.119999,34.060001,35.810001,35.810001,265500
2017-12-19,35.700001,36.770000,35.250000,35.520000,35.520000,322500
2017-12-20,35.480000,36.360001,35.154999,36.279999,36.279999,233300
2017-12-21,37.299999,38.266998,37.000000,37.480000,37.480000,382500
2017-12-22,37.689999,39.680000,36.730000,39.549999,39.549999,677200
2017-12-26,39.439999,39.549999,38.060001,39.090000,39.090000,410700
2017-12-27,39.090000,40.000000,38.070000,38.400002,38.400002,347200
2017-12-28,38.439999,39.279999,38.310001,38.779999,38.779999,288400
2017-12-29,38.889999,38.959999,37.790001,37.820000,37.820000,298900
2018-01-02,38.040001,38.040001,36.549999,37.389999,37.389999,423100
2018-01-03,37.590000,37.840000,37.009998,37.290001,37.290001,408000
2018-01-04,37.330002,37.509998,36.099998,36.910000,36.910000,268600
2018-01-05,36.910000,38.500000,36.709999,38.020000,38.020000,557500
2018-01-08,38.150002,39.029999,37.849998,38.250000,38.250000,363400
2018-01-09,38.259998,38.500000,37.730000,38.310001,38.310001,488500
2018-01-10,38.279999,39.080002,37.736000,39.000000,39.000000,291700
2018-01-11,39.099998,39.250000,38.400002,38.650002,38.650002,356300
2018-01-12,38.660000,40.000000,38.320000,39.430000,39.430000,370400
2018-01-16,39.849998,40.650002,37.970001,37.970001,37.970001,474700
2018-01-17,38.299999,39.259998,37.570000,37.830002,37.830002,813300
2018-01-18,37.950001,39.000000,37.380001,38.830002,38.830002,470000
2018-01-19,38.790001,39.235001,38.660000,38.900002,38.900002,222000
2018-01-22,38.900002,39.320000,38.020000,38.259998,38.259998,537000
2018-01-23,38.070000,38.590000,37.790001,38.049999,38.049999,488600
2018-01-24,38.150002,38.723999,36.349998,37.840000,37.840000,507200
2018-01-25,37.900002,38.049999,37.119999,37.419998,37.419998,262700
2018-01-26,37.570000,38.589001,36.970001,37.130001,37.130001,297900
2018-01-29,37.090000,37.349998,36.230000,36.430000,36.430000,414600
2018-01-30,36.000000,36.400002,34.700001,35.520000,35.520000,550300
2018-01-31,36.490002,36.490002,34.860001,35.209999,35.209999,376000
2018-02-01,34.830002,35.980000,34.110001,35.950001,35.950001,416900
2018-02-02,35.599998,36.689999,35.091000,36.180000,36.180000,308700
2018-02-05,35.869999,36.840000,35.306999,35.320000,35.320000,366100
2018-02-06,35.000000,36.279999,34.463001,35.799999,35.799999,413200
2018-02-07,38.490002,38.919998,36.779999,37.619999,37.619999,582200
2018-02-08,37.630001,38.090000,36.450001,36.580002,36.580002,528400
2018-02-09,36.799999,38.889999,35.700001,38.680000,38.680000,902500
2018-02-12,38.779999,39.150002,37.014999,38.830002,38.830002,447200
2018-02-13,38.610001,39.660000,37.580002,37.840000,37.840000,383400
2018-02-14,37.330002,38.369999,36.535000,37.959999,37.959999,441700
2018-02-15,38.070000,38.709999,37.430000,38.240002,38.240002,221900
2018-02-16,38.160000,38.660000,36.990002,37.200001,37.200001,261500
2018-02-20,41.099998,42.000000,33.450001,34.959999,34.959999,5360200
2018-02-21,34.009998,34.240002,32.200001,32.209999,32.209999,2462500
2018-02-22,34.689999,36.000000,31.500000,31.980000,31.980000,7661800
2018-02-23,32.209999,32.830002,30.400000,32.720001,32.720001,2742700
2018-02-26,32.990002,33.090000,29.815001,30.110001,30.110001,2389200
2018-02-27,31.000000,31.959999,30.000000,31.670000,31.670000,2141200
2018-02-28,31.700001,32.740002,31.500000,32.500000,32.500000,1642400
2018-03-01,32.540001,33.490002,32.139999,32.799999,32.799999,1147800
2018-03-02,32.400002,34.720001,32.380001,34.070000,34.070000,1340300
2018-03-05,36.299999,37.810001,34.250000,35.970001,35.970001,2385600
2018-03-06,36.000000,36.131001,32.790001,33.250000,33.250000,1773300
2018-03-07,33.080002,34.509998,33.000000,34.500000,34.500000,815300
2018-03-08,34.419998,35.340000,34.049999,34.750000,34.750000,820100
2018-03-09,35.070000,35.320000,33.200001,33.630001,33.630001,1528900
2018-03-12,33.779999,33.970001,31.219999,32.630001,32.630001,1008100
2018-03-13,32.910000,33.700001,32.290001,33.000000,33.000000,1148300
2018-03-14,33.029999,34.070000,33.000000,33.279999,33.279999,710600
2018-03-15,33.680000,33.959999,32.110001,32.299999,32.299999,810600
2018-03-16,32.200001,32.532001,31.059999,31.650000,31.650000,2028000
2018-03-19,31.490000,31.790001,30.400000,30.889999,30.889999,961400
2018-03-20,31.049999,32.090000,30.860001,31.450001,31.450001,603100
2018-03-21,31.330000,32.380001,31.139999,31.930000,31.930000,493400
2018-03-22,31.670000,32.110001,30.100000,30.110001,30.110001,881500
2018-03-23,30.000000,30.950001,29.750999,30.290001,30.290001,1014000
2018-03-26,30.809999,31.370001,29.889999,31.260000,31.260000,680100
2018-03-27,32.220001,32.438999,29.900000,30.070000,30.070000,1056800
2018-03-28,29.980000,32.259998,29.330000,31.910000,31.910000,1352400
2018-03-29,31.910000,32.580002,30.721001,31.830000,31.830000,847800
2018-04-02,31.860001,31.889999,29.360001,29.650000,29.650000,733000
2018-04-03,29.670000,30.219999,28.440001,28.629999,28.629999,1027600
2018-04-04,28.340000,29.820000,27.010000,29.730000,29.730000,1821000
2018-04-05,30.020000,30.290001,29.100000,29.260000,29.260000,801700
2018-04-06,28.870001,29.870001,28.770000,29.410000,29.410000,448200
2018-04-09,29.530001,30.700001,29.530001,30.230000,30.230000,672500
2018-04-10,30.459999,31.370001,30.120001,31.070000,31.070000,705800
2018-04-11,31.000000,32.080002,30.959999,31.620001,31.620001,446100
2018-04-12,31.700001,32.070000,30.959999,31.420000,31.420000,587300
2018-04-13,31.559999,31.836000,31.065001,31.490000,31.490000,284900
2018-04-16,31.610001,31.860001,30.620001,31.010000,31.010000,433900
2018-04-17,31.100000,32.950001,30.770000,32.060001,32.060001,808900
2018-04-18,32.290001,32.590000,31.809999,32.230000,32.230000,617000
2018-04-19,32.070000,32.770000,31.180000,31.330000,31.330000,421100
2018-04-20,31.160000,31.670000,30.900000,31.629999,31.629999,268700
2018-04-23,31.790001,32.250000,31.260000,31.950001,31.950001,384400
2018-04-24,32.000000,32.049999,31.344999,31.680000,31.680000,347200
2018-04-25,31.700001,31.700001,30.610001,30.820000,30.820000,411900
2018-04-26,31.049999,31.680000,30.625000,31.530001,31.530001,280600
2018-04-27,31.680000,31.750000,31.010000,31.639999,31.639999,218000
2018-04-30,31.799999,31.889999,31.020000,31.040001,31.040001,315600
2018-05-01,30.889999,31.410000,30.400000,31.340000,31.340000,436400
2018-05-02,31.180000,31.415001,30.639999,30.900000,30.900000,244100
2018-05-03,30.879999,31.215000,29.840000,29.940001,29.940001,364400
2018-05-04,29.959999,31.264999,29.440001,30.920000,30.920000,514100
2018-05-07,31.230000,31.520000,30.820000,31.209999,31.209999,414500
2018-05-08,31.250000,31.250000,30.570000,30.990000,30.990000,335000
2018-05-09,30.750000,30.924999,28.750000,28.920000,28.920000,1162900
2018-05-10,28.920000,29.170000,28.129999,28.200001,28.200001,484700
2018-05-11,28.200001,29.250000,28.020000,29.219999,29.219999,449700
2018-05-14,29.129999,30.290001,29.129999,30.139999,30.139999,416500
2018-05-15,30.059999,30.059999,28.969999,29.840000,29.840000,428300
2018-05-16,29.969999,30.280001,29.465000,29.959999,29.959999,409400
2018-05-17,30.000000,30.600000,29.860001,30.010000,30.010000,308300
2018-05-18,30.610001,31.540001,30.320000,31.299999,31.299999,866900
2018-05-21,31.590000,31.920000,31.299999,31.700001,31.700001,667000
2018-05-22,31.639999,33.799999,31.594999,33.060001,33.060001,863500
2018-05-23,32.939999,34.130001,32.740002,32.790001,32.790001,525800
2018-05-24,32.750000,33.580002,32.360001,33.200001,33.200001,413900
2018-05-25,33.369999,33.509998,32.599998,32.650002,32.650002,229500
2018-05-29,32.759998,32.880001,31.530001,32.480000,32.480000,385800
2018-05-30,32.529999,33.220001,32.189999,32.689999,32.689999,264000
2018-05-31,32.799999,33.529999,32.610001,33.090000,33.090000,308700
2018-06-01,33.200001,33.230000,32.060001,32.639999,32.639999,425300
2018-06-04,32.799999,32.799999,31.450001,31.860001,31.860001,574500
2018-06-05,31.920000,32.369999,31.490000,31.549999,31.549999,472500
2018-06-06,31.500000,31.580000,30.680000,31.469999,31.469999,341100
2018-06-07,31.580000,31.730000,30.450001,30.459999,30.459999,378000
2018-06-08,30.379999,31.030001,30.219999,30.959999,30.959999,459700
2018-06-11,30.860001,31.190001,30.490000,30.959999,30.959999,422700
2018-06-12,31.860001,32.000000,30.450001,30.600000,30.600000,594700
2018-06-13,30.629999,30.969999,29.969999,30.190001,30.190001,461100
2018-06-14,30.190001,30.660000,29.559999,29.780001,29.780001,553600
2018-06-15,29.750000,30.620001,29.670000,30.490000,30.490000,1483900
2018-06-18,30.270000,31.000000,30.108999,30.770000,30.770000,479800
2018-06-19,30.700001,31.190001,30.280001,30.680000,30.680000,536900
2018-06-20,30.639999,31.180000,30.070000,30.200001,30.200001,666400
2018-06-21,30.410000,30.730000,27.263000,27.570000,27.570000,1184500
2018-06-22,27.590000,28.330000,27.415001,28.270000,28.270000,1775500
2018-06-25,28.260000,28.430000,27.469999,27.590000,27.590000,499100
2018-06-26,27.520000,28.240000,26.920000,27.930000,27.930000,624100
2018-06-27,27.840000,28.153999,26.510000,26.559999,26.559999,419500
2018-06-28,26.469999,27.559999,26.344999,27.340000,27.340000,648100
2018-06-29,27.610001,27.610001,26.610001,26.889999,26.889999,615600
2018-07-02,26.799999,27.740000,26.500000,27.740000,27.740000,250200
2018-07-03,27.980000,28.280001,27.559999,27.780001,27.780001,192900
2018-07-05,27.809999,28.173000,27.430000,27.910000,27.910000,203500
2018-07-06,28.030001,28.559999,27.920000,28.480000,28.480000,290400
2018-07-09,28.490000,28.709999,27.959999,28.530001,28.530001,294100
2018-07-10,28.700001,28.830000,28.260000,28.690001,28.690001,253900
2018-07-11,28.570000,28.760000,28.020000,28.309999,28.309999,331900
2018-07-12,28.530001,28.690001,28.000000,28.680000,28.680000,322400
2018-07-13,28.610001,29.680000,28.500000,29.340000,29.340000,334000
2018-07-16,29.389999,29.620001,28.520000,29.110001,29.110001,278700
2018-07-17,28.990000,29.700001,28.837000,29.600000,29.600000,244300
2018-07-18,29.620001,29.620001,28.540001,29.059999,29.059999,287400
2018-07-19,29.000000,29.730000,28.636999,29.240000,29.240000,295900
2018-07-20,29.309999,29.500000,29.107000,29.180000,29.180000,268600
2018-07-23,29.180000,29.639999,28.910000,29.510000,29.510000,155000
2018-07-24,29.600000,30.430000,29.430000,29.719999,29.719999,407200
2018-07-25,29.719999,30.325001,28.700001,28.850000,28.850000,434600
2018-07-26,28.809999,29.450001,28.510000,29.180000,29.180000,213600
2018-07-27,29.320000,29.504999,28.309999,28.700001,28.700001,315100
2018-07-30,28.610001,29.110001,27.280001,27.410000,27.410000,519800
2018-07-31,27.620001,28.930000,27.510000,28.920000,28.920000,566400
2018-08-01,28.920000,29.780001,28.680000,29.309999,29.309999,642900
2018-08-02,29.350000,30.340000,29.030001,30.190001,30.190001,343600
2018-08-03,30.250000,30.500000,29.950001,30.129999,30.129999,375300
2018-08-06,30.030001,30.459999,28.825001,28.990000,28.990000,290900
2018-08-07,29.150000,29.629999,28.719999,29.610001,29.610001,231100
2018-08-08,29.620001,29.780001,29.020000,29.629999,29.629999,157800
2018-08-09,29.500000,29.980000,28.450001,28.469999,28.469999,291100
2018-08-10,28.320000,28.650000,27.879999,28.389999,28.389999,314600
2018-08-13,28.330000,28.540001,27.815001,28.340000,28.340000,379800
2018-08-14,28.389999,29.080000,28.080000,28.280001,28.280001,275500
2018-08-15,28.280001,28.389999,27.680000,28.010000,28.010000,280300
2018-08-16,28.059999,28.500000,27.610001,27.900000,27.900000,321500
2018-08-17,27.790001,28.070000,27.320000,27.969999,27.969999,500800
2018-08-20,28.110001,28.225000,27.709999,27.760000,27.760000,466900
2018-08-21,27.920000,28.139999,27.500000,27.900000,27.900000,278600
2018-08-22,27.910000,28.180000,27.680000,27.889999,27.889999,237900
2018-08-23,27.940001,28.090000,27.476000,27.610001,27.610001,227900
2018-08-24,27.580000,27.934999,27.340000,27.750000,27.750000,371200
2018-08-27,27.990000,28.320000,27.700001,28.000000,28.000000,273700
2018-08-28,28.000000,28.639999,27.760000,28.000000,28.000000,427200
2018-08-29,28.110001,28.424999,27.860001,28.129999,28.129999,270300
2018-08-30,28.100000,28.480000,27.930000,28.010000,28.010000,292400
2018-08-31,27.900000,28.146999,27.639999,27.910000,27.910000,264900
2018-09-04,28.000000,28.010000,27.059999,27.240000,27.240000,279700
2018-09-05,27.250000,27.250000,26.590000,26.870001,26.870001,223000
2018-09-06,26.940001,27.110001,26.440001,26.490000,26.490000,260500
2018-09-07,26.450001,26.580000,25.760000,26.260000,26.260000,214800
2018-09-10,26.370001,27.350000,26.110001,27.240000,27.240000,250100
2018-09-11,27.180000,27.750000,26.855000,27.600000,27.600000,251500
2018-09-12,27.540001,29.480000,27.540001,29.070000,29.070000,745500
2018-09-13,29.270000,30.700001,29.070000,29.200001,29.200001,1807900
2018-09-14,28.719999,28.719999,27.035999,27.990000,27.990000,760500
2018-09-17,27.860001,28.270000,27.545000,28.100000,28.100000,400200
2018-09-18,28.260000,28.480000,27.670000,27.690001,27.690001,468200
2018-09-19,27.690001,28.139999,27.260000,27.549999,27.549999,350700
2018-09-20,27.709999,27.764000,27.030001,27.260000,27.260000,353800
2018-09-21,27.299999,27.889999,26.860001,27.209999,27.209999,2025900
2018-09-24,27.120001,27.643000,27.010000,27.440001,27.440001,366100
2018-09-25,27.610001,27.900000,27.520000,27.770000,27.770000,326900
2018-09-26,27.780001,27.889999,27.290001,27.719999,27.719999,235900
2018-09-27,27.809999,28.230000,27.440001,27.790001,27.790001,349300
2018-09-28,27.740000,27.898001,27.190001,27.280001,27.280001,322300
2018-10-01,27.379999,27.500000,26.670000,26.690001,26.690001,280700
2018-10-02,26.670000,26.700001,25.480000,25.490000,25.490000,574300
2018-10-03,25.680000,26.190001,24.731001,25.969999,25.969999,567700
2018-10-04,26.080000,26.270000,24.799999,25.080000,25.080000,430100
2018-10-05,25.180000,26.330000,25.059999,26.059999,26.059999,636000
2018-10-08,25.860001,26.549999,25.639999,26.160000,26.160000,366300
2018-10-09,26.059999,26.510000,25.910000,26.190001,26.190001,369400
2018-10-10,26.100000,26.420000,24.780001,24.850000,24.850000,329800
2018-10-11,24.879999,25.469999,24.559999,25.170000,25.170000,317400
2018-10-12,25.620001,26.500000,25.575001,26.370001,26.370001,407200
2018-10-15,26.389999,26.910000,26.370001,26.629999,26.629999,352600
2018-10-16,26.900000,28.450001,26.840000,28.280001,28.280001,600900
2018-10-17,28.270000,29.240000,27.559999,28.889999,28.889999,562000
2018-10-18,28.840000,28.915001,27.559999,27.709999,27.709999,443300
2018-10-19,27.650000,28.110001,27.215000,27.290001,27.290001,293500
2018-10-22,27.570000,27.690001,26.695000,26.920000,26.920000,310400
2018-10-23,26.389999,27.950001,26.170000,27.459999,27.459999,544400
2018-10-24,27.540001,28.250000,25.620001,25.629999,25.629999,521200
2018-10-25,25.870001,27.570000,25.754999,26.950001,26.950001,496000
2018-10-26,26.500000,27.459999,26.100000,27.110001,27.110001,262400
2018-10-29,27.549999,27.590000,25.959999,26.420000,26.420000,234500
2018-10-30,26.299999,27.049999,25.959999,26.240000,26.240000,277100
2018-10-31,26.570000,26.950001,26.030001,26.580000,26.580000,337500
2018-11-01,26.799999,32.650002,26.799999,30.910000,30.910000,1279800
2018-11-02,30.900000,31.100000,29.049999,29.980000,29.980000,575500
2018-11-05,29.969999,30.190001,28.510000,29.930000,29.930000,492300
2018-11-06,29.969999,30.490000,29.650000,30.260000,30.260000,454600
2018-11-07,30.559999,36.119999,30.198000,32.169998,32.169998,1453700
2018-11-08,32.070000,32.200001,27.209999,28.250000,28.250000,1278800
2018-11-09,29.450001,30.559999,28.035000,30.290001,30.290001,607300
2018-11-12,31.820000,31.830000,27.260000,27.950001,27.950001,1733200
2018-11-13,28.360001,29.503000,27.629999,28.360001,28.360001,640800
2018-11-14,28.580000,29.340000,27.375000,28.910000,28.910000,684700
2018-11-15,28.620001,29.990000,28.570000,29.580000,29.580000,544900
2018-11-16,29.230000,29.830000,28.340000,29.620001,29.620001,500500
2018-11-19,30.040001,31.830000,25.889999,26.290001,26.290001,2517700
2018-11-20,26.590000,26.740000,25.000000,25.180000,25.180000,960000
2018-11-21,25.350000,25.830000,24.020000,24.219999,24.219999,680400
2018-11-23,23.990000,27.330000,23.760000,25.549999,25.549999,700100
2018-11-26,25.750000,26.473000,24.980000,26.040001,26.040001,521700
2018-11-27,25.780001,25.860001,24.510000,25.010000,25.010000,684200
2018-11-28,25.170000,25.209999,24.129999,24.740000,24.740000,670700
2018-11-29,24.750000,24.900000,23.610001,23.650000,23.650000,641100
2018-11-30,23.709999,24.240000,23.150000,23.750000,23.750000,787500
2018-12-03,24.090000,24.490000,23.600000,23.860001,23.860001,741300
2018-12-04,23.750000,24.230000,22.232000,22.389999,22.389999,895300
2018-12-06,22.010000,23.760000,21.469999,23.750000,23.750000,1009700
2018-12-07,23.520000,24.150000,23.020000,23.059999,23.059999,582000
2018-12-10,23.080000,23.620001,22.360001,23.160000,23.160000,468600
2018-12-11,23.000000,23.440001,22.580000,23.230000,23.230000,423400
2018-12-12,23.600000,24.118000,22.714001,23.420000,23.420000,409100
2018-12-13,23.500000,23.726000,22.030001,22.610001,22.610001,517300
2018-12-14,22.450001,22.850000,21.860001,22.820000,22.820000,460900
2018-12-17,22.620001,22.684999,21.860001,22.090000,22.090000,543500
2018-12-18,22.209999,22.420000,21.379999,21.969999,21.969999,511900
2018-12-19,22.070000,22.690001,21.381001,21.709999,21.709999,797400
2018-12-20,24.650000,25.850000,23.760000,25.070000,25.070000,3790300
2018-12-21,25.030001,25.430000,21.750000,22.750000,22.750000,2067100
2018-12-24,22.510000,23.653000,22.510000,23.030001,23.030001,816300
2018-12-26,23.299999,23.920000,22.780001,23.629999,23.629999,859500
2018-12-27,23.209999,24.170000,22.389999,23.070000,23.070000,492400
2018-12-28,23.049999,24.040001,22.540001,23.820000,23.820000,476200
2018-12-31,23.770000,24.230000,23.370001,23.920000,23.920000,379600
2019-01-02,23.430000,24.370001,23.075001,24.340000,24.340000,365200
2019-01-03,24.370001,24.855000,23.370001,23.549999,23.549999,538000
2019-01-04,23.799999,24.667999,23.799999,24.270000,24.270000,549800
2019-01-07,24.590000,26.358000,24.270000,25.180000,25.180000,712100
2019-01-08,25.360001,25.840000,23.580000,25.750000,25.750000,1003600
2019-01-09,25.980000,26.430000,25.565001,26.320000,26.320000,501100
2019-01-10,26.100000,26.681000,25.530001,26.370001,26.370001,433800
2019-01-11,26.430000,26.600000,25.511000,25.629999,25.629999,435000
2019-01-14,25.469999,25.469999,24.240000,24.299999,24.299999,579400
2019-01-15,25.190001,25.299999,22.760000,23.730000,23.730000,2214500
2019-01-16,23.580000,24.500000,23.340000,23.469999,23.469999,748900
2019-01-17,23.410000,23.950001,22.600000,22.610001,22.610001,755300
2019-01-18,22.610001,22.959999,21.850000,22.900000,22.900000,888800
2019-01-22,22.639999,23.049999,21.860001,21.940001,21.940001,690900
2019-01-23,22.150000,22.250000,21.320000,21.690001,21.690001,593800
2019-01-24,21.510000,21.860001,21.219999,21.850000,21.850000,390600
2019-01-25,21.900000,23.190001,21.400000,22.930000,22.930000,755400
2019-01-28,22.910000,23.000000,22.080000,22.240000,22.240000,466500
2019-01-29,22.250000,22.549999,21.680000,21.840000,21.840000,416600
2019-01-30,21.799999,22.900000,21.799999,22.860001,22.860001,485500
2019-01-31,22.900000,23.969999,22.900000,23.520000,23.520000,620300
2019-02-01,23.600000,23.632000,23.000000,23.520000,23.520000,286400
2019-02-04,23.530001,24.080000,23.285000,24.080000,24.080000,363600
2019-02-05,24.280001,24.830000,23.930000,24.040001,24.040001,727200
2019-02-06,24.049999,24.850000,23.760000,24.719999,24.719999,534600
2019-02-07,24.510000,25.290001,24.070000,24.410000,24.410000,624700
2019-02-08,24.190001,24.809999,24.139999,24.610001,24.610001,539500
2019-02-11,24.520000,24.520000,23.350000,24.090000,24.090000,639900
2019-02-12,24.299999,24.900000,23.959999,24.780001,24.780001,554500
2019-02-13,24.730000,24.948999,23.750000,23.809999,23.809999,702700
2019-02-14,23.730000,24.110001,22.510000,23.580000,23.580000,909200
2019-02-15,23.750000,24.230000,23.139999,24.209999,24.209999,814900
2019-02-19,24.150000,24.629999,22.959999,23.000000,23.000000,671200
2019-02-20,23.150000,23.400000,22.559999,23.200001,23.200001,551900
2019-02-21,23.219999,23.540001,22.670000,22.930000,22.930000,480600
2019-02-22,22.910000,23.730000,22.750000,23.719999,23.719999,522100
2019-02-25,24.000000,24.320000,23.400000,24.260000,24.260000,618000
2019-02-26,24.129999,24.870001,23.895000,24.620001,24.620001,580800
2019-02-27,24.629999,25.530001,24.240000,24.910000,24.910000,858200
2019-02-28,25.020000,25.160000,24.030001,24.090000,24.090000,676200
2019-03-01,23.799999,24.938000,22.809999,24.889999,24.889999,1074300
2019-03-04,24.290001,25.809999,24.290001,24.780001,24.780001,929600
2019-03-05,24.850000,25.799999,24.600000,25.480000,25.480000,640600
2019-03-06,25.440001,25.450001,23.400000,23.490000,23.490000,854200
2019-03-07,23.490000,23.730000,22.660000,23.410000,23.410000,557500
2019-03-08,23.160000,23.440001,22.700001,23.360001,23.360001,404100
2019-03-11,23.549999,23.549999,22.815001,23.049999,23.049999,779500
2019-03-12,23.120001,23.559999,22.844999,23.330000,23.330000,405800
2019-03-13,23.410000,23.860001,23.049999,23.650000,23.650000,583500
2019-03-14,23.660000,24.120001,23.320000,23.340000,23.340000,567900
2019-03-15,23.440001,23.670000,23.270000,23.459999,23.459999,627100
2019-03-18,23.000000,23.290001,22.101000,22.400000,22.400000,971900
2019-03-19,22.330000,22.621000,21.600000,21.670000,21.670000,767100
2019-03-20,21.660000,21.822001,21.080000,21.150000,21.150000,443400
2019-03-21,21.150000,22.219999,20.938999,22.070000,22.070000,435300
2019-03-22,22.010000,22.139999,21.440001,21.480000,21.480000,618600
2019-03-25,22.330000,22.600000,21.299999,22.170000,22.170000,659400
2019-03-26,22.450001,22.750000,21.969999,22.620001,22.620001,506100
2019-03-27,22.559999,22.709999,21.760000,22.010000,22.010000,456300
2019-03-28,22.040001,22.620001,21.912001,22.040001,22.040001,439400
2019-03-29,22.240000,22.500000,21.790001,22.350000,22.350000,568700
2019-04-01,22.490000,22.860001,22.160000,22.190001,22.190001,387400
2019-04-02,22.200001,22.530001,21.980000,22.430000,22.430000,457800
2019-04-03,22.500000,23.160000,22.420000,23.110001,23.110001,478200
2019-04-04,23.180000,24.170000,23.180000,23.350000,23.350000,626200
2019-04-05,23.490000,23.698000,23.010000,23.200001,23.200001,478300
2019-04-08,23.139999,23.200001,22.559999,22.730000,22.730000,404000
2019-04-09,22.590000,22.940001,22.120001,22.370001,22.370001,1029200
2019-04-10,22.450001,22.770000,22.132999,22.290001,22.290001,486700
2019-04-11,22.309999,22.650000,21.830000,21.940001,21.940001,694500
2019-04-12,22.070000,22.080000,21.500000,21.680000,21.680000,478400
2019-04-15,21.740000,21.969999,21.250000,21.580000,21.580000,339800
2019-04-16,21.690001,21.860001,21.129999,21.379999,21.379999,387400
2019-04-17,21.530001,21.530001,20.040001,20.400000,20.400000,950700
2019-04-18,20.400000,20.650000,19.809999,20.209999,20.209999,645300
2019-04-22,20.230000,20.500000,20.080000,20.330000,20.330000,359400
2019-04-23,20.320000,21.150000,19.770000,20.950001,20.950001,887000
2019-04-24,20.959999,21.280001,20.570000,20.809999,20.809999,381200
2019-04-25,20.780001,21.180000,20.540001,21.100000,21.100000,320900
2019-04-26,21.129999,21.327999,20.740000,20.930000,20.930000,256800
2019-04-29,20.990000,21.100000,20.530001,20.639999,20.639999,518800
2019-04-30,20.700001,20.739000,20.000000,20.139999,20.139999,344000
2019-05-01,20.129999,20.459999,19.709999,19.830000,19.830000,803500
2019-05-02,19.860001,20.190001,19.520000,19.790001,19.790001,362900
2019-05-03,19.790001,20.077000,19.556000,19.719999,19.719999,519900
2019-05-06,19.490000,19.969999,19.250000,19.920000,19.920000,794300
2019-05-07,19.750000,19.830000,19.270000,19.639999,19.639999,720200
2019-05-08,19.650000,20.250000,19.500000,19.969999,19.969999,387100
2019-05-09,19.850000,20.820000,19.600000,20.500000,20.500000,555200
2019-05-10,20.330000,20.770000,20.080000,20.510000,20.510000,456900
2019-05-13,20.139999,20.400000,19.980000,20.110001,20.110001,693300
2019-05-14,20.219999,21.040001,20.219999,20.570000,20.570000,567300
2019-05-15,20.450001,20.930000,20.230000,20.879999,20.879999,404100
2019-05-16,21.260000,22.145000,20.290001,20.650000,20.650000,706600
2019-05-17,20.510000,20.520000,19.850000,20.110001,20.110001,731800
2019-05-20,19.980000,19.980000,19.520000,19.650000,19.650000,440700
2019-05-21,19.860001,20.490000,19.860001,20.480000,20.480000,396600
2019-05-22,20.469999,20.670000,20.020000,20.350000,20.350000,252800
2019-05-23,20.200001,20.299999,19.629999,19.900000,19.900000,408800
2019-05-24,20.010000,20.340000,19.920000,20.260000,20.260000,341900
2019-05-28,20.230000,20.549999,20.110001,20.340000,20.340000,548900
2019-05-29,20.200001,20.260000,19.870001,20.230000,20.230000,375500
2019-05-30,20.200001,20.400000,19.830000,19.889999,19.889999,270500
2019-05-31,19.709999,19.790001,19.360001,19.570000,19.570000,326900
2019-06-03,19.690001,19.990000,19.379999,19.959999,19.959999,393000
2019-06-04,20.200001,20.386000,20.000000,20.309999,20.309999,549800
2019-06-05,20.440001,20.540001,19.809999,20.139999,20.139999,594900
2019-06-06,20.129999,20.200001,19.549999,19.559999,19.559999,286900
2019-06-07,19.700001,20.219999,19.530001,20.170000,20.170000,313500
2019-06-10,20.350000,20.350000,19.900000,19.900000,19.900000,214800
2019-06-11,20.010000,20.020000,19.469999,19.750000,19.750000,244300
2019-06-12,19.780001,20.209999,19.650000,19.780001,19.780001,334400
2019-06-13,19.900000,20.219999,19.660999,20.219999,20.219999,363700
2019-06-14,20.209999,20.530001,19.980000,20.000000,20.000000,407800
2019-06-17,20.129999,20.559999,20.129999,20.540001,20.540001,514900
2019-06-18,20.670000,20.860001,20.150000,20.200001,20.200001,345800
2019-06-19,20.389999,20.469999,20.030001,20.070000,20.070000,312700
2019-06-20,20.200001,20.480000,19.900000,20.240000,20.240000,583800
2019-06-21,20.150000,20.230000,19.750000,20.000000,20.000000,655500
2019-06-24,19.959999,20.000000,19.510000,19.570000,19.570000,455300
2019-06-25,19.620001,20.035000,19.510000,19.559999,19.559999,279300
2019-06-26,19.670000,19.862000,19.520000,19.620001,19.620001,331500
2019-06-27,19.620001,19.920000,19.427999,19.920000,19.920000,346500
2019-06-28,20.010000,20.900000,19.985001,20.820000,20.820000,876400
2019-07-01,21.100000,21.309999,20.745001,21.160000,21.160000,606900
2019-07-02,21.180000,21.180000,20.730000,21.040001,21.040001,285000
2019-07-03,21.080000,21.510000,21.010000,21.480000,21.480000,191200
2019-07-05,21.270000,21.430000,20.705000,20.780001,20.780001,383500
2019-07-08,20.799999,21.129999,20.370001,20.900000,20.900000,1159200
2019-07-09,20.850000,21.129999,20.610001,20.959999,20.959999,322800
2019-07-10,20.930000,21.049999,19.809999,19.889999,19.889999,825200
2019-07-11,19.840000,19.840000,16.950001,18.510000,18.510000,2427200
2019-07-12,18.780001,19.400000,18.635000,19.000000,19.000000,1061600
2019-07-15,19.000000,19.200001,18.719999,18.990000,18.990000,628600
2019-07-16,18.980000,19.139999,18.520000,18.780001,18.780001,496000
2019-07-17,18.780001,19.040001,18.590000,18.990000,18.990000,578600
2019-07-18,18.940001,19.058001,18.020000,18.090000,18.090000,809000
2019-07-19,18.040001,18.510000,17.860001,18.340000,18.340000,493700
2019-07-22,18.340000,18.590000,18.059999,18.549999,18.549999,342400
2019-07-23,18.500000,18.830000,18.379999,18.770000,18.770000,240100
2019-07-24,18.680000,19.000000,18.440001,18.889999,18.889999,335600
2019-07-25,18.760000,18.787001,18.510000,18.510000,18.510000,565200
2019-07-26,18.570000,18.860001,18.570000,18.790001,18.790001,385200
2019-07-29,18.780001,18.969999,18.510000,18.910000,18.910000,293900
2019-07-30,18.809999,19.809999,18.781000,19.780001,19.780001,513100
2019-07-31,19.920000,20.110001,19.110001,19.250000,19.250000,685800
2019-08-01,19.250000,19.660000,18.799999,19.450001,19.450001,447200
2019-08-02,19.270000,19.884001,18.799999,18.969999,18.969999,427400
2019-08-05,18.809999,18.809999,18.389999,18.730000,18.730000,563000
2019-08-06,18.850000,19.600000,18.565001,19.500000,19.500000,653100
2019-08-07,19.250000,19.440001,18.959999,19.100000,19.100000,766900
2019-08-08,19.160000,19.469999,18.993000,19.340000,19.340000,473500
2019-08-09,18.860001,19.549999,18.719999,19.260000,19.260000,742500
2019-08-12,19.020000,20.350000,19.000000,20.129999,20.129999,614300
2019-08-13,20.120001,21.670000,20.120001,21.559999,21.559999,997400
2019-08-14,21.110001,21.610001,20.930000,21.150000,21.150000,736500
2019-08-15,21.250000,22.000000,21.235001,21.790001,21.790001,783400
2019-08-16,21.889999,22.469999,21.809999,22.430000,22.430000,718800
2019-08-19,22.670000,22.879999,21.127001,21.400000,21.400000,1065100
2019-08-20,21.420000,21.590000,20.620001,20.660000,20.660000,764600
2019-08-21,20.730000,21.000000,20.450001,20.639999,20.639999,597100
2019-08-22,20.559999,20.870001,20.309999,20.330000,20.330000,497300
2019-08-23,20.299999,20.340000,19.340000,19.360001,19.360001,542400
2019-08-26,19.510000,20.010000,19.450001,19.760000,19.760000,656600
2019-08-27,19.850000,19.910000,18.940001,19.260000,19.260000,615400
2019-08-28,19.090000,19.400000,18.990000,19.230000,19.230000,440000
2019-08-29,19.490000,20.000000,19.440001,19.959999,19.959999,380300
2019-08-30,20.000000,20.480000,19.735001,20.389999,20.389999,351000
2019-09-03,20.350000,20.500000,19.540001,19.680000,19.680000,646600
2019-09-04,19.879999,20.000000,19.080000,19.559999,19.559999,555800
2019-09-05,19.950001,21.214001,19.639999,21.059999,21.059999,780100
2019-09-06,21.240000,21.850000,20.500000,20.559999,20.559999,808900
2019-09-09,20.930000,21.090000,19.580000,19.770000,19.770000,1231500
2019-09-10,19.809999,22.059999,19.750000,22.059999,22.059999,1840800
2019-09-11,24.000000,25.510000,23.950001,25.459999,25.459999,5166000
2019-09-12,26.000000,26.000000,23.636999,24.670000,24.670000,2411200
2019-09-13,24.670000,24.670000,24.670000,24.670000,24.670000,311600
2019-09-16,26.680000,26.809999,22.930000,23.219999,23.219999,6648400
2019-09-17,22.950001,23.209999,22.020000,22.379999,22.379999,1726400
2019-09-18,22.670000,22.940001,22.330000,22.770000,22.770000,1094200
2019-09-19,22.750000,23.299999,22.381001,22.500000,22.500000,850100
2019-09-20,22.799999,23.219999,22.450001,22.660000,22.660000,1988500
2019-09-23,22.700001,23.040001,22.490000,22.785000,22.785000,719100
2019-09-24,22.790001,22.799999,21.230000,21.740000,21.740000,1018900
2019-09-25,21.650000,22.080999,21.280001,21.629999,21.629999,517400
2019-09-26,21.549999,21.809999,20.879999,21.070000,21.070000,600000
2019-09-27,20.950001,21.309999,20.700001,20.870001,20.870001,578700
2019-09-30,21.049999,21.240000,20.690001,20.940001,20.940001,735100
2019-10-01,20.740000,21.160000,20.420000,20.469999,20.469999,578900
2019-10-02,22.000000,23.629999,21.450001,22.920000,22.920000,4470600
2019-10-03,22.840000,23.610001,22.250000,23.530001,23.530001,1504700
2019-10-04,23.610001,24.170000,22.049999,22.430000,22.430000,2055100
2019-10-07,22.230000,23.520000,22.169001,23.340000,23.340000,1135700
2019-10-08,23.180000,23.719999,22.825001,23.309999,23.309999,902000
2019-10-09,23.459999,23.610001,22.920000,23.430000,23.430000,873500
2019-10-10,23.260000,24.290001,23.260000,24.230000,24.230000,723400
2019-10-11,24.480000,24.770000,24.270000,24.549999,24.549999,671600
2019-10-14,24.549999,25.030001,24.000000,24.209999,24.209999,787100
2019-10-15,24.170000,25.059999,24.170000,24.995001,24.995001,887300
2019-10-16,24.969999,25.549999,24.879999,25.450001,25.450001,918000
2019-10-17,25.549999,25.920000,25.250000,25.290001,25.290001,634200
2019-10-18,25.209999,25.250000,24.809999,25.150000,25.150000,443000
2019-10-21,25.209999,25.820000,25.209999,25.780001,25.780001,535700
2019-10-22,26.000000,26.277000,25.260000,25.440001,25.440001,675000
2019-10-23,25.309999,26.190001,25.200001,25.790001,25.790001,355900
2019-10-24,25.930000,26.639999,25.709999,26.469999,26.469999,1485400
2019-10-25,26.799999,28.299999,26.500000,28.059999,28.059999,1621300
2019-10-28,28.000000,28.700001,27.500000,28.490000,28.490000,1024200
2019-10-29,28.459999,28.670000,27.480000,27.620001,27.620001,831000
2019-10-30,27.520000,27.820000,27.065001,27.490000,27.490000,548600
2019-10-31,27.280001,27.864000,26.830000,27.820000,27.820000,513700
2019-11-01,28.049999,28.940001,27.600000,28.910000,28.910000,674200
2019-11-04,29.200001,29.250000,28.629999,29.110001,29.110001,541600
2019-11-05,29.139999,29.620001,28.879999,29.010000,29.010000,595000
2019-11-06,29.080000,29.370001,28.459999,28.590000,28.590000,492500
2019-11-07,28.129999,29.379999,25.770000,28.370001,28.370001,903900
2019-11-08,28.500000,29.680000,28.340000,29.480000,29.480000,626600
2019-11-11,28.980000,29.500000,28.518000,28.820000,28.820000,497100
2019-11-12,28.730000,29.280001,28.170000,28.320000,28.320000,456700
2019-11-13,28.240000,28.240000,27.200001,27.570000,27.570000,846700
2019-11-14,27.420000,27.680000,26.639999,26.830000,26.830000,602500
2019-11-15,27.090000,27.090000,26.459999,26.670000,26.670000,568800
2019-11-18,27.059999,27.230000,26.379999,26.950001,26.950001,557500
2019-11-19,27.070000,27.700001,27.000000,27.400000,27.400000,876900
2019-11-20,27.230000,27.250000,25.650000,25.770000,25.770000,1675600
2019-11-21,25.809999,26.620001,25.260000,26.480000,26.480000,1066900
2019-11-22,26.740000,27.545000,26.350000,27.510000,27.510000,501600
2019-11-25,27.750000,28.049999,26.980000,27.809999,27.809999,801900
2019-11-26,27.750000,28.000000,27.260000,27.370001,27.370001,389200
2019-11-27,27.420000,28.219999,27.379999,27.990000,27.990000,586100
2019-11-29,27.980000,28.139999,27.825001,27.920000,27.920000,286200
2019-12-02,28.010000,28.100000,27.350000,27.889999,27.889999,796500
2019-12-03,27.690001,28.709999,27.638000,28.590000,28.590000,586100
2019-12-04,28.770000,29.500000,28.605000,29.400000,29.400000,699500
2019-12-05,29.480000,29.629999,28.920000,29.129999,29.129999,426800
2019-12-06,29.290001,29.700001,29.020000,29.650000,29.650000,458100
2019-12-09,30.600000,30.600000,29.580000,30.090000,30.090000,835800
2019-12-10,29.980000,31.900000,29.910000,31.879999,31.879999,1081100
2019-12-11,31.870001,32.220001,30.610001,30.790001,30.790001,1008900
2019-12-12,30.870001,31.969999,30.870001,31.590000,31.590000,632100
2019-12-13,30.590000,31.500000,30.260000,31.299999,31.299999,865400
2019-12-16,31.500000,32.089001,31.400000,31.610001,31.610001,843400
2019-12-17,31.889999,31.889999,31.350000,31.680000,31.680000,741400
2019-12-18,31.959999,32.130001,31.330000,31.610001,31.610001,482700
2019-12-19,31.920000,31.980000,31.330000,31.600000,31.600000,589500
2019-12-20,31.600000,31.750000,30.719999,31.549999,31.549999,1630400
2019-12-23,31.600000,32.320000,31.139999,32.084999,32.084999,715100
2019-12-24,32.349998,32.700001,31.990000,32.639999,32.639999,386100
2019-12-26,33.310001,33.939999,32.439999,33.205002,33.205002,909700
2019-12-27,33.599998,33.889999,32.500000,32.680000,32.680000,858300
2019-12-30,32.840000,33.669998,32.400002,33.529999,33.529999,1213500
2019-12-31,33.590000,33.799999,32.799999,33.470001,33.470001,928200
2020-01-02,33.880001,35.422001,33.529999,35.009998,35.009998,1226300
2020-01-03,34.750000,35.470001,34.500000,35.090000,35.090000,1040700
2020-01-06,34.880001,35.480000,34.060001,34.680000,34.680000,1278500
2020-01-07,34.990002,35.259998,34.150002,34.299999,34.299999,755900
2020-01-08,34.220001,34.709999,34.189999,34.279999,34.279999,703700
2020-01-09,34.410000,34.430000,31.340000,31.400000,31.400000,1883600
2020-01-10,32.389999,32.500000,31.110001,31.250000,31.250000,1283700
2020-01-13,31.600000,31.730000,30.020000,31.000000,31.000000,1390300
2020-01-14,30.959999,35.075001,30.732000,35.000000,35.000000,1584600
2020-01-15,35.000000,36.740002,35.000000,35.369999,35.369999,1650600
2020-01-16,35.790001,37.000000,35.470001,36.560001,36.560001,1145900
2020-01-17,36.799999,36.804001,33.674999,34.919998,34.919998,1791700
2020-01-21,35.040001,35.110001,32.880001,33.080002,33.080002,1384600
2020-01-22,33.290001,34.889999,33.080002,33.224998,33.224998,1108500
2020-01-23,33.680000,33.680000,32.230000,33.000000,33.000000,785200
2020-01-24,33.200001,34.290001,31.850000,32.619999,32.619999,1244200
2020-01-27,31.610001,32.490002,31.510000,32.060001,32.060001,806800
2020-01-28,32.060001,33.900002,32.060001,32.820000,32.820000,945900
2020-01-29,33.060001,33.349998,31.910000,32.380001,32.380001,695500
2020-01-30,32.139999,32.740002,31.389999,31.980000,31.980000,687600
2020-01-31,31.799999,31.980000,30.139999,31.049999,31.049999,2384300
2020-02-03,36.299999,36.389999,31.910000,33.009998,33.009998,10384500
2020-02-04,32.790001,32.939999,28.863001,29.370001,29.370001,6250300
2020-02-05,31.320000,32.699001,29.879999,30.280001,30.280001,4443100
2020-02-06,30.690001,30.719999,28.709999,29.469999,29.469999,3205600
2020-02-07,29.290001,29.410000,27.469999,28.110001,28.110001,2143900
2020-02-10,28.000000,29.290001,27.549999,28.790001,28.790001,1530900
2020-02-11,28.900000,29.820000,28.500000,29.500000,29.500000,1311500
2020-02-12,29.660000,29.930000,28.620001,29.170000,29.170000,876400
2020-02-13,28.760000,28.980000,28.190001,28.299999,28.299999,1100400
2020-02-14,28.299999,28.388000,27.549999,27.969999,27.969999,1041100
2020-02-18,28.010000,28.420000,27.120001,28.049999,28.049999,1185500
2020-02-19,28.100000,28.240000,27.020000,27.299999,27.299999,1462000
2020-02-20,27.040001,27.915001,26.410000,27.400000,27.400000,1284300
2020-02-21,27.240000,27.372999,26.160000,26.260000,26.260000,1193300
2020-02-24,24.350000,26.520000,24.010000,26.020000,26.020000,1855700
2020-02-25,26.030001,26.209999,25.190001,25.650000,25.650000,1270500
2020-02-26,25.620001,26.610001,25.299999,26.420000,26.420000,1274400
2020-02-27,25.889999,25.889999,24.340000,24.430000,24.430000,2120600
2020-02-28,23.180000,24.000000,21.000000,23.809999,23.809999,2246400
2020-03-02,23.700001,24.379999,22.990000,23.830000,23.830000,1687800
2020-03-03,23.430000,23.980000,22.750000,22.920000,22.920000,1253100
2020-03-04,23.250000,23.450001,22.125000,23.240000,23.240000,1075500
2020-03-05,22.719999,23.150000,22.065001,22.360001,22.360001,1254200
2020-03-06,21.770000,22.129999,20.270000,20.610001,20.610001,1593600
2020-03-09,19.000000,20.000000,18.600000,18.600000,18.600000,1652100
2020-03-10,19.120001,19.629999,17.799999,19.370001,19.370001,1140400
2020-03-11,19.059999,19.540001,17.520000,17.570000,17.570000,1333600
2020-03-12,15.680000,16.150000,14.550000,14.560000,14.560000,1996900
2020-03-13,15.450000,15.450000,13.230000,14.980000,14.980000,1932100
2020-03-16,13.590000,14.110000,11.300000,11.480000,11.480000,2200500
2020-03-17,13.500000,13.520000,10.090000,11.510000,11.510000,5347900
2020-03-18,10.790000,12.567000,10.660000,12.000000,12.000000,3316000
2020-03-19,11.880000,12.460000,10.930000,12.180000,12.180000,2441300
2020-03-20,12.820000,13.150000,11.500000,11.510000,11.510000,3168100
2020-03-23,11.600000,12.620000,11.020000,12.530000,12.530000,2565400
2020-03-24,13.140000,13.970000,12.930000,13.830000,13.830000,1881300
2020-03-25,14.050000,14.490000,13.330000,13.850000,13.850000,1849100
2020-03-26,13.940000,14.980000,13.630000,14.440000,14.440000,1509100
2020-03-27,13.900000,14.540000,13.420000,13.980000,13.980000,1006800
2020-03-30,14.000000,14.590000,13.420000,14.550000,14.550000,1471100
2020-03-31,14.590000,15.300000,14.020000,14.420000,14.420000,1448200
2020-04-01,13.950000,14.550000,13.470000,13.610000,13.610000,1451700
2020-04-02,13.500000,13.950000,13.300000,13.940000,13.940000,986600
2020-04-03,13.740000,14.287000,13.120000,13.360000,13.360000,1635400
2020-04-06,13.960000,14.890000,13.725000,14.080000,14.080000,1061600
2020-04-07,14.500000,15.500000,14.360000,14.810000,14.810000,1751500
2020-04-08,15.070000,16.420000,14.870000,15.860000,15.860000,1452600
2020-04-09,16.320000,16.840000,15.610000,16.020000,16.020000,1482000
2020-04-13,16.000000,16.260000,15.270000,16.040001,16.040001,824300
2020-04-14,16.290001,16.789000,15.760000,15.900000,15.900000,1123600
2020-04-15,15.510000,15.900000,14.950000,15.610000,15.610000,1104100
2020-04-16,15.620000,15.680000,14.650000,15.240000,15.240000,945700
2020-04-17,15.830000,16.250000,15.390000,16.240000,16.240000,1052100
2020-04-20,16.000000,18.299999,15.810000,16.870001,16.870001,2223300
2020-04-21,16.400000,17.049999,16.080000,16.110001,16.110001,1074900
2020-04-22,16.490000,17.350000,16.250000,17.070000,17.070000,924500
2020-04-23,17.280001,17.709999,16.740000,16.830000,16.830000,935500
2020-04-24,16.780001,17.750000,16.490000,17.639999,17.639999,563600
2020-04-27,18.370001,19.090000,18.070000,18.420000,18.420000,909700
2020-04-28,19.040001,19.309999,17.530001,17.570000,17.570000,829900
2020-04-29,17.650000,18.350000,17.360001,18.180000,18.180000,2163300
2020-04-30,18.090000,18.132000,17.025000,17.120001,17.120001,1004800
2020-05-01,16.940001,17.160000,15.930000,16.410000,16.410000,950400
2020-05-04,16.389999,16.920000,16.000000,16.540001,16.540001,975000
2020-05-05,16.730000,17.100000,16.344000,16.709999,16.709999,1244800
2020-05-06,17.110001,17.950001,17.000000,17.299999,17.299999,745200
2020-05-07,17.690001,17.834999,17.110001,17.350000,17.350000,637000