Date,Open,High,Low,Close,Adj Close,Volume
2014-11-17,65.010002,73.260002,64.110001,70.760002,70.760002,58500
2014-11-18,72.680000,99.000000,72.449997,95.699997,95.699997,143200
2014-11-19,94.010002,111.870003,92.570000,98.000000,98.000000,182000
2014-11-20,97.820000,98.540001,88.000000,96.050003,96.050003,126300
2014-11-21,93.550003,106.690002,92.848999,104.519997,104.519997,44100
2014-11-24,108.290001,131.009995,108.290001,127.000000,127.000000,127300
2014-11-25,125.050003,127.999001,116.000000,117.099998,117.099998,80400
2014-11-26,121.879997,126.000000,115.480003,119.000000,119.000000,22000
2014-11-28,124.500000,124.500000,118.750000,118.750000,118.750000,2100
2014-12-01,112.250000,116.000000,112.000000,113.059998,113.059998,22800
2014-12-02,112.300003,114.000000,108.010002,111.660004,111.660004,32500
2014-12-03,109.559998,110.000000,104.000000,104.000000,104.000000,22700
2014-12-04,107.379997,107.379997,95.459999,97.970001,97.970001,35900
2014-12-05,95.349998,95.949997,86.010002,92.750000,92.750000,28400
2014-12-08,93.599998,93.599998,87.480003,88.220001,88.220001,11100
2014-12-09,88.949997,90.580002,87.739998,89.930000,89.930000,17100
2014-12-10,88.949997,89.879997,87.260002,87.349998,87.349998,19200
2014-12-11,90.000000,90.000000,85.970001,85.970001,85.970001,9000
2014-12-12,85.459999,91.000000,85.000000,87.500000,87.500000,15000
2014-12-15,86.650002,89.250000,83.919998,83.919998,83.919998,16100
2014-12-16,84.029999,89.739998,84.029999,87.099998,87.099998,4300
2014-12-17,84.790001,89.989998,84.769997,89.199997,89.199997,9900
2014-12-18,88.089996,89.190002,86.730003,87.000000,87.000000,5200
2014-12-19,89.500000,92.849998,89.500000,90.290001,90.290001,41800
2014-12-22,92.949997,94.269997,90.750000,90.750000,90.750000,17800
2014-12-23,92.980003,92.980003,86.769997,87.000000,87.000000,8300
2014-12-24,90.000000,90.500000,89.500000,89.500000,89.500000,8800
2014-12-26,89.540001,91.370003,89.150002,91.370003,91.370003,2300
2014-12-29,90.099998,91.989998,90.000000,90.769997,90.769997,3900
2014-12-30,90.779999,93.980003,90.250000,90.250000,90.250000,8100
2014-12-31,89.449997,95.470001,89.449997,94.000000,94.000000,9300
2015-01-02,94.000000,95.750000,93.940002,95.750000,95.750000,2000
2015-01-05,94.000000,97.000000,94.000000,94.500000,94.500000,8200
2015-01-06,94.360001,96.330002,94.000000,94.000000,94.000000,9900
2015-01-07,94.000000,97.000000,93.000000,96.699997,96.699997,8300
2015-01-08,97.000000,102.000000,97.000000,98.000000,98.000000,7800
2015-01-09,99.790001,102.000000,99.010002,102.000000,102.000000,2900
2015-01-12,102.190002,104.029999,102.190002,103.199997,103.199997,6000
2015-01-13,105.000000,105.750000,102.250000,105.459999,105.459999,10400
2015-01-14,105.120003,105.500000,101.290001,104.900002,104.900002,5600
2015-01-15,103.050003,105.500000,103.000000,103.000000,103.000000,6500
2015-01-16,103.050003,104.500000,102.610001,104.500000,104.500000,4100
2015-01-20,102.550003,105.250000,102.550003,105.250000,105.250000,5300
2015-01-21,104.029999,106.989998,104.000000,106.250000,106.250000,4100
2015-01-22,106.859001,109.300003,106.000000,108.000000,108.000000,7500
2015-01-23,108.000000,114.000000,108.000000,112.750000,112.750000,6900
2015-01-26,112.440002,116.970001,110.000000,114.000000,114.000000,2900
2015-01-27,112.500000,113.125000,110.000000,110.000000,110.000000,3100
2015-01-28,112.000000,114.000000,110.099998,110.150002,110.150002,4900
2015-01-29,110.029999,120.000000,110.029999,118.980003,118.980003,4000
2015-01-30,125.000000,147.350006,125.000000,145.000000,145.000000,7700
2015-02-02,144.699997,155.000000,139.289993,155.000000,155.000000,11400
2015-02-03,157.580002,157.580002,147.000000,150.000000,150.000000,8800
2015-02-04,149.000000,149.699997,147.500000,149.699997,149.699997,3200
2015-02-05,147.500000,156.250000,147.500000,156.250000,156.250000,5700
2015-02-06,150.000000,153.000000,147.500000,147.500000,147.500000,3800
2015-02-09,146.830002,150.250000,145.059998,148.449997,148.449997,1700
2015-02-10,146.130005,149.100006,145.009995,148.949997,148.949997,3300
2015-02-11,147.929993,148.149994,140.080002,140.080002,140.080002,4500
2015-02-12,139.050003,143.250000,139.000000,143.250000,143.250000,3400
2015-02-13,142.050003,143.000000,140.000000,140.000000,140.000000,1500
2015-02-17,140.050003,140.500000,135.720001,138.750000,138.750000,4500
2015-02-18,138.050003,142.000000,134.550003,141.990005,141.990005,3100
2015-02-19,140.000000,144.210007,139.789993,144.199997,144.199997,4800
2015-02-20,140.000000,147.190002,140.000000,145.070007,145.070007,6300
2015-02-23,143.039993,145.000000,142.000000,142.000000,142.000000,2200
2015-02-24,140.000000,141.509995,136.279999,141.509995,141.509995,4600
2015-02-25,141.000000,142.529999,140.949997,142.500000,142.500000,1500
2015-02-26,141.490005,145.000000,141.490005,145.000000,145.000000,2900
2015-02-27,145.000000,145.000000,138.009995,138.009995,138.009995,8200
2015-03-02,137.949997,138.009995,132.199997,132.199997,132.199997,4100
2015-03-03,130.000000,132.000000,130.000000,130.350006,130.350006,3300
2015-03-04,128.000000,129.000000,125.279999,125.279999,125.279999,6100
2015-03-05,124.070000,124.930000,121.000000,121.800003,121.800003,8200
2015-03-06,117.400002,119.000000,109.949997,110.000000,110.000000,10400
2015-03-09,112.000000,116.019997,110.000000,114.050003,114.050003,4800
2015-03-10,113.089996,113.330002,110.500000,110.699997,110.699997,4200
2015-03-11,114.510002,117.800003,112.129997,113.000000,113.000000,1500
2015-03-12,111.620003,117.239998,111.620003,117.199997,117.199997,1100
2015-03-13,120.000000,120.000000,116.000000,116.000000,116.000000,1300
2015-03-16,117.870003,120.000000,117.000000,120.000000,120.000000,4400
2015-03-17,119.643997,122.690002,119.550003,122.500000,122.500000,5300
2015-03-18,122.839996,125.000000,121.730003,121.730003,121.730003,2000
2015-03-19,120.070000,123.989998,120.070000,123.989998,123.989998,1500
2015-03-20,123.989998,128.080002,118.000000,128.000000,128.000000,3800
2015-03-23,122.500000,122.800003,120.120003,120.750000,120.750000,2200
2015-03-24,120.750000,120.750000,120.750000,120.750000,120.750000,0
2015-03-25,120.000000,120.000000,118.000000,118.000000,118.000000,700
2015-03-26,120.000000,122.430000,118.000000,122.430000,122.430000,1200
2015-03-27,122.510002,122.510002,122.510002,122.510002,122.510002,900
2015-03-30,123.000000,123.000000,123.000000,123.000000,123.000000,1400
2015-03-31,123.099998,123.099998,118.510002,118.760002,118.760002,3000
2015-04-01,113.199997,116.250000,113.190002,115.910004,115.910004,3900
2015-04-02,116.000000,116.419998,110.120003,112.000000,112.000000,6100
2015-04-06,109.980003,115.750000,104.900002,115.750000,115.750000,2700
2015-04-07,114.000000,114.000000,111.019997,111.099998,111.099998,2900
2015-04-08,107.610001,107.610001,107.000000,107.010002,107.010002,2500
2015-04-09,107.010002,107.010002,105.000000,106.010002,106.010002,2800
2015-04-10,106.000000,106.000000,104.000000,104.769997,104.769997,4300
2015-04-13,106.197998,106.197998,106.197998,106.197998,106.197998,500
2015-04-14,104.239998,104.239998,100.300003,100.300003,100.300003,4500
2015-04-15,101.019997,101.220001,99.000000,100.000000,100.000000,5200
2015-04-16,100.000000,101.410004,98.000000,98.449997,98.449997,3000
2015-04-17,97.000000,97.800003,97.000000,97.800003,97.800003,1000
2015-04-20,100.000000,103.800003,100.000000,103.800003,103.800003,2300
2015-04-21,103.980003,107.250000,103.980003,107.199997,107.199997,1500
2015-04-22,104.250000,104.250000,101.000000,101.059998,101.059998,15500
2015-04-23,101.550003,103.199997,97.760002,102.220001,102.220001,4200
2015-04-24,102.220001,102.220001,102.220001,102.220001,102.220001,0
2015-04-27,100.050003,100.050003,98.500000,100.000000,100.000000,3600
2015-04-28,96.000000,99.480003,96.000000,98.099998,98.099998,2200
2015-04-29,100.000000,100.599998,99.500000,100.500000,100.500000,3400
2015-04-30,100.519997,100.519997,95.000000,99.750000,99.750000,7800
2015-05-01,99.309998,101.989998,98.000000,98.000000,98.000000,5700
2015-05-04,99.570000,99.570000,97.919998,99.000000,99.000000,6400
2015-05-05,99.000000,99.000000,93.730003,96.000000,96.000000,7200
2015-05-06,95.379997,95.379997,93.000000,93.000000,93.000000,1700
2015-05-07,94.959999,95.599998,94.959999,95.599998,95.599998,1100
2015-05-08,95.989998,99.970001,95.989998,99.970001,99.970001,5000
2015-05-11,97.279999,97.279999,97.279999,97.279999,97.279999,2000
2015-05-12,96.050003,96.050003,94.949997,96.000000,96.000000,1500
2015-05-13,94.000000,94.000000,91.080002,93.919998,93.919998,1600
2015-05-14,93.190002,93.190002,93.139999,93.139999,93.139999,1700
2015-05-15,94.000000,94.190002,90.000000,90.000000,90.000000,4400
2015-05-18,91.000000,91.000000,90.169998,90.169998,90.169998,1400
2015-05-19,90.220001,95.000000,90.220001,91.650002,91.650002,6400
2015-05-20,93.000000,98.000000,91.250000,95.500000,95.500000,6300
2015-05-21,94.589996,97.500000,94.589996,97.000000,97.000000,2000
2015-05-22,95.839996,102.000000,95.839996,99.830002,99.830002,2500
2015-05-26,95.099998,97.000000,95.080002,95.550003,95.550003,2700
2015-05-27,96.222000,98.500000,96.222000,97.680000,97.680000,3900
2015-05-28,97.849998,98.790001,95.370003,98.790001,98.790001,2400
2015-05-29,99.190002,99.489998,96.500000,96.500000,96.500000,2100
2015-06-01,97.010002,99.189003,93.291000,95.750000,95.750000,7700
2015-06-02,95.879997,100.849998,95.879997,98.250000,98.250000,4100
2015-06-03,101.489998,105.330002,101.489998,102.339996,102.339996,4100
2015-06-04,102.120003,106.000000,102.120003,104.800003,104.800003,9700
2015-06-05,102.650002,104.650002,98.769997,98.809998,98.809998,4300
2015-06-08,95.139999,95.510002,92.330002,93.180000,93.180000,3100
2015-06-09,95.059998,97.839996,93.000000,93.000000,93.000000,1500
2015-06-10,92.040001,92.949997,92.000000,92.949997,92.949997,2400
2015-06-11,92.010002,94.989998,92.010002,93.449997,93.449997,1700
2015-06-12,91.459999,92.029999,91.400002,91.910004,91.910004,1400
2015-06-15,93.889999,93.889999,83.870003,87.199997,87.199997,13100
2015-06-16,86.050003,88.440002,84.500000,86.000000,86.000000,5800
2015-06-17,84.750000,89.720001,84.750000,86.449997,86.449997,2900
2015-06-18,87.529999,88.989998,85.150002,88.000000,88.000000,2500
2015-06-19,85.440002,91.900002,85.440002,91.900002,91.900002,7100
2015-06-22,91.480003,91.669998,89.500000,91.669998,91.669998,2600
2015-06-23,90.862000,92.489998,89.519997,92.099998,92.099998,1400
2015-06-24,91.680000,92.010002,91.680000,92.010002,92.010002,1400
2015-06-25,93.750000,93.980003,92.239998,93.980003,93.980003,4100
2015-06-26,90.110001,92.500000,89.279999,89.279999,89.279999,15100
2015-06-29,90.500000,91.769997,88.639999,88.699997,88.699997,7000
2015-06-30,88.139999,88.139999,84.930000,87.269997,87.269997,6800
2015-07-01,87.029999,87.269997,87.029999,87.269997,87.269997,1000
2015-07-02,88.000000,88.000000,87.000000,87.000000,87.000000,1400
2015-07-06,88.820000,88.830002,85.290001,86.010002,86.010002,2900
2015-07-07,85.199997,86.070000,85.199997,85.199997,85.199997,2400
2015-07-08,87.000000,87.000000,86.889999,86.889999,86.889999,700
2015-07-09,87.750000,87.750000,85.589996,85.790001,85.790001,4500
2015-07-10,86.400002,86.400002,86.400002,86.400002,86.400002,700
2015-07-13,85.349998,86.202003,85.329002,86.000000,86.000000,1500
2015-07-14,86.000000,87.000000,86.000000,86.099998,86.099998,3000
2015-07-15,86.050003,86.050003,86.050003,86.050003,86.050003,700
2015-07-16,85.739998,85.739998,85.739998,85.739998,85.739998,700
2015-07-17,83.500000,85.250000,83.230003,83.980003,83.980003,4700
2015-07-20,82.000000,82.000000,82.000000,82.000000,82.000000,700
2015-07-21,82.440002,82.440002,81.000000,81.800003,81.800003,1300
2015-07-22,79.199997,81.989998,79.179001,81.989998,81.989998,1500
2015-07-23,79.279999,79.279999,79.279999,79.279999,79.279999,500
2015-07-24,78.000000,78.150002,68.889999,68.889999,68.889999,9600
2015-07-27,71.800003,71.800003,65.314003,67.809998,67.809998,6300
2015-07-28,65.500000,65.500000,60.021000,62.709999,62.709999,11500
2015-07-29,61.040001,61.717999,59.520000,59.980000,59.980000,20900
2015-07-30,60.000000,61.020000,58.279999,59.990002,59.990002,10800
2015-07-31,60.000000,62.369999,59.507000,59.630001,59.630001,3000
2015-08-03,60.000000,60.000000,58.000000,58.000000,58.000000,9000
2015-08-04,56.459999,58.279999,56.459999,56.509998,56.509998,8900
2015-08-05,59.119999,59.119999,52.000000,53.220001,53.220001,9900
2015-08-06,52.730000,56.320000,50.000000,53.750000,53.750000,18900
2015-08-07,55.000000,67.220001,55.000000,65.000000,65.000000,7800
2015-08-10,65.000000,65.099998,63.380001,65.099998,65.099998,6000
2015-08-11,66.339996,67.019997,64.959999,66.940002,66.940002,17400
2015-08-12,67.250000,72.580002,67.250000,72.580002,72.580002,16900
2015-08-13,73.366997,73.366997,70.800003,70.800003,70.800003,1300
2015-08-14,73.750000,73.750000,73.750000,73.750000,73.750000,300
2015-08-17,73.750000,77.699997,73.250000,76.750000,76.750000,7000
2015-08-18,76.220001,76.300003,76.220001,76.250000,76.250000,800
2015-08-19,77.900002,78.000000,75.000000,75.809998,75.809998,4200
2015-08-20,76.059998,76.059998,74.000000,74.250000,74.250000,9900
2015-08-21,72.349998,73.000000,69.000999,71.120003,71.120003,2900
2015-08-24,69.779999,72.230003,67.300003,67.300003,67.300003,5400
2015-08-25,64.750000,68.650002,64.750000,67.650002,67.650002,3200
2015-08-26,66.110001,70.220001,66.000000,69.000000,69.000000,3300
2015-08-27,70.199997,72.250000,67.608002,72.250000,72.250000,3300
2015-08-28,72.489998,73.970001,71.849998,71.849998,71.849998,5400
2015-08-31,73.139999,73.500000,73.139999,73.250000,73.250000,2200
2015-09-01,72.400002,74.589996,71.750000,73.540001,73.540001,2000
2015-09-02,73.269997,73.269997,73.269997,73.269997,73.269997,1000
2015-09-03,72.000000,73.500000,71.760002,73.489998,73.489998,4400
2015-09-04,73.500000,73.750000,72.500000,73.750000,73.750000,1800
2015-09-08,73.250000,73.500000,73.250000,73.500000,73.500000,2500
2015-09-09,72.040001,74.449997,72.040001,74.430000,74.430000,1500
2015-09-10,73.500000,73.500000,69.669998,71.760002,71.760002,1700
2015-09-11,71.500000,73.349998,70.650002,70.650002,70.650002,1700
2015-09-14,68.599998,69.199997,68.300003,68.500000,68.500000,1400
2015-09-15,67.360001,67.360001,67.360001,67.360001,67.360001,400
2015-09-16,64.330002,66.250000,64.320000,66.250000,66.250000,2600
2015-09-17,65.000000,65.000000,64.000000,64.949997,64.949997,3600
2015-09-18,68.500000,77.360001,68.500000,72.000000,72.000000,16100
2015-09-21,71.000000,72.000000,68.809998,68.809998,68.809998,1600
2015-09-22,70.250000,70.250000,65.000000,65.000000,65.000000,2500
2015-09-23,62.000000,63.369999,60.110001,62.750000,62.750000,8900
2015-09-24,62.490002,63.750000,59.990002,63.740002,63.740002,4200
2015-09-25,65.000000,65.000000,62.400002,63.000000,63.000000,3100
2015-09-28,62.759998,62.770000,62.500000,62.509998,62.509998,6600
2015-09-29,59.580002,62.919998,59.029999,62.880001,62.880001,1800
2015-09-30,62.400002,63.500000,62.400002,63.450001,63.450001,20200
2015-10-01,62.500000,62.500000,62.500000,62.500000,62.500000,300
2015-10-02,62.480000,62.480000,62.480000,62.480000,62.480000,300
2015-10-05,61.500000,65.000000,61.500000,64.989998,64.989998,3100
2015-10-06,64.500000,64.750000,63.259998,63.750000,63.750000,5400
2015-10-07,65.500000,66.000000,65.300003,65.849998,65.849998,5100
2015-10-08,67.870003,68.620003,65.970001,65.970001,65.970001,3800
2015-10-09,66.099998,66.970001,66.099998,66.970001,66.970001,1300
2015-10-12,66.250000,67.449997,66.250000,67.449997,67.449997,600
2015-10-13,66.050003,66.050003,66.050003,66.050003,66.050003,600
2015-10-14,64.849998,65.250000,62.910000,64.019997,64.019997,5800
2015-10-15,63.500000,66.250000,63.500000,66.250000,66.250000,1000
2015-10-16,66.750000,66.750000,66.750000,66.750000,66.750000,300
2015-10-19,66.860001,67.000000,66.860001,67.000000,67.000000,1200
2015-10-20,64.019997,69.000000,64.019997,67.029999,67.029999,6000
2015-10-21,66.879997,66.879997,65.001999,65.260002,65.260002,1500
2015-10-22,63.000000,64.389999,63.000000,64.389999,64.389999,900
2015-10-23,65.000000,66.639999,65.000000,66.639999,66.639999,1600
2015-10-26,68.720001,68.720001,66.716003,66.716003,66.716003,900
2015-10-27,66.050003,66.050003,65.000000,65.000000,65.000000,19000
2015-10-28,66.000000,67.000000,64.989998,66.709999,66.709999,4300
2015-10-29,64.610001,65.370003,64.610001,65.370003,65.370003,600
2015-10-30,65.250000,65.250000,63.020000,64.250000,64.250000,3300
2015-11-02,63.150002,64.239998,63.150002,63.990002,63.990002,5800
2015-11-03,64.400002,64.989998,63.020000,63.020000,63.020000,2000
2015-11-04,64.000000,64.439003,63.009998,64.000000,64.000000,4000
2015-11-05,64.500000,64.500000,64.500000,64.500000,64.500000,1000
2015-11-06,64.010002,65.500000,64.000000,65.500000,65.500000,1500
2015-11-09,65.500000,65.500000,64.540001,64.599998,64.599998,3000
2015-11-10,65.510002,65.510002,65.510002,65.510002,65.510002,200
2015-11-11,65.519997,65.519997,65.519997,65.519997,65.519997,200
2015-11-12,64.510002,65.489998,64.500000,65.250000,65.250000,1200
2015-11-13,65.209999,65.209999,64.500000,64.750000,64.750000,1500
2015-11-16,67.080002,70.050003,67.080002,68.349998,68.349998,8900
2015-11-17,68.000000,69.000000,68.000000,69.000000,69.000000,800
2015-11-18,66.010002,66.010002,65.000000,66.000000,66.000000,1000
2015-11-19,65.650002,65.650002,65.650002,65.650002,65.650002,400
2015-11-20,66.500000,67.250000,65.540001,67.250000,67.250000,400
2015-11-23,67.000000,67.000000,65.000000,65.000000,65.000000,600
2015-11-24,63.090000,63.110001,62.549999,62.950001,62.950001,1700
2015-11-25,62.000000,63.270000,60.000000,63.270000,63.270000,4000
2015-11-27,63.270000,63.270000,63.270000,63.270000,63.270000,0
2015-11-30,65.500000,65.500000,61.500000,61.830002,61.830002,5200
2015-12-01,62.000000,62.240002,62.000000,62.150002,62.150002,800
2015-12-02,61.785999,61.785999,61.000000,61.650002,61.650002,1500
2015-12-03,61.009998,61.009998,61.009998,61.009998,61.009998,400
2015-12-04,61.009998,61.009998,60.500000,60.980000,60.980000,4500
2015-12-07,60.040001,60.500000,57.290001,58.060001,58.060001,3200
2015-12-08,57.970001,57.970001,57.709999,57.709999,57.709999,600
2015-12-09,57.626999,58.639999,56.630001,57.709999,57.709999,900
2015-12-10,57.000000,57.250000,56.209999,56.360001,56.360001,7100
2015-12-11,55.209999,55.500000,54.500000,55.180000,55.180000,7200
2015-12-14,53.650002,54.000000,53.279999,53.299999,53.299999,4000
2015-12-15,52.750000,53.799999,52.060001,53.799999,53.799999,1600
2015-12-16,54.709999,54.709999,53.049999,54.700001,54.700001,5000
2015-12-17,54.009998,55.490002,54.009998,54.299999,54.299999,3700
2015-12-18,55.250000,56.000000,54.570000,55.160000,55.160000,5400
2015-12-21,55.500000,55.500000,54.250000,54.250000,54.250000,2000
2015-12-22,55.250000,55.250000,54.619999,54.700001,54.700001,900
2015-12-23,54.641998,55.275002,54.641998,55.275002,55.275002,1000
2015-12-24,55.250000,55.250000,54.700001,54.700001,54.700001,700
2015-12-28,54.939999,55.000000,54.500000,55.000000,55.000000,1100
2015-12-29,55.220001,55.220001,54.000000,54.680000,54.680000,2700
2015-12-30,54.040001,54.071999,54.000000,54.009998,54.009998,1100
2015-12-31,54.500000,54.500000,52.099998,53.250000,53.250000,4700
2016-01-04,52.540001,54.619999,52.500000,53.910000,53.910000,2000
2016-01-05,54.000000,54.040001,54.000000,54.000000,54.000000,1300
2016-01-06,54.880001,54.959999,53.080002,54.150002,54.150002,2000
2016-01-07,52.360001,54.959999,52.360001,53.750000,53.750000,1900
2016-01-08,54.000000,54.750000,53.009998,54.250000,54.250000,3200
2016-01-11,54.660000,54.849998,54.209999,54.849998,54.849998,800
2016-01-12,53.759998,54.080002,53.759998,54.080002,54.080002,3600
2016-01-13,54.080002,54.080002,50.779999,50.779999,50.779999,1700
2016-01-14,50.349998,50.349998,50.349998,50.349998,50.349998,500
2016-01-15,49.299999,49.299999,42.000000,42.439999,42.439999,9500
2016-01-19,42.400002,42.400002,41.325001,41.340000,41.340000,7000
2016-01-20,41.000999,41.299999,40.799999,41.250000,41.250000,4700
2016-01-21,40.849998,42.000000,40.849998,41.029999,41.029999,8600
2016-01-22,42.070000,47.150002,42.009998,47.000000,47.000000,8200
2016-01-25,47.660000,49.099998,47.660000,49.000000,49.000000,3600
2016-01-26,49.000000,50.490002,49.000000,50.250000,50.250000,5100
2016-01-27,50.500000,51.150002,50.500000,51.000000,51.000000,3700
2016-01-28,49.240002,50.990002,49.240002,50.369999,50.369999,3400
2016-01-29,51.520000,53.099998,51.250000,53.099998,53.099998,5200
2016-02-01,51.549999,51.549999,50.500000,50.619999,50.619999,1900
2016-02-02,49.840000,49.849998,47.619999,49.330002,49.330002,4200
2016-02-03,48.310001,48.310001,48.000000,48.000000,48.000000,500
2016-02-04,50.169998,50.169998,43.180000,44.709999,44.709999,2600
2016-02-05,43.009998,43.509998,42.060001,42.060001,42.060001,4200
2016-02-08,39.570000,41.750000,39.570000,41.750000,41.750000,1700
2016-02-09,40.650002,41.619999,40.650002,41.619999,41.619999,1600
2016-02-10,39.529999,40.150002,39.259998,40.099998,40.099998,2800
2016-02-11,39.040001,39.040001,38.009998,38.009998,38.009998,600
2016-02-12,38.840000,40.029999,38.500000,39.700001,39.700001,1600
2016-02-16,39.000000,39.130001,37.860001,39.110001,39.110001,4100
2016-02-17,39.040001,40.639999,39.040001,40.599998,40.599998,1200
2016-02-18,39.439999,39.439999,39.000000,39.400002,39.400002,800
2016-02-19,39.750000,39.750000,39.000000,39.650002,39.650002,1100
2016-02-22,40.799999,42.230000,40.650002,41.070000,41.070000,2500
2016-02-23,41.000000,42.250000,39.130001,40.299999,40.299999,11000
2016-02-24,38.799999,39.900002,38.799999,38.950001,38.950001,3300
2016-02-25,37.130001,38.869999,37.130001,38.119999,38.119999,3200
2016-02-26,38.230000,39.375999,36.599998,38.200001,38.200001,17600
2016-02-29,38.310001,40.000000,36.601002,40.000000,40.000000,8400
2016-03-01,40.000000,40.930000,40.000000,40.500000,40.500000,1100
2016-03-02,40.000000,40.900002,40.000000,40.900002,40.900002,700
2016-03-03,39.500000,41.270000,39.500000,40.450001,40.450001,3000
2016-03-04,40.240002,42.150002,40.240002,41.099998,41.099998,15300
2016-03-07,41.000000,43.950001,41.000000,43.950001,43.950001,2000
2016-03-08,43.009998,44.349998,42.000000,44.349998,44.349998,3100
2016-03-09,43.160000,44.310001,42.349998,43.750000,43.750000,3500
2016-03-10,42.860001,43.970001,42.820000,43.970001,43.970001,1100
2016-03-11,43.869999,43.939999,43.000000,43.939999,43.939999,1500
2016-03-14,43.400002,43.450001,43.330002,43.450001,43.450001,600
2016-03-15,43.049999,43.049999,41.830002,41.950001,41.950001,1900
2016-03-16,42.290001,42.349998,40.939999,42.349998,42.349998,7600
2016-03-17,41.349998,43.000000,41.349998,43.000000,43.000000,1200
2016-03-18,43.000000,43.000000,42.200001,42.509998,42.509998,4100
2016-03-21,41.840000,41.840000,40.000000,41.650002,41.650002,4000
2016-03-22,42.700001,43.570000,41.150002,42.930000,42.930000,2500
2016-03-23,41.900002,44.900002,41.714001,44.040001,44.040001,13100
2016-03-24,44.040001,44.040001,44.040001,44.040001,44.040001,0
2016-03-28,42.500000,43.790001,42.500000,43.790001,43.790001,1500
2016-03-29,44.680000,45.090000,43.340000,45.090000,45.090000,41400
2016-03-30,45.099998,45.099998,44.598000,45.080002,45.080002,2500
2016-03-31,45.099998,45.590000,44.180000,45.590000,45.590000,12400
2016-04-01,44.330002,46.000000,44.330002,46.000000,46.000000,10600
2016-04-04,45.990002,46.150002,44.650002,46.150002,46.150002,8800
2016-04-05,45.840000,46.250000,45.750000,45.750000,45.750000,19400
2016-04-06,45.580002,46.299999,45.580002,46.000000,46.000000,2800
2016-04-07,44.200001,46.000000,44.200001,45.310001,45.310001,6500
2016-04-08,45.169998,46.299999,45.169998,45.750000,45.750000,7700
2016-04-11,44.540001,45.900002,44.540001,45.799999,45.799999,2800
2016-04-12,45.349998,46.650002,45.330002,46.650002,46.650002,17000
2016-04-13,46.700001,46.750000,45.000000,46.750000,46.750000,6300
2016-04-14,46.110001,46.750000,46.040001,46.040001,46.040001,2600
2016-04-15,46.389999,46.549999,46.009998,46.400002,46.400002,1500
2016-04-18,45.919998,46.500000,45.610001,46.500000,46.500000,4600
2016-04-19,46.419998,46.450001,46.000000,46.000000,46.000000,3700
2016-04-20,46.360001,46.360001,44.770000,45.750000,45.750000,6300
2016-04-21,46.250000,46.250000,45.650002,45.650002,45.650002,1600
2016-04-22,45.587002,45.810001,45.587002,45.810001,45.810001,900
2016-04-25,45.770000,45.799999,45.400002,45.500000,45.500000,7400
2016-04-26,45.939999,45.939999,45.200001,45.799999,45.799999,11700
2016-04-27,45.200001,45.750000,44.689999,45.730000,45.730000,10000
2016-04-28,45.400002,45.400002,45.400002,45.400002,45.400002,300
2016-04-29,45.660000,45.660000,45.500000,45.500000,45.500000,1800
2016-05-02,45.310001,45.900002,44.880001,45.549999,45.549999,4900
2016-05-03,45.340000,45.689999,44.730000,45.650002,45.650002,14000
2016-05-04,45.650002,45.970001,44.520000,44.610001,44.610001,4500
2016-05-05,45.750000,46.599998,45.009998,45.799999,45.799999,7200
2016-05-06,46.250000,46.250000,39.349998,44.700001,44.700001,17200
2016-05-09,44.000000,44.889999,43.419998,44.779999,44.779999,7000
2016-05-10,45.779999,46.740002,45.000000,46.740002,46.740002,13000
2016-05-11,45.474998,45.474998,44.700001,45.290001,45.290001,3000
2016-05-12,45.480000,45.480000,44.700001,45.450001,45.450001,2800
2016-05-13,44.990002,44.990002,44.990002,44.990002,44.990002,500
2016-05-16,45.209999,45.209999,45.020000,45.090000,45.090000,1400
2016-05-17,44.750000,44.750000,43.770000,44.000000,44.000000,3300
2016-05-18,44.259998,45.320000,44.000000,44.000000,44.000000,2400
2016-05-19,43.724998,44.865002,43.500000,43.720001,43.720001,9800
2016-05-20,44.290001,44.689999,44.290001,44.689999,44.689999,1100
2016-05-23,44.169998,48.000000,44.169998,47.070000,47.070000,23400
2016-05-24,45.250000,47.240002,45.250000,47.240002,47.240002,16000
2016-05-25,47.439999,47.520000,46.099998,46.500000,46.500000,16400
2016-05-26,47.209999,47.209999,46.250000,46.599998,46.599998,15900
2016-05-27,46.560001,47.070000,46.560001,47.040001,47.040001,21700
2016-05-31,47.599998,52.400002,47.331001,52.400002,52.400002,6400
2016-06-01,52.439999,52.439999,52.439999,52.439999,52.439999,600
2016-06-02,50.000000,50.400002,50.000000,50.400002,50.400002,400
2016-06-03,50.209999,51.750000,50.209999,51.750000,51.750000,2000
2016-06-06,51.060001,54.000000,51.060001,53.000000,53.000000,3100
2016-06-07,53.630001,53.630001,51.009998,52.139999,52.139999,3000
2016-06-08,52.549999,64.230003,51.279999,63.610001,63.610001,16000
2016-06-09,61.000000,61.000000,56.750000,57.880001,57.880001,4600
2016-06-10,57.299999,57.680000,57.009998,57.009998,57.009998,2200
2016-06-13,57.200001,57.200001,52.259998,55.299999,55.299999,10600
2016-06-14,55.830002,55.830002,54.000000,54.000000,54.000000,8200
2016-06-15,54.610001,57.700001,53.700001,55.150002,55.150002,6000
2016-06-16,55.520000,56.400002,54.040001,55.250000,55.250000,4500
2016-06-17,55.919998,60.169998,55.919998,60.169998,60.169998,13500
2016-06-20,60.349998,60.689999,56.720001,59.570000,59.570000,4500
2016-06-21,59.360001,61.759998,59.360001,59.770000,59.770000,5800
2016-06-22,59.889999,59.889999,58.000000,59.090000,59.090000,2300
2016-06-23,58.810001,58.810001,56.730000,57.220001,57.220001,6500
2016-06-24,56.349998,58.799999,53.570000,55.529999,55.529999,83000
2016-06-27,55.360001,57.750000,55.360001,57.299999,57.299999,8900
2016-06-28,57.299999,57.299999,51.049999,51.049999,51.049999,7900
2016-06-29,51.549999,51.759998,48.860001,51.200001,51.200001,4400
2016-06-30,51.000000,51.099998,49.209999,50.000000,50.000000,3200
2016-07-01,49.650002,52.000000,49.650002,52.000000,52.000000,10500
2016-07-05,49.590000,50.000000,47.250000,47.250000,47.250000,2300
2016-07-06,47.349998,47.349998,45.529999,46.000000,46.000000,1800
2016-07-07,45.700001,46.000000,45.110001,45.160000,45.160000,1500
2016-07-08,45.000000,45.279999,43.759998,44.110001,44.110001,6700
2016-07-11,45.000000,46.090000,45.000000,45.250000,45.250000,2000
2016-07-12,45.720001,48.000000,43.529999,46.570000,46.570000,4800
2016-07-13,46.959999,47.535000,45.799999,46.709999,46.709999,11600
2016-07-14,46.990002,47.000000,45.810001,46.970001,46.970001,2600
2016-07-15,46.169998,47.060001,46.169998,46.509998,46.509998,1100
2016-07-18,46.000000,47.625000,46.000000,47.509998,47.509998,3000
2016-07-19,47.900002,47.900002,46.400002,46.410000,46.410000,2300
2016-07-20,46.540001,47.000000,46.200001,46.599998,46.599998,11400
2016-07-21,46.349998,47.000000,46.209999,46.209999,46.209999,3900
2016-07-22,46.970001,47.180000,46.674999,46.810001,46.810001,7300
2016-07-25,47.029999,49.279999,47.029999,47.349998,47.349998,9800
2016-07-26,47.730000,48.200001,47.730000,47.830002,47.830002,2800
2016-07-27,48.000000,48.400002,47.639999,47.639999,47.639999,2200
2016-07-28,48.000000,48.500000,48.000000,48.000000,48.000000,2200
2016-07-29,47.790001,47.790001,46.000000,46.000000,46.000000,3900
2016-08-01,46.009998,46.049999,46.009998,46.049999,46.049999,500
2016-08-02,46.049999,46.049999,46.049999,46.049999,46.049999,500
2016-08-03,46.169998,46.740002,46.049999,46.669998,46.669998,1300
2016-08-04,46.779999,49.002998,46.720001,49.000999,49.000999,2000
2016-08-05,46.439999,47.610001,46.439999,47.610001,47.610001,200
2016-08-08,47.240002,47.735001,47.150002,47.150002,47.150002,1800
2016-08-09,47.209999,47.639999,46.349998,46.750000,46.750000,1000
2016-08-10,46.540001,46.919998,46.330002,46.369999,46.369999,800
2016-08-11,46.369999,46.369999,46.369999,46.369999,46.369999,0
2016-08-12,46.310001,47.750000,46.310001,46.330002,46.330002,2000
2016-08-15,46.349998,46.900002,46.349998,46.689999,46.689999,1200
2016-08-16,46.430000,47.330002,46.430000,47.330002,47.330002,6000
2016-08-17,46.790001,46.790001,44.935001,45.689999,45.689999,5900
2016-08-18,45.330002,45.779999,45.330002,45.779999,45.779999,1500
2016-08-19,46.330002,46.360001,46.320000,46.320000,46.320000,600
2016-08-22,46.750000,46.950001,45.695000,45.849998,45.849998,4400
2016-08-23,46.314999,46.314999,45.000000,45.889999,45.889999,12400
2016-08-24,45.000000,45.049999,44.700001,44.700001,44.700001,1400
2016-08-25,44.919998,45.939999,44.919998,45.939999,45.939999,1700
2016-08-26,45.430000,46.820000,45.430000,46.110001,46.110001,1000
2016-08-29,45.540001,46.930000,44.709999,44.709999,44.709999,2200
2016-08-30,45.400002,45.630001,44.830002,45.000000,45.000000,1800
2016-08-31,45.105000,45.105000,45.105000,45.105000,45.105000,600
2016-09-01,45.400002,45.799999,44.599998,45.509998,45.509998,800
2016-09-02,45.779999,47.220001,45.549999,45.840000,45.840000,2400
2016-09-06,46.320000,46.349998,46.099998,46.099998,46.099998,1500
2016-09-07,46.130001,46.500000,46.130001,46.250000,46.250000,1000
2016-09-08,46.599998,47.650002,46.599998,46.599998,46.599998,1200
2016-09-09,46.930000,47.590000,46.599998,46.599998,46.599998,4500
2016-09-12,47.490002,47.490002,47.150002,47.490002,47.490002,1200
2016-09-13,46.610001,47.119999,46.599998,46.599998,46.599998,700
2016-09-14,47.490002,48.139999,47.020000,47.020000,47.020000,2700
2016-09-15,46.630001,46.990002,45.500000,45.500000,45.500000,1600
2016-09-16,45.459999,48.349998,45.459999,48.349998,48.349998,2800
2016-09-19,48.500000,50.750000,47.009998,47.869999,47.869999,6200
2016-09-20,47.830002,48.220001,46.619999,46.619999,46.619999,500
2016-09-21,47.139999,47.384998,45.881001,47.384998,47.384998,600
2016-09-22,46.930000,48.884998,46.740002,47.419998,47.419998,3000
2016-09-23,47.500000,49.450001,47.500000,47.820000,47.820000,3400
2016-09-26,48.700001,49.369999,47.849998,49.369999,49.369999,1300
2016-09-27,49.029999,49.029999,49.029999,49.029999,49.029999,700
2016-09-28,50.000000,50.009998,48.000000,48.099998,48.099998,6900
2016-09-29,47.689999,47.799999,46.452000,47.799999,47.799999,1300
2016-09-30,47.000000,47.650002,47.000000,47.650002,47.650002,2000
2016-10-03,47.200001,47.200001,47.009998,47.009998,47.009998,300
2016-10-04,46.919998,46.919998,46.189999,46.189999,46.189999,400
2016-10-05,46.500000,46.799999,46.340000,46.340000,46.340000,800
2016-10-06,46.340000,46.340000,45.639999,45.639999,45.639999,200
2016-10-07,46.375000,46.375000,46.250000,46.250000,46.250000,900
2016-10-10,46.200001,46.200001,45.459999,45.750000,45.750000,600
2016-10-11,45.169998,45.480000,45.029999,45.480000,45.480000,600
2016-10-12,45.750000,45.750000,45.750000,45.750000,45.750000,100
2016-10-13,45.540001,45.933998,45.540001,45.933998,45.933998,300
2016-10-14,45.439999,47.490002,45.439999,47.490002,47.490002,1200
2016-10-17,46.470001,46.470001,46.470001,46.470001,46.470001,300
2016-10-18,46.430000,46.430000,46.340000,46.340000,46.340000,300
2016-10-19,46.020000,48.270000,46.020000,46.060001,46.060001,8500
2016-10-20,45.759998,46.340000,43.730000,43.730000,43.730000,500
2016-10-21,45.200001,45.200001,44.419998,44.900002,44.900002,1100
2016-10-24,45.459999,45.459999,45.459999,45.459999,45.459999,200
2016-10-25,45.279999,45.750000,45.279999,45.750000,45.750000,500
2016-10-26,44.790001,44.830002,44.790001,44.830002,44.830002,400
2016-10-27,44.830002,44.830002,44.830002,44.830002,44.830002,0
2016-10-28,45.574001,45.574001,45.133999,45.250000,45.250000,6700
2016-10-31,45.490002,45.509998,45.490002,45.509998,45.509998,1600
2016-11-01,45.439999,46.639999,44.939999,44.939999,44.939999,1000
2016-11-02,45.389999,45.389999,44.520000,44.525002,44.525002,800
2016-11-03,44.529999,44.529999,44.049999,44.049999,44.049999,2400
2016-11-04,44.099998,45.299999,44.049999,44.200001,44.200001,5000
2016-11-07,44.099998,44.099998,44.099998,44.099998,44.099998,300
2016-11-08,44.270000,44.369999,44.049999,44.240002,44.240002,900
2016-11-09,44.049999,44.110001,42.673000,43.000000,43.000000,4000
2016-11-10,42.750000,42.750000,42.750000,42.750000,42.750000,900
2016-11-11,42.639999,42.810001,40.060001,40.060001,40.060001,9100
2016-11-14,40.750000,41.000000,39.750000,39.750000,39.750000,5200
2016-11-15,39.590000,40.279999,39.560001,39.750000,39.750000,6500
2016-11-16,39.820000,41.355000,39.820000,40.994999,40.994999,5600
2016-11-17,40.520000,40.520000,38.105000,38.856998,38.856998,10200
2016-11-18,39.919998,40.709999,39.919998,40.709999,40.709999,800
2016-11-21,40.110001,40.700001,39.509998,39.509998,39.509998,14700
2016-11-22,39.529999,40.020000,39.380001,39.990002,39.990002,7900
2016-11-23,39.930000,41.400002,39.820000,39.820000,39.820000,800
2016-11-25,40.880001,42.860001,40.880001,42.820000,42.820000,6400
2016-11-28,42.220001,42.487999,41.599998,42.430000,42.430000,1200
2016-11-29,42.849998,45.000000,42.849998,45.000000,45.000000,300
2016-11-30,45.000000,45.080002,45.000000,45.080002,45.080002,300
2016-12-01,45.433998,45.433998,44.000000,44.500000,44.500000,1600
2016-12-02,44.209999,44.209999,44.209999,44.209999,44.209999,200
2016-12-05,45.043999,45.043999,44.250000,44.250000,44.250000,1000
2016-12-06,44.250000,44.250000,43.349998,43.700001,43.700001,800
2016-12-07,44.279999,44.299999,43.200001,43.200001,43.200001,1200
2016-12-08,43.250000,43.250000,43.250000,43.250000,43.250000,300
2016-12-09,43.250000,43.250000,43.250000,43.250000,43.250000,0
2016-12-12,42.009998,42.990002,42.009998,42.189999,42.189999,4800
2016-12-13,42.000000,42.000000,42.000000,42.000000,42.000000,200
2016-12-14,42.740002,42.740002,42.740002,42.740002,42.740002,400
2016-12-15,42.740002,43.000000,42.500000,42.980000,42.980000,11100
2016-12-16,43.830002,43.859001,42.509998,42.509998,42.509998,600
2016-12-19,42.680000,43.070000,42.680000,43.070000,43.070000,5500
2016-12-20,43.070000,43.070000,43.070000,43.070000,43.070000,0
2016-12-21,42.990002,42.990002,42.990002,42.990002,42.990002,300
2016-12-22,42.990002,42.990002,42.990002,42.990002,42.990002,0
2016-12-23,42.900002,42.900002,42.900002,42.900002,42.900002,300
2016-12-27,42.410000,42.549999,42.410000,42.549999,42.549999,600
2016-12-28,42.549999,43.250000,42.549999,43.250000,43.250000,1200
2016-12-29,42.580002,43.000000,42.580002,43.000000,43.000000,600
2016-12-30,43.480000,44.110001,43.009998,43.139000,43.139000,1500
2017-01-03,43.139999,43.150002,43.000000,43.150002,43.150002,15000
2017-01-04,43.939999,44.110001,43.939999,44.110001,44.110001,400
2017-01-05,44.110001,44.110001,44.110001,44.110001,44.110001,0
2017-01-06,44.110001,44.110001,44.110001,44.110001,44.110001,0
2017-01-09,44.110001,44.110001,44.110001,44.110001,44.110001,0
2017-01-10,43.970001,44.896999,43.970001,44.830002,44.830002,1500
2017-01-11,44.349998,44.349998,44.349998,44.349998,44.349998,100
2017-01-12,43.000000,45.999001,43.000000,45.999001,45.999001,1200
2017-01-13,44.400002,44.924999,44.400002,44.924999,44.924999,600
2017-01-17,46.000000,46.000000,46.000000,46.000000,46.000000,500
2017-01-18,46.000000,50.830002,46.000000,48.000000,48.000000,19100
2017-01-19,48.000000,48.000000,48.000000,48.000000,48.000000,0
2017-01-20,48.000000,48.000000,48.000000,48.000000,48.000000,0
2017-01-23,48.029999,49.000000,48.020000,49.000000,49.000000,1900
2017-01-24,49.000000,49.000000,49.000000,49.000000,49.000000,0
2017-01-25,49.220001,49.250000,49.220001,49.250000,49.250000,300
2017-01-26,48.231998,48.231998,48.231998,48.231998,48.231998,200
2017-01-27,48.099998,51.930000,48.099998,51.200001,51.200001,4400
2017-01-30,51.060001,51.568001,51.000000,51.568001,51.568001,1400
2017-01-31,51.860001,52.880001,50.200001,52.880001,52.880001,1000
2017-02-01,52.880001,52.880001,52.880001,52.880001,52.880001,0
2017-02-02,51.849998,51.849998,49.299999,49.299999,49.299999,300
2017-02-03,50.820000,50.820000,50.820000,50.820000,50.820000,100
2017-02-06,50.820000,50.820000,50.820000,50.820000,50.820000,0
2017-02-07,49.840000,49.944000,49.790001,49.944000,49.944000,1700
2017-02-08,50.000000,50.000000,50.000000,50.000000,50.000000,200
2017-02-09,50.000000,50.000000,50.000000,50.000000,50.000000,0
2017-02-10,50.000000,50.000000,50.000000,50.000000,50.000000,0
2017-02-13,46.650002,50.078999,46.650002,50.078999,50.078999,700
2017-02-14,50.078999,50.078999,50.078999,50.078999,50.078999,0
2017-02-15,50.078999,50.078999,50.078999,50.078999,50.078999,0
2017-02-16,48.110001,50.492001,48.110001,50.492001,50.492001,1000
2017-02-17,50.492001,50.492001,50.492001,50.492001,50.492001,0
2017-02-21,53.009998,62.661999,53.009998,58.165001,58.165001,11400
2017-02-22,58.799999,58.799999,56.299999,58.000000,58.000000,1800
2017-02-23,57.299999,58.490002,57.299999,57.980000,57.980000,900
2017-02-24,57.400002,58.490002,57.000000,57.000000,57.000000,3800
2017-02-27,57.090000,58.400002,56.060001,56.720001,56.720001,7000
2017-02-28,56.720001,56.720001,56.720001,56.720001,56.720001,0
2017-03-01,56.191002,57.169998,56.191002,56.939999,56.939999,2500
2017-03-02,57.490002,59.439999,57.490002,59.090000,59.090000,2600
2017-03-03,59.040001,59.040001,56.331001,57.709999,57.709999,2900
2017-03-06,58.330002,59.540001,58.330002,59.089001,59.089001,3200
2017-03-07,59.000000,59.000000,59.000000,59.000000,59.000000,200
2017-03-08,59.000000,59.000000,59.000000,59.000000,59.000000,700
2017-03-09,59.000000,60.160000,59.000000,59.130001,59.130001,2500
2017-03-10,58.549999,60.825001,58.549999,60.825001,60.825001,1300
2017-03-13,60.200001,60.200001,60.200001,60.200001,60.200001,200
2017-03-14,59.279999,60.200001,59.279999,60.200001,60.200001,700
2017-03-15,60.200001,60.200001,60.200001,60.200001,60.200001,0
2017-03-16,60.200001,60.200001,60.200001,60.200001,60.200001,0
2017-03-17,60.000000,60.000000,59.000000,59.000000,59.000000,600
2017-03-20,60.000000,60.000000,60.000000,60.000000,60.000000,200
2017-03-21,60.000000,60.000000,60.000000,60.000000,60.000000,0
2017-03-22,60.000000,60.000999,60.000000,60.000000,60.000000,3600
2017-03-23,58.549999,59.355000,58.549999,59.355000,59.355000,1000
2017-03-24,59.355000,59.355000,59.355000,59.355000,59.355000,0
2017-03-27,58.029999,58.029999,58.029999,58.029999,58.029999,200
2017-03-28,59.669998,59.669998,58.049999,58.900002,58.900002,1500
2017-03-29,58.369999,58.400002,58.369999,58.400002,58.400002,700
2017-03-30,58.400002,60.799999,58.400002,60.700001,60.700001,7400
2017-03-31,60.700001,61.959999,56.160000,59.000000,59.000000,6000
2017-04-03,59.000000,59.000000,59.000000,59.000000,59.000000,0
2017-04-04,59.000000,59.000000,59.000000,59.000000,59.000000,0
2017-04-05,57.299999,59.500000,57.299999,59.279999,59.279999,3600
2017-04-06,59.279999,59.279999,59.279999,59.279999,59.279999,0
2017-04-07,59.279999,59.279999,59.279999,59.279999,59.279999,0
2017-04-10,59.279999,59.279999,59.279999,59.279999,59.279999,0
2017-04-11,59.279999,59.279999,59.279999,59.279999,59.279999,0
2017-04-12,59.279999,59.279999,59.279999,59.279999,59.279999,0
2017-04-13,60.200001,60.200001,57.337002,57.337002,57.337002,200
2017-04-17,58.049999,59.000000,57.320000,59.000000,59.000000,1000
2017-04-18,58.880001,58.880001,56.830002,56.887001,56.887001,1200
2017-04-19,56.680000,57.610001,56.680000,57.610001,57.610001,600
2017-04-20,56.820000,58.200001,56.820000,58.200001,58.200001,400
2017-04-21,58.200001,58.200001,58.200001,58.200001,58.200001,0
2017-04-24,57.439999,57.439999,55.243000,55.410000,55.410000,9700
2017-04-25,55.020000,56.630001,54.740002,55.750000,55.750000,1100
2017-04-26,55.400002,55.400002,55.400002,55.400002,55.400002,400
2017-04-27,55.400002,55.400002,55.400002,55.400002,55.400002,0
2017-04-28,54.400002,54.400002,54.400002,54.400002,54.400002,500
2017-05-01,54.400002,54.400002,54.400002,54.400002,54.400002,0
2017-05-02,54.400002,54.400002,54.400002,54.400002,54.400002,0
2017-05-03,53.599998,53.599998,53.320000,53.320000,53.320000,200
2017-05-04,52.419998,52.472000,51.000000,51.000000,51.000000,1100
2017-05-05,52.910000,53.500000,52.820000,53.380001,53.380001,4400
2017-05-08,53.380001,53.380001,53.380001,53.380001,53.380001,0
2017-05-09,53.139999,53.259998,53.139999,53.259998,53.259998,1500
2017-05-10,53.259998,53.259998,53.259998,53.259998,53.259998,0
2017-05-11,53.259998,53.259998,53.259998,53.259998,53.259998,0
2017-05-12,52.509998,52.509998,52.509998,52.509998,52.509998,300
2017-05-15,52.500000,52.880001,52.500000,52.880001,52.880001,500
2017-05-16,52.860001,53.400002,52.799999,52.889999,52.889999,3600
2017-05-17,52.500000,52.500000,50.280998,50.280998,50.280998,1100
2017-05-18,51.243000,51.320000,50.820000,51.320000,51.320000,500
2017-05-19,51.000000,51.000000,50.520000,50.520000,50.520000,1500
2017-05-22,51.349998,51.349998,51.029999,51.209999,51.209999,500
2017-05-23,51.209999,51.209999,51.209999,51.209999,51.209999,0
2017-05-24,51.209999,51.209999,51.209999,51.209999,51.209999,0
2017-05-25,51.439999,51.439999,51.439999,51.439999,51.439999,200
2017-05-26,51.439999,51.439999,51.439999,51.439999,51.439999,0
2017-05-30,51.500000,51.500000,51.500000,51.500000,51.500000,100
2017-05-31,51.500000,51.500000,51.500000,51.500000,51.500000,0
2017-06-01,51.650002,52.000000,51.650002,52.000000,52.000000,1000
2017-06-02,52.000000,52.000000,52.000000,52.000000,52.000000,0
2017-06-05,51.060001,51.139999,51.060001,51.139999,51.139999,500
2017-06-06,50.480000,51.000000,50.480000,51.000000,51.000000,800
2017-06-07,51.520000,51.520000,51.520000,51.520000,51.520000,600
2017-06-08,50.299999,50.299999,50.299999,50.299999,50.299999,300
2017-06-09,51.340000,51.340000,51.180000,51.180000,51.180000,700
2017-06-12,51.000000,51.000000,47.500000,50.250000,50.250000,2700
2017-06-13,50.250000,50.250000,50.250000,50.250000,50.250000,0
2017-06-14,49.064999,49.064999,49.064999,49.064999,49.064999,300
2017-06-15,49.250000,49.250000,49.250000,49.250000,49.250000,200
2017-06-16,48.459999,50.419998,48.020000,50.419998,50.419998,1400
2017-06-19,50.959999,50.959999,50.959999,50.959999,50.959999,200
2017-06-20,49.529999,50.970001,49.529999,50.970001,50.970001,300
2017-06-21,50.970001,50.970001,50.970001,50.970001,50.970001,0
2017-06-22,50.970001,50.970001,50.970001,50.970001,50.970001,0
2017-06-23,49.009998,51.000000,49.009998,49.500000,49.500000,2600
2017-06-26,49.580002,49.794998,49.580002,49.794998,49.794998,700
2017-06-27,48.980000,50.000000,48.887001,49.310001,49.310001,500
2017-06-28,50.000000,50.490002,50.000000,50.029999,50.029999,800
2017-06-29,50.500000,51.000000,50.000000,50.000000,50.000000,1100
2017-06-30,50.049999,50.980000,50.000000,50.980000,50.980000,3700
2017-07-03,50.980000,50.980000,50.980000,50.980000,50.980000,0
2017-07-05,52.389999,52.389999,50.000000,50.000000,50.000000,8600
2017-07-06,49.900002,50.365002,49.900002,50.365002,50.365002,200
2017-07-07,50.000000,50.000000,49.840000,49.840000,49.840000,800
2017-07-10,49.000000,49.029999,49.000000,49.029999,49.029999,700
2017-07-11,49.029999,49.029999,49.029999,49.029999,49.029999,400
2017-07-12,50.549999,50.549999,49.029999,49.090000,49.090000,1000
2017-07-13,48.549999,48.549999,48.500000,48.500000,48.500000,600
2017-07-14,50.000000,50.000000,50.000000,50.000000,50.000000,300
2017-07-17,48.582001,48.582001,48.582001,48.582001,48.582001,600
2017-07-18,48.250000,48.660000,48.250000,48.660000,48.660000,2600
2017-07-19,48.500000,48.500000,47.500000,47.583000,47.583000,3800
2017-07-20,48.000000,48.650002,47.900002,48.450001,48.450001,5400
2017-07-21,48.130001,48.130001,48.130001,48.130001,48.130001,100
2017-07-24,49.150002,49.990002,49.049999,49.049999,49.049999,900
2017-07-25,48.174999,48.180000,47.029999,47.029999,47.029999,2600
2017-07-26,48.500000,49.799999,48.500000,49.270000,49.270000,3400
2017-07-27,49.299999,50.648998,49.299999,50.648998,50.648998,900
2017-07-28,49.000000,50.750000,49.000000,50.750000,50.750000,400
2017-07-31,50.380001,50.380001,49.529999,49.529999,49.529999,700
2017-08-01,49.529999,49.529999,49.529999,49.529999,49.529999,0
2017-08-02,49.529999,49.529999,49.529999,49.529999,49.529999,0
2017-08-03,50.499001,50.500000,50.259998,50.320000,50.320000,1200
2017-08-04,49.540001,50.000000,49.540001,50.000000,50.000000,1900
2017-08-07,50.000000,50.000000,50.000000,50.000000,50.000000,0
2017-08-08,51.759998,52.000000,48.250000,51.153000,51.153000,2700
2017-08-09,53.849998,55.430000,53.849998,55.430000,55.430000,300
2017-08-10,55.430000,55.430000,55.430000,55.430000,55.430000,0
2017-08-11,56.900002,56.900002,56.900002,56.900002,56.900002,200
2017-08-14,56.900002,56.900002,56.900002,56.900002,56.900002,0
2017-08-15,57.730000,57.730000,57.730000,57.730000,57.730000,100
2017-08-16,57.730000,57.730000,57.730000,57.730000,57.730000,0
2017-08-17,58.799999,60.250000,58.650002,60.000000,60.000000,2900
2017-08-18,59.990002,59.990002,59.990002,59.990002,59.990002,300
2017-08-21,60.700001,65.699997,60.700001,64.175003,64.175003,9300
2017-08-22,64.309998,64.309998,64.149002,64.149002,64.149002,1300
2017-08-23,64.149002,64.149002,64.149002,64.149002,64.149002,0
2017-08-24,63.130001,63.130001,62.000000,62.000000,62.000000,1900
2017-08-25,62.860001,62.860001,62.860001,62.860001,62.860001,200
2017-08-28,62.797001,62.799000,62.797001,62.799000,62.799000,500
2017-08-29,62.799000,62.799000,62.799000,62.799000,62.799000,0
2017-08-30,62.799000,62.799000,62.799000,62.799000,62.799000,0
2017-08-31,61.650002,62.499001,61.650002,61.650002,61.650002,700
2017-09-01,61.650002,61.650002,61.650002,61.650002,61.650002,0
2017-09-05,61.650002,61.650002,61.650002,61.650002,61.650002,0
2017-09-06,59.330002,60.750000,57.560001,60.750000,60.750000,600
2017-09-07,59.000000,59.000000,59.000000,59.000000,59.000000,600
2017-09-08,58.000000,58.000000,58.000000,58.000000,58.000000,500
2017-09-11,57.330002,57.330002,55.340000,56.959999,56.959999,800
2017-09-12,53.099998,53.330002,53.099998,53.330002,53.330002,800
2017-09-13,53.509998,53.509998,53.509998,53.509998,53.509998,800
2017-09-14,54.950001,54.950001,53.110001,53.250000,53.250000,600
2017-09-15,53.250000,53.250000,53.250000,53.250000,53.250000,0
2017-09-18,53.250000,53.250000,53.250000,53.250000,53.250000,0
2017-09-19,53.250000,53.250000,53.250000,53.250000,53.250000,500
2017-09-20,53.250000,53.250000,53.250000,53.250000,53.250000,0
2017-09-21,55.720001,55.720001,55.720001,55.720001,55.720001,200
2017-09-22,55.720001,55.720001,55.720001,55.720001,55.720001,0
2017-09-25,57.000000,57.000000,57.000000,57.000000,57.000000,300
2017-09-26,56.980000,57.799999,56.980000,57.799999,57.799999,1200
2017-09-27,57.799999,57.799999,57.799999,57.799999,57.799999,0
2017-09-28,57.845001,58.070000,57.785000,57.785000,57.785000,2800
2017-09-29,58.439999,60.599998,58.439999,60.599998,60.599998,3200
2017-10-02,60.000000,61.598999,59.950001,61.598999,61.598999,1800
2017-10-03,61.610001,66.489998,61.610001,66.489998,66.489998,1900
2017-10-04,66.830002,67.000000,66.830002,67.000000,67.000000,500
2017-10-05,68.000000,68.000000,67.000000,67.010002,67.010002,1100
2017-10-06,67.010002,67.010002,67.010002,67.010002,67.010002,0
2017-10-09,65.040001,65.040001,65.040001,65.040001,65.040001,500
2017-10-10,66.002998,66.002998,66.000999,66.000999,66.000999,400
2017-10-11,65.985001,66.000000,65.689003,65.959999,65.959999,1800
2017-10-12,65.959999,65.959999,65.959999,65.959999,65.959999,0
2017-10-13,68.470001,68.470001,68.470001,68.470001,68.470001,100
2017-10-16,68.470001,68.470001,68.470001,68.470001,68.470001,0
2017-10-17,68.470001,68.470001,68.470001,68.470001,68.470001,0
2017-10-18,66.199997,66.199997,62.330002,62.330002,62.330002,1400
2017-10-19,62.330002,62.330002,62.330002,62.330002,62.330002,0
2017-10-20,62.330002,62.330002,62.330002,62.330002,62.330002,0
2017-10-23,62.330002,62.330002,62.330002,62.330002,62.330002,0
2017-10-24,63.119999,66.000000,63.119999,66.000000,66.000000,1000
2017-10-25,66.000000,66.000000,66.000000,66.000000,66.000000,0
2017-10-26,66.000000,66.000000,66.000000,66.000000,66.000000,0
2017-10-27,64.650002,66.550003,64.430000,66.550003,66.550003,400
2017-10-30,66.550003,66.550003,66.550003,66.550003,66.550003,0
2017-10-31,69.000000,75.849998,69.000000,72.000000,72.000000,3900
2017-11-01,70.000000,72.000000,69.720001,72.000000,72.000000,2400
2017-11-02,72.000000,72.000000,72.000000,72.000000,72.000000,0
2017-11-03,74.120003,74.120003,74.120003,74.120003,74.120003,200
2017-11-06,81.809998,81.809998,81.809998,81.809998,81.809998,300
2017-11-07,81.809998,81.809998,81.809998,81.809998,81.809998,0
2017-11-08,81.809998,81.809998,81.809998,81.809998,81.809998,0
2017-11-09,81.809998,81.809998,81.809998,81.809998,81.809998,0
2017-11-10,81.809998,81.809998,81.809998,81.809998,81.809998,0
2017-11-13,81.809998,81.809998,81.809998,81.809998,81.809998,0
2017-11-14,79.599998,83.529999,79.599998,83.529999,83.529999,4000
2017-11-15,82.000000,83.000000,82.000000,83.000000,83.000000,13500
2017-11-16,83.000000,85.000000,76.400002,76.400002,76.400002,3300
2017-11-17,83.029999,83.029999,80.300003,80.900002,80.900002,6300
2017-11-20,83.000000,86.029999,83.000000,85.610001,85.610001,7500
2017-11-21,88.199997,94.214996,88.199997,93.000000,93.000000,3300
2017-11-22,103.949997,108.000000,102.349998,105.000000,105.000000,3800
2017-11-24,111.000000,111.000000,104.309998,104.309998,104.309998,1400
2017-11-27,105.949997,106.000000,103.620003,104.000000,104.000000,2400
2017-11-28,109.820000,109.820000,100.000000,100.000000,100.000000,1600
2017-11-29,105.930000,105.930000,94.800003,94.800003,94.800003,2400
2017-11-30,100.010002,100.010002,94.790001,94.790001,94.790001,900
2017-12-01,92.644997,92.644997,90.589996,90.589996,90.589996,1100
2017-12-04,90.000000,90.000000,80.010002,80.010002,80.010002,1800
2017-12-05,75.919998,83.239998,75.919998,83.239998,83.239998,1800
2017-12-06,84.910004,85.764999,84.910004,85.750000,85.750000,2400
2017-12-07,85.750000,85.750000,85.750000,85.750000,85.750000,0
2017-12-08,77.199997,83.230003,77.199997,83.099998,83.099998,2500
2017-12-11,88.000000,88.000000,88.000000,88.000000,88.000000,500
2017-12-12,88.000000,88.000000,88.000000,88.000000,88.000000,0
2017-12-13,95.410004,95.449997,86.379997,90.849998,90.849998,1000
2017-12-14,91.070000,91.070000,91.070000,91.070000,91.070000,200
2017-12-15,91.980003,100.000000,89.949997,98.000000,98.000000,4700
2017-12-18,98.000000,99.000000,98.000000,99.000000,99.000000,3700
2017-12-19,100.000000,105.998001,100.000000,100.010002,100.010002,5100
2017-12-20,98.610001,103.050003,98.000000,98.500000,98.500000,6600
2017-12-21,98.050003,98.400002,94.209999,95.570000,95.570000,3700
2017-12-22,97.264999,98.000000,95.949997,98.000000,98.000000,1100
2017-12-26,97.900002,97.900002,97.900002,97.900002,97.900002,900
2017-12-27,95.550003,97.000000,92.010002,95.000000,95.000000,4800
2017-12-28,95.500000,96.000000,93.489998,93.489998,93.489998,2400
2017-12-29,94.989998,94.989998,93.000000,93.000000,93.000000,800
2018-01-02,94.739998,98.800003,90.000000,94.839996,94.839996,8600
2018-01-03,98.639999,98.639999,92.510002,95.059998,95.059998,8700
2018-01-04,95.099998,95.269997,92.900002,93.300003,93.300003,2300
2018-01-05,94.400002,94.970001,91.080002,91.080002,91.080002,2100
2018-01-08,92.000000,94.500000,92.000000,94.500000,94.500000,5200
2018-01-09,93.995003,95.300003,90.910004,91.089996,91.089996,9400
2018-01-10,90.985001,94.459999,90.559998,93.050003,93.050003,8300
2018-01-11,95.000000,95.000000,95.000000,95.000000,95.000000,1400
2018-01-12,95.000000,95.000000,94.489998,95.000000,95.000000,2800
2018-01-16,96.989998,99.000000,95.309998,95.309998,95.309998,3700
2018-01-17,95.000000,95.000000,95.000000,95.000000,95.000000,300
2018-01-18,93.000000,93.010002,91.970001,91.970001,91.970001,800
2018-01-19,90.150002,94.000000,88.309998,94.000000,94.000000,1500
2018-01-22,94.000000,94.000000,94.000000,94.000000,94.000000,0
2018-01-23,93.980003,94.000000,92.989998,93.980003,93.980003,7800
2018-01-24,93.980003,93.980003,89.581001,89.581001,89.581001,2800
2018-01-25,89.610001,90.330002,88.860001,89.580002,89.580002,2100
2018-01-26,95.199997,95.199997,95.199997,95.199997,95.199997,200
2018-01-29,93.949997,93.949997,91.709999,91.709999,91.709999,200
2018-01-30,89.949997,89.949997,89.949997,89.949997,89.949997,300
2018-01-31,90.000000,90.000000,90.000000,90.000000,90.000000,1200
2018-02-01,91.400002,91.400002,91.400002,91.400002,91.400002,200
2018-02-02,88.339996,90.599998,85.199997,90.199997,90.199997,2000
2018-02-05,90.440002,90.440002,87.500000,87.500000,87.500000,800
2018-02-06,87.500000,87.500000,87.500000,87.500000,87.500000,0
2018-02-07,92.699997,92.699997,92.699997,92.699997,92.699997,300
2018-02-08,92.000000,92.000000,91.889999,92.000000,92.000000,1600
2018-02-09,90.010002,91.959999,90.000000,91.959999,91.959999,900
2018-02-12,93.980003,95.029999,93.980003,95.000000,95.000000,3700
2018-02-13,90.699997,95.000000,90.699997,95.000000,95.000000,1100
2018-02-14,94.500000,95.970001,93.699997,95.970001,95.970001,1400
2018-02-15,95.900002,98.500000,95.900002,98.419998,98.419998,5600
2018-02-16,97.000000,98.989998,96.989998,97.500000,97.500000,2300
2018-02-20,98.970001,100.200996,97.800003,100.000000,100.000000,4700
2018-02-21,95.150002,102.000000,95.125000,98.129997,98.129997,8700
2018-02-22,99.000000,99.000000,95.510002,95.599998,95.599998,5500
2018-02-23,97.500000,97.500000,97.500000,97.500000,97.500000,600
2018-02-26,97.500000,97.500000,97.000000,97.000000,97.000000,2500
2018-02-27,98.779999,98.779999,95.000000,95.000000,95.000000,900
2018-02-28,98.949997,98.949997,98.949997,98.949997,98.949997,800
2018-03-01,97.050003,98.300003,97.000000,98.300003,98.300003,3000
2018-03-02,98.000000,98.000000,93.000000,93.900002,93.900002,18000
2018-03-05,94.550003,95.650002,91.250000,95.650002,95.650002,14400
2018-03-06,94.849998,95.250000,91.570000,95.000000,95.000000,5800
2018-03-07,95.000000,95.000000,95.000000,95.000000,95.000000,0
2018-03-08,95.000000,95.000000,95.000000,95.000000,95.000000,0
2018-03-09,95.000000,95.000000,93.070000,94.959999,94.959999,1300
2018-03-12,95.000000,95.000000,95.000000,95.000000,95.000000,600
2018-03-13,95.000000,96.220001,94.804001,96.220001,96.220001,3900
2018-03-14,95.000000,95.000000,95.000000,95.000000,95.000000,700
2018-03-15,96.879997,97.500000,96.879997,97.000000,97.000000,10100
2018-03-16,97.339996,97.500000,93.500000,94.010002,94.010002,3700
2018-03-19,94.510002,94.599998,93.449997,93.449997,93.449997,1200
2018-03-20,95.125000,95.125000,93.760002,94.000000,94.000000,4600
2018-03-21,91.610001,97.500000,91.610001,95.519997,95.519997,2100
2018-03-22,94.989998,96.730003,94.989998,96.730003,96.730003,600
2018-03-23,94.000000,94.000000,94.000000,94.000000,94.000000,500
2018-03-26,94.000000,96.000000,89.529999,91.070000,91.070000,2100
2018-03-27,94.470001,96.910004,94.339996,96.489998,96.489998,5400
2018-03-28,95.980003,96.930000,92.500000,95.300003,95.300003,12700
2018-03-29,95.000000,96.000000,94.209999,95.709999,95.709999,2100
2018-04-02,95.989998,96.000000,94.529999,94.529999,94.529999,1600
2018-04-03,96.449997,96.449997,95.000000,95.320000,95.320000,1800
2018-04-04,95.720001,96.750000,95.410004,96.680000,96.680000,4700
2018-04-05,96.000000,96.699997,93.550003,96.000000,96.000000,4600
2018-04-06,96.779999,96.779999,95.250000,96.480003,96.480003,3400
2018-04-09,95.750000,96.050003,94.980003,95.000000,95.000000,1900
2018-04-10,95.000000,95.000000,95.000000,95.000000,95.000000,0
2018-04-11,92.500000,94.889999,92.500000,94.889999,94.889999,500
2018-04-12,94.809998,94.809998,94.809998,94.809998,94.809998,300
2018-04-13,94.209999,94.209999,94.209999,94.209999,94.209999,300
2018-04-16,92.620003,93.260002,89.500000,92.169998,92.169998,6100
2018-04-17,90.750000,92.190002,90.750000,91.889999,91.889999,600
2018-04-18,91.250000,91.250000,88.470001,90.959999,90.959999,6900
2018-04-19,91.790001,91.790001,90.790001,90.790001,90.790001,700
2018-04-20,90.970001,92.820000,89.610001,90.070000,90.070000,2300
2018-04-23,89.099998,89.099998,87.014999,87.989998,87.989998,1700
2018-04-24,88.190002,88.190002,86.099998,86.099998,86.099998,2600
2018-04-25,90.144997,90.144997,89.240997,89.240997,89.240997,500
2018-04-26,89.930000,89.930000,89.930000,89.930000,89.930000,300
2018-04-27,89.574997,89.574997,89.574997,89.574997,89.574997,200
2018-04-30,88.349998,93.099998,87.059998,88.875000,88.875000,6300
2018-05-01,90.599998,97.500000,90.190002,93.072998,93.072998,21700
2018-05-02,95.000000,95.000000,91.959999,93.800003,93.800003,12500
2018-05-03,94.000000,94.000000,91.790001,94.000000,94.000000,5400
2018-05-04,94.000000,94.000000,85.000000,89.000000,89.000000,10200
2018-05-07,92.300003,93.989998,89.720001,89.720001,89.720001,20300
2018-05-08,91.989998,93.800003,88.925003,89.510002,89.510002,3100
2018-05-09,89.550003,90.010002,86.000000,86.000000,86.000000,16700
2018-05-10,88.599998,89.165001,81.879997,83.000000,83.000000,30500
2018-05-11,84.120003,84.120003,80.000000,83.339996,83.339996,60100
2018-05-14,83.989998,84.000000,81.809998,81.990997,81.990997,7500
2018-05-15,82.449997,83.000000,80.620003,81.320000,81.320000,6600
2018-05-16,82.260002,84.078003,81.665001,81.665001,81.665001,2700
2018-05-17,82.504997,82.504997,82.010002,82.500000,82.500000,1600
2018-05-18,82.949997,83.000000,80.345001,80.370003,80.370003,10900
2018-05-21,81.150002,81.150002,80.050003,80.764999,80.764999,5600
2018-05-22,80.510002,81.330002,80.510002,80.699997,80.699997,1100
2018-05-23,82.589996,82.589996,80.260002,80.760002,80.760002,3500
2018-05-24,79.550003,79.550003,79.550003,79.550003,79.550003,1100
2018-05-25,79.300003,79.300003,76.720001,77.894997,77.894997,6200
2018-05-29,80.489998,83.815002,77.508003,79.589996,79.589996,22700
2018-05-30,78.599998,79.432999,78.320000,78.650002,78.650002,7100
2018-05-31,79.949997,79.949997,75.869003,77.425003,77.425003,7300
2018-06-01,77.500000,77.639999,75.320000,77.639999,77.639999,1900
2018-06-04,79.750000,80.549004,79.000000,80.230003,80.230003,5500
2018-06-05,81.059998,81.496002,77.580002,77.709999,77.709999,13700
2018-06-06,77.000000,78.790001,76.199997,76.199997,76.199997,8000
2018-06-07,77.370003,78.000000,75.664001,76.889999,76.889999,12300
2018-06-08,76.885002,76.885002,75.699997,76.010002,76.010002,7900
2018-06-11,74.010002,76.000000,74.010002,74.250000,74.250000,4400
2018-06-12,74.269997,74.269997,72.529999,72.769997,72.769997,7600
2018-06-13,72.550003,73.019997,72.550003,72.910004,72.910004,1900
2018-06-14,74.620003,75.000000,73.349998,73.440002,73.440002,1300
2018-06-15,73.949997,73.949997,72.120003,72.120003,72.120003,1900
2018-06-18,72.580002,74.500000,72.000000,72.000000,72.000000,6000
2018-06-19,72.000000,72.949997,69.480003,70.089996,70.089996,18700
2018-06-20,71.000000,71.000000,65.500000,65.639999,65.639999,15300
2018-06-21,66.440002,67.940002,62.560001,62.750000,62.750000,16800
2018-06-22,63.990002,64.629997,61.500000,62.000000,62.000000,82800
2018-06-25,58.490002,65.264999,58.490002,61.630001,61.630001,14600
2018-06-26,61.180000,62.029999,53.000000,56.009998,56.009998,37800
2018-06-27,57.009998,64.999001,56.880001,64.580002,64.580002,39500
2018-06-28,65.070000,70.550003,64.150002,67.779999,67.779999,30900
2018-06-29,68.180000,70.120003,63.270000,64.800003,64.800003,27200
2018-07-02,64.510002,66.430000,64.510002,64.529999,64.529999,5200
2018-07-03,64.519997,69.019997,62.779999,65.730003,65.730003,13700
2018-07-05,66.000000,66.000000,62.849998,62.849998,62.849998,8200
2018-07-06,62.990002,66.839996,62.240002,66.839996,66.839996,13600
2018-07-09,65.839996,65.910004,64.125000,64.510002,64.510002,13300
2018-07-10,64.879997,66.970001,64.879997,66.750000,66.750000,4300
2018-07-11,66.379997,67.339996,66.000000,66.000000,66.000000,4900
2018-07-12,67.637001,67.637001,67.000000,67.000000,67.000000,3800
2018-07-13,67.000000,67.000000,66.349998,66.349998,66.349998,1600
2018-07-16,66.379997,66.559998,65.070000,66.559998,66.559998,2800
2018-07-17,66.500000,67.000000,64.930000,67.000000,67.000000,5400
2018-07-18,67.470001,67.750000,67.300003,67.500000,67.500000,6600
2018-07-19,67.500000,70.550003,67.339996,69.250000,69.250000,8700
2018-07-20,69.339996,72.650002,69.339996,71.760002,71.760002,11200
2018-07-23,71.860001,73.989998,70.459999,73.989998,73.989998,10700
2018-07-24,73.790001,76.580002,73.790001,76.250000,76.250000,7700
2018-07-25,76.330002,76.330002,73.735001,76.010002,76.010002,3300
2018-07-26,78.000000,78.000000,77.519997,77.519997,77.519997,1300
2018-07-27,81.000000,81.000000,77.900002,79.000000,79.000000,5500
2018-07-30,78.440002,82.480003,77.760002,81.980003,81.980003,10400
2018-07-31,80.997002,84.739998,78.000000,84.739998,84.739998,7700
2018-08-01,85.125000,85.589996,84.709999,84.940002,84.940002,10600
2018-08-02,85.500000,86.400002,84.849998,86.400002,86.400002,2600
2018-08-03,85.959999,89.730003,85.959999,86.040001,86.040001,8900
2018-08-06,86.110001,86.110001,84.010002,85.559998,85.559998,3700
2018-08-07,85.970001,87.290001,85.849998,87.290001,87.290001,3600
2018-08-08,87.199997,87.199997,85.849998,86.699997,86.699997,6300
2018-08-09,86.970001,86.970001,84.000000,84.839996,84.839996,8800
2018-08-10,91.769997,91.769997,88.050003,90.699997,90.699997,7400
2018-08-13,91.769997,93.000000,90.000000,90.000000,90.000000,5300
2018-08-14,89.949997,90.970001,88.410004,90.730003,90.730003,4000
2018-08-15,91.599998,92.800003,90.309998,92.800003,92.800003,1800
2018-08-16,92.879997,92.879997,88.967003,89.459999,89.459999,7000
2018-08-17,90.000000,91.500000,90.000000,91.500000,91.500000,7100
2018-08-20,91.430000,92.160004,90.510002,91.000000,91.000000,8200
2018-08-21,91.760002,93.750000,91.760002,92.099998,92.099998,6800
2018-08-22,92.209999,94.309998,87.760002,94.309998,94.309998,5800
2018-08-23,93.500000,94.036003,92.010002,92.010002,92.010002,6900
2018-08-24,92.400002,94.769997,91.485001,94.769997,94.769997,8400
2018-08-27,94.690002,95.578003,89.713997,92.000000,92.000000,15200
2018-08-28,92.379997,93.610001,90.002998,92.000000,92.000000,9600
2018-08-29,92.000000,92.660004,91.559998,92.400002,92.400002,7200
2018-08-30,92.660004,92.660004,91.470001,92.000000,92.000000,9100
2018-08-31,91.900002,94.538002,91.000000,91.389999,91.389999,6700
2018-09-04,92.269997,93.800003,91.940002,93.800003,93.800003,5700
2018-09-05,92.910004,94.459999,91.602997,92.050003,92.050003,8000
2018-09-06,92.690002,92.690002,92.690002,92.690002,92.690002,1600
2018-09-07,91.320000,92.779999,91.320000,92.000000,92.000000,1600
2018-09-10,92.349998,94.139999,92.250000,93.500000,93.500000,3100
2018-09-11,93.480003,94.860001,92.059998,92.250000,92.250000,8000
2018-09-12,92.500000,93.750000,91.410004,93.750000,93.750000,11000
2018-09-13,93.699997,93.699997,92.000000,92.000000,92.000000,2100
2018-09-14,92.000000,93.849998,91.740997,91.959999,91.959999,14200
2018-09-17,91.709999,92.000000,86.839996,87.500000,87.500000,20100
2018-09-18,87.650002,90.940002,87.650002,90.559998,90.559998,13800
2018-09-19,90.510002,90.900002,88.650002,88.650002,88.650002,8400
2018-09-20,89.349998,91.489998,87.019997,87.019997,87.019997,6600
2018-09-21,87.459999,90.300003,87.349998,87.349998,87.349998,14400
2018-09-24,87.500000,91.143997,85.779999,85.779999,85.779999,14100
2018-09-25,83.000000,83.000000,74.309998,74.519997,74.519997,44900
2018-09-26,74.500000,76.059998,72.000000,72.150002,72.150002,212300
2018-09-27,72.559998,73.779999,71.550003,73.779999,73.779999,40400
2018-09-28,73.989998,75.870003,73.989998,75.870003,75.870003,31000
2018-10-01,77.209999,77.599998,75.165001,77.169998,77.169998,41700
2018-10-02,78.750000,80.470001,78.099998,78.330002,78.330002,14800
2018-10-03,78.599998,79.998001,78.209999,79.900002,79.900002,15100
2018-10-04,78.401001,79.169998,78.014000,78.500000,78.500000,3300
2018-10-05,78.610001,79.379997,75.099998,77.540001,77.540001,5700
2018-10-08,77.320000,77.320000,73.029999,75.089996,75.089996,18700
2018-10-09,75.000000,75.110001,70.559998,75.099998,75.099998,19500
2018-10-10,74.139999,76.690002,68.750000,68.750000,68.750000,17000
2018-10-11,69.000000,74.000000,69.000000,69.750000,69.750000,24000
2018-10-12,70.400002,71.910004,68.500000,70.690002,70.690002,18500
2018-10-15,71.099998,71.699997,68.750000,68.760002,68.760002,13800
2018-10-16,69.500000,72.485001,67.000000,68.400002,68.400002,18300
2018-10-17,68.769997,71.800003,67.750000,69.000000,69.000000,13800
2018-10-18,69.169998,69.949997,67.430000,67.430000,67.430000,6000
2018-10-19,68.099998,69.500000,67.550003,68.930000,68.930000,5500
2018-10-22,69.320000,69.320000,63.740002,63.740002,63.740002,23100
2018-10-23,63.299999,67.250000,60.994999,67.250000,67.250000,25100
2018-10-24,67.250000,67.250000,64.099998,65.000000,65.000000,3900
2018-10-25,65.459999,66.500000,63.860001,64.650002,64.650002,9300
2018-10-26,63.750000,65.900002,60.520000,65.449997,65.449997,15600
2018-10-29,66.150002,66.150002,58.250000,58.250000,58.250000,22400
2018-10-30,58.410000,60.000000,55.000000,60.000000,60.000000,31500
2018-10-31,60.000000,64.637001,60.000000,63.040001,63.040001,2900
2018-11-01,63.500000,68.959999,63.500000,66.190002,66.190002,5000
2018-11-02,69.400002,71.599998,62.430000,62.430000,62.430000,6500
2018-11-05,62.261002,65.000000,62.261002,62.299999,62.299999,4800
2018-11-06,62.369999,62.369999,58.549999,59.299999,59.299999,12000
2018-11-07,59.256001,61.500000,55.507999,57.669998,57.669998,15200
2018-11-08,57.889999,59.537998,56.470001,58.869999,58.869999,5000
2018-11-09,58.299999,59.910000,57.000000,58.480000,58.480000,5200
2018-11-12,59.029999,60.669998,56.860001,60.669998,60.669998,4300
2018-11-13,60.799999,63.000000,59.090000,59.200001,59.200001,5300
2018-11-14,60.099998,61.000000,57.259998,59.310001,59.310001,4500
2018-11-15,58.000000,63.020000,58.000000,59.779999,59.779999,5000
2018-11-16,59.650002,61.098999,57.500000,57.500000,57.500000,4600
2018-11-19,57.599998,59.590000,56.200001,56.959999,56.959999,4300
2018-11-20,55.950001,58.674999,55.950001,56.340000,56.340000,3500
2018-11-21,58.000000,58.840000,55.930000,58.599998,58.599998,6300
2018-11-23,59.290001,59.290001,57.445000,58.500000,58.500000,4100
2018-11-26,59.299999,61.185001,58.200001,59.599998,59.599998,16600
2018-11-27,59.990002,64.750000,59.830002,64.750000,64.750000,18400
2018-11-28,63.500000,67.116997,62.560001,62.560001,62.560001,10300
2018-11-29,62.400002,66.000000,62.400002,66.000000,66.000000,3200
2018-11-30,68.000000,69.000000,66.525002,67.000000,67.000000,5800
2018-12-03,68.959999,69.500000,64.580002,68.000000,68.000000,7600
2018-12-04,68.000000,68.000000,65.000000,66.180000,66.180000,5400
2018-12-06,63.759998,67.559998,63.759998,67.559998,67.559998,8600
2018-12-07,67.000000,68.250000,62.570000,64.970001,64.970001,8200
2018-12-10,63.020000,63.020000,57.630001,59.279999,59.279999,7300
2018-12-11,61.000000,63.009998,61.000000,62.259998,62.259998,5400
2018-12-12,63.500000,63.955002,58.110001,58.110001,58.110001,3400
2018-12-13,62.005001,62.005001,58.060001,59.000000,59.000000,6800
2018-12-14,59.145000,61.900002,57.450001,59.020000,59.020000,2600
2018-12-17,60.070000,60.070000,54.000000,55.389999,55.389999,4900
2018-12-18,58.000000,58.049999,55.000000,55.299999,55.299999,8900
2018-12-19,55.500000,57.750000,54.750000,56.669998,56.669998,4000
2018-12-20,55.160000,55.389999,54.450001,55.000000,55.000000,6500
2018-12-21,55.020000,55.505001,52.500000,52.500000,52.500000,11600
2018-12-24,47.200001,51.200001,47.200001,50.740002,50.740002,7800
2018-12-26,51.400002,51.400002,49.750000,51.340000,51.340000,8900
2018-12-27,50.509998,51.400002,49.750000,50.570000,50.570000,7800
2018-12-28,51.251999,54.500000,50.220001,51.790001,51.790001,10200
2018-12-31,52.480000,54.488998,50.599998,51.900002,51.900002,9200
2019-01-02,51.900002,52.840000,51.900002,52.840000,52.840000,6500
2019-01-03,52.470001,53.630001,52.000000,52.500000,52.500000,5000
2019-01-04,53.150002,55.000000,52.000000,52.000000,52.000000,13500
2019-01-07,52.230000,55.971001,52.230000,53.700001,53.700001,4300
2019-01-08,54.000000,55.018002,52.509998,52.509998,52.509998,2800
2019-01-09,52.750000,54.709999,52.150002,54.099998,54.099998,3400
2019-01-10,53.549999,53.889999,52.560001,53.009998,53.009998,7800
2019-01-11,53.080002,53.740002,52.313999,53.119999,53.119999,3300
2019-01-14,53.470001,54.009998,53.090000,53.200001,53.200001,6400
2019-01-15,53.360001,54.250000,52.299999,52.970001,52.970001,4400
2019-01-16,52.990002,53.160000,49.750000,50.810001,50.810001,13100
2019-01-17,50.750000,51.750000,50.116001,50.500000,50.500000,7700
2019-01-18,50.849998,50.849998,46.299999,48.599998,48.599998,16900
2019-01-22,48.450001,51.000000,47.509998,50.529999,50.529999,4900
2019-01-23,50.580002,53.747002,50.580002,53.060001,53.060001,5000
2019-01-24,53.650002,54.645000,53.650002,54.500000,54.500000,2100
2019-01-25,54.759998,57.900002,54.759998,56.400002,56.400002,8400
2019-01-28,56.029999,58.700001,56.029999,58.700001,58.700001,4900
2019-01-29,58.700001,63.000000,58.700001,63.000000,63.000000,4900
2019-01-30,64.000000,65.889999,60.119999,65.800003,65.800003,10400
2019-01-31,66.209999,66.400002,64.129997,65.000000,65.000000,7600
2019-02-01,63.897999,64.425003,63.897999,64.425003,64.425003,1200
2019-02-04,64.489998,64.500000,63.580002,63.771000,63.771000,2000
2019-02-05,63.049999,63.049999,60.810001,60.810001,60.810001,1700
2019-02-06,61.250000,62.119999,61.080002,61.110001,61.110001,5600
2019-02-07,61.000000,61.270000,61.000000,61.000000,61.000000,1400
2019-02-08,60.887001,60.887001,59.750000,59.810001,59.810001,2100
2019-02-11,60.943001,62.080002,60.750000,61.880001,61.880001,2300
2019-02-12,62.747002,62.750000,61.610001,62.639999,62.639999,2000
2019-02-13,62.500000,62.500000,60.560001,60.560001,60.560001,3000
2019-02-14,61.860001,63.000000,58.270000,60.759998,60.759998,16700
2019-02-15,60.950001,61.500000,58.099998,60.209999,60.209999,20000
2019-02-19,58.080002,60.270000,55.270000,57.900002,57.900002,20900
2019-02-20,57.900002,58.790001,57.016998,57.250000,57.250000,4300
2019-02-21,58.360001,58.549999,57.900002,57.959999,57.959999,1800
2019-02-22,57.389999,59.730000,57.230000,59.730000,59.730000,4500
2019-02-25,58.480000,58.480000,58.009998,58.009998,58.009998,700
2019-02-26,58.009998,58.009998,58.009998,58.009998,58.009998,800
2019-02-27,60.000000,61.119999,60.000000,61.119999,61.119999,1100
2019-02-28,61.320000,62.266998,61.000000,61.169998,61.169998,3400
2019-03-01,63.000000,63.919998,62.169998,63.919998,63.919998,1800
2019-03-04,63.000000,64.000000,60.599998,60.669998,60.669998,6200
2019-03-05,59.039001,59.039001,58.090000,58.220001,58.220001,2100
2019-03-06,58.049999,58.259998,58.049999,58.259998,58.259998,1100
2019-03-07,58.049999,58.990002,57.310001,57.310001,57.310001,2700
2019-03-08,58.014999,58.014999,57.556000,57.770000,57.770000,1500
2019-03-11,57.270000,59.500000,56.820000,57.570000,57.570000,12900
2019-03-12,57.570000,57.570000,57.570000,57.570000,57.570000,500
2019-03-13,58.766998,59.250000,57.316002,57.980000,57.980000,5800
2019-03-14,57.476002,59.994999,56.750000,59.160000,59.160000,10700
2019-03-15,58.790001,59.000000,57.240002,59.000000,59.000000,12800
2019-03-18,58.099998,58.799999,57.580002,58.000000,58.000000,11800
2019-03-19,58.209999,58.777000,57.500000,57.500000,57.500000,4200
2019-03-20,57.799999,59.590000,56.450001,57.340000,57.340000,5100
2019-03-21,57.297001,57.459999,56.060001,56.060001,56.060001,4600
2019-03-22,56.959999,57.680000,55.120998,56.160000,56.160000,1700
2019-03-25,56.130001,57.215000,56.130001,56.310001,56.310001,1900
2019-03-26,56.000000,58.146999,55.310001,55.789001,55.789001,13100
2019-03-27,55.466000,56.400002,54.415001,55.812000,55.812000,3900
2019-03-28,57.214001,57.500000,55.990002,56.500000,56.500000,5500
2019-03-29,57.794998,57.794998,53.439999,55.529999,55.529999,12700
2019-04-01,56.000000,56.110001,56.000000,56.110001,56.110001,2000
2019-04-02,55.242001,56.250000,55.215000,56.250000,56.250000,2200
2019-04-03,56.250000,56.630001,54.723000,54.820000,54.820000,10600
2019-04-04,55.271999,55.500000,54.570000,55.270000,55.270000,6000
2019-04-05,55.060001,55.994999,54.169998,55.889999,55.889999,4400
2019-04-08,55.750000,57.042999,54.610001,56.500000,56.500000,5800
2019-04-09,56.080002,57.139999,55.884998,56.500000,56.500000,6400
2019-04-10,55.910000,57.000000,55.910000,56.500000,56.500000,11200
2019-04-11,56.500000,57.020000,55.384998,56.674999,56.674999,10800
2019-04-12,56.770000,56.770000,55.990002,56.500000,56.500000,2200
2019-04-15,55.907001,56.500000,55.500000,55.500000,55.500000,2400
2019-04-16,55.509998,57.080002,55.509998,56.040001,56.040001,2600
2019-04-17,56.099998,56.285000,55.630001,55.720001,55.720001,2200
2019-04-18,55.910000,57.840000,55.650002,56.799999,56.799999,3200
2019-04-22,55.730000,56.860001,55.200001,56.180000,56.180000,5500
2019-04-23,55.799999,56.897999,55.799999,56.230000,56.230000,4400
2019-04-24,56.480000,56.599998,56.060001,56.400002,56.400002,3500
2019-04-25,56.419998,57.400002,55.528999,56.549999,56.549999,8900
2019-04-26,56.220001,57.000000,55.500000,56.500000,56.500000,17100
2019-04-29,56.500000,56.500000,55.669998,55.669998,55.669998,1400
2019-04-30,55.669998,56.160000,55.400002,55.400002,55.400002,6700
2019-05-01,55.599998,56.169998,55.375000,55.950001,55.950001,8200
2019-05-02,56.000000,56.090000,54.380001,54.610001,54.610001,4100
2019-05-03,55.290001,56.000000,54.790001,55.220001,55.220001,11000
2019-05-06,54.990002,56.044998,54.099998,55.000000,55.000000,10200
2019-05-07,54.840000,54.840000,54.099998,54.470001,54.470001,5600
2019-05-08,54.959999,55.000000,54.000000,54.599998,54.599998,2300
2019-05-09,54.060001,54.060001,53.500000,53.590000,53.590000,9400
2019-05-10,53.750000,54.259998,52.730000,53.689999,53.689999,12700
2019-05-13,53.000000,53.000000,50.759998,50.759998,50.759998,7800
2019-05-14,50.450001,50.450001,46.223000,47.639999,47.639999,10400
2019-05-15,47.799999,48.830002,47.500000,47.630001,47.630001,5100
2019-05-16,46.880001,50.400002,46.880001,47.669998,47.669998,8200
2019-05-17,47.779999,49.180000,47.779999,47.900002,47.900002,5900
2019-05-20,47.200001,48.507999,46.570000,47.189999,47.189999,7200
2019-05-21,47.439999,47.500000,46.099998,46.099998,46.099998,3300
2019-05-22,47.000000,47.000000,45.209999,45.209999,45.209999,3000
2019-05-23,44.849998,48.500000,44.849998,48.500000,48.500000,5800
2019-05-24,48.500000,48.500000,48.500000,48.500000,48.500000,700
2019-05-28,45.310001,46.119999,43.669998,44.250000,44.250000,10300
2019-05-29,43.500000,45.599998,43.500000,45.459999,45.459999,6600
2019-05-30,45.500000,45.500000,41.549999,44.820000,44.820000,16400
2019-05-31,44.400002,44.520000,42.805000,44.520000,44.520000,6200
2019-06-03,42.950001,44.709999,42.900002,43.500000,43.500000,6100
2019-06-04,44.354000,44.430000,43.150002,43.900002,43.900002,4800
2019-06-05,44.110001,44.110001,39.000000,39.580002,39.580002,44900
2019-06-06,40.009998,42.355000,39.840000,40.500000,40.500000,5400
2019-06-07,40.009998,41.130001,40.009998,40.310001,40.310001,2400
2019-06-10,40.230000,41.450001,39.009998,39.330002,39.330002,7200
2019-06-11,39.630001,41.470001,38.419998,41.470001,41.470001,8300
2019-06-12,39.810001,40.549999,39.250000,39.410000,39.410000,4200
2019-06-13,40.310001,40.410000,38.275002,38.980000,38.980000,6700
2019-06-14,38.500000,38.689999,34.549999,34.590000,34.590000,10400
2019-06-17,34.209999,39.500000,33.980000,39.490002,39.490002,10400
2019-06-18,39.480000,40.290001,37.340000,37.820000,37.820000,8200
2019-06-19,37.669998,38.080002,35.549999,36.009998,36.009998,18100
2019-06-20,36.250000,38.299999,34.130001,35.500000,35.500000,6500
2019-06-21,35.330002,38.700001,34.200001,34.200001,34.200001,16100
2019-06-24,34.980000,34.980000,32.840000,32.840000,32.840000,4100
2019-06-25,34.599998,34.599998,31.100000,31.760000,31.760000,19900
2019-06-26,31.900000,32.270000,30.183001,31.340000,31.340000,17200
2019-06-27,33.549999,34.000000,30.900000,30.900000,30.900000,14400
2019-06-28,31.299999,32.820000,30.700001,31.790001,31.790001,81200
2019-07-01,32.220001,33.548000,29.500000,30.530001,30.530001,19700
2019-07-02,31.150000,31.379999,27.000000,27.860001,27.860001,61100
2019-07-03,28.330000,30.680000,28.330000,28.410000,28.410000,5600
2019-07-05,28.620001,28.740000,26.150000,27.799999,27.799999,16100
2019-07-08,28.400000,28.799999,27.350000,27.420000,27.420000,17900
2019-07-09,27.910000,27.910000,25.770000,26.309999,26.309999,28100
2019-07-10,26.530001,27.010000,25.889999,26.459999,26.459999,14900
2019-07-11,26.610001,27.639999,26.500000,27.160000,27.160000,23600
2019-07-12,27.320000,28.959999,27.240000,27.990000,27.990000,14200
2019-07-15,28.500000,31.018999,27.860001,30.520000,30.520000,19700
2019-07-16,30.709999,33.000000,30.400000,32.389999,32.389999,17200
2019-07-17,32.000000,34.064999,32.000000,33.669998,33.669998,16600
2019-07-18,34.195000,34.470001,33.320000,33.590000,33.590000,11700
2019-07-19,33.689999,33.689999,30.410000,30.520000,30.520000,16400
2019-07-22,31.700001,32.259998,30.723000,31.980000,31.980000,7800
2019-07-23,31.719999,33.990002,31.620001,31.620001,31.620001,27200
2019-07-24,32.540001,32.959999,31.400000,31.500000,31.500000,4900
2019-07-25,32.389999,34.380001,31.450001,33.500000,33.500000,14100
2019-07-26,34.000000,34.480000,33.500000,33.709999,33.709999,6500
2019-07-29,33.880001,35.270000,33.502998,34.689999,34.689999,11900
2019-07-30,34.939999,35.290001,34.430000,34.790001,34.790001,7400
2019-07-31,35.250000,35.720001,34.310001,34.310001,34.310001,4000
2019-08-01,34.000000,34.000000,32.790001,32.849998,32.849998,8500
2019-08-02,33.675999,34.000000,31.030001,33.000000,33.000000,11500
2019-08-05,33.540001,33.540001,31.219999,31.559999,31.559999,7500
2019-08-06,32.750000,32.750000,29.570000,29.950001,29.950001,7800
2019-08-07,30.150000,30.150000,28.139999,28.709999,28.709999,28500
2019-08-08,28.480000,29.358999,27.850000,28.520000,28.520000,23300
2019-08-09,28.200001,29.400000,28.000000,28.200001,28.200001,61700
2019-08-12,28.240000,28.860001,27.940001,28.740000,28.740000,10400
2019-08-13,28.500000,28.590000,27.702999,28.080000,28.080000,11000
2019-08-14,27.969999,28.500000,27.120001,27.270000,27.270000,11500
2019-08-15,27.780001,27.780001,26.500000,27.070999,27.070999,11200
2019-08-16,26.549999,27.070000,26.160000,26.790001,26.790001,11500
2019-08-19,27.090000,27.750000,26.275000,26.275000,26.275000,13800
2019-08-20,26.150000,26.250000,23.500000,25.530001,25.530001,42100
2019-08-21,25.809999,26.350000,24.980000,25.600000,25.600000,10600
2019-08-22,25.799999,26.020000,25.240000,25.240000,25.240000,800
2019-08-23,25.750000,26.000000,24.150000,24.969999,24.969999,3300
2019-08-26,24.250999,24.309999,23.180000,24.000000,24.000000,7700
2019-08-27,24.080000,24.209999,23.980000,23.980000,23.980000,900
2019-08-28,23.969999,25.610001,23.969999,24.010000,24.010000,3000
2019-08-29,24.260000,25.360001,24.250000,25.129999,25.129999,5500
2019-08-30,25.080000,25.916000,24.980000,25.250000,25.250000,3700
2019-09-03,24.990000,25.490000,24.270000,24.730000,24.730000,4200
2019-09-04,24.590000,24.990000,24.030001,24.450001,24.450001,5000
2019-09-05,24.969999,27.405001,24.969999,26.299999,26.299999,13600
2019-09-06,26.540001,27.059999,26.139999,26.500000,26.500000,8700
2019-09-09,27.590000,27.590000,25.850000,25.850000,25.850000,3100
2019-09-10,26.049999,26.049999,25.250000,25.540001,25.540001,1500
2019-09-11,26.100000,26.320000,25.840000,26.000000,26.000000,4700
2019-09-12,25.799999,25.799999,25.740000,25.740000,25.740000,400
2019-09-13,25.740000,25.900000,25.312000,25.370001,25.370001,900
2019-09-16,25.330000,25.330000,24.850000,24.850000,24.850000,600
2019-09-17,25.150000,25.150000,23.889999,24.180000,24.180000,7200
2019-09-18,24.200001,25.250000,24.000000,24.590000,24.590000,13800
2019-09-19,24.650000,24.650000,21.530001,22.469999,22.469999,29100
2019-09-20,22.629999,22.820000,21.299999,22.190001,22.190001,18100
2019-09-23,22.170000,22.670000,19.990000,20.950001,20.950001,28100
2019-09-24,21.000000,21.860001,19.549999,20.150000,20.150000,26000
2019-09-25,20.309999,22.150000,20.100000,20.250000,20.250000,17400
2019-09-26,20.490000,21.610001,19.430000,21.610001,21.610001,21200
2019-09-27,21.840000,24.139999,21.840000,23.450001,23.450001,21200
2019-09-30,23.650000,24.799999,23.650000,24.240000,24.240000,16200
2019-10-01,24.469999,25.420000,24.065001,24.916000,24.916000,12200
2019-10-02,24.889999,26.620001,24.280001,25.850000,25.850000,29400
2019-10-03,26.129999,29.709999,26.129999,28.709999,28.709999,28700
2019-10-04,28.799999,29.200001,28.100000,28.750000,28.750000,21000
2019-10-07,28.900000,28.990000,26.940001,27.590000,27.590000,17300
2019-10-08,27.299999,27.389999,25.400000,26.080000,26.080000,17700
2019-10-09,26.000000,26.000000,24.600000,25.840000,25.840000,10000
2019-10-10,25.639999,26.680000,23.100000,25.420000,25.420000,14200
2019-10-11,25.420000,25.735001,24.087000,24.750000,24.750000,11500
2019-10-14,24.500000,24.500000,23.200001,24.080000,24.080000,4600
2019-10-15,23.900000,24.410000,23.040001,23.049999,23.049999,7400
2019-10-16,22.780001,23.406000,22.330000,22.670000,22.670000,6500
2019-10-17,22.459999,22.809999,22.215000,22.809999,22.809999,7100
2019-10-18,22.049999,22.610001,22.049999,22.459999,22.459999,5500
2019-10-21,22.150000,22.537001,22.100000,22.537001,22.537001,4700
2019-10-22,22.790001,22.790001,22.299999,22.320000,22.320000,2300
2019-10-23,22.299999,22.358000,21.889999,22.209999,22.209999,2600
2019-10-24,22.420000,22.590000,21.420000,21.830000,21.830000,3300
2019-10-25,22.000000,22.790001,21.150000,21.150000,21.150000,3500
2019-10-28,21.150000,22.528000,20.100000,20.450001,20.450001,13500
2019-10-29,20.500000,24.500000,20.500000,22.440001,22.440001,14900
2019-10-30,21.000000,22.957001,21.000000,21.750000,21.750000,58100
2019-10-31,22.020000,24.250000,22.000000,23.910000,23.910000,14300
2019-11-01,24.002001,25.326000,23.959999,24.820000,24.820000,13300
2019-11-04,24.650000,24.650000,22.610001,22.610001,22.610001,21700
2019-11-05,22.830000,23.980000,22.000000,22.650000,22.650000,15700
2019-11-06,22.370001,23.313000,21.070000,21.639999,21.639999,61600
2019-11-07,21.540001,21.867001,21.190001,21.190001,21.190001,27900
2019-11-08,22.049999,22.049999,21.160000,21.299999,21.299999,20100
2019-11-11,21.254999,21.740000,21.254999,21.738001,21.738001,19500
2019-11-12,21.510000,24.417999,21.510000,23.990000,23.990000,25500
2019-11-13,23.660000,23.660000,21.750000,21.770000,21.770000,15000
2019-11-14,21.750000,22.934999,21.420000,22.379999,22.379999,38800
2019-11-15,22.170000,22.780001,22.096001,22.250000,22.250000,19300
2019-11-18,22.309999,23.730000,22.309999,23.620001,23.620001,17700
2019-11-19,23.809999,24.000000,22.530001,22.860001,22.860001,13700
2019-11-20,22.790001,23.920000,22.000000,23.250000,23.250000,17300
2019-11-21,23.000000,25.120001,23.000000,24.670000,24.670000,17800
2019-11-22,24.714001,25.840000,24.299999,25.840000,25.840000,14600
2019-11-25,25.902000,26.590000,24.799999,24.799999,24.799999,18000
2019-11-26,25.499001,26.010000,23.150000,24.010000,24.010000,13000
2019-11-27,23.294001,24.219999,22.722000,23.580000,23.580000,15000
2019-11-29,23.280001,24.299999,23.280001,23.559999,23.559999,5000
2019-12-02,23.549999,23.920000,23.330000,23.889000,23.889000,5000
2019-12-03,23.610001,24.160000,23.145000,23.240000,23.240000,2500
2019-12-04,23.870001,23.920000,23.010000,23.010000,23.010000,4700
2019-12-05,23.520000,23.520000,22.770000,22.990000,22.990000,7200
2019-12-06,22.920000,24.219999,22.920000,23.559999,23.559999,11300
2019-12-09,23.920000,24.955000,23.570000,24.370001,24.370001,17400
2019-12-10,24.240000,24.820000,24.125000,24.320000,24.320000,9400
2019-12-11,24.570000,25.020000,23.299999,24.639999,24.639999,14800
2019-12-12,24.070000,25.267000,24.070000,24.600000,24.600000,17800
2019-12-13,24.549999,25.514999,24.309999,25.514999,25.514999,13200
2019-12-16,25.450001,25.719999,24.850000,25.410000,25.410000,10300
2019-12-17,24.510000,25.440001,23.884001,24.799999,24.799999,15200
2019-12-18,25.110001,25.500000,24.730000,24.930000,24.930000,6600
2019-12-19,24.400000,25.000000,24.360001,24.889999,24.889999,4700
2019-12-20,24.510000,25.500000,24.100000,24.490000,24.490000,8800
2019-12-23,24.320000,24.990000,24.209999,24.700001,24.700001,9900
2019-12-24,24.540001,25.690001,24.511999,24.910000,24.910000,14300
2019-12-26,25.280001,25.280001,24.430000,24.430000,24.430000,2700
2019-12-27,24.290001,24.730000,24.240000,24.240000,24.240000,6100
2019-12-30,24.320000,24.320000,23.440001,23.980000,23.980000,14600
2019-12-31,23.841000,24.030001,23.600000,23.600000,23.600000,8400
2020-01-02,23.702999,24.030001,23.702999,23.799999,23.799999,2500
2020-01-03,23.840000,23.840000,23.639999,23.639999,23.639999,1200
2020-01-06,24.000000,24.709999,23.646000,23.830000,23.830000,2800
2020-01-07,23.639999,23.760000,23.440001,23.440001,23.440001,2000
2020-01-08,22.920000,23.230000,22.879999,23.103001,23.103001,2000
2020-01-09,23.219999,23.219999,23.100000,23.219999,23.219999,2000
2020-01-10,23.330000,23.340000,23.228001,23.230000,23.230000,2500
2020-01-13,23.250000,23.250000,23.030001,23.030001,23.030001,1600
2020-01-14,23.100000,23.379999,23.059999,23.059999,23.059999,2700
2020-01-15,23.559999,23.559999,23.090000,23.090000,23.090000,2100
2020-01-16,22.971001,23.080000,22.971001,23.080000,23.080000,1000
2020-01-17,23.250000,23.260000,23.110001,23.110001,23.110001,1200
2020-01-21,23.049999,23.469999,23.049999,23.469999,23.469999,7600
2020-01-22,23.240000,24.950001,23.240000,24.850000,24.850000,21900
2020-01-23,24.510000,24.510000,23.830000,24.000000,24.000000,21700
2020-01-24,23.740000,24.260000,23.680000,24.000000,24.000000,7300
2020-01-27,23.900000,24.719999,23.500000,23.629999,23.629999,11500
2020-01-28,23.850000,24.620001,23.850000,24.500000,24.500000,6100
2020-01-29,23.900000,24.299999,23.830000,23.830000,23.830000,3700
2020-01-30,23.730000,24.020000,23.680000,23.809999,23.809999,4100
2020-01-31,23.730000,24.450001,23.730000,24.070000,24.070000,5900
2020-02-03,24.299999,24.944000,24.000000,24.650000,24.650000,6200
2020-02-04,24.790001,25.360001,24.280001,24.590000,24.590000,11400
2020-02-05,24.400000,25.103001,24.379999,24.730000,24.730000,6000
2020-02-06,25.010000,27.832001,25.000000,25.520000,25.520000,9700
2020-02-07,25.389999,26.309999,23.709999,24.490000,24.490000,38600
2020-02-10,24.330000,24.605000,24.000000,24.000000,24.000000,7200
2020-02-11,24.299999,24.299999,23.340000,23.381001,23.381001,27100
2020-02-12,23.490000,23.780001,23.250000,23.309999,23.309999,26400
2020-02-13,23.250000,23.490000,23.250000,23.299999,23.299999,3600
2020-02-14,23.250000,23.386000,23.250000,23.386000,23.386000,2000
2020-02-18,23.600000,23.600000,23.270000,23.489000,23.489000,3500
2020-02-19,23.516001,23.549999,23.299999,23.500000,23.500000,7100
2020-02-20,23.415001,23.415001,23.250000,23.250000,23.250000,6600
2020-02-21,23.308001,23.490000,23.308001,23.320000,23.320000,1800
2020-02-24,23.320000,23.379999,22.209999,23.129999,23.129999,11000
2020-02-25,23.570000,23.700001,22.750000,23.219999,23.219999,23800
2020-02-26,22.908001,22.908001,22.500000,22.780001,22.780001,5300
2020-02-27,22.586000,22.586000,20.860001,21.530001,21.530001,24800
2020-02-28,21.020000,21.169001,20.660000,20.850000,20.850000,8500
2020-03-02,20.910000,21.350000,19.490000,19.750000,19.750000,33500
2020-03-03,19.500000,20.000000,19.290001,19.500000,19.500000,19300
2020-03-04,19.500000,19.620001,19.450001,19.500000,19.500000,7000
2020-03-05,19.280001,19.350000,18.750000,19.059999,19.059999,16900
2020-03-06,18.549999,18.549999,17.700001,18.100000,18.100000,36400
2020-03-09,17.190001,17.190001,15.064000,15.910000,15.910000,51600
2020-03-10,15.000000,15.820000,14.230000,14.250000,14.250000,37200
2020-03-11,14.000000,14.200000,10.005000,10.280000,10.280000,31900
2020-03-12,10.370000,11.430000,9.130000,10.010000,10.010000,21600
2020-03-13,10.130000,10.720000,10.130000,10.450000,10.450000,9300
2020-03-16,8.500000,9.340000,8.500000,8.550000,8.550000,14400
2020-03-17,7.685000,8.120000,6.510000,6.790000,6.790000,31300
2020-03-18,6.780000,6.780000,5.851000,6.238000,6.238000,10500
2020-03-19,6.350000,6.350000,5.320000,6.000000,6.000000,4100
2020-03-20,6.090000,6.150000,6.000000,6.000000,6.000000,7600
2020-03-23,5.950000,5.950000,4.960000,5.010000,5.010000,4200
2020-03-24,5.310000,5.500000,5.040000,5.100000,5.100000,6400
2020-03-25,5.350000,6.000000,5.350000,6.000000,6.000000,27200
2020-03-26,6.180000,9.260000,6.000000,8.000000,8.000000,27000
2020-03-27,8.100000,10.480000,8.100000,8.110000,8.110000,12000
2020-03-30,8.070000,8.070000,6.170000,6.460000,6.460000,10100
2020-03-31,6.800000,6.800000,5.750000,5.750000,5.750000,6600
2020-04-01,6.190000,6.384000,6.080000,6.240000,6.240000,4200
2020-04-02,6.230000,6.730000,6.230000,6.730000,6.730000,2400
2020-04-03,6.970000,6.970000,6.050000,6.270000,6.270000,6000
2020-04-06,6.420000,6.810000,6.160000,6.510000,6.510000,10400
2020-04-07,7.000000,7.250000,6.700000,6.800000,6.800000,18500
2020-04-08,7.170000,7.900000,7.155000,7.860000,7.860000,2900
2020-04-09,8.650000,9.210000,7.880000,7.880000,7.880000,12300
2020-04-13,7.900000,7.900000,7.050000,7.245000,7.245000,4200
2020-04-14,7.260000,8.570000,7.260000,8.500000,8.500000,7600
2020-04-15,8.420000,8.590000,7.615000,8.023000,8.023000,5700
2020-04-16,7.815000,7.815000,7.700000,7.700000,7.700000,1100
2020-04-17,8.000000,8.860000,7.950000,8.060000,8.060000,6700
2020-04-20,8.210000,8.210000,7.500000,7.837000,7.837000,2600
2020-04-21,7.250000,7.270000,7.193000,7.260000,7.260000,4300
2020-04-22,7.990000,8.300000,7.050000,7.342000,7.342000,10200
2020-04-23,7.500000,7.980000,7.150000,7.200000,7.200000,7000
2020-04-24,7.410000,7.580000,6.560000,6.890000,6.890000,12900
2020-04-27,7.300000,7.300000,6.770000,6.970000,6.970000,13400
2020-04-28,7.080000,7.650000,6.770000,7.430000,7.430000,7200
2020-04-29,7.600000,8.500000,7.530000,8.450000,8.450000,14000
2020-04-30,8.700000,9.350000,7.530000,9.350000,9.350000,10300
2020-05-01,9.340000,9.340000,7.230000,7.900000,7.900000,18700
2020-05-04,7.900000,7.900000,6.840000,7.030000,7.030000,24400
2020-05-05,7.790000,8.560000,7.040000,7.440000,7.440000,20700
2020-05-06,7.070000,7.590000,6.850000,7.140000,7.140000,21900
2020-05-07,7.220000,7.230000,6.780000,7.000000,7.000000,13500