Date,Open,High,Low,Close,Adj Close,Volume
2016-08-12,8.000000,8.370000,7.361000,8.000000,8.000000,848700
2016-08-15,8.000000,8.740000,7.950000,8.300000,8.300000,836100
2016-08-16,8.400000,8.400000,8.100000,8.110000,8.110000,196900
2016-08-17,8.100000,8.220000,7.520000,8.198000,8.198000,226300
2016-08-18,8.120000,9.650000,8.120000,9.200000,9.200000,456300
2016-08-19,9.050000,10.750000,8.760000,9.950000,9.950000,465300
2016-08-22,10.200000,10.490000,9.760000,10.300000,10.300000,431200
2016-08-23,10.400000,11.360000,10.100000,11.320000,11.320000,576100
2016-08-24,11.500000,12.150000,10.230000,10.530000,10.530000,681500
2016-08-25,10.300000,10.890000,10.080000,10.620000,10.620000,112100
2016-08-26,10.410000,11.200000,10.340000,10.700000,10.700000,226100
2016-08-29,11.330000,12.490000,10.860000,12.490000,12.490000,927100
2016-08-30,12.740000,13.280000,11.800000,12.550000,12.550000,750900
2016-08-31,12.490000,12.500000,11.580000,11.665000,11.665000,344400
2016-09-01,11.650000,12.100000,11.550000,11.860000,11.860000,317600
2016-09-02,11.770000,12.439000,11.160000,11.570000,11.570000,487300
2016-09-06,11.660000,11.950000,11.130000,11.610000,11.610000,307800
2016-09-07,11.590000,14.000000,11.590000,13.950000,13.950000,1400000
2016-09-08,13.700000,14.840000,13.130000,13.920000,13.920000,761300
2016-09-09,14.030000,14.047000,12.700000,13.230000,13.230000,468300
2016-09-12,12.950000,13.690000,12.580000,13.280000,13.280000,320700
2016-09-13,13.340000,13.502000,12.630000,12.800000,12.800000,221400
2016-09-14,12.900000,13.500000,12.900000,13.000000,13.000000,242800
2016-09-15,13.050000,15.390000,13.050000,15.350000,15.350000,1033100
2016-09-16,15.000000,15.177000,14.180000,14.200000,14.200000,441000
2016-09-19,14.730000,14.905000,14.200000,14.570000,14.570000,424200
2016-09-20,14.870000,16.910000,14.760000,16.120001,16.120001,1078000
2016-09-21,14.950000,16.400000,14.326000,16.049999,16.049999,1036500
2016-09-22,16.469999,16.770000,15.250000,15.510000,15.510000,349400
2016-09-23,15.140000,15.900000,14.651000,15.580000,15.580000,315900
2016-09-26,15.400000,15.549000,14.770000,14.900000,14.900000,350900
2016-09-27,15.250000,15.900000,14.500000,15.630000,15.630000,453300
2016-09-28,15.780000,16.940001,15.480000,16.610001,16.610001,540000
2016-09-29,16.500000,16.790001,15.500000,15.960000,15.960000,284600
2016-09-30,16.000000,16.049000,15.601000,15.760000,15.760000,130000
2016-10-03,16.030001,16.209999,14.800000,15.080000,15.080000,205200
2016-10-04,15.260000,15.290000,13.710000,14.110000,14.110000,242800
2016-10-05,13.670000,14.500000,12.840000,13.710000,13.710000,332100
2016-10-06,13.580000,13.800000,12.620000,13.190000,13.190000,227500
2016-10-07,13.100000,14.230000,12.250000,13.950000,13.950000,300400
2016-10-10,14.330000,15.350000,14.110000,15.190000,15.190000,382400
2016-10-11,15.210000,15.890000,14.150000,14.590000,14.590000,312500
2016-10-12,14.600000,15.389000,14.280000,14.870000,14.870000,143200
2016-10-13,14.820000,14.820000,14.120000,14.750000,14.750000,115100
2016-10-14,14.860000,15.101000,14.350000,14.640000,14.640000,64900
2016-10-17,14.810000,14.810000,13.770000,13.940000,13.940000,113000
2016-10-18,14.430000,14.500000,13.751000,14.350000,14.350000,140600
2016-10-19,14.570000,14.890000,13.900000,14.000000,14.000000,55800
2016-10-20,14.260000,14.260000,13.660000,14.150000,14.150000,50700
2016-10-21,13.890000,14.140000,13.580000,13.940000,13.940000,41400
2016-10-24,13.980000,14.650000,13.900000,14.430000,14.430000,95200
2016-10-25,14.510000,14.750000,14.050000,14.240000,14.240000,47000
2016-10-26,13.970000,14.390000,13.920000,14.050000,14.050000,84500
2016-10-27,14.070000,14.350000,12.913000,12.990000,12.990000,101600
2016-10-28,13.100000,13.310000,12.540000,12.650000,12.650000,74700
2016-10-31,13.290000,13.510000,12.500000,12.510000,12.510000,72300
2016-11-01,12.550000,12.700000,12.230000,12.400000,12.400000,39700
2016-11-02,12.160000,12.717000,12.150000,12.240000,12.240000,44100
2016-11-03,12.250000,12.567000,11.350000,11.720000,11.720000,74900
2016-11-04,11.900000,12.640000,11.500000,11.980000,11.980000,76400
2016-11-07,12.130000,12.300000,12.030000,12.110000,12.110000,65800
2016-11-08,12.414000,12.880000,12.100000,12.760000,12.760000,60800
2016-11-09,12.100000,14.700000,11.481000,14.280000,14.280000,224200
2016-11-10,14.430000,14.861000,14.072000,14.280000,14.280000,131900
2016-11-11,14.650000,15.500000,14.450000,15.260000,15.260000,235100
2016-11-14,15.850000,19.469999,15.500000,19.450001,19.450001,867000
2016-11-15,20.250000,28.500000,20.250000,23.290001,23.290001,776000
2016-11-16,24.000000,24.976000,20.500000,22.200001,22.200001,688700
2016-11-17,22.190001,27.379999,21.590000,26.340000,26.340000,406600
2016-11-18,26.500000,29.299999,22.760000,24.990000,24.990000,733100
2016-11-21,24.500000,25.799999,23.018000,25.750000,25.750000,287100
2016-11-22,26.090000,27.969999,25.469999,26.750000,26.750000,201400
2016-11-23,26.920000,27.139999,26.209999,26.950001,26.950001,64800
2016-11-25,23.799999,24.677000,22.209999,23.309999,23.309999,374200
2016-11-28,22.730000,23.379999,18.180000,20.000000,20.000000,897000
2016-11-29,19.350000,20.679001,18.379999,18.389999,18.389999,457200
2016-11-30,18.750000,19.889999,18.719999,19.610001,19.610001,258600
2016-12-01,20.110001,20.570000,18.000000,19.059999,19.059999,273700
2016-12-02,18.730000,19.200001,17.570000,17.959999,17.959999,219100
2016-12-05,17.959999,18.462999,16.610001,16.990000,16.990000,201600
2016-12-06,16.900000,17.900000,16.280001,17.799999,17.799999,181000
2016-12-07,17.690001,20.900000,17.690001,20.750000,20.750000,609100
2016-12-08,21.520000,22.400000,18.389999,18.620001,18.620001,777500
2016-12-09,18.260000,19.900000,17.549999,18.250000,18.250000,1978400
2016-12-12,18.500000,18.809999,17.900000,18.459999,18.459999,301900
2016-12-13,18.559999,19.190001,17.860001,18.299999,18.299999,375100
2016-12-14,17.309999,17.350000,14.800000,15.320000,15.320000,1307900
2016-12-15,15.510000,15.670000,13.760000,14.010000,14.010000,766200
2016-12-16,14.390000,15.410000,14.099000,15.260000,15.260000,576800
2016-12-19,15.350000,15.750000,14.794000,15.080000,15.080000,334700
2016-12-20,15.200000,15.400000,14.980000,15.270000,15.270000,172500
2016-12-21,15.280000,15.800000,15.010000,15.280000,15.280000,128800
2016-12-22,15.270000,15.490000,14.801000,15.180000,15.180000,130300
2016-12-23,15.120000,15.200000,14.620000,14.620000,14.620000,163200
2016-12-27,15.000000,15.020000,14.500000,14.910000,14.910000,141600
2016-12-28,14.900000,15.250000,14.550000,14.910000,14.910000,65500
2016-12-29,14.820000,15.420000,13.910000,14.310000,14.310000,288100
2016-12-30,14.310000,14.550000,13.950000,14.400000,14.400000,159200
2017-01-03,14.400000,14.451000,13.620000,13.890000,13.890000,150700
2017-01-04,14.000000,14.660000,13.728000,14.610000,14.610000,198600
2017-01-05,14.780000,16.049999,14.400000,15.970000,15.970000,328700
2017-01-06,16.000000,16.459999,15.250000,15.260000,15.260000,359900
2017-01-09,15.120000,15.950000,14.750000,15.720000,15.720000,158800
2017-01-10,15.990000,15.990000,14.920000,15.510000,15.510000,124900
2017-01-11,15.480000,15.750000,15.250000,15.360000,15.360000,75100
2017-01-12,15.330000,15.640000,14.730000,14.950000,14.950000,87900
2017-01-13,15.010000,16.709999,15.010000,16.129999,16.129999,516900
2017-01-17,16.299999,16.410000,15.500000,15.850000,15.850000,172800
2017-01-18,15.820000,15.820000,15.340000,15.450000,15.450000,186700
2017-01-19,15.420000,16.240000,15.420000,15.600000,15.600000,209900
2017-01-20,15.600000,17.680000,15.600000,17.309999,17.309999,723900
2017-01-23,17.420000,18.200001,16.760000,17.190001,17.190001,457300
2017-01-24,17.299999,17.400000,16.549999,16.590000,16.590000,216800
2017-01-25,16.629999,17.171000,16.270000,16.270000,16.270000,190900
2017-01-26,16.389999,17.040001,15.900000,16.100000,16.100000,144500
2017-01-27,16.010000,16.280001,15.840000,15.870000,15.870000,75200
2017-01-30,15.750000,16.490000,15.130000,16.320000,16.320000,326100
2017-01-31,16.110001,17.549999,16.000000,17.379999,17.379999,313400
2017-02-01,17.350000,17.549999,16.700001,16.740000,16.740000,94300
2017-02-02,16.709999,16.940001,16.270000,16.360001,16.360001,102100
2017-02-03,16.360001,17.129999,16.190001,16.719999,16.719999,163500
2017-02-06,16.790001,17.020000,16.370001,16.500000,16.500000,94900
2017-02-07,16.500000,16.889999,15.700000,16.070000,16.070000,254600
2017-02-08,16.000000,16.490000,15.850000,16.330000,16.330000,113800
2017-02-09,16.240000,16.500000,15.920000,16.200001,16.200001,98500
2017-02-10,16.129999,17.250000,16.000000,16.700001,16.700001,462900
2017-02-13,17.100000,17.139999,16.049999,16.490000,16.490000,244100
2017-02-14,16.650000,16.650000,15.860000,16.080000,16.080000,242700
2017-02-15,16.080000,16.100000,15.590000,15.690000,15.690000,289600
2017-02-16,15.800000,15.800000,14.700000,14.940000,14.940000,922200
2017-02-17,16.940001,17.000000,14.960000,15.090000,15.090000,1130400
2017-02-21,15.250000,15.390000,13.330000,13.420000,13.420000,1137200
2017-02-22,13.520000,14.200000,13.212000,13.780000,13.780000,550300
2017-02-23,13.890000,13.890000,13.350000,13.680000,13.680000,251100
2017-02-24,13.600000,13.600000,13.250000,13.310000,13.310000,289000
2017-02-27,13.280000,13.390000,13.134000,13.240000,13.240000,216500
2017-02-28,13.170000,13.244000,12.410000,12.600000,12.600000,396400
2017-03-01,12.720000,13.980000,12.500000,13.730000,13.730000,753700
2017-03-02,13.800000,13.950000,12.750000,12.780000,12.780000,391900
2017-03-03,12.780000,12.800000,12.120000,12.420000,12.420000,377000
2017-03-06,12.230000,12.660000,12.020000,12.520000,12.520000,249800
2017-03-07,12.670000,13.280000,12.550000,13.130000,13.130000,230200
2017-03-08,13.200000,13.650000,13.020000,13.260000,13.260000,235700
2017-03-09,13.340000,13.470000,12.850000,13.110000,13.110000,94600
2017-03-10,13.130000,13.250000,12.510000,12.580000,12.580000,208000
2017-03-13,12.600000,12.909000,12.460000,12.630000,12.630000,134700
2017-03-14,12.540000,12.628000,12.142000,12.490000,12.490000,127300
2017-03-15,12.470000,12.880000,12.220000,12.820000,12.820000,200400
2017-03-16,12.990000,14.050000,12.810000,14.020000,14.020000,394700
2017-03-17,14.000000,14.600000,13.460000,14.490000,14.490000,621100
2017-03-20,14.500000,14.505000,14.020000,14.420000,14.420000,155500
2017-03-21,14.500000,14.500000,13.960000,14.040000,14.040000,258000
2017-03-22,13.970000,14.078000,13.710000,14.020000,14.020000,88000
2017-03-23,14.000000,14.240000,13.880000,14.100000,14.100000,70700
2017-03-24,14.200000,14.740000,14.030000,14.500000,14.500000,131600
2017-03-27,14.120000,14.580000,13.810000,14.350000,14.350000,102000
2017-03-28,14.350000,14.470000,14.090000,14.370000,14.370000,115900
2017-03-29,14.400000,14.580000,14.110000,14.200000,14.200000,78900
2017-03-30,14.200000,15.480000,14.061000,15.160000,15.160000,371200
2017-03-31,15.210000,15.690000,15.010000,15.160000,15.160000,213600
2017-04-03,15.110000,15.314000,14.530000,14.740000,14.740000,115000
2017-04-04,14.630000,14.900000,14.540000,14.700000,14.700000,61100
2017-04-05,14.680000,14.890000,14.210000,14.450000,14.450000,80900
2017-04-06,14.370000,14.840000,14.020000,14.720000,14.720000,71500
2017-04-07,14.650000,14.860000,14.400000,14.820000,14.820000,76900
2017-04-10,15.000000,15.090000,14.505000,14.960000,14.960000,80200
2017-04-11,14.920000,15.550000,14.920000,15.290000,15.290000,170300
2017-04-12,15.320000,15.340000,14.992000,15.220000,15.220000,80500
2017-04-13,15.190000,15.200000,14.800000,15.020000,15.020000,62600
2017-04-17,15.010000,15.040000,14.300000,14.620000,14.620000,127300
2017-04-18,14.530000,15.018000,14.480000,14.600000,14.600000,115900
2017-04-19,14.590000,14.815000,14.400000,14.510000,14.510000,51800
2017-04-20,14.540000,14.788000,14.390000,14.460000,14.460000,50700
2017-04-21,14.400000,14.900000,14.250000,14.670000,14.670000,77200
2017-04-24,14.900000,14.970000,14.582000,14.870000,14.870000,105500
2017-04-25,14.930000,15.430000,14.710000,15.200000,15.200000,278400
2017-04-26,15.220000,15.420000,15.070000,15.190000,15.190000,98500
2017-04-27,15.180000,15.250000,14.800000,14.960000,14.960000,164000
2017-04-28,15.000000,15.050000,14.520000,14.910000,14.910000,145700
2017-05-01,14.860000,15.040000,14.531000,14.890000,14.890000,129500
2017-05-02,14.950000,15.050000,14.280000,14.500000,14.500000,176500
2017-05-03,14.420000,14.460000,14.010000,14.200000,14.200000,157000
2017-05-04,15.450000,16.230000,14.250000,14.430000,14.430000,477900
2017-05-05,14.450000,14.456000,13.620000,13.810000,13.810000,272400
2017-05-08,13.820000,14.020000,13.080000,13.610000,13.610000,212000
2017-05-09,13.530000,13.920000,13.390000,13.890000,13.890000,147300
2017-05-10,13.810000,14.330000,13.710000,14.300000,14.300000,120400
2017-05-11,14.220000,14.290000,13.920000,14.080000,14.080000,118900
2017-05-12,14.090000,14.340000,13.980000,14.000000,14.000000,104900
2017-05-15,14.130000,14.340000,13.960000,14.070000,14.070000,58700
2017-05-16,14.050000,14.300000,14.030000,14.060000,14.060000,72200
2017-05-17,13.920000,14.070000,13.670000,13.680000,13.680000,60900
2017-05-18,13.660000,14.070000,13.490000,13.560000,13.560000,84600
2017-05-19,13.570000,13.809000,13.380000,13.540000,13.540000,85400
2017-05-22,13.550000,14.000000,13.475000,13.950000,13.950000,65100
2017-05-23,13.970000,14.003000,13.650000,13.660000,13.660000,64900
2017-05-24,13.700000,13.940000,13.560000,13.790000,13.790000,62400
2017-05-25,13.770000,13.880000,13.530000,13.780000,13.780000,114100
2017-05-26,13.800000,13.910000,13.680000,13.750000,13.750000,43500
2017-05-30,13.700000,13.810000,13.470000,13.480000,13.480000,43900
2017-05-31,13.500000,13.530000,13.160000,13.330000,13.330000,57300
2017-06-01,13.390000,13.940000,13.150000,13.860000,13.860000,82900
2017-06-02,13.750000,14.500000,13.750000,14.360000,14.360000,122200
2017-06-05,14.360000,14.780000,14.269000,14.500000,14.500000,81800
2017-06-06,14.440000,14.930000,14.220000,14.400000,14.400000,126100
2017-06-07,14.480000,14.662000,14.202000,14.600000,14.600000,44600
2017-06-08,14.510000,14.900000,14.510000,14.900000,14.900000,104600
2017-06-09,14.880000,15.540000,13.800000,14.260000,14.260000,252200
2017-06-12,14.140000,14.529000,13.800000,14.420000,14.420000,116200
2017-06-13,14.440000,14.680000,14.180000,14.390000,14.390000,85000
2017-06-14,14.430000,14.740000,14.140000,14.680000,14.680000,56000
2017-06-15,14.440000,14.710000,13.950000,14.090000,14.090000,65700
2017-06-16,14.120000,14.549000,13.920000,14.290000,14.290000,55500
2017-06-19,14.300000,14.390000,13.933000,14.120000,14.120000,27900
2017-06-20,14.160000,14.436000,13.750000,14.040000,14.040000,51000
2017-06-21,14.030000,14.300000,13.900000,13.920000,13.920000,38200
2017-06-22,13.960000,14.560000,13.960000,14.390000,14.390000,54900
2017-06-23,14.420000,14.530000,14.250000,14.530000,14.530000,67700
2017-06-26,14.570000,14.890000,14.500000,14.790000,14.790000,81200
2017-06-27,14.831000,15.000000,14.310000,14.360000,14.360000,71700
2017-06-28,14.400000,14.600000,14.260000,14.360000,14.360000,35600
2017-06-29,14.280000,14.540000,13.720000,13.870000,13.870000,67400
2017-06-30,13.880000,14.180000,13.880000,14.180000,14.180000,31900
2017-07-03,14.080000,14.390000,13.770000,13.860000,13.860000,16400
2017-07-05,13.890000,13.980000,13.510000,13.770000,13.770000,28700
2017-07-06,13.510000,14.080000,13.510000,13.700000,13.700000,33000
2017-07-07,13.680000,14.090000,13.600000,13.980000,13.980000,25800
2017-07-10,13.800000,14.050000,13.680000,13.850000,13.850000,33600
2017-07-11,13.760000,14.020000,13.750000,13.760000,13.760000,22600
2017-07-12,13.820000,14.000000,13.750000,13.900000,13.900000,29300
2017-07-13,14.000000,14.050000,13.660000,13.880000,13.880000,123500
2017-07-14,13.950000,14.040000,13.600000,13.670000,13.670000,88400
2017-07-17,13.700000,13.805000,13.460000,13.620000,13.620000,62600
2017-07-18,13.500000,13.500000,13.300000,13.380000,13.380000,50400
2017-07-19,13.340000,13.590000,13.240000,13.430000,13.430000,132800
2017-07-20,13.470000,13.570000,13.120000,13.510000,13.510000,146500
2017-07-21,13.550000,13.590000,13.220000,13.570000,13.570000,60300
2017-07-24,13.550000,13.765000,13.550000,13.700000,13.700000,57700
2017-07-25,13.830000,13.879000,13.700000,13.710000,13.710000,47400
2017-07-26,13.710000,13.780000,13.650000,13.750000,13.750000,52700
2017-07-27,13.770000,13.770000,13.160000,13.600000,13.600000,59700
2017-07-28,13.480000,13.600000,13.200000,13.280000,13.280000,93400
2017-07-31,13.310000,13.650000,12.820000,13.550000,13.550000,115600
2017-08-01,13.520000,13.600000,12.900000,13.180000,13.180000,72400
2017-08-02,13.160000,13.160000,12.560000,13.010000,13.010000,88800
2017-08-03,12.970000,13.250000,12.780000,13.040000,13.040000,71300
2017-08-04,13.000000,13.360000,12.834000,13.200000,13.200000,77700
2017-08-07,13.230000,13.670000,13.100000,13.650000,13.650000,144500
2017-08-08,13.850000,13.850000,10.060000,10.570000,10.570000,1093600
2017-08-09,10.570000,10.820000,10.060000,10.780000,10.780000,268600
2017-08-10,10.760000,10.770000,9.900000,10.010000,10.010000,394600
2017-08-11,10.030000,10.200000,9.360000,9.630000,9.630000,212300
2017-08-14,9.750000,10.050000,9.700000,9.910000,9.910000,292400
2017-08-15,10.000000,10.160000,9.750000,10.000000,10.000000,237300
2017-08-16,9.800000,9.990000,9.730000,9.810000,9.810000,198800
2017-08-17,9.800000,9.890000,9.420000,9.680000,9.680000,219400
2017-08-18,9.680000,9.740000,9.520000,9.600000,9.600000,222900
2017-08-21,9.750000,10.000000,9.350000,9.400000,9.400000,177500
2017-08-22,9.440000,9.820000,9.400000,9.780000,9.780000,76600
2017-08-23,9.700000,9.799000,9.620000,9.670000,9.670000,78300
2017-08-24,9.980000,11.470000,9.790000,11.100000,11.100000,485500
2017-08-25,11.180000,11.300000,10.250000,10.270000,10.270000,232800
2017-08-28,10.440000,10.489000,10.000000,10.320000,10.320000,125200
2017-08-29,10.130000,10.480000,10.130000,10.430000,10.430000,99900
2017-08-30,10.500000,10.930000,10.430000,10.650000,10.650000,112000
2017-08-31,10.750000,11.120000,10.520000,10.980000,10.980000,147700
2017-09-01,11.070000,11.150000,10.910000,11.080000,11.080000,108500
2017-09-05,11.000000,11.052000,10.770000,10.900000,10.900000,85200
2017-09-06,10.950000,10.980000,10.610000,10.770000,10.770000,91000
2017-09-07,10.690000,10.690000,8.810000,9.090000,9.090000,1054000
2017-09-08,9.210000,9.210000,8.850000,8.890000,8.890000,406900
2017-09-11,8.950000,9.180000,8.720000,8.820000,8.820000,494000
2017-09-12,8.890000,9.150000,8.880000,9.050000,9.050000,155200
2017-09-13,9.100000,9.380000,8.950000,9.210000,9.210000,204900
2017-09-14,9.460000,9.790000,9.400000,9.400000,9.400000,156000
2017-09-15,9.610000,9.610000,9.330000,9.330000,9.330000,240100
2017-09-18,9.250000,9.349000,9.050000,9.080000,9.080000,114900
2017-09-19,9.100000,9.190000,9.050000,9.090000,9.090000,76600
2017-09-20,9.000000,9.160000,8.960000,9.060000,9.060000,95800
2017-09-21,9.060000,9.140000,9.010000,9.060000,9.060000,41300
2017-09-22,9.100000,9.385000,9.060000,9.300000,9.300000,165500
2017-09-25,9.240000,9.270000,8.830000,8.940000,8.940000,116400
2017-09-26,8.980000,8.980000,8.760000,8.860000,8.860000,92200
2017-09-27,8.870000,9.180000,8.770000,9.050000,9.050000,87700
2017-09-28,9.000000,9.140000,8.970000,9.100000,9.100000,97400
2017-09-29,9.115000,9.390000,9.090000,9.090000,9.090000,111100
2017-10-02,9.100000,9.234000,9.000000,9.120000,9.120000,79700
2017-10-03,9.060000,9.360000,9.060000,9.310000,9.310000,41700
2017-10-04,9.230000,9.390000,9.180000,9.360000,9.360000,66900
2017-10-05,9.290000,9.530000,9.290000,9.430000,9.430000,50400
2017-10-06,9.420000,9.480000,9.250000,9.310000,9.310000,33500
2017-10-09,9.310000,9.590000,9.150000,9.540000,9.540000,52000
2017-10-10,9.460000,9.590000,9.340000,9.340000,9.340000,46300
2017-10-11,9.380000,9.520000,9.250000,9.290000,9.290000,101400
2017-10-12,9.200000,9.260000,9.040000,9.180000,9.180000,81400
2017-10-13,9.070000,9.240000,9.040000,9.050000,9.050000,71500
2017-10-16,9.060000,9.180000,8.920000,8.990000,8.990000,79600
2017-10-17,8.940000,9.150000,8.930000,9.100000,9.100000,66500
2017-10-18,9.050000,9.110000,8.997000,9.060000,9.060000,26300
2017-10-19,9.040000,9.190000,8.823000,9.190000,9.190000,58900
2017-10-20,9.240000,9.240000,8.960000,9.050000,9.050000,94800
2017-10-23,9.020000,9.165000,8.971000,9.050000,9.050000,60400
2017-10-24,9.050000,9.290000,9.020000,9.090000,9.090000,80500
2017-10-25,9.100000,9.140000,8.850000,9.130000,9.130000,90900
2017-10-26,9.110000,9.370000,8.900000,9.080000,9.080000,59100
2017-10-27,9.050000,9.070000,8.370000,8.450000,8.450000,145800
2017-10-30,8.460000,8.700000,8.460000,8.540000,8.540000,64500
2017-10-31,8.520000,8.740000,8.381000,8.720000,8.720000,54100
2017-11-01,8.750000,8.890000,8.380000,8.500000,8.500000,116200
2017-11-02,8.550000,8.580000,7.600000,7.815000,7.815000,263300
2017-11-03,7.770000,7.900000,7.670000,7.820000,7.820000,54100
2017-11-06,7.870000,7.870000,7.500000,7.580000,7.580000,160800
2017-11-07,7.570000,7.600000,7.350000,7.400000,7.400000,298500
2017-11-08,7.310000,7.595000,7.310000,7.490000,7.490000,153000
2017-11-09,7.500000,8.020000,7.325000,7.990000,7.990000,346800
2017-11-10,7.700000,8.840000,7.560000,8.490000,8.490000,329000
2017-11-13,8.490000,8.830000,8.260000,8.770000,8.770000,85600
2017-11-14,8.680000,9.100000,8.680000,9.100000,9.100000,141600
2017-11-15,9.070000,9.070000,8.720000,8.750000,8.750000,35000
2017-11-16,8.850000,9.250000,8.780000,9.140000,9.140000,64900
2017-11-17,9.170000,9.457000,9.140000,9.400000,9.400000,75000
2017-11-20,9.490000,9.600000,9.260000,9.560000,9.560000,90800
2017-11-21,9.680000,9.880000,9.550000,9.850000,9.850000,205900
2017-11-22,9.850000,10.090000,9.750000,9.960000,9.960000,95600
2017-11-24,10.030000,10.030000,9.600000,9.640000,9.640000,28600
2017-11-27,9.630000,9.740000,9.531000,9.670000,9.670000,33500
2017-11-28,9.640000,9.860000,9.460000,9.810000,9.810000,70600
2017-11-29,9.850000,9.900000,9.410000,9.600000,9.600000,45900
2017-11-30,9.710000,9.710000,9.270000,9.490000,9.490000,67100
2017-12-01,9.480000,9.480000,9.100000,9.290000,9.290000,74600
2017-12-04,9.330000,9.330000,8.830000,9.050000,9.050000,91800
2017-12-05,9.010000,9.270000,8.870000,9.080000,9.080000,34200
2017-12-06,9.010000,9.180000,8.940000,9.070000,9.070000,55000
2017-12-07,9.130000,9.470000,9.020000,9.390000,9.390000,54100
2017-12-08,9.430000,9.640000,9.380000,9.570000,9.570000,64000
2017-12-11,9.600000,9.620000,9.200000,9.500000,9.500000,70800
2017-12-12,9.420000,9.680000,9.420000,9.680000,9.680000,63700
2017-12-13,9.700000,10.210000,9.540000,10.120000,10.120000,105900
2017-12-14,10.180000,10.180000,9.850000,9.960000,9.960000,64100
2017-12-15,9.960000,10.110000,9.670000,9.720000,9.720000,47400
2017-12-18,9.720000,9.920000,9.299000,9.510000,9.510000,133200
2017-12-19,9.550000,9.715000,9.260000,9.490000,9.490000,30700
2017-12-20,9.450000,9.680000,9.310000,9.520000,9.520000,24000
2017-12-21,9.540000,9.600000,9.390000,9.440000,9.440000,54300
2017-12-22,9.400000,9.423000,8.860000,8.960000,8.960000,92100
2017-12-26,8.750000,8.920000,8.520000,8.690000,8.690000,160700
2017-12-27,8.620000,8.905000,8.500000,8.530000,8.530000,81100
2017-12-28,8.500000,9.480000,8.500000,9.370000,9.370000,214400
2017-12-29,9.300000,9.360000,8.894000,8.990000,8.990000,96500
2018-01-02,9.060000,9.649000,9.030000,9.240000,9.240000,33300
2018-01-03,9.210000,9.610000,9.110000,9.450000,9.450000,81200
2018-01-04,9.530000,9.530000,9.180000,9.380000,9.380000,59100
2018-01-05,9.450000,9.660000,9.230000,9.490000,9.490000,41100
2018-01-08,9.510000,9.518000,9.160000,9.260000,9.260000,37300
2018-01-09,9.240000,9.490000,9.240000,9.380000,9.380000,31800
2018-01-10,9.280000,9.400000,9.203000,9.350000,9.350000,36800
2018-01-11,9.330000,9.520000,9.140000,9.200000,9.200000,46500
2018-01-12,9.230000,9.620000,9.230000,9.270000,9.270000,156700
2018-01-16,9.410000,9.650000,9.150000,9.250000,9.250000,47900
2018-01-17,9.240000,9.540000,9.189000,9.310000,9.310000,26100
2018-01-18,9.320000,9.990000,9.245000,9.930000,9.930000,93600
2018-01-19,9.980000,11.240000,9.700000,10.940000,10.940000,307600
2018-01-22,10.910000,11.000000,10.500000,10.980000,10.980000,89300
2018-01-23,10.980000,11.118000,10.510000,10.810000,10.810000,162600
2018-01-24,10.850000,10.959000,10.286000,10.460000,10.460000,91300
2018-01-25,10.540000,10.760000,10.201000,10.290000,10.290000,75800
2018-01-26,10.380000,10.390000,10.211000,10.310000,10.310000,27700
2018-01-29,10.260000,10.390000,9.961000,10.170000,10.170000,27300
2018-01-30,10.110000,10.450000,10.023000,10.160000,10.160000,32300
2018-01-31,10.308000,10.308000,9.760000,9.780000,9.780000,40000
2018-02-01,9.750000,10.000000,9.540000,9.700000,9.700000,32100
2018-02-02,9.590000,9.830000,9.360000,9.390000,9.390000,35700
2018-02-05,9.350000,9.560000,9.030000,9.110000,9.110000,30300
2018-02-06,9.130000,9.680000,9.130000,9.510000,9.510000,33400
2018-02-07,9.507000,9.770000,9.434000,9.550000,9.550000,21800
2018-02-08,9.480000,9.800000,9.100000,9.760000,9.760000,171600
2018-02-09,9.850000,9.850000,9.170000,9.495000,9.495000,83700
2018-02-12,9.560000,9.709000,9.320000,9.410000,9.410000,65100
2018-02-13,9.280000,9.550000,9.175000,9.500000,9.500000,41100
2018-02-14,9.480000,9.743000,9.450000,9.650000,9.650000,62600
2018-02-15,9.700000,10.408000,9.660000,10.280000,10.280000,155300
2018-02-16,10.240000,10.240000,8.601000,9.380000,9.380000,371500
2018-02-20,9.370000,9.540000,8.822000,9.350000,9.350000,206300
2018-02-21,9.390000,9.550000,9.100000,9.130000,9.130000,50300
2018-02-22,9.190000,9.330000,8.750000,9.040000,9.040000,60900
2018-02-23,9.019000,9.050000,8.790000,9.000000,9.000000,85900
2018-02-26,9.030000,9.416000,8.810000,9.340000,9.340000,85700
2018-02-27,9.350000,9.380000,9.010000,9.010000,9.010000,40400
2018-02-28,9.070000,9.470000,9.030000,9.130000,9.130000,137600
2018-03-01,9.160000,9.210000,8.710000,8.750000,8.750000,88500
2018-03-02,8.680000,9.060000,8.350000,9.050000,9.050000,79000
2018-03-05,8.980000,9.350000,8.710000,9.190000,9.190000,72300
2018-03-06,9.220000,9.310000,8.990000,9.010000,9.010000,100200
2018-03-07,8.930000,9.260000,8.930000,9.110000,9.110000,29700
2018-03-08,9.250000,9.250000,9.030000,9.050000,9.050000,22800
2018-03-09,9.000000,9.080000,8.716000,9.000000,9.000000,39600
2018-03-12,8.978000,9.190000,8.978000,9.088000,9.088000,19600
2018-03-13,9.130000,9.230000,9.020000,9.090000,9.090000,27400
2018-03-14,9.120000,9.120000,8.860000,8.910000,8.910000,25500
2018-03-15,8.910000,9.000000,8.650000,8.980000,8.980000,67200
2018-03-16,8.970000,9.140000,8.640000,9.080000,9.080000,82100
2018-03-19,9.100000,9.240000,8.810000,9.000000,9.000000,47200
2018-03-20,9.040000,9.080000,8.910000,8.910000,8.910000,4900
2018-03-21,8.890000,9.100000,8.838000,8.950000,8.950000,21700
2018-03-22,8.930000,9.100000,8.620000,8.740000,8.740000,26300
2018-03-23,8.750000,8.750000,8.120000,8.370000,8.370000,63400
2018-03-26,8.500000,9.030000,8.020000,8.240000,8.240000,82800
2018-03-27,8.260000,8.300000,7.660000,7.830000,7.830000,39100
2018-03-28,7.950000,8.000000,7.810000,7.890000,7.890000,31100
2018-03-29,8.071000,8.380000,7.740000,7.740000,7.740000,33200
2018-04-02,7.740000,8.010000,7.400000,7.500000,7.500000,44500
2018-04-03,7.590000,7.830000,7.450000,7.640000,7.640000,20300
2018-04-04,7.590000,7.900000,7.590000,7.830000,7.830000,13200
2018-04-05,8.279000,8.279000,7.896000,7.950000,7.950000,13700
2018-04-06,7.924000,8.030000,7.860000,7.920000,7.920000,7600
2018-04-09,7.910000,8.220000,7.910000,7.990000,7.990000,17500
2018-04-10,8.060000,8.250000,7.980000,8.150000,8.150000,32600
2018-04-11,8.160000,8.490000,8.160000,8.370000,8.370000,51400
2018-04-12,8.280000,8.360000,8.036000,8.220000,8.220000,35200
2018-04-13,8.180000,8.330000,8.050000,8.290000,8.290000,5200
2018-04-16,8.450000,8.540000,8.203000,8.515000,8.515000,9300
2018-04-17,8.540000,9.010000,8.540000,8.650000,8.650000,42900
2018-04-18,8.790000,8.800000,8.220000,8.390000,8.390000,32300
2018-04-19,8.545000,8.800000,8.160000,8.210000,8.210000,40000
2018-04-20,8.190000,8.200000,8.050000,8.120000,8.120000,11300
2018-04-23,8.120000,8.330000,8.050000,8.190000,8.190000,9000
2018-04-24,8.300000,8.300000,7.820000,8.180000,8.180000,31300
2018-04-25,8.120000,8.350000,8.020000,8.080000,8.080000,21800
2018-04-26,8.248000,8.373000,8.150000,8.150000,8.150000,10200
2018-04-27,8.150000,8.380000,8.000000,8.090000,8.090000,22400
2018-04-30,7.920000,8.120000,7.460000,7.950000,7.950000,75200
2018-05-01,7.990000,8.230000,7.911000,8.210000,8.210000,69400
2018-05-02,8.040000,8.380000,8.040000,8.250000,8.250000,44900
2018-05-03,8.250000,8.265000,8.000000,8.040000,8.040000,153400
2018-05-04,7.500000,8.290000,7.500000,8.090000,8.090000,65900
2018-05-07,8.180000,8.300000,8.135000,8.150000,8.150000,28600
2018-05-08,8.160000,8.380000,8.090000,8.150000,8.150000,159400
2018-05-09,8.170000,8.224000,7.930000,7.990000,7.990000,126200
2018-05-10,8.190000,8.190000,7.981000,8.120000,8.120000,143700
2018-05-11,8.200000,8.329000,7.900000,7.940000,7.940000,118400
2018-05-14,7.930000,8.115000,7.880000,8.030000,8.030000,91000
2018-05-15,8.045000,8.050000,7.870000,7.980000,7.980000,73000
2018-05-16,7.950000,8.340000,7.950000,8.170000,8.170000,47400
2018-05-17,8.200000,8.320000,8.060000,8.140000,8.140000,40500
2018-05-18,8.150000,8.400000,8.100000,8.330000,8.330000,20600
2018-05-21,8.300000,8.530000,8.300000,8.372000,8.372000,11600
2018-05-22,8.410000,8.590000,8.405000,8.450000,8.450000,23100
2018-05-23,8.410000,8.460000,8.300000,8.430000,8.430000,39000
2018-05-24,8.290000,8.400000,8.200000,8.240000,8.240000,48900
2018-05-25,8.190000,8.600000,8.110000,8.180000,8.180000,73800
2018-05-29,8.150000,8.150000,7.960000,8.050000,8.050000,17800
2018-05-30,8.050000,8.300000,8.050000,8.180000,8.180000,108900
2018-05-31,8.250000,8.350000,8.185000,8.250000,8.250000,95800
2018-06-01,8.270000,8.390000,8.200000,8.350000,8.350000,59800
2018-06-04,8.430000,8.600000,8.305000,8.490000,8.490000,89300
2018-06-05,8.430000,8.640000,8.270000,8.420000,8.420000,28400
2018-06-06,8.420000,8.645000,8.370000,8.370000,8.370000,101200
2018-06-07,8.420000,8.632000,8.420000,8.450000,8.450000,32300
2018-06-08,8.460000,8.630000,8.402000,8.410000,8.410000,33500
2018-06-11,8.420000,8.500000,8.300000,8.380000,8.380000,52700
2018-06-12,8.500000,8.500000,8.220000,8.370000,8.370000,29800
2018-06-13,8.290000,8.324000,7.850000,8.030000,8.030000,54600
2018-06-14,8.050000,9.050000,7.970000,9.010000,9.010000,183000
2018-06-15,8.960000,9.380000,8.960000,9.350000,9.350000,92300
2018-06-18,9.370000,9.440000,9.015000,9.280000,9.280000,48900
2018-06-19,9.220000,9.270000,8.976000,9.120000,9.120000,43000
2018-06-20,9.130000,9.170000,9.020000,9.060000,9.060000,14800
2018-06-21,9.023000,9.185000,8.800000,8.800000,8.800000,53300
2018-06-22,8.950000,8.950000,8.647000,8.770000,8.770000,42000
2018-06-25,8.750000,8.790000,8.530000,8.690000,8.690000,38400
2018-06-26,8.626000,9.000000,8.531000,8.970000,8.970000,32900
2018-06-27,9.040000,9.050000,8.652000,8.860000,8.860000,87200
2018-06-28,8.840000,9.020000,8.670000,9.010000,9.010000,28100
2018-06-29,9.030000,9.190000,8.880000,9.190000,9.190000,29200
2018-07-02,9.090000,9.415000,9.080000,9.200000,9.200000,20300
2018-07-03,9.240000,9.700000,9.153000,9.660000,9.660000,29000
2018-07-05,9.660000,9.980000,9.500000,9.750000,9.750000,48800
2018-07-06,9.820000,10.189000,9.750000,10.120000,10.120000,83400
2018-07-09,10.150000,10.505000,10.110000,10.410000,10.410000,59800
2018-07-10,10.340000,11.050000,10.310000,10.860000,10.860000,99600
2018-07-11,10.900000,10.934000,10.617000,10.650000,10.650000,77800
2018-07-12,10.630000,10.650000,10.550000,10.580000,10.580000,10300
2018-07-13,10.570000,10.620000,10.460000,10.510000,10.510000,22400
2018-07-16,10.469000,10.770000,10.420000,10.480000,10.480000,17300
2018-07-17,10.460000,10.750000,10.460000,10.580000,10.580000,25200
2018-07-18,10.540000,10.755000,10.410000,10.740000,10.740000,37400
2018-07-19,10.800000,10.880000,10.400000,10.410000,10.410000,66300
2018-07-20,10.400000,10.845000,10.320000,10.500000,10.500000,100200
2018-07-23,10.510000,10.590000,10.330000,10.555000,10.555000,30600
2018-07-24,10.760000,10.795000,10.250000,10.340000,10.340000,112400
2018-07-25,10.271000,10.590000,10.080000,10.290000,10.290000,45500
2018-07-26,10.240000,10.310000,9.860000,9.860000,9.860000,26600
2018-07-27,9.900000,9.970000,9.670000,9.760000,9.760000,6400
2018-07-30,9.770000,9.820000,9.532000,9.820000,9.820000,6500
2018-07-31,9.960000,9.990000,9.850000,9.940000,9.940000,6300
2018-08-01,9.979000,9.979000,9.680000,9.760000,9.760000,6200
2018-08-02,9.721000,9.810000,9.250000,9.400000,9.400000,37200
2018-08-03,9.310000,9.370000,9.060000,9.080000,9.080000,50700
2018-08-06,9.070000,9.180000,9.000000,9.065000,9.065000,45200
2018-08-07,9.060000,9.110000,8.535000,9.075000,9.075000,40100
2018-08-08,8.750000,9.130000,8.340000,9.050000,9.050000,128900
2018-08-09,9.030000,9.670000,9.030000,9.650000,9.650000,63100
2018-08-10,11.000000,11.500000,10.650000,11.380000,11.380000,387100
2018-08-13,10.910000,11.630000,10.780000,11.300000,11.300000,163000
2018-08-14,11.340000,11.550000,11.060000,11.440000,11.440000,129500
2018-08-15,11.300000,11.860000,11.272000,11.790000,11.790000,108700
2018-08-16,11.790000,12.150000,11.780000,12.100000,12.100000,177400
2018-08-17,12.150000,12.160000,11.783000,11.940000,11.940000,73100
2018-08-20,11.940000,12.080000,11.811000,12.000000,12.000000,45600
2018-08-21,12.000000,12.000000,11.770000,11.960000,11.960000,32200
2018-08-22,12.000000,12.000000,11.910000,11.990000,11.990000,28700
2018-08-23,11.868000,12.150000,11.868000,12.130000,12.130000,87000
2018-08-24,12.010000,12.219000,11.100000,11.340000,11.340000,78500
2018-08-27,11.360000,11.950000,11.360000,11.780000,11.780000,48400
2018-08-28,11.880000,12.000000,11.780000,11.950000,11.950000,48100
2018-08-29,11.940000,11.990000,11.711000,11.930000,11.930000,32700
2018-08-30,11.990000,11.990000,11.750000,11.880000,11.880000,25100
2018-08-31,11.840000,11.980000,11.840000,11.900000,11.900000,30100
2018-09-04,11.830000,11.970000,11.720000,11.900000,11.900000,38900
2018-09-05,11.900000,11.900000,11.325000,11.330000,11.330000,58100
2018-09-06,11.260000,11.880000,11.250000,11.680000,11.680000,50400
2018-09-07,11.800000,11.930000,11.745000,11.760000,11.760000,53500
2018-09-10,11.610000,11.900000,11.610000,11.700000,11.700000,25800
2018-09-11,11.720000,12.000000,11.720000,11.910000,11.910000,17000
2018-09-12,11.950000,12.220000,11.820000,12.150000,12.150000,32400
2018-09-13,12.150000,12.980000,12.150000,12.660000,12.660000,147100
2018-09-14,12.690000,12.985000,12.662000,12.890000,12.890000,44800
2018-09-17,12.890000,12.960000,12.500000,12.540000,12.540000,29500
2018-09-18,12.530000,12.759000,12.310000,12.730000,12.730000,25100
2018-09-19,12.790000,13.410000,12.780000,13.210000,13.210000,55900
2018-09-20,13.280000,13.570000,13.068000,13.570000,13.570000,40700
2018-09-21,13.500000,13.800000,13.020000,13.120000,13.120000,53300
2018-09-24,13.010000,13.460000,12.860000,13.060000,13.060000,28300
2018-09-25,13.030000,13.470000,12.930000,13.380000,13.380000,25500
2018-09-26,13.490000,13.490000,12.970000,12.990000,12.990000,9300
2018-09-27,13.220000,13.394000,12.860000,13.020000,13.020000,72300
2018-09-28,13.050000,13.190000,13.040000,13.140000,13.140000,41000
2018-10-01,13.260000,13.870000,13.260000,13.680000,13.680000,38000
2018-10-02,13.670000,13.690000,13.420000,13.480000,13.480000,27500
2018-10-03,13.640000,13.680000,13.360000,13.370000,13.370000,24600
2018-10-04,13.380000,13.531000,13.000000,13.390000,13.390000,29700
2018-10-05,13.470000,13.490000,13.159000,13.230000,13.230000,41700
2018-10-08,13.113000,13.250000,12.580000,12.650000,12.650000,25200
2018-10-09,12.580000,12.940000,12.350000,12.780000,12.780000,27300
2018-10-10,12.660000,12.760000,12.050000,12.110000,12.110000,45600
2018-10-11,12.000000,12.680000,12.000000,12.520000,12.520000,25700
2018-10-12,12.680000,12.924000,12.225000,12.620000,12.620000,43200
2018-10-15,12.670000,12.860000,12.640000,12.830000,12.830000,18700
2018-10-16,12.900000,13.014000,12.700000,12.960000,12.960000,53900
2018-10-17,12.840000,13.100000,12.840000,12.960000,12.960000,22200
2018-10-18,13.010000,13.050000,12.824000,12.900000,12.900000,18800
2018-10-19,12.950000,12.950000,12.250000,12.550000,12.550000,14300
2018-10-22,12.610000,12.650000,12.300000,12.370000,12.370000,8500
2018-10-23,12.200000,12.400000,11.744000,12.000000,12.000000,59300
2018-10-24,12.080000,12.180000,11.585000,11.700000,11.700000,40800
2018-10-25,11.780000,12.070000,11.780000,11.920000,11.920000,19500
2018-10-26,11.900000,12.000000,11.780000,11.890000,11.890000,56900
2018-10-29,11.940000,11.970000,11.575000,11.770000,11.770000,48700
2018-10-30,11.680000,12.280000,11.680000,12.230000,12.230000,18800
2018-10-31,12.300000,12.900000,12.170000,12.830000,12.830000,29300
2018-11-01,12.900000,14.000000,12.890000,13.990000,13.990000,107500
2018-11-02,13.750000,14.170000,13.060000,13.860000,13.860000,144500
2018-11-05,13.860000,14.040000,13.438000,13.670000,13.670000,40200
2018-11-06,13.680000,13.910000,13.570000,13.850000,13.850000,46700
2018-11-07,13.950000,14.000000,13.246000,13.670000,13.670000,37400
2018-11-08,13.520000,13.950000,13.290000,13.900000,13.900000,57400
2018-11-09,13.950000,13.950000,13.560000,13.730000,13.730000,39600
2018-11-12,13.660000,13.760000,12.410000,12.550000,12.550000,84300
2018-11-13,12.530000,13.370000,12.500000,13.100000,13.100000,34400
2018-11-14,13.220000,13.325000,12.870000,13.090000,13.090000,48300
2018-11-15,12.930000,13.000000,12.470000,12.960000,12.960000,42800
2018-11-16,12.950000,13.000000,12.500000,12.810000,12.810000,90300
2018-11-19,12.700000,12.895000,12.500000,12.500000,12.500000,24000
2018-11-20,12.400000,12.760000,12.050000,12.550000,12.550000,25900
2018-11-21,12.710000,12.980000,12.520000,12.630000,12.630000,65000
2018-11-23,12.460000,12.990000,12.460000,12.710000,12.710000,13600
2018-11-26,12.800000,12.800000,12.579000,12.600000,12.600000,36300
2018-11-27,12.450000,12.890000,12.330000,12.850000,12.850000,56300
2018-11-28,12.900000,12.980000,12.710000,12.780000,12.780000,9800
2018-11-29,12.650000,12.910000,12.650000,12.720000,12.720000,12400
2018-11-30,12.720000,12.980000,12.160000,12.160000,12.160000,12100
2018-12-03,12.260000,12.690000,11.830000,12.340000,12.340000,44600
2018-12-04,12.350000,12.350000,11.750000,11.900000,11.900000,32900
2018-12-06,11.710000,11.975000,11.103000,11.750000,11.750000,12700
2018-12-07,11.720000,11.940000,10.765000,10.990000,10.990000,25300
2018-12-10,10.920000,11.300000,10.500000,10.940000,10.940000,52400
2018-12-11,11.030000,11.445000,11.030000,11.270000,11.270000,96000
2018-12-12,11.280000,11.680000,11.170000,11.480000,11.480000,39900
2018-12-13,11.590000,11.600000,11.270000,11.505000,11.505000,31300
2018-12-14,11.400000,11.490000,11.074000,11.220000,11.220000,12700
2018-12-17,11.120000,11.400000,10.520000,10.610000,10.610000,29900
2018-12-18,10.650000,11.110000,10.391000,10.391000,10.391000,34100
2018-12-19,10.380000,10.720000,10.130000,10.220000,10.220000,40600
2018-12-20,10.200000,10.340000,9.760000,9.820000,9.820000,41700
2018-12-21,9.790000,9.830000,8.810000,9.380000,9.380000,68800
2018-12-24,9.280000,9.465000,9.210000,9.370000,9.370000,21700
2018-12-26,9.430000,10.020000,9.380000,9.700000,9.700000,39600
2018-12-27,9.700000,9.980000,9.010000,9.610000,9.610000,38200
2018-12-28,9.720000,10.273000,9.500000,10.045000,10.045000,28100
2018-12-31,10.050000,10.280000,9.511000,9.910000,9.910000,80400
2019-01-02,9.790000,10.530000,9.625000,10.220000,10.220000,34500
2019-01-03,10.000000,10.430000,9.932000,10.230000,10.230000,10900
2019-01-04,9.940000,10.480000,9.940000,10.170000,10.170000,10300
2019-01-07,10.170000,10.480000,10.100000,10.260000,10.260000,19900
2019-01-08,10.340000,10.470000,10.250000,10.360000,10.360000,24100
2019-01-09,10.400000,10.936000,10.015000,10.530000,10.530000,24200
2019-01-10,10.500000,10.839000,10.115000,10.730000,10.730000,25200
2019-01-11,10.800000,10.850000,10.500000,10.670000,10.670000,22300
2019-01-14,10.630000,10.946000,10.540000,10.740000,10.740000,7200
2019-01-15,10.800000,11.360000,10.461000,11.360000,11.360000,48600
2019-01-16,11.380000,11.570000,11.080000,11.460000,11.460000,32600
2019-01-17,11.400000,11.580000,11.285000,11.500000,11.500000,34800
2019-01-18,11.490000,11.770000,11.125000,11.590000,11.590000,41100
2019-01-22,11.590000,11.935000,11.560000,11.710000,11.710000,17900
2019-01-23,11.610000,11.810000,10.420000,10.970000,10.970000,44900
2019-01-24,10.950000,11.315000,10.779000,10.990000,10.990000,48000
2019-01-25,10.980000,11.280000,10.903000,11.009000,11.009000,13900
2019-01-28,10.880000,11.010000,10.720000,11.000000,11.000000,6200
2019-01-29,11.020000,11.020000,10.800000,10.995000,10.995000,8300
2019-01-30,10.746000,11.000000,10.710000,10.860000,10.860000,12500
2019-01-31,10.820000,10.980000,10.750000,10.750000,10.750000,36800
2019-02-01,10.750000,10.850000,10.620000,10.750000,10.750000,48000
2019-02-04,10.750000,10.830000,10.630000,10.700000,10.700000,29200
2019-02-05,10.700000,10.819000,10.425000,10.520000,10.520000,23200
2019-02-06,10.500000,10.705000,10.210000,10.210000,10.210000,96300
2019-02-07,10.200000,10.610000,10.200000,10.390000,10.390000,18000
2019-02-08,10.380000,10.540000,10.200000,10.380000,10.380000,15700
2019-02-11,10.370000,10.630000,10.370000,10.500000,10.500000,6400
2019-02-12,10.570000,10.590000,10.010000,10.040000,10.040000,71300
2019-02-13,10.140000,10.210000,9.670000,9.740000,9.740000,77000
2019-02-14,9.750000,10.750000,9.267000,10.490000,10.490000,136300
2019-02-15,11.030000,12.100000,10.700000,11.880000,11.880000,240600
2019-02-19,11.820000,12.339000,11.630000,12.210000,12.210000,101100
2019-02-20,12.270000,12.460000,11.860000,11.870000,11.870000,52400
2019-02-21,11.870000,12.360000,11.765000,11.980000,11.980000,61000
2019-02-22,11.970000,12.373000,11.970000,12.350000,12.350000,54100
2019-02-25,12.330000,12.440000,12.070000,12.270000,12.270000,49400
2019-02-26,12.250000,12.770000,12.250000,12.630000,12.630000,44400
2019-02-27,12.620000,12.950000,12.600000,12.670000,12.670000,89700
2019-02-28,12.610000,12.780000,12.460000,12.620000,12.620000,22600
2019-03-01,12.700000,12.950000,12.690000,12.870000,12.870000,48100
2019-03-04,12.830000,13.855000,12.530000,13.830000,13.830000,248200
2019-03-05,13.900000,14.130000,13.640000,13.920000,13.920000,223900
2019-03-06,14.060000,14.060000,12.780000,13.030000,13.030000,86300
2019-03-07,13.210000,13.580000,13.020000,13.540000,13.540000,54500
2019-03-08,13.550000,13.550000,12.620000,13.210000,13.210000,71600
2019-03-11,13.370000,13.500000,13.250000,13.500000,13.500000,38300
2019-03-12,13.622000,13.650000,12.980000,13.250000,13.250000,35300
2019-03-13,13.250000,13.490000,13.139000,13.320000,13.320000,55000
2019-03-14,13.240000,13.240000,12.930000,13.110000,13.110000,52800
2019-03-15,13.110000,13.110000,11.740000,12.720000,12.720000,171100
2019-03-18,12.700000,12.950000,12.550000,12.890000,12.890000,125700
2019-03-19,12.980000,13.040000,12.844000,12.990000,12.990000,60100
2019-03-20,12.990000,13.045000,12.550000,12.550000,12.550000,58600
2019-03-21,12.550000,12.960000,12.550000,12.810000,12.810000,76700
2019-03-22,12.750000,12.824000,12.330000,12.710000,12.710000,60200
2019-03-25,12.600000,12.740000,12.327000,12.560000,12.560000,29400
2019-03-26,12.680000,12.860000,12.575000,12.820000,12.820000,47200
2019-03-27,12.840000,12.880000,12.503000,12.600000,12.600000,19500
2019-03-28,12.610000,12.650000,12.440000,12.600000,12.600000,31600
2019-03-29,12.590000,12.880000,12.560000,12.830000,12.830000,60600
2019-04-01,12.850000,12.850000,12.450000,12.500000,12.500000,49500
2019-04-02,12.490000,12.800000,12.270000,12.730000,12.730000,49600
2019-04-03,12.730000,12.860000,12.650000,12.810000,12.810000,74500
2019-04-04,12.810000,12.850000,12.560000,12.630000,12.630000,30700
2019-04-05,12.610000,12.730000,12.530000,12.680000,12.680000,121600
2019-04-08,12.690000,13.800000,12.690000,13.250000,13.250000,239800
2019-04-09,13.250000,13.990000,13.096000,13.870000,13.870000,131900
2019-04-10,13.890000,14.990000,13.824000,14.690000,14.690000,236600
2019-04-11,14.800000,16.190001,14.690000,15.740000,15.740000,666600
2019-04-12,16.030001,16.379000,15.540000,15.990000,15.990000,377800
2019-04-15,15.980000,16.226999,15.570000,15.950000,15.950000,196300
2019-04-16,16.150000,17.018999,15.880000,16.790001,16.790001,359300
2019-04-17,16.969999,17.250000,16.250000,16.480000,16.480000,286800
2019-04-18,16.290001,16.466999,13.510000,15.450000,15.450000,612800
2019-04-22,15.370000,16.090000,15.100000,15.780000,15.780000,129500
2019-04-23,15.390000,16.610001,15.110000,16.260000,16.260000,127100
2019-04-24,16.280001,16.709000,15.810000,16.219999,16.219999,109500
2019-04-25,16.200001,16.200001,14.880000,15.340000,15.340000,127800
2019-04-26,15.240000,16.070000,15.010000,15.990000,15.990000,124200
2019-04-29,15.980000,16.030001,15.200000,15.440000,15.440000,104200
2019-04-30,15.500000,16.139999,15.470000,15.970000,15.970000,127300
2019-05-01,16.000000,16.565001,15.880000,16.110001,16.110001,102500
2019-05-02,16.049999,16.260000,15.610000,15.680000,15.680000,84300
2019-05-03,15.710000,16.370001,15.680000,16.250000,16.250000,93500
2019-05-06,16.040001,16.620001,15.430000,15.740000,15.740000,122400
2019-05-07,15.650000,16.459999,15.620000,16.200001,16.200001,119200
2019-05-08,16.309999,16.389999,15.890000,16.219999,16.219999,108100
2019-05-09,15.990000,16.900000,15.510000,15.720000,15.720000,228200
2019-05-10,13.250000,15.660000,12.500000,15.420000,15.420000,488800
2019-05-13,15.030000,15.030000,14.135000,14.510000,14.510000,219800
2019-05-14,14.410000,15.200000,14.250000,15.000000,15.000000,183900
2019-05-15,14.890000,15.270000,14.800000,14.880000,14.880000,168500
2019-05-16,14.820000,14.990000,14.363000,14.540000,14.540000,83500
2019-05-17,14.350000,14.440000,13.840000,13.880000,13.880000,71700
2019-05-20,13.550000,13.990000,13.250000,13.540000,13.540000,170500
2019-05-21,13.500000,13.990000,13.350000,13.480000,13.480000,97500
2019-05-22,13.320000,13.820000,13.030000,13.100000,13.100000,102600
2019-05-23,13.040000,13.470000,12.900000,13.240000,13.240000,87200
2019-05-24,13.260000,13.520000,13.010000,13.240000,13.240000,95400
2019-05-28,13.240000,13.850000,13.240000,13.650000,13.650000,79400
2019-05-29,13.420000,13.600000,12.780000,12.870000,12.870000,127000
2019-05-30,12.900000,13.600000,12.900000,13.330000,13.330000,93500
2019-05-31,13.070000,13.130000,12.580000,12.820000,12.820000,109100
2019-06-03,12.800000,13.180000,12.230000,12.580000,12.580000,179100
2019-06-04,12.652000,13.360000,12.550000,13.230000,13.230000,126200
2019-06-05,13.410000,13.590000,13.200000,13.390000,13.390000,82200
2019-06-06,13.310000,13.780000,12.933000,13.610000,13.610000,269000
2019-06-07,13.640000,13.940000,13.395000,13.670000,13.670000,148600
2019-06-10,13.750000,14.000000,13.190000,13.380000,13.380000,158500
2019-06-11,13.560000,13.980000,13.290000,13.880000,13.880000,262500
2019-06-12,13.850000,14.540000,13.740000,14.450000,14.450000,135000
2019-06-13,14.450000,14.630000,14.040000,14.220000,14.220000,105200
2019-06-14,14.190000,14.640000,14.100000,14.510000,14.510000,110500
2019-06-17,14.550000,15.050000,13.720000,13.865000,13.865000,285300
2019-06-18,14.030000,14.100000,13.610000,13.910000,13.910000,97800
2019-06-19,13.910000,14.460000,13.700000,14.270000,14.270000,103400
2019-06-20,14.530000,15.450000,14.490000,15.070000,15.070000,160200
2019-06-21,15.090000,15.110000,14.590000,14.780000,14.780000,81400
2019-06-24,14.600000,14.700000,13.540000,13.580000,13.580000,160000
2019-06-25,14.060000,14.100000,13.590000,13.680000,13.680000,84700
2019-06-26,13.620000,13.990000,13.480000,13.570000,13.570000,79600
2019-06-27,13.490000,14.220000,13.430000,14.050000,14.050000,75400
2019-06-28,13.970000,14.650000,13.297000,14.150000,14.150000,1142700
2019-07-01,14.210000,14.950000,14.210000,14.840000,14.840000,136100
2019-07-02,14.850000,14.860000,14.260000,14.400000,14.400000,101500
2019-07-03,14.400000,14.660000,14.230000,14.610000,14.610000,38500
2019-07-05,14.590000,14.610000,14.360000,14.500000,14.500000,39900
2019-07-08,14.500000,14.500000,14.080000,14.200000,14.200000,45300
2019-07-09,14.060000,14.360000,14.030000,14.320000,14.320000,81100
2019-07-10,14.350000,14.660000,14.233000,14.640000,14.640000,42800
2019-07-11,14.580000,15.100000,14.475000,14.530000,14.530000,52100
2019-07-12,14.440000,14.810000,14.350000,14.390000,14.390000,56000
2019-07-15,14.290000,14.600000,14.140000,14.430000,14.430000,51400
2019-07-16,14.350000,14.820000,14.100000,14.200000,14.200000,73600
2019-07-17,14.130000,14.390000,13.970000,14.270000,14.270000,33600
2019-07-18,14.220000,14.330000,13.450000,13.620000,13.620000,123300
2019-07-19,13.570000,13.620000,13.000000,13.290000,13.290000,108600
2019-07-22,13.250000,13.410000,12.750000,12.910000,12.910000,106600
2019-07-23,12.910000,12.910000,12.300000,12.560000,12.560000,109100
2019-07-24,12.550000,13.160000,12.550000,13.110000,13.110000,140600
2019-07-25,13.120000,13.410000,12.890000,13.260000,13.260000,67400
2019-07-26,13.260000,13.428000,13.140000,13.240000,13.240000,42600
2019-07-29,13.110000,13.370000,12.755000,12.940000,12.940000,31300
2019-07-30,12.790000,13.335000,12.790000,13.260000,13.260000,60300
2019-07-31,13.285000,13.430000,12.980000,12.980000,12.980000,71000
2019-08-01,13.055000,13.230000,12.640000,12.690000,12.690000,52900
2019-08-02,12.420000,12.500000,11.900000,11.970000,11.970000,46000
2019-08-05,11.680000,11.870000,11.340000,11.400000,11.400000,89200
2019-08-06,11.370000,11.630000,11.143000,11.300000,11.300000,92800
2019-08-07,11.350000,11.910000,11.325000,11.600000,11.600000,131500
2019-08-08,11.540000,11.670000,10.860000,11.160000,11.160000,103200
2019-08-09,10.560000,11.860000,10.560000,11.720000,11.720000,277500
2019-08-12,11.810000,12.400000,11.765000,12.070000,12.070000,77500
2019-08-13,12.100000,12.480000,12.000000,12.410000,12.410000,76800
2019-08-14,12.250000,12.250000,11.590000,11.850000,11.850000,71700
2019-08-15,11.800000,12.000000,11.450000,11.590000,11.590000,67900
2019-08-16,11.660000,11.990000,11.660000,11.800000,11.800000,23700
2019-08-19,11.970000,11.970000,11.750000,11.790000,11.790000,83300
2019-08-20,11.740000,11.892000,11.650000,11.800000,11.800000,76500
2019-08-21,11.900000,11.900000,11.610000,11.630000,11.630000,35800
2019-08-22,11.600000,11.613000,11.250000,11.370000,11.370000,36300
2019-08-23,11.340000,11.427000,10.610000,10.980000,10.980000,71300
2019-08-26,11.130000,11.340000,10.930000,11.190000,11.190000,32700
2019-08-27,11.210000,11.210000,10.750000,10.790000,10.790000,41100
2019-08-28,10.790000,11.200000,10.555000,11.060000,11.060000,69400
2019-08-29,11.035000,11.459000,11.035000,11.190000,11.190000,31100
2019-08-30,11.240000,11.340000,10.980000,11.230000,11.230000,33600
2019-09-03,11.030000,11.190000,10.550000,10.650000,10.650000,105200
2019-09-04,10.650000,10.960000,10.560000,10.770000,10.770000,91400
2019-09-05,10.950000,11.208000,10.790000,11.010000,11.010000,84300
2019-09-06,11.040000,11.240000,10.860000,10.980000,10.980000,74600
2019-09-09,10.940000,11.310000,10.860000,11.170000,11.170000,67100
2019-09-10,11.600000,12.250000,11.180000,12.180000,12.180000,87500
2019-09-11,12.240000,12.690000,11.970000,12.570000,12.570000,50900
2019-09-12,12.590000,12.880000,12.190000,12.260000,12.260000,89300
2019-09-13,12.400000,12.740000,12.095000,12.570000,12.570000,75800
2019-09-16,12.490000,12.620000,12.225000,12.560000,12.560000,63300
2019-09-17,12.430000,12.570000,12.330000,12.530000,12.530000,29700
2019-09-18,12.500000,12.500000,12.040000,12.180000,12.180000,38000
2019-09-19,12.010000,12.360000,12.010000,12.130000,12.130000,30100
2019-09-20,12.160000,12.325000,11.790000,12.000000,12.000000,64800
2019-09-23,12.000000,12.160000,11.800000,12.080000,12.080000,51500
2019-09-24,12.120000,12.150000,11.650000,11.780000,11.780000,49700
2019-09-25,11.820000,12.160000,11.700000,12.120000,12.120000,59400
2019-09-26,12.140000,12.280000,11.945000,12.040000,12.040000,21600
2019-09-27,12.100000,12.380000,11.770000,11.950000,11.950000,33200
2019-09-30,11.824000,11.950000,11.710000,11.750000,11.750000,32200
2019-10-01,11.890000,11.890000,11.150000,11.290000,11.290000,66100
2019-10-02,11.200000,11.450000,11.000000,11.330000,11.330000,38400
2019-10-03,11.330000,11.400000,11.130000,11.240000,11.240000,20800
2019-10-04,11.240000,11.270000,11.080000,11.200000,11.200000,24500
2019-10-07,11.190000,11.500000,11.040000,11.290000,11.290000,29800
2019-10-08,11.110000,11.250000,10.820000,10.820000,10.820000,65400
2019-10-09,10.910000,10.990000,10.570000,10.670000,10.670000,56400
2019-10-10,10.600000,10.960000,10.590000,10.720000,10.720000,48700
2019-10-11,10.870000,11.210000,10.700000,10.750000,10.750000,44400
2019-10-14,10.620000,10.700000,10.570000,10.620000,10.620000,22600
2019-10-15,10.630000,10.940000,10.360000,10.490000,10.490000,42600
2019-10-16,10.510000,10.938000,10.380000,10.430000,10.430000,46400
2019-10-17,10.600000,10.940000,10.590000,10.830000,10.830000,39300
2019-10-18,10.730000,10.950000,10.550000,10.740000,10.740000,25400
2019-10-21,10.920000,11.170000,10.790000,11.040000,11.040000,44800
2019-10-22,11.000000,11.030000,10.800000,10.900000,10.900000,20900
2019-10-23,10.880000,11.060000,10.690000,10.830000,10.830000,34100
2019-10-24,10.800000,11.000000,10.570000,10.600000,10.600000,25900
2019-10-25,10.550000,10.715000,10.550000,10.600000,10.600000,24200
2019-10-28,10.640000,10.950000,10.620000,10.760000,10.760000,25200
2019-10-29,10.640000,11.240000,10.640000,11.230000,11.230000,50200
2019-10-30,11.250000,11.380000,10.975000,11.360000,11.360000,43000
2019-10-31,11.300000,11.700000,11.165000,11.370000,11.370000,67100
2019-11-01,11.460000,11.460000,10.970000,11.050000,11.050000,33100
2019-11-04,11.100000,11.260000,10.910000,10.940000,10.940000,18800
2019-11-05,10.940000,11.300000,10.930000,11.100000,11.100000,19000
2019-11-06,11.000000,11.330000,10.880000,11.180000,11.180000,40400
2019-11-07,11.340000,11.350000,11.040000,11.220000,11.220000,60900
2019-11-08,10.930000,11.570000,10.650000,11.400000,11.400000,66500
2019-11-11,11.300000,11.390000,9.940000,10.020000,10.020000,119600
2019-11-12,10.010000,10.340000,9.995000,10.260000,10.260000,135100
2019-11-13,10.150000,10.400000,10.150000,10.350000,10.350000,26000
2019-11-14,10.360000,10.590000,10.350000,10.560000,10.560000,66100
2019-11-15,10.630000,10.890000,10.410000,10.440000,10.440000,74100
2019-11-18,10.360000,10.570000,10.090000,10.190000,10.190000,60400
2019-11-19,10.230000,10.550000,10.100000,10.400000,10.400000,52900
2019-11-20,10.360000,10.690000,10.200000,10.420000,10.420000,61100
2019-11-21,10.450000,10.450000,9.800000,9.870000,9.870000,61400
2019-11-22,9.900000,10.170000,9.780000,9.810000,9.810000,50900
2019-11-25,9.770000,10.000000,9.770000,9.980000,9.980000,51000
2019-11-26,8.950000,9.180000,8.280000,8.660000,8.660000,441200
2019-11-27,8.610000,9.380000,8.610000,9.060000,9.060000,98300
2019-11-29,9.130000,9.570000,8.910000,9.440000,9.440000,80800
2019-12-02,9.430000,9.920000,9.350000,9.840000,9.840000,97300
2019-12-03,9.630000,9.930000,9.560000,9.890000,9.890000,60900
2019-12-04,9.940000,10.000000,9.820000,9.890000,9.890000,75500
2019-12-05,9.840000,10.050000,9.750000,9.860000,9.860000,51000
2019-12-06,9.890000,10.340000,9.890000,10.240000,10.240000,70500
2019-12-09,10.250000,10.330000,9.850000,9.850000,9.850000,60700
2019-12-10,9.850000,10.100000,9.850000,9.920000,9.920000,32700
2019-12-11,9.920000,10.170000,9.880000,10.090000,10.090000,32900
2019-12-12,10.080000,10.420000,10.060000,10.340000,10.340000,90800
2019-12-13,10.300000,10.412000,9.930000,10.160000,10.160000,31200
2019-12-16,10.220000,10.330000,9.750000,10.070000,10.070000,111500
2019-12-17,10.000000,10.330000,9.920000,10.290000,10.290000,52000
2019-12-18,10.220000,10.360000,10.180000,10.320000,10.320000,57500
2019-12-19,10.320000,10.350000,10.010000,10.200000,10.200000,57500
2019-12-20,10.210000,10.230000,10.070000,10.170000,10.170000,42900
2019-12-23,10.130000,10.520000,10.130000,10.480000,10.480000,38200
2019-12-24,10.580000,10.820000,10.547000,10.690000,10.690000,27400
2019-12-26,10.720000,10.720000,10.520000,10.640000,10.640000,41500
2019-12-27,10.650000,10.665000,10.430000,10.480000,10.480000,64500
2019-12-30,10.480000,10.590000,10.220000,10.490000,10.490000,58900
2019-12-31,10.410000,10.734000,10.410000,10.690000,10.690000,52300
2020-01-02,10.750000,10.790000,10.650000,10.690000,10.690000,42300
2020-01-03,10.590000,10.660000,10.410000,10.420000,10.420000,35800
2020-01-06,10.260000,10.580000,10.260000,10.435000,10.435000,44700
2020-01-07,10.430000,10.510000,10.290000,10.340000,10.340000,28800
2020-01-08,10.300000,10.380000,10.250000,10.280000,10.280000,29900
2020-01-09,10.350000,10.510000,10.300000,10.300000,10.300000,17400
2020-01-10,10.310000,10.370000,9.850000,9.880000,9.880000,75000
2020-01-13,9.880000,10.200000,9.880000,10.160000,10.160000,43700
2020-01-14,10.150000,10.310000,10.130000,10.210000,10.210000,34900
2020-01-15,10.230000,10.340000,9.920000,9.970000,9.970000,66400
2020-01-16,10.030000,10.330000,10.030000,10.300000,10.300000,55500
2020-01-17,10.210000,10.490000,10.090000,10.340000,10.340000,53200
2020-01-21,10.360000,10.360000,10.140000,10.190000,10.190000,46400
2020-01-22,10.250000,10.300000,9.880000,10.020000,10.020000,28400
2020-01-23,9.980000,10.280000,9.960000,10.250000,10.250000,36600
2020-01-24,10.280000,10.360000,10.150000,10.160000,10.160000,27500
2020-01-27,10.030000,10.090000,9.610000,9.660000,9.660000,33200
2020-01-28,9.860000,9.860000,9.500000,9.750000,9.750000,73100
2020-01-29,9.760000,9.840000,9.350000,9.670000,9.670000,49800
2020-01-30,9.520000,9.642000,9.450000,9.550000,9.550000,33600
2020-01-31,9.480000,9.750000,9.390000,9.450000,9.450000,96700
2020-02-03,9.530000,9.600000,9.250000,9.350000,9.350000,28800
2020-02-04,9.400000,9.410000,9.210000,9.270000,9.270000,84300
2020-02-05,9.300000,9.320000,9.000000,9.030000,9.030000,65900
2020-02-06,9.110000,9.110000,8.730000,8.890000,8.890000,80600
2020-02-07,8.860000,8.970000,8.750000,8.800000,8.800000,41600
2020-02-10,8.800000,8.870000,8.650000,8.850000,8.850000,40800
2020-02-11,8.930000,9.145000,8.800000,8.980000,8.980000,38000
2020-02-12,8.970000,8.970000,8.760000,8.820000,8.820000,53700
2020-02-13,8.847000,8.847000,8.710000,8.780000,8.780000,75500
2020-02-14,8.790000,9.070000,8.740000,8.960000,8.960000,63700
2020-02-18,8.970000,9.170000,8.970000,9.080000,9.080000,33500
2020-02-19,9.130000,9.190000,8.860000,9.030000,9.030000,34400
2020-02-20,9.060000,9.340000,9.000000,9.110000,9.110000,50100
2020-02-21,10.300000,10.300000,9.380000,9.620000,9.620000,163100
2020-02-24,9.330000,9.560000,8.960000,9.090000,9.090000,57000
2020-02-25,9.060000,9.060000,8.510000,8.560000,8.560000,83900
2020-02-26,8.580000,8.720000,8.510000,8.610000,8.610000,44100
2020-02-27,8.460000,8.500000,8.130000,8.220000,8.220000,86400
2020-02-28,7.980000,8.110000,7.775000,7.890000,7.890000,80500
2020-03-02,7.850000,8.168000,7.700000,7.980000,7.980000,129600
2020-03-03,8.010000,8.280000,7.900000,8.020000,8.020000,36900
2020-03-04,8.150000,8.420000,7.960000,8.360000,8.360000,30300
2020-03-05,8.130000,8.410000,7.770000,7.930000,7.930000,36600
2020-03-06,7.610000,8.100000,7.610000,7.830000,7.830000,36600
2020-03-09,7.190000,7.460000,7.050000,7.140000,7.140000,49800
2020-03-10,7.140000,7.310000,6.879000,7.260000,7.260000,79400
2020-03-11,7.290000,7.340000,7.000000,7.220000,7.220000,56100
2020-03-12,6.950000,6.950000,6.520000,6.530000,6.530000,63000
2020-03-13,6.840000,6.910000,6.285000,6.890000,6.890000,69000
2020-03-16,7.100000,7.850000,6.590000,6.660000,6.660000,140400
2020-03-17,6.770000,8.350000,6.660000,8.110000,8.110000,111100
2020-03-18,7.300000,8.150000,6.250000,6.610000,6.610000,73900
2020-03-19,6.360000,7.020000,6.350000,6.980000,6.980000,53000
2020-03-20,6.990000,7.120000,6.150000,6.150000,6.150000,102500
2020-03-23,6.000000,6.000000,5.630000,5.960000,5.960000,126000
2020-03-24,6.200000,7.180000,6.200000,7.170000,7.170000,104600
2020-03-25,6.990000,7.540000,6.930000,6.985000,6.985000,87500
2020-03-26,7.030000,7.520000,7.020000,7.380000,7.380000,56600
2020-03-27,7.160000,7.290000,6.840000,6.860000,6.860000,32300
2020-03-30,6.910000,7.440000,6.750000,6.930000,6.930000,26900
2020-03-31,7.320000,7.550000,6.650000,7.390000,7.390000,74000
2020-04-01,7.080000,7.080000,6.550000,6.610000,6.610000,79000
2020-04-02,6.590000,7.180000,6.328000,6.480000,6.480000,30500
2020-04-03,6.500000,6.500000,6.020000,6.020000,6.020000,51700
2020-04-06,6.290000,6.480000,6.290000,6.440000,6.440000,25700
2020-04-07,6.650000,6.820000,6.430000,6.450000,6.450000,64400
2020-04-08,6.530000,7.380000,6.500000,7.090000,7.090000,67000
2020-04-09,7.280000,7.400000,6.750000,6.880000,6.880000,43900
2020-04-13,6.800000,6.800000,6.550000,6.670000,6.670000,38900
2020-04-14,6.820000,7.130000,6.750000,6.950000,6.950000,63700
2020-04-15,6.690000,7.470000,6.530000,7.360000,7.360000,95500
2020-04-16,7.340000,7.390000,6.810000,6.860000,6.860000,35800
2020-04-17,7.030000,7.160000,6.965000,7.120000,7.120000,26600
2020-04-20,7.080000,7.470000,7.005000,7.150000,7.150000,25100
2020-04-21,7.200000,7.357000,7.160000,7.200000,7.200000,51700
2020-04-22,7.350000,7.480000,7.350000,7.480000,7.480000,39000
2020-04-23,7.495000,7.800000,7.420000,7.650000,7.650000,44200
2020-04-24,7.700000,7.800000,7.590000,7.730000,7.730000,18700
2020-04-27,7.703000,8.610000,7.703000,8.600000,8.600000,69800
2020-04-28,8.790000,9.015000,8.230000,8.380000,8.380000,45300
2020-04-29,8.660000,9.040000,8.530000,8.580000,8.580000,91500
2020-04-30,8.440000,8.724000,8.060000,8.090000,8.090000,32400
2020-05-01,7.830000,7.960000,7.534000,7.910000,7.910000,36400
2020-05-04,7.900000,8.300000,7.580000,7.650000,7.650000,55500
2020-05-05,8.120000,8.120000,7.270000,7.290000,7.290000,38000
2020-05-06,7.460000,7.608000,7.230000,7.500000,7.500000,29900
2020-05-07,7.625000,7.850000,7.490000,7.840000,7.840000,40000