Date,Open,High,Low,Close,Adj Close,Volume
2015-06-04,4.000000,5.000000,4.000000,4.990000,4.990000,9000
2015-06-05,9.990000,10.020000,6.500000,6.500000,6.500000,6600
2015-06-08,6.000000,6.000000,6.000000,6.000000,6.000000,1100
2015-06-09,6.000000,6.000000,6.000000,6.000000,6.000000,0
2015-06-10,6.000000,6.000000,6.000000,6.000000,6.000000,0
2015-06-11,5.990000,5.990000,5.990000,5.990000,5.990000,300
2015-06-12,5.774000,5.774000,5.750000,5.750000,5.750000,700
2015-06-15,5.750000,5.750000,5.750000,5.750000,5.750000,0
2015-06-16,5.180000,5.180000,5.180000,5.180000,5.180000,100
2015-06-17,5.180000,5.700000,5.180000,5.200000,5.200000,2000
2015-06-18,5.200000,5.200000,5.200000,5.200000,5.200000,0
2015-06-19,4.500000,4.500000,4.500000,4.500000,4.500000,300
2015-06-22,4.500000,4.500000,4.500000,4.500000,4.500000,0
2015-06-23,4.500000,4.500000,4.500000,4.500000,4.500000,0
2015-06-24,4.940000,4.940000,4.250000,4.250000,4.250000,300
2015-06-25,4.250000,4.250000,4.250000,4.250000,4.250000,0
2015-06-26,4.250000,4.250000,4.250000,4.250000,4.250000,0
2015-06-29,4.800000,4.800000,4.800000,4.800000,4.800000,300
2015-06-30,4.950000,4.950000,4.950000,4.950000,4.950000,200
2015-07-01,4.950000,4.950000,4.950000,4.950000,4.950000,300
2015-07-02,4.950000,4.950000,4.950000,4.950000,4.950000,0
2015-07-06,4.950000,4.950000,4.950000,4.950000,4.950000,0
2015-07-07,4.950000,4.950000,4.950000,4.950000,4.950000,0
2015-07-08,4.950000,4.950000,4.950000,4.950000,4.950000,0
2015-07-09,4.950000,4.950000,4.950000,4.950000,4.950000,0
2015-07-10,4.990000,4.990000,4.990000,4.990000,4.990000,200
2015-07-13,4.990000,4.990000,4.990000,4.990000,4.990000,0
2015-07-14,4.990000,4.990000,4.990000,4.990000,4.990000,0
2015-07-15,4.990000,4.990000,4.990000,4.990000,4.990000,0
2015-07-16,4.990000,4.990000,4.990000,4.990000,4.990000,0
2015-07-17,4.990000,4.990000,4.990000,4.990000,4.990000,1000
2015-07-20,4.990000,4.990000,4.990000,4.990000,4.990000,500
2015-07-21,4.990000,4.990000,4.990000,4.990000,4.990000,100
2015-07-22,4.990000,4.990000,4.990000,4.990000,4.990000,0
2015-07-23,4.990000,4.990000,4.990000,4.990000,4.990000,0
2015-07-24,4.800000,4.800000,4.800000,4.800000,4.800000,300
2015-07-27,4.800000,4.800000,4.800000,4.800000,4.800000,0
2015-07-28,5.100000,5.100000,5.100000,5.100000,5.100000,1000
2015-07-29,5.100000,5.100000,5.100000,5.100000,5.100000,0
2015-07-30,5.100000,5.100000,5.100000,5.100000,5.100000,0
2015-07-31,5.100000,5.100000,5.100000,5.100000,5.100000,0
2015-08-03,5.250000,5.250000,5.250000,5.250000,5.250000,2500
2015-08-04,5.250000,5.250000,5.250000,5.250000,5.250000,0
2015-08-05,5.250000,5.250000,5.250000,5.250000,5.250000,0
2015-08-06,5.250000,5.250000,5.250000,5.250000,5.250000,0
2015-08-07,5.250000,5.250000,5.250000,5.250000,5.250000,0
2015-08-10,5.250000,5.250000,5.250000,5.250000,5.250000,0
2015-08-11,5.250000,5.250000,5.250000,5.250000,5.250000,0
2015-08-12,5.250000,5.250000,5.250000,5.250000,5.250000,0
2015-08-13,5.250000,5.250000,5.250000,5.250000,5.250000,0
2015-08-14,5.250000,5.250000,5.250000,5.250000,5.250000,0
2015-08-17,5.250000,5.250000,5.250000,5.250000,5.250000,0
2015-08-18,5.250000,5.250000,5.250000,5.250000,5.250000,0
2015-08-19,5.250000,5.250000,5.250000,5.250000,5.250000,0
2015-08-20,5.250000,5.250000,5.250000,5.250000,5.250000,0
2015-08-21,5.000000,5.000000,5.000000,5.000000,5.000000,400
2015-08-24,5.000000,5.000000,5.000000,5.000000,5.000000,0
2015-08-25,5.000000,5.000000,5.000000,5.000000,5.000000,100
2015-08-26,5.000000,5.000000,5.000000,5.000000,5.000000,0
2015-08-27,5.000000,5.000000,5.000000,5.000000,5.000000,200
2015-08-28,5.000000,5.000000,5.000000,5.000000,5.000000,0
2015-08-31,5.000000,5.000000,5.000000,5.000000,5.000000,0
2015-09-01,5.000000,5.000000,5.000000,5.000000,5.000000,0
2015-09-02,5.000000,5.000000,5.000000,5.000000,5.000000,0
2015-09-03,5.000000,5.000000,5.000000,5.000000,5.000000,0
2015-09-04,4.840000,4.840000,4.840000,4.840000,4.840000,200
2015-09-08,4.840000,4.840000,4.840000,4.840000,4.840000,0
2015-09-09,4.840000,4.840000,4.840000,4.840000,4.840000,0
2015-09-10,4.840000,4.840000,4.840000,4.840000,4.840000,0
2015-09-11,4.840000,4.840000,4.840000,4.840000,4.840000,0
2015-09-14,4.000000,4.000000,3.500000,3.500000,3.500000,4100
2015-09-15,4.000000,4.000000,4.000000,4.000000,4.000000,100
2015-09-16,4.000000,4.000000,4.000000,4.000000,4.000000,0
2015-09-17,4.000000,4.000000,3.500000,3.500000,3.500000,2200
2015-09-18,3.500000,3.500000,3.500000,3.500000,3.500000,0
2015-09-21,3.500000,4.000000,3.500000,4.000000,4.000000,1800
2015-09-22,4.000000,4.000000,4.000000,4.000000,4.000000,0
2015-09-23,4.000000,4.000000,4.000000,4.000000,4.000000,0
2015-09-24,3.990000,4.000000,3.990000,4.000000,4.000000,900
2015-09-25,4.240000,4.250000,4.240000,4.250000,4.250000,300
2015-09-28,4.250000,4.250000,4.250000,4.250000,4.250000,0
2015-09-29,4.250000,4.250000,4.250000,4.250000,4.250000,0
2015-09-30,4.250000,4.250000,4.250000,4.250000,4.250000,0
2015-10-01,4.250000,4.250000,4.250000,4.250000,4.250000,0
2015-10-02,4.250000,4.250000,4.250000,4.250000,4.250000,0
2015-10-05,4.250000,4.250000,4.250000,4.250000,4.250000,0
2015-10-06,4.250000,4.250000,4.250000,4.250000,4.250000,0
2015-10-07,4.250000,4.250000,4.250000,4.250000,4.250000,0
2015-10-08,4.250000,4.250000,4.250000,4.250000,4.250000,0
2015-10-09,4.150000,4.150000,4.150000,4.150000,4.150000,1100
2015-10-12,4.150000,4.150000,4.150000,4.150000,4.150000,0
2015-10-13,4.150000,4.150000,4.150000,4.150000,4.150000,0
2015-10-14,4.150000,4.150000,4.150000,4.150000,4.150000,1500
2015-10-15,3.750000,4.500000,3.750000,4.450000,4.450000,2300
2015-10-16,4.450000,4.450000,4.450000,4.450000,4.450000,0
2015-10-19,4.450000,4.450000,4.450000,4.450000,4.450000,0
2015-10-20,3.750000,3.750000,3.750000,3.750000,3.750000,1400
2015-10-21,3.750000,3.750000,3.750000,3.750000,3.750000,0
2015-10-22,3.750000,3.750000,3.750000,3.750000,3.750000,0
2015-10-23,3.740000,3.740000,3.500000,3.500000,3.500000,300
2015-10-26,3.500000,3.500000,3.500000,3.500000,3.500000,300
2015-10-27,3.500000,3.500000,3.500000,3.500000,3.500000,0
2015-10-28,3.100000,3.100000,3.100000,3.100000,3.100000,100
2015-10-29,2.500000,3.700000,1.950000,3.100000,3.100000,16500
2015-10-30,3.100000,3.100000,3.100000,3.100000,3.100000,0
2015-11-02,3.060000,3.060000,3.060000,3.060000,3.060000,400
2015-11-03,3.060000,3.060000,3.060000,3.060000,3.060000,0
2015-11-04,3.060000,3.060000,3.060000,3.060000,3.060000,0
2015-11-05,3.060000,3.060000,3.060000,3.060000,3.060000,0
2015-11-06,3.060000,3.060000,3.060000,3.060000,3.060000,0
2015-11-09,3.060000,3.060000,3.060000,3.060000,3.060000,0
2015-11-10,3.060000,3.060000,3.060000,3.060000,3.060000,0
2015-11-11,3.060000,3.060000,3.060000,3.060000,3.060000,0
2015-11-12,3.060000,3.060000,3.060000,3.060000,3.060000,0
2015-11-13,2.500000,2.500000,2.500000,2.500000,2.500000,100
2015-11-16,2.500000,2.500000,2.450000,2.500000,2.500000,1300
2015-11-17,2.500000,2.500000,2.500000,2.500000,2.500000,0
2015-11-18,2.250000,2.250000,2.250000,2.250000,2.250000,1000
2015-11-19,2.250000,2.250000,2.250000,2.250000,2.250000,0
2015-11-20,2.500000,2.500000,2.000000,2.000000,2.000000,20300
2015-11-23,2.250000,2.250000,2.250000,2.250000,2.250000,100
2015-11-24,1.980000,1.980000,1.980000,1.980000,1.980000,100
2015-11-25,1.980000,1.980000,1.980000,1.980000,1.980000,0
2015-11-27,1.980000,1.980000,1.980000,1.980000,1.980000,0
2015-11-30,1.980000,1.980000,1.980000,1.980000,1.980000,0
2015-12-01,1.980000,2.000000,1.980000,2.000000,2.000000,5000
2015-12-02,1.800000,1.800000,1.800000,1.800000,1.800000,100
2015-12-03,1.600000,1.600000,1.600000,1.600000,1.600000,2100
2015-12-04,1.700000,1.700000,1.600000,1.600000,1.600000,14700
2015-12-07,1.600000,1.600000,1.600000,1.600000,1.600000,0
2015-12-08,1.600000,1.600000,1.600000,1.600000,1.600000,0
2015-12-09,1.600000,1.600000,1.600000,1.600000,1.600000,0
2015-12-10,1.740000,1.740000,1.740000,1.740000,1.740000,200
2015-12-11,1.800000,1.950000,1.650000,1.650000,1.650000,1400
2015-12-14,1.600000,1.600000,1.600000,1.600000,1.600000,50000
2015-12-15,1.600000,1.600000,1.600000,1.600000,1.600000,0
2015-12-16,1.730000,1.730000,1.700000,1.700000,1.700000,10200
2015-12-17,1.690000,1.700000,1.690000,1.700000,1.700000,30400
2015-12-18,1.790000,1.800000,1.700000,1.740000,1.740000,27400
2015-12-21,1.790000,1.870000,1.790000,1.790000,1.790000,42800
2015-12-22,1.940000,1.940000,1.810000,1.810000,1.810000,9200
2015-12-23,1.780000,1.800000,1.700000,1.800000,1.800000,4700
2015-12-24,1.700000,1.700000,1.700000,1.700000,1.700000,15100
2015-12-28,1.800000,1.800000,1.640000,1.640000,1.640000,8500
2015-12-29,1.640000,1.640000,1.640000,1.640000,1.640000,0
2015-12-30,1.690000,1.700000,1.510000,1.510000,1.510000,7500
2015-12-31,1.600000,1.600000,1.600000,1.600000,1.600000,400
2016-01-04,1.600000,1.600000,1.600000,1.600000,1.600000,0
2016-01-05,1.700000,1.700000,1.700000,1.700000,1.700000,3500
2016-01-06,1.700000,1.700000,1.650000,1.650000,1.650000,4700
2016-01-07,1.650000,1.700000,1.650000,1.700000,1.700000,4300
2016-01-08,1.690000,1.700000,1.690000,1.700000,1.700000,2500
2016-01-11,1.700000,1.700000,1.700000,1.700000,1.700000,2000
2016-01-12,1.690000,1.690000,1.690000,1.690000,1.690000,2900
2016-01-13,1.690000,1.700000,1.690000,1.700000,1.700000,25300
2016-01-14,1.700000,1.700000,1.700000,1.700000,1.700000,2000
2016-01-15,1.700000,1.700000,1.700000,1.700000,1.700000,0
2016-01-19,1.700000,1.700000,1.700000,1.700000,1.700000,800
2016-01-20,1.700000,1.700000,1.700000,1.700000,1.700000,0
2016-01-21,1.690000,1.690000,1.650000,1.650000,1.650000,1400
2016-01-22,1.650000,1.700000,1.650000,1.700000,1.700000,55900
2016-01-25,1.600000,1.600000,1.600000,1.600000,1.600000,2900
2016-01-26,1.600000,1.700000,1.590000,1.700000,1.700000,34300
2016-01-27,1.650000,1.650000,1.650000,1.650000,1.650000,5400
2016-01-28,1.650000,1.650000,1.650000,1.650000,1.650000,2000
2016-01-29,1.650000,1.650000,1.640000,1.640000,1.640000,6500
2016-02-01,1.640000,1.640000,1.640000,1.640000,1.640000,1000
2016-02-02,1.620000,1.620000,1.620000,1.620000,1.620000,1600
2016-02-03,1.700000,1.700000,1.600000,1.600000,1.600000,14000
2016-02-04,1.600000,1.600000,1.600000,1.600000,1.600000,2700
2016-02-05,1.600000,1.600000,1.600000,1.600000,1.600000,5000
2016-02-08,1.590000,1.590000,1.590000,1.590000,1.590000,5000
2016-02-09,1.550000,1.550000,1.550000,1.550000,1.550000,5000
2016-02-10,1.550000,1.550000,1.550000,1.550000,1.550000,7200
2016-02-11,1.550000,1.550000,1.550000,1.550000,1.550000,0
2016-02-12,1.550000,1.550000,1.550000,1.550000,1.550000,0
2016-02-16,1.600000,1.600000,1.550000,1.550000,1.550000,12000
2016-02-17,1.600000,1.600000,1.550000,1.550000,1.550000,27500
2016-02-18,1.550000,1.550000,1.550000,1.550000,1.550000,28500
2016-02-19,1.579000,1.600000,1.550000,1.550000,1.550000,21800
2016-02-22,1.550000,1.600000,1.550000,1.550000,1.550000,47300
2016-02-23,1.550000,1.550000,1.550000,1.550000,1.550000,2000
2016-02-24,1.550000,1.550000,1.510000,1.510000,1.510000,700
2016-02-25,1.550000,1.550000,1.550000,1.550000,1.550000,7000
2016-02-26,1.550000,1.550000,1.550000,1.550000,1.550000,9500
2016-02-29,1.550000,1.550000,1.540000,1.550000,1.550000,17900
2016-03-01,1.550000,1.600000,1.550000,1.550000,1.550000,58900
2016-03-02,1.550000,1.550000,1.530000,1.550000,1.550000,21200
2016-03-03,1.530000,1.550000,1.530000,1.550000,1.550000,23900
2016-03-04,1.550000,1.550000,1.550000,1.550000,1.550000,38800
2016-03-07,1.560000,1.560000,1.530000,1.550000,1.550000,58300
2016-03-08,1.550000,1.560000,1.530000,1.530000,1.530000,54700
2016-03-09,1.600000,1.600000,1.530000,1.600000,1.600000,103500
2016-03-10,1.600000,1.600000,1.589000,1.600000,1.600000,6300
2016-03-11,1.600000,1.600000,1.600000,1.600000,1.600000,1000
2016-03-14,1.600000,1.690000,1.550000,1.690000,1.690000,43100
2016-03-15,1.690000,1.690000,1.680000,1.690000,1.690000,3100
2016-03-16,1.690000,1.700000,1.670000,1.700000,1.700000,136000
2016-03-17,1.700000,1.800000,1.690000,1.800000,1.800000,66200
2016-03-18,1.800000,1.800000,1.780000,1.800000,1.800000,27300
2016-03-21,1.800000,1.800000,1.780000,1.800000,1.800000,6300
2016-03-22,1.850000,1.990000,1.850000,1.850000,1.850000,4900
2016-03-23,1.950000,2.000000,1.850000,1.850000,1.850000,9500
2016-03-24,1.850000,2.000000,1.850000,1.990000,1.990000,21200
2016-03-28,1.990000,2.000000,1.990000,1.990000,1.990000,6600
2016-03-29,2.000000,2.000000,1.900000,1.990000,1.990000,14400
2016-03-30,1.950000,1.950000,1.950000,1.950000,1.950000,1000
2016-03-31,2.140000,2.140000,1.950000,2.110000,2.110000,37200
2016-04-01,2.150000,2.150000,2.000000,2.150000,2.150000,19800
2016-04-04,2.150000,2.150000,1.850000,2.100000,2.100000,29300
2016-04-05,2.100000,2.250000,2.100000,2.150000,2.150000,400
2016-04-06,2.100000,2.150000,2.100000,2.100000,2.100000,2200
2016-04-07,2.100000,2.100000,2.100000,2.100000,2.100000,4900
2016-04-08,2.070000,2.070000,2.000000,2.015000,2.015000,5800
2016-04-11,2.050000,2.150000,2.050000,2.120000,2.120000,24700
2016-04-12,2.147000,2.200000,2.120000,2.180000,2.180000,46400
2016-04-13,2.175000,2.250000,2.175000,2.250000,2.250000,12100
2016-04-14,2.300000,2.300000,2.147000,2.180000,2.180000,29300
2016-04-15,2.226000,2.226000,2.190000,2.190000,2.190000,4200
2016-04-18,2.200000,2.250000,2.200000,2.250000,2.250000,1900
2016-04-19,2.240000,2.250000,2.230000,2.230000,2.230000,2700
2016-04-20,2.230000,2.250000,2.200000,2.200000,2.200000,6100
2016-04-21,2.210000,2.300000,2.210000,2.300000,2.300000,300
2016-04-22,2.300000,2.300000,2.210000,2.279000,2.279000,3100
2016-04-25,2.210000,2.250000,2.210000,2.210000,2.210000,12600
2016-04-26,2.300000,2.300000,2.300000,2.300000,2.300000,2700
2016-04-27,2.220000,2.250000,2.220000,2.250000,2.250000,8000
2016-04-28,2.240000,2.350000,2.240000,2.350000,2.350000,19300
2016-04-29,2.490000,3.990000,2.490000,3.000000,3.000000,16100
2016-05-02,3.250000,3.560000,3.000000,3.200000,3.200000,16500
2016-05-03,3.859000,3.880000,3.300000,3.300000,3.300000,6000
2016-05-04,3.300000,3.350000,3.300000,3.350000,3.350000,1000
2016-05-05,3.345000,3.350000,2.400000,3.150000,3.150000,4200
2016-05-06,3.150000,3.150000,3.150000,3.150000,3.150000,0
2016-05-09,3.150000,3.300000,3.150000,3.300000,3.300000,400
2016-05-10,3.200000,3.200000,3.090000,3.150000,3.150000,1900
2016-05-11,3.160000,3.160000,3.160000,3.160000,3.160000,2700
2016-05-12,3.160000,3.160000,3.160000,3.160000,3.160000,0
2016-05-13,3.150000,3.150000,3.150000,3.150000,3.150000,600
2016-05-16,3.150000,3.160000,2.600000,3.000000,3.000000,19800
2016-05-17,3.050000,3.160000,3.050000,3.160000,3.160000,2700
2016-05-18,3.160000,3.700000,3.160000,3.700000,3.700000,4100
2016-05-19,3.850000,3.990000,3.850000,3.850000,3.850000,4100
2016-05-20,3.990000,3.990000,3.990000,3.990000,3.990000,2500
2016-05-23,4.020000,4.500000,4.020000,4.500000,4.500000,19300
2016-05-24,4.900000,4.900000,3.860000,4.259000,4.259000,15200
2016-05-25,4.400000,4.500000,4.400000,4.500000,4.500000,5100
2016-05-26,4.450000,4.500000,4.150000,4.150000,4.150000,9800
2016-05-27,4.440000,4.440000,4.440000,4.440000,4.440000,600
2016-05-31,4.150000,4.290000,4.000000,4.290000,4.290000,5600
2016-06-01,4.160000,4.160000,4.150000,4.150000,4.150000,3700
2016-06-02,4.250000,4.250000,4.250000,4.250000,4.250000,3000
2016-06-03,4.290000,4.336000,4.100000,4.290000,4.290000,11400
2016-06-06,4.250000,4.480000,4.100000,4.100000,4.100000,9800
2016-06-07,4.000000,4.440000,4.000000,4.440000,4.440000,10300
2016-06-08,4.440000,4.450000,4.440000,4.450000,4.450000,2000
2016-06-09,4.400000,4.500000,4.400000,4.500000,4.500000,5100
2016-06-10,4.500000,4.500000,4.500000,4.500000,4.500000,0
2016-06-13,4.200000,4.200000,4.200000,4.200000,4.200000,4000
2016-06-14,4.300000,4.300000,4.300000,4.300000,4.300000,2500
2016-06-15,4.500000,4.500000,4.150000,4.150000,4.150000,21600
2016-06-16,4.295000,4.295000,4.030000,4.250000,4.250000,4100
2016-06-17,4.091000,4.470000,4.056000,4.150000,4.150000,3500
2016-06-20,4.070000,4.070000,3.900000,3.900000,3.900000,5200
2016-06-21,3.890000,4.350000,3.890000,4.200000,4.200000,5800
2016-06-22,4.070000,4.350000,4.070000,4.100000,4.100000,3900
2016-06-23,4.010000,4.063000,3.990000,3.990000,3.990000,4500
2016-06-24,3.820000,3.916000,3.750000,3.916000,3.916000,8100
2016-06-27,3.916000,3.916000,3.916000,3.916000,3.916000,0
2016-06-28,3.950000,3.950000,3.950000,3.950000,3.950000,200
2016-06-29,4.000000,4.019000,4.000000,4.000000,4.000000,16600
2016-06-30,4.190000,4.190000,4.190000,4.190000,4.190000,1000
2016-07-01,3.960000,3.960000,3.960000,3.960000,3.960000,2000
2016-07-05,3.920000,3.920000,3.920000,3.920000,3.920000,200
2016-07-06,3.920000,3.920000,3.920000,3.920000,3.920000,0
2016-07-07,3.920000,3.920000,3.920000,3.920000,3.920000,0
2016-07-08,3.910000,3.910000,3.910000,3.910000,3.910000,200
2016-07-11,3.910000,3.950000,3.900000,3.950000,3.950000,3400
2016-07-12,3.950000,3.950000,3.950000,3.950000,3.950000,0
2016-07-13,3.800000,3.800000,3.800000,3.800000,3.800000,500
2016-07-14,3.850000,3.850000,3.850000,3.850000,3.850000,5500
2016-07-15,3.818000,3.850000,3.510000,3.850000,3.850000,3200
2016-07-18,3.750000,3.750000,3.680000,3.680000,3.680000,1000
2016-07-19,3.600000,3.600000,3.600000,3.600000,3.600000,500
2016-07-20,3.720000,3.720000,3.720000,3.720000,3.720000,500
2016-07-21,3.720000,3.720000,3.720000,3.720000,3.720000,100
2016-07-22,3.720000,3.720000,3.720000,3.720000,3.720000,700
2016-07-25,3.720000,3.950000,3.720000,3.950000,3.950000,1500
2016-07-26,3.950000,3.950000,3.950000,3.950000,3.950000,1000
2016-07-27,3.900000,3.900000,3.900000,3.900000,3.900000,1200
2016-07-28,3.910000,3.930000,3.910000,3.930000,3.930000,11400
2016-07-29,3.750000,3.750000,3.750000,3.750000,3.750000,7000
2016-08-01,3.700000,3.900000,3.700000,3.850000,3.850000,9400
2016-08-02,3.750000,3.900000,3.750000,3.750000,3.750000,20400
2016-08-03,3.650000,3.810000,3.500000,3.750000,3.750000,9300
2016-08-04,3.800000,3.800000,3.490000,3.500000,3.500000,15100
2016-08-05,3.590000,3.800000,3.590000,3.750000,3.750000,19800
2016-08-08,3.750000,3.950000,3.560000,3.785000,3.785000,25400
2016-08-09,3.900000,3.900000,3.730000,3.750000,3.750000,20200
2016-08-10,3.750000,3.750000,3.520000,3.538000,3.538000,11000
2016-08-11,3.700000,3.750000,3.690000,3.690000,3.690000,25800
2016-08-12,3.700000,3.750000,3.695000,3.700000,3.700000,7300
2016-08-15,3.750000,3.950000,3.550000,3.930000,3.930000,27200
2016-08-16,3.910000,3.950000,3.900000,3.900000,3.900000,62100
2016-08-17,3.895000,4.010000,3.895000,3.950000,3.950000,16900
2016-08-18,3.945000,3.950000,3.770000,3.930000,3.930000,15200
2016-08-19,3.940000,3.950000,3.760000,3.886000,3.886000,10800
2016-08-22,3.890000,3.950000,3.800000,3.890000,3.890000,16400
2016-08-23,3.900000,3.930000,3.750000,3.800000,3.800000,13500
2016-08-24,3.760000,3.930000,3.510000,3.900000,3.900000,9300
2016-08-25,3.880000,3.900000,3.550000,3.900000,3.900000,12700
2016-08-26,3.585000,3.900000,3.585000,3.900000,3.900000,2000
2016-08-29,3.880000,3.880000,3.620000,3.620000,3.620000,4500
2016-08-30,3.610000,3.800000,3.510000,3.800000,3.800000,4400
2016-08-31,3.800000,3.800000,3.690000,3.710000,3.710000,9500
2016-09-01,3.700000,3.900000,3.650000,3.700000,3.700000,18000
2016-09-02,3.700000,3.700000,3.640000,3.700000,3.700000,68200
2016-09-06,3.690000,3.700000,3.690000,3.700000,3.700000,96200
2016-09-07,3.700000,3.950000,3.700000,3.920000,3.920000,20800
2016-09-08,3.900000,3.900000,3.719000,3.880000,3.880000,20200
2016-09-09,3.890000,3.950000,3.890000,3.950000,3.950000,42400
2016-09-12,3.940000,3.950000,3.850000,3.900000,3.900000,6200
2016-09-13,3.940000,3.950000,3.800000,3.950000,3.950000,3800
2016-09-14,3.950000,3.950000,3.900000,3.900000,3.900000,4800
2016-09-15,3.950000,4.500000,3.930000,4.490000,4.490000,35600
2016-09-16,4.480000,4.490000,4.450000,4.490000,4.490000,6900
2016-09-19,4.454000,4.454000,4.111000,4.400000,4.400000,6300
2016-09-20,4.390000,4.490000,4.390000,4.490000,4.490000,8200
2016-09-21,4.490000,4.490000,4.440000,4.490000,4.490000,11200
2016-09-22,4.490000,4.490000,4.400000,4.420000,4.420000,15200
2016-09-23,4.450000,4.480000,4.200000,4.350000,4.350000,70800
2016-09-26,4.300000,4.350000,4.150000,4.150000,4.150000,18300
2016-09-27,4.210000,4.400000,4.200000,4.300000,4.300000,11000
2016-09-28,4.350000,4.350000,4.190000,4.250000,4.250000,5100
2016-09-29,4.200000,4.290000,3.910000,4.290000,4.290000,4200
2016-09-30,4.250000,4.290000,4.250000,4.280000,4.280000,19100
2016-10-03,4.280000,4.380000,4.280000,4.280000,4.280000,7000
2016-10-04,4.200000,4.250000,4.100000,4.250000,4.250000,3000
2016-10-05,4.100000,4.250000,4.100000,4.250000,4.250000,7600
2016-10-06,4.250000,4.250000,4.240000,4.250000,4.250000,5500
2016-10-07,4.240000,4.240000,4.100000,4.120000,4.120000,900
2016-10-10,4.132000,4.132000,4.132000,4.132000,4.132000,1400
2016-10-11,4.240000,4.240000,4.110000,4.110000,4.110000,2700
2016-10-12,4.190000,4.190000,4.100000,4.100000,4.100000,900
2016-10-13,4.110000,4.200000,3.910000,4.200000,4.200000,2400
2016-10-14,4.150000,4.170000,4.110000,4.170000,4.170000,1300
2016-10-17,4.170000,4.170000,4.170000,4.170000,4.170000,0
2016-10-18,4.100000,4.240000,4.020000,4.150000,4.150000,56600
2016-10-19,4.185000,4.210000,4.150000,4.205000,4.205000,11800
2016-10-20,4.130000,4.210000,4.130000,4.210000,4.210000,5400
2016-10-21,4.198000,4.200000,4.050000,4.200000,4.200000,9100
2016-10-24,4.150000,4.200000,4.100000,4.100000,4.100000,5500
2016-10-25,4.100000,4.100000,4.100000,4.100000,4.100000,0
2016-10-26,4.140000,4.140000,4.020000,4.140000,4.140000,22100
2016-10-27,4.030000,4.100000,4.030000,4.100000,4.100000,16900
2016-10-28,4.150000,4.150000,4.150000,4.150000,4.150000,2200
2016-10-31,4.150000,5.145000,4.150000,5.145000,5.145000,82800
2016-11-01,5.150000,5.550000,5.150000,5.490000,5.490000,23000
2016-11-02,5.400000,5.400000,5.100000,5.190000,5.190000,3500
2016-11-03,5.500000,5.500000,5.200000,5.500000,5.500000,3300
2016-11-04,5.500000,5.550000,5.500000,5.500000,5.500000,4300
2016-11-07,5.550000,5.700000,5.450000,5.700000,5.700000,12300
2016-11-08,5.770000,5.770000,5.550000,5.550000,5.550000,3600
2016-11-09,5.700000,5.700000,5.550000,5.700000,5.700000,1200
2016-11-10,5.400000,5.400000,5.400000,5.400000,5.400000,600
2016-11-11,5.400000,5.420000,5.400000,5.420000,5.420000,1500
2016-11-14,5.450000,5.450000,5.350000,5.350000,5.350000,1000
2016-11-15,5.350000,5.750000,5.150000,5.700000,5.700000,3400
2016-11-16,5.500000,6.000000,5.500000,5.750000,5.750000,12700
2016-11-17,5.750000,5.950000,5.750000,5.950000,5.950000,4100
2016-11-18,5.800000,5.800000,5.750000,5.800000,5.800000,1400
2016-11-21,5.970000,5.970000,5.570000,5.570000,5.570000,3100
2016-11-22,5.600000,6.000000,5.500000,5.850000,5.850000,4000
2016-11-23,6.000000,6.000000,6.000000,6.000000,6.000000,300
2016-11-25,5.750000,5.750000,5.500000,5.500000,5.500000,2600
2016-11-28,5.750000,5.800000,5.600000,5.600000,5.600000,2000
2016-11-29,6.000000,6.300000,5.500000,5.500000,5.500000,6700
2016-11-30,5.500000,5.750000,5.500000,5.700000,5.700000,4800
2016-12-01,5.810000,5.900000,5.520000,5.520000,5.520000,6200
2016-12-02,5.520000,5.900000,5.500000,5.900000,5.900000,3200
2016-12-05,5.520000,5.520000,5.500000,5.500000,5.500000,3000
2016-12-06,5.500000,5.890000,5.500000,5.890000,5.890000,1700
2016-12-07,5.800000,5.890000,5.500000,5.600000,5.600000,3500
2016-12-08,5.890000,5.890000,5.600000,5.600000,5.600000,3000
2016-12-09,5.510000,5.890000,5.510000,5.600000,5.600000,2400
2016-12-12,5.750000,5.890000,5.610000,5.610000,5.610000,3900
2016-12-13,5.780000,6.250000,5.550000,5.880000,5.880000,21400
2016-12-14,5.650000,6.000000,5.600000,5.700000,5.700000,5400
2016-12-15,5.715000,6.000000,5.590000,5.850000,5.850000,16000
2016-12-16,5.850000,6.000000,5.750000,5.750000,5.750000,9500
2016-12-19,5.750000,6.150000,5.510000,5.700000,5.700000,12400
2016-12-20,5.740000,5.980000,5.700000,5.850000,5.850000,9400
2016-12-21,5.930000,5.950000,5.530000,5.950000,5.950000,8900
2016-12-22,5.950000,5.950000,5.530000,5.700000,5.700000,3800
2016-12-23,5.700000,5.750000,5.520000,5.700000,5.700000,14300
2016-12-27,5.560000,5.600000,5.560000,5.560000,5.560000,9200
2016-12-28,5.700000,5.742000,5.700000,5.740000,5.740000,4500
2016-12-29,5.600000,5.850000,5.558000,5.740000,5.740000,5100
2016-12-30,5.660000,5.880000,5.558000,5.880000,5.880000,8000
2017-01-03,5.900000,7.800000,5.880000,6.500000,6.500000,14600
2017-01-04,6.400000,6.750000,5.750000,6.000000,6.000000,15200
2017-01-05,6.300000,6.300000,5.750000,5.784000,5.784000,10300
2017-01-06,5.720000,5.800000,5.720000,5.800000,5.800000,900
2017-01-09,5.900000,5.900000,5.400000,5.420000,5.420000,10100
2017-01-10,5.800000,5.800000,5.800000,5.800000,5.800000,500
2017-01-11,6.000000,6.000000,5.800000,5.800000,5.800000,5000
2017-01-12,5.800000,6.190000,5.750000,6.000000,6.000000,3500
2017-01-13,6.000000,6.000000,5.800000,5.800000,5.800000,3900
2017-01-17,5.800000,5.800000,5.510000,5.510000,5.510000,2500
2017-01-18,5.710000,5.900000,5.600000,5.800000,5.800000,8600
2017-01-19,5.900000,6.050000,5.520000,5.850000,5.850000,12400
2017-01-20,5.800000,5.890000,5.750000,5.890000,5.890000,1700
2017-01-23,5.500000,5.840000,5.500000,5.750000,5.750000,4200
2017-01-24,5.950000,6.000000,5.500000,5.890000,5.890000,10000
2017-01-25,5.600000,5.980000,5.500000,5.750000,5.750000,7400
2017-01-26,5.680000,5.680000,5.250000,5.450000,5.450000,8200
2017-01-27,5.750000,5.890000,5.750000,5.800000,5.800000,6200
2017-01-30,5.750000,5.750000,5.250000,5.250000,5.250000,2600
2017-01-31,5.690000,5.690000,5.690000,5.690000,5.690000,800
2017-02-01,5.600000,5.680000,5.550000,5.680000,5.680000,2000
2017-02-02,5.880000,6.000000,5.650000,5.650000,5.650000,5400
2017-02-03,5.660000,5.790000,5.650000,5.750000,5.750000,3400
2017-02-06,5.650000,6.000000,5.550000,5.790000,5.790000,7000
2017-02-07,5.990000,6.000000,5.600000,5.900000,5.900000,9000
2017-02-08,5.900000,5.900000,5.600000,5.600000,5.600000,6400
2017-02-09,5.650000,5.700000,5.600000,5.700000,5.700000,4100
2017-02-10,5.700000,5.800000,5.700000,5.700000,5.700000,9600
2017-02-13,5.700000,5.700000,5.650000,5.650000,5.650000,2600
2017-02-14,5.700000,5.900000,5.450000,5.900000,5.900000,18000
2017-02-15,5.900000,5.900000,5.600000,5.600000,5.600000,3600
2017-02-16,5.650000,5.650000,5.650000,5.650000,5.650000,1100
2017-02-17,5.650000,5.800000,5.650000,5.800000,5.800000,3400
2017-02-21,5.800000,5.900000,5.629000,5.900000,5.900000,14900
2017-02-22,5.850000,6.000000,5.720000,6.000000,6.000000,11200
2017-02-23,5.900000,5.900000,5.800000,5.800000,5.800000,9600
2017-02-24,5.900000,6.100000,5.900000,6.050000,6.050000,29200
2017-02-27,6.000000,6.250000,5.950000,6.250000,6.250000,15000
2017-02-28,6.250000,6.850000,6.250000,6.750000,6.750000,15800
2017-03-01,6.700000,6.850000,6.650000,6.750000,6.750000,27700
2017-03-02,6.900000,7.980000,6.800000,6.800000,6.800000,16900
2017-03-03,6.800000,6.810000,6.550000,6.750000,6.750000,10500
2017-03-06,6.750000,6.900000,6.650000,6.650000,6.650000,12900
2017-03-07,6.870000,6.870000,6.700000,6.800000,6.800000,5700
2017-03-08,6.850000,6.900000,6.850000,6.900000,6.900000,14800
2017-03-09,6.900000,7.100000,6.900000,7.100000,7.100000,8600
2017-03-10,6.950000,7.050000,6.950000,6.950000,6.950000,17400
2017-03-13,7.200000,9.000000,7.000000,8.350000,8.350000,94500
2017-03-14,8.500000,8.500000,8.377000,8.400000,8.400000,11500
2017-03-15,8.250000,8.364000,8.200000,8.240000,8.240000,16900
2017-03-16,8.299000,8.299000,7.773000,7.773000,7.773000,2800
2017-03-17,7.650000,8.500000,7.600000,8.500000,8.500000,9700
2017-03-20,8.350000,8.350000,8.150000,8.250000,8.250000,26600
2017-03-21,8.500000,9.250000,8.500000,9.232000,9.232000,198200
2017-03-22,9.620000,9.620000,8.900000,9.200000,9.200000,52700
2017-03-23,10.000000,10.000000,9.250000,9.490000,9.490000,65500
2017-03-24,9.500000,10.985000,9.500000,10.050000,10.050000,191800
2017-03-27,10.500000,10.850000,10.200000,10.700000,10.700000,142500
2017-03-28,10.600000,12.500000,10.600000,12.480000,12.480000,192100
2017-03-29,14.000000,14.000000,12.604000,13.000000,13.000000,224700
2017-03-30,13.240000,13.240000,12.600000,12.850000,12.850000,113800
2017-03-31,12.995000,13.050000,12.550000,12.840000,12.840000,99600
2017-04-03,12.900000,12.900000,10.690000,11.300000,11.300000,158400
2017-04-04,11.300000,11.300000,10.600000,10.810000,10.810000,87200
2017-04-05,10.500000,10.552000,9.950000,10.070000,10.070000,168300
2017-04-06,10.010000,10.780000,9.600000,10.670000,10.670000,107100
2017-04-07,10.160000,10.750000,10.100000,10.400000,10.400000,47500
2017-04-10,10.210000,10.300000,10.060000,10.190000,10.190000,26600
2017-04-11,10.130000,11.040000,9.872000,10.900000,10.900000,133300
2017-04-12,10.900000,12.250000,10.900000,11.860000,11.860000,102900
2017-04-13,13.010000,13.010000,11.410000,12.390000,12.390000,33700
2017-04-17,11.430000,11.990000,11.400000,11.530000,11.530000,47800
2017-04-18,11.800000,11.800000,11.050000,11.640000,11.640000,25600
2017-04-19,11.400000,11.400000,10.250000,10.270000,10.270000,82100
2017-04-20,10.730000,10.730000,10.050000,10.360000,10.360000,77100
2017-04-21,10.610000,10.830000,10.120000,10.190000,10.190000,44800
2017-04-24,10.440000,10.730000,10.219000,10.450000,10.450000,35400
2017-04-25,10.400000,10.500000,10.300000,10.300000,10.300000,39100
2017-04-26,10.500000,10.700000,10.301000,10.400000,10.400000,37700
2017-04-27,10.300000,10.605000,10.000000,10.200000,10.200000,46400
2017-04-28,10.060000,10.180000,9.800000,9.860000,9.860000,47000
2017-05-01,9.980000,9.980000,9.450000,9.730000,9.730000,45600
2017-05-02,9.570000,9.990000,9.570000,9.790000,9.790000,23900
2017-05-03,10.000000,10.000000,9.500000,9.620000,9.620000,36700
2017-05-04,9.780000,9.780000,9.330000,9.600000,9.600000,71700
2017-05-05,9.450000,9.800000,9.450000,9.675000,9.675000,16600
2017-05-08,9.740000,9.755000,9.550000,9.610000,9.610000,23700
2017-05-09,9.680000,9.820000,9.400000,9.600000,9.600000,58900
2017-05-10,9.684000,9.980000,9.500000,9.870000,9.870000,71800
2017-05-11,10.160000,10.200000,9.750000,10.100000,10.100000,54600
2017-05-12,10.100000,10.100000,9.930000,10.100000,10.100000,32400
2017-05-15,10.100000,10.100000,9.820000,10.030000,10.030000,18500
2017-05-16,10.390000,10.390000,9.910000,9.950000,9.950000,33100
2017-05-17,10.050000,10.100000,9.920000,10.000000,10.000000,16700
2017-05-18,10.000000,10.000000,9.820000,9.990000,9.990000,34700
2017-05-19,9.820000,10.450000,9.820000,10.400000,10.400000,32500
2017-05-22,10.480000,10.500000,9.860000,10.040000,10.040000,39400
2017-05-23,9.920000,10.000000,9.850000,9.980000,9.980000,20100
2017-05-24,10.060000,10.240000,9.860000,9.950000,9.950000,24100
2017-05-25,9.810000,10.240000,9.810000,10.050000,10.050000,46400
2017-05-26,9.740000,10.050000,9.730000,9.890000,9.890000,24300
2017-05-30,10.800000,10.800000,9.700000,9.850000,9.850000,21300
2017-05-31,9.850000,10.100000,9.850000,10.050000,10.050000,33700
2017-06-01,9.870000,10.000000,9.620000,9.650000,9.650000,28000
2017-06-02,9.960000,10.060000,8.650000,9.100000,9.100000,347600
2017-06-05,9.360000,9.750000,9.010000,9.230000,9.230000,86800
2017-06-06,9.400000,9.400000,9.000000,9.240000,9.240000,51200
2017-06-07,9.400000,9.400000,9.000000,9.150000,9.150000,116300
2017-06-08,9.030000,10.200000,9.020000,10.200000,10.200000,78000
2017-06-09,10.200000,10.200000,9.850000,9.990000,9.990000,63100
2017-06-12,10.000000,10.190000,9.925000,9.960000,9.960000,85500
2017-06-13,9.910000,10.180000,9.910000,9.940000,9.940000,82200
2017-06-14,9.910000,9.980000,9.110000,9.260000,9.260000,143700
2017-06-15,9.470000,9.480000,8.850000,8.970000,8.970000,164400
2017-06-16,9.000000,9.290000,8.850000,9.110000,9.110000,480500
2017-06-19,9.340000,9.360000,8.500000,8.510000,8.510000,76500
2017-06-20,8.600000,8.740000,8.350000,8.410000,8.410000,141500
2017-06-21,8.500000,8.830000,8.380000,8.810000,8.810000,50100
2017-06-22,8.710000,9.200000,8.680000,8.720000,8.720000,102700
2017-06-23,8.800000,9.240000,8.800000,9.200000,9.200000,925500
2017-06-26,9.510000,9.780000,8.880000,8.900000,8.900000,63200
2017-06-27,8.910000,9.150000,8.800000,8.860000,8.860000,46200
2017-06-28,8.870000,9.100000,8.710000,8.890000,8.890000,61000
2017-06-29,8.960000,9.140000,8.700000,9.020000,9.020000,85600
2017-06-30,9.000000,9.000000,8.700000,8.740000,8.740000,41600
2017-07-03,8.740000,8.770000,8.350000,8.370000,8.370000,52600
2017-07-05,8.370000,8.600000,8.350000,8.570000,8.570000,53700
2017-07-06,8.570000,8.660000,8.450000,8.540000,8.540000,57900
2017-07-07,8.500000,8.600000,8.350000,8.600000,8.600000,23200
2017-07-10,8.600000,8.640000,8.350000,8.480000,8.480000,32700
2017-07-11,8.480000,8.500000,8.230000,8.290000,8.290000,56300
2017-07-12,8.360000,8.500000,8.090000,8.120000,8.120000,23500
2017-07-13,8.140000,8.160000,7.390000,7.450000,7.450000,79400
2017-07-14,7.500000,7.670000,7.440000,7.450000,7.450000,99900
2017-07-17,7.500000,7.530000,6.860000,6.900000,6.900000,92600
2017-07-18,7.000000,8.030000,7.000000,7.840000,7.840000,320400
2017-07-19,7.990000,8.210000,7.660000,7.800000,7.800000,67900
2017-07-20,7.650000,7.800000,7.360000,7.690000,7.690000,87900
2017-07-21,7.830000,7.830000,7.130000,7.180000,7.180000,61900
2017-07-24,7.200000,7.490000,7.200000,7.340000,7.340000,48900
2017-07-25,7.300000,7.330000,6.860000,6.960000,6.960000,78100
2017-07-26,6.900000,7.250000,6.900000,6.940000,6.940000,76500
2017-07-27,6.960000,7.000000,6.520000,6.610000,6.610000,51500
2017-07-28,6.530000,6.980000,6.500000,6.900000,6.900000,40900
2017-07-31,7.000000,7.074000,6.720000,6.940000,6.940000,95900
2017-08-01,6.920000,6.920000,6.550000,6.690000,6.690000,82400
2017-08-02,6.780000,6.780000,6.310000,6.660000,6.660000,115600
2017-08-03,6.700000,6.960000,6.450000,6.500000,6.500000,75600
2017-08-04,6.500000,6.500000,6.260000,6.440000,6.440000,53000
2017-08-07,6.500000,6.500000,6.250000,6.320000,6.320000,79200
2017-08-08,6.340000,6.380000,6.130000,6.200000,6.200000,84900
2017-08-09,6.110000,6.270000,5.110000,6.230000,6.230000,176900
2017-08-10,6.210000,6.350000,6.020000,6.180000,6.180000,47100
2017-08-11,6.190000,6.390000,6.050000,6.090000,6.090000,37600
2017-08-14,5.500000,5.885000,5.150000,5.720000,5.720000,189200
2017-08-15,5.530000,5.810000,5.420000,5.730000,5.730000,72900
2017-08-16,5.750000,6.900000,5.620000,6.840000,6.840000,105300
2017-08-17,6.900000,6.900000,6.250000,6.400000,6.400000,107100
2017-08-18,6.250000,6.310000,6.000000,6.020000,6.020000,39400
2017-08-21,6.000000,6.150000,5.670000,6.000000,6.000000,58600
2017-08-22,6.200000,6.310000,6.090000,6.190000,6.190000,56200
2017-08-23,6.400000,6.509000,6.050000,6.070000,6.070000,37900
2017-08-24,6.240000,6.600000,6.030000,6.520000,6.520000,58300
2017-08-25,6.510000,6.550000,6.290000,6.350000,6.350000,47000
2017-08-28,6.350000,6.890000,6.320000,6.810000,6.810000,56800
2017-08-29,6.800000,6.890000,6.740000,6.850000,6.850000,33500
2017-08-30,6.900000,6.940000,6.680000,6.710000,6.710000,43000
2017-08-31,6.830000,6.908000,6.560000,6.720000,6.720000,35900
2017-09-01,6.730000,7.290000,6.730000,7.250000,7.250000,77500
2017-09-05,7.380000,7.730000,7.020000,7.700000,7.700000,97700
2017-09-06,7.750000,8.090000,7.470000,7.530000,7.530000,120900
2017-09-07,7.650000,7.650000,6.850000,6.930000,6.930000,65100
2017-09-08,6.930000,6.960000,6.190000,6.520000,6.520000,79600
2017-09-11,6.560000,7.150000,6.560000,6.670000,6.670000,114100
2017-09-12,6.700000,7.120000,6.490000,6.630000,6.630000,100700
2017-09-13,6.610000,6.970000,6.550000,6.740000,6.740000,71200
2017-09-14,6.810000,6.930000,6.480000,6.540000,6.540000,38700
2017-09-15,6.580000,7.160000,6.580000,6.810000,6.810000,90800
2017-09-18,6.960000,7.300000,6.820000,6.880000,6.880000,36100
2017-09-19,7.000000,7.550000,6.950000,7.500000,7.500000,135800
2017-09-20,8.000000,8.090000,7.190000,7.360000,7.360000,90300
2017-09-21,7.310000,7.477000,6.930000,7.200000,7.200000,43400
2017-09-22,7.210000,7.210000,6.950000,7.100000,7.100000,49000
2017-09-25,7.060000,7.070000,6.740000,6.840000,6.840000,32200
2017-09-26,6.720000,6.940000,6.620000,6.910000,6.910000,43100
2017-09-27,6.900000,7.170000,6.840000,7.120000,7.120000,96700
2017-09-28,7.015000,7.060000,6.370000,6.400000,6.400000,71000
2017-09-29,6.400000,6.600000,6.395000,6.520000,6.520000,22700
2017-10-02,6.650000,6.730000,6.440000,6.490000,6.490000,34700
2017-10-03,6.620000,6.850000,6.473000,6.770000,6.770000,39400
2017-10-04,6.680000,6.736000,6.490000,6.570000,6.570000,24500
2017-10-05,6.670000,6.730000,6.560000,6.650000,6.650000,14200
2017-10-06,6.650000,6.720000,6.490000,6.540000,6.540000,22400
2017-10-09,6.480000,6.880000,6.480000,6.760000,6.760000,24800
2017-10-10,6.840000,6.850000,6.160000,6.230000,6.230000,50200
2017-10-11,6.440000,6.710000,6.420000,6.570000,6.570000,28000
2017-10-12,6.600000,6.660000,6.530000,6.550000,6.550000,7800
2017-10-13,7.210000,7.210000,6.770000,6.820000,6.820000,46600
2017-10-16,6.630000,6.683000,6.360000,6.450000,6.450000,24200
2017-10-17,6.610000,6.690000,6.460000,6.650000,6.650000,19400
2017-10-18,6.720000,6.720000,6.490000,6.600000,6.600000,26500
2017-10-19,6.440000,6.490000,6.300000,6.330000,6.330000,18100
2017-10-20,6.420000,6.420000,6.170000,6.220000,6.220000,38700
2017-10-23,6.200000,6.200000,6.000000,6.010000,6.010000,33500
2017-10-24,6.020000,6.020000,5.600000,5.710000,5.710000,45000
2017-10-25,5.530000,5.730000,5.500000,5.640000,5.640000,77400
2017-10-26,5.480000,5.890000,5.480000,5.820000,5.820000,33700
2017-10-27,5.620000,5.990000,5.559000,5.940000,5.940000,48600
2017-10-30,5.950000,6.220000,5.840000,5.890000,5.890000,26800
2017-10-31,5.850000,6.100000,5.820000,6.090000,6.090000,39200
2017-11-01,6.140000,6.140000,5.600000,5.620000,5.620000,28300
2017-11-02,5.590000,5.670000,5.520000,5.660000,5.660000,24000
2017-11-03,5.630000,5.880000,5.563000,5.730000,5.730000,40900
2017-11-06,5.680000,6.200000,5.600000,5.940000,5.940000,67700
2017-11-07,5.940000,6.030000,5.270000,5.360000,5.360000,68100
2017-11-08,5.090000,5.590000,5.000000,5.510000,5.510000,121900
2017-11-09,5.240000,5.580000,4.910000,5.500000,5.500000,132700
2017-11-10,5.500000,5.700000,5.500000,5.510000,5.510000,50700
2017-11-13,5.500000,5.500000,5.200000,5.230000,5.230000,57300
2017-11-14,5.090000,5.400000,5.090000,5.300000,5.300000,55600
2017-11-15,5.530000,5.990000,5.430000,5.680000,5.680000,77600
2017-11-16,5.720000,6.330000,5.720000,6.240000,6.240000,76500
2017-11-17,6.240000,6.830000,6.240000,6.450000,6.450000,77100
2017-11-20,6.430000,6.697000,6.000000,6.300000,6.300000,68800
2017-11-21,6.500000,7.000000,6.450000,6.930000,6.930000,133400
2017-11-22,7.000000,7.010000,6.420000,6.430000,6.430000,133200
2017-11-24,6.500000,6.595000,6.320000,6.420000,6.420000,40900
2017-11-27,6.500000,6.700000,6.360000,6.590000,6.590000,57900
2017-11-28,6.700000,6.950000,6.510000,6.900000,6.900000,147700
2017-11-29,6.940000,7.000000,6.710000,6.840000,6.840000,51500
2017-11-30,6.950000,6.950000,6.550000,6.800000,6.800000,57000
2017-12-01,6.520000,6.850000,6.401000,6.780000,6.780000,54300
2017-12-04,6.850000,6.875000,6.410000,6.530000,6.530000,55700
2017-12-05,6.640000,6.840000,6.540000,6.720000,6.720000,33500
2017-12-06,6.750000,7.160000,6.680000,7.080000,7.080000,74200
2017-12-07,7.240000,7.240000,6.500000,6.950000,6.950000,79400
2017-12-08,6.950000,7.300000,6.650000,6.950000,6.950000,98800
2017-12-11,7.100000,7.249000,6.730000,6.790000,6.790000,79400
2017-12-12,6.780000,7.060000,6.350000,6.410000,6.410000,81100
2017-12-13,6.440000,6.740000,6.260000,6.340000,6.340000,40000
2017-12-14,6.400000,7.210000,6.315000,6.800000,6.800000,79400
2017-12-15,6.880000,7.090000,6.510000,6.550000,6.550000,175000
2017-12-18,6.500000,6.800000,6.340000,6.760000,6.760000,87500
2017-12-19,6.590000,7.030000,6.150000,6.240000,6.240000,156300
2017-12-20,6.220000,6.587000,5.750000,5.870000,5.870000,132400
2017-12-21,5.900000,6.545000,5.890000,6.360000,6.360000,79600
2017-12-22,6.270000,6.570000,6.160000,6.180000,6.180000,66400
2017-12-26,6.180000,6.320000,5.910000,5.990000,5.990000,45600
2017-12-27,6.010000,6.150000,5.970000,6.080000,6.080000,81200
2017-12-28,6.080000,6.520000,5.910000,6.450000,6.450000,77700
2017-12-29,6.470000,6.520000,6.125000,6.230000,6.230000,77800
2018-01-02,6.370000,6.830000,6.250000,6.710000,6.710000,86000
2018-01-03,6.700000,6.750000,6.520000,6.590000,6.590000,51800
2018-01-04,6.740000,6.920000,6.560000,6.820000,6.820000,60200
2018-01-05,6.870000,6.870000,6.600000,6.750000,6.750000,68400
2018-01-08,6.750000,6.950000,6.550000,6.630000,6.630000,69700
2018-01-09,6.600000,6.800000,6.250000,6.490000,6.490000,70800
2018-01-10,6.480000,6.490000,6.230000,6.410000,6.410000,82700
2018-01-11,6.470000,6.780000,6.240000,6.560000,6.560000,104900
2018-01-12,6.700000,6.760000,6.420000,6.460000,6.460000,76800
2018-01-16,6.630000,6.750000,6.280000,6.370000,6.370000,175400
2018-01-17,6.470000,7.096000,6.380000,6.460000,6.460000,77500
2018-01-18,6.570000,6.929000,6.300000,6.710000,6.710000,132700
2018-01-19,6.710000,7.130000,6.550000,6.620000,6.620000,192100
2018-01-22,6.320000,6.790000,6.320000,6.640000,6.640000,96500
2018-01-23,6.620000,6.711000,6.250000,6.340000,6.340000,118900
2018-01-24,6.440000,6.480000,5.850000,6.200000,6.200000,163300
2018-01-25,6.250000,6.280000,6.110000,6.190000,6.190000,34300
2018-01-26,6.240000,6.240000,6.100000,6.150000,6.150000,90200
2018-01-29,6.150000,6.150000,5.700000,5.790000,5.790000,169200
2018-01-30,5.790000,6.150000,5.620000,5.810000,5.810000,108000
2018-01-31,5.890000,6.150000,5.770000,5.820000,5.820000,98900
2018-02-01,5.800000,5.980000,5.750000,5.940000,5.940000,63900
2018-02-02,5.910000,5.920000,5.770000,5.840000,5.840000,89300
2018-02-05,5.887000,5.887000,5.730000,5.750000,5.750000,65600
2018-02-06,5.750000,6.100000,5.650000,6.020000,6.020000,118100
2018-02-07,6.040000,6.150000,5.800000,5.870000,5.870000,75500
2018-02-08,5.900000,6.240000,5.710000,5.770000,5.770000,138800
2018-02-09,6.090000,6.120000,5.770000,6.060000,6.060000,214100
2018-02-12,6.070000,6.073000,5.890000,5.970000,5.970000,99800
2018-02-13,5.880000,5.920000,5.760000,5.890000,5.890000,91700
2018-02-14,5.810000,6.050000,5.790000,5.920000,5.920000,130400
2018-02-15,6.000000,6.260000,5.780000,6.220000,6.220000,129500
2018-02-16,6.200000,7.000000,5.960000,6.260000,6.260000,300100
2018-02-20,6.280000,6.770000,6.260000,6.750000,6.750000,117700
2018-02-21,6.780000,7.050000,6.756000,6.860000,6.860000,212200
2018-02-22,6.950000,6.950000,6.330000,6.350000,6.350000,181900
2018-02-23,6.350000,6.350000,6.100000,6.120000,6.120000,196800
2018-02-26,6.190000,6.250000,6.030000,6.080000,6.080000,56500
2018-02-27,5.920000,6.362000,5.905000,5.990000,5.990000,114500
2018-02-28,6.030000,6.050000,5.750000,5.760000,5.760000,132300
2018-03-01,5.800000,5.890000,5.430000,5.790000,5.790000,213700
2018-03-02,5.770000,6.300000,5.540000,6.260000,6.260000,159200
2018-03-05,6.260000,6.260000,5.820000,6.090000,6.090000,234000
2018-03-06,6.140000,6.210000,5.920000,5.980000,5.980000,91700
2018-03-07,5.980000,6.030000,5.800000,6.000000,6.000000,298500
2018-03-08,6.040000,6.040000,5.820000,5.940000,5.940000,118000
2018-03-09,6.000000,6.340000,5.890000,6.260000,6.260000,138500
2018-03-12,6.320000,6.449000,6.200000,6.340000,6.340000,53100
2018-03-13,6.360000,6.630000,6.230000,6.320000,6.320000,86800
2018-03-14,6.380000,6.730000,6.240000,6.360000,6.360000,87300
2018-03-15,6.340000,6.380000,6.070000,6.140000,6.140000,103100
2018-03-16,6.130000,6.360000,6.000000,6.350000,6.350000,250200
2018-03-19,6.320000,6.450000,6.080000,6.370000,6.370000,106800
2018-03-20,6.430000,6.640000,6.400000,6.560000,6.560000,204400
2018-03-21,6.550000,6.890000,6.500000,6.730000,6.730000,91400
2018-03-22,6.700000,6.750000,6.480000,6.720000,6.720000,85400
2018-03-23,6.810000,6.830000,6.610000,6.640000,6.640000,111300
2018-03-26,6.790000,6.790000,6.500000,6.740000,6.740000,72000
2018-03-27,6.790000,6.790000,6.190000,6.230000,6.230000,51600
2018-03-28,6.250000,6.250000,5.900000,5.910000,5.910000,97900
2018-03-29,5.960000,5.960000,5.820000,5.830000,5.830000,88200
2018-04-02,5.810000,5.810000,5.230000,5.270000,5.270000,296800
2018-04-03,5.330000,5.450000,5.290000,5.410000,5.410000,130000
2018-04-04,5.330000,5.690000,5.210000,5.620000,5.620000,99500
2018-04-05,5.620000,5.800000,5.430000,5.570000,5.570000,97300
2018-04-06,5.580000,5.580000,5.300000,5.380000,5.380000,92100
2018-04-09,5.420000,5.420000,5.160000,5.230000,5.230000,116200
2018-04-10,5.340000,5.340000,5.140000,5.160000,5.160000,85100
2018-04-11,5.120000,5.180000,4.950000,4.980000,4.980000,255500
2018-04-12,5.020000,5.120000,4.910000,5.050000,5.050000,96100
2018-04-13,5.090000,5.178000,4.980000,5.080000,5.080000,89100
2018-04-16,5.080000,5.080000,4.860000,4.910000,4.910000,64400
2018-04-17,5.170000,5.690000,5.100000,5.290000,5.290000,225600
2018-04-18,5.350000,5.370000,5.190000,5.310000,5.310000,83400
2018-04-19,5.300000,5.300000,5.200000,5.230000,5.230000,31200
2018-04-20,5.200000,5.243000,5.020000,5.070000,5.070000,39800
2018-04-23,5.110000,5.220000,5.080000,5.180000,5.180000,37500
2018-04-24,5.240000,5.386000,5.050000,5.080000,5.080000,46200
2018-04-25,5.080000,5.115000,5.000000,5.050000,5.050000,43400
2018-04-26,5.060000,5.210000,5.020000,5.110000,5.110000,39000
2018-04-27,5.110000,5.130000,5.040000,5.050000,5.050000,35700
2018-04-30,5.050000,5.110000,5.000000,5.070000,5.070000,19200
2018-05-01,5.050000,5.380000,5.050000,5.310000,5.310000,54500
2018-05-02,5.330000,5.750000,5.300000,5.670000,5.670000,131300
2018-05-03,5.690000,5.820000,5.450000,5.490000,5.490000,50900
2018-05-04,5.420000,5.650000,5.420000,5.520000,5.520000,43600
2018-05-07,5.530000,5.940000,5.530000,5.720000,5.720000,59300
2018-05-08,5.580000,5.750000,5.580000,5.690000,5.690000,27200
2018-05-09,5.710000,5.980000,5.645000,5.930000,5.930000,57300
2018-05-10,5.930000,5.990000,5.630000,5.920000,5.920000,65100
2018-05-11,5.900000,6.890000,5.799000,6.810000,6.810000,225300
2018-05-14,6.900000,6.980000,6.770000,6.920000,6.920000,124000
2018-05-15,6.890000,6.900000,6.620000,6.650000,6.650000,49500
2018-05-16,6.710000,6.880000,6.280000,6.790000,6.790000,141300
2018-05-17,6.770000,6.880000,6.530000,6.580000,6.580000,74400
2018-05-18,6.600000,6.600000,6.310000,6.390000,6.390000,48300
2018-05-21,6.450000,6.650000,6.280000,6.590000,6.590000,35300
2018-05-22,6.760000,6.760000,6.450000,6.480000,6.480000,45500
2018-05-23,6.460000,6.740000,6.460000,6.580000,6.580000,33700
2018-05-24,6.670000,6.720000,6.400000,6.610000,6.610000,55900
2018-05-25,6.620000,6.980000,6.530000,6.630000,6.630000,115600
2018-05-29,6.590000,6.790000,6.500000,6.600000,6.600000,60500
2018-05-30,6.699000,6.755000,6.410000,6.560000,6.560000,42100
2018-05-31,6.630000,6.730000,6.530000,6.620000,6.620000,40300
2018-06-01,6.574000,6.776000,6.510000,6.670000,6.670000,37000
2018-06-04,6.760000,6.867000,6.600000,6.640000,6.640000,56400
2018-06-05,6.670000,6.820000,6.540000,6.690000,6.690000,60000
2018-06-06,6.700000,6.840000,6.680000,6.750000,6.750000,61200
2018-06-07,6.800000,7.000000,6.560000,6.730000,6.730000,85200
2018-06-08,6.780000,6.810000,6.520000,6.600000,6.600000,62600
2018-06-11,6.690000,6.870000,6.600000,6.750000,6.750000,92100
2018-06-12,6.880000,6.880000,6.295000,6.400000,6.400000,109700
2018-06-13,6.320000,6.550000,6.280000,6.500000,6.500000,56900
2018-06-14,6.560000,6.630000,6.360000,6.550000,6.550000,41400
2018-06-15,6.510000,6.580000,6.350000,6.440000,6.440000,47600
2018-06-18,6.380000,6.550000,6.295000,6.490000,6.490000,39200
2018-06-19,6.650000,7.400000,6.560000,6.810000,6.810000,479300
2018-06-20,7.300000,7.590000,7.110000,7.590000,7.590000,451200
2018-06-21,7.830000,8.639000,7.500000,7.710000,7.710000,555100
2018-06-22,8.500000,8.500000,7.550000,7.600000,7.600000,1253600
2018-06-25,8.040000,8.180000,7.190000,7.200000,7.200000,188800
2018-06-26,7.180000,7.580000,6.640000,7.290000,7.290000,252100
2018-06-27,7.370000,7.600000,6.800000,7.030000,7.030000,179600
2018-06-28,6.970000,7.970000,6.730000,7.050000,7.050000,492200
2018-06-29,7.100000,7.447000,7.010000,7.270000,7.270000,112400
2018-07-02,7.180000,7.399000,6.960000,7.250000,7.250000,85800
2018-07-03,7.230000,7.990000,7.030000,7.650000,7.650000,130500
2018-07-05,7.790000,9.500000,7.760000,8.550000,8.550000,716800
2018-07-06,8.550000,8.860000,8.100000,8.790000,8.790000,221000
2018-07-09,8.920000,8.950000,8.310000,8.640000,8.640000,200300
2018-07-10,8.630000,8.910000,8.381000,8.460000,8.460000,135600
2018-07-11,8.440000,8.685000,8.381000,8.600000,8.600000,84600
2018-07-12,8.700000,9.025000,8.550000,8.690000,8.690000,128500
2018-07-13,8.720000,8.869000,8.650000,8.800000,8.800000,99800
2018-07-16,9.000000,9.140000,8.626000,8.840000,8.840000,203900
2018-07-17,8.890000,9.360000,8.850000,9.280000,9.280000,211000
2018-07-18,9.270000,9.370000,9.050000,9.220000,9.220000,150000
2018-07-19,9.190000,9.210000,8.650000,8.970000,8.970000,149500
2018-07-20,9.000000,9.140000,8.770000,8.820000,8.820000,62200
2018-07-23,8.880000,8.990000,8.550000,8.745000,8.745000,72800
2018-07-24,8.900000,8.903000,8.440000,8.640000,8.640000,68600
2018-07-25,8.640000,8.896000,8.390000,8.810000,8.810000,73000
2018-07-26,8.850000,8.891000,8.610000,8.820000,8.820000,56900
2018-07-27,8.820000,8.835000,8.100000,8.150000,8.150000,169400
2018-07-30,8.150000,8.350000,7.760000,8.030000,8.030000,130600
2018-07-31,8.010000,8.020000,7.770000,7.930000,7.930000,143400
2018-08-01,8.000000,8.000000,7.680000,7.690000,7.690000,63700
2018-08-02,7.630000,7.935000,7.615000,7.870000,7.870000,75500
2018-08-03,7.920000,8.000000,7.670000,7.680000,7.680000,44000
2018-08-06,7.650000,7.680000,7.400000,7.650000,7.650000,66000
2018-08-07,7.640000,7.720000,7.380000,7.405000,7.405000,81500
2018-08-08,7.370000,7.640000,7.180000,7.500000,7.500000,52400
2018-08-09,7.530000,8.000000,7.500000,7.980000,7.980000,77900
2018-08-10,7.940000,8.150000,7.670000,7.940000,7.940000,73900
2018-08-13,7.880000,7.900000,7.470000,7.570000,7.570000,49000
2018-08-14,7.590000,7.590000,7.280000,7.330000,7.330000,62900
2018-08-15,7.360000,7.380000,6.810000,7.200000,7.200000,144600
2018-08-16,7.210000,7.210000,6.930000,6.960000,6.960000,73000
2018-08-17,6.860000,7.430000,6.860000,7.360000,7.360000,60400
2018-08-20,7.370000,7.450000,7.160000,7.230000,7.230000,58400
2018-08-21,7.250000,7.765000,7.230000,7.520000,7.520000,166400
2018-08-22,7.570000,7.727000,7.470000,7.590000,7.590000,38000
2018-08-23,7.690000,7.720000,7.470000,7.510000,7.510000,40600
2018-08-24,7.610000,7.850000,7.610000,7.700000,7.700000,52100
2018-08-27,7.820000,7.820000,7.500000,7.540000,7.540000,51900
2018-08-28,7.540000,7.820000,7.540000,7.780000,7.780000,36600
2018-08-29,7.840000,7.920000,7.650000,7.700000,7.700000,32900
2018-08-30,7.870000,8.600000,7.820000,8.540000,8.540000,271300
2018-08-31,8.530000,8.530000,8.060000,8.340000,8.340000,137500
2018-09-04,8.270000,8.528000,8.150000,8.300000,8.300000,63000
2018-09-05,8.340000,8.340000,8.000000,8.180000,8.180000,30900
2018-09-06,8.170000,8.365000,8.000000,8.000000,8.000000,38700
2018-09-07,8.000000,8.320000,8.000000,8.120000,8.120000,26600
2018-09-10,8.100000,8.170000,8.000000,8.070000,8.070000,43100
2018-09-11,8.000000,8.389000,8.000000,8.020000,8.020000,29900
2018-09-12,8.000000,8.290000,8.000000,8.100000,8.100000,75700
2018-09-13,8.170000,8.250000,7.995000,8.000000,8.000000,55900
2018-09-14,8.010000,8.100000,7.990000,8.000000,8.000000,55900
2018-09-17,8.010000,8.100000,7.990000,8.000000,8.000000,74000
2018-09-18,8.120000,8.150000,8.030000,8.050000,8.050000,73400
2018-09-19,8.090000,8.150000,8.000000,8.020000,8.020000,51300
2018-09-20,8.050000,8.460000,8.000000,8.350000,8.350000,108700
2018-09-21,8.350000,8.350000,8.170000,8.300000,8.300000,116000
2018-09-24,8.480000,8.480000,8.290000,8.310000,8.310000,65200
2018-09-25,8.310000,8.390000,7.930000,7.950000,7.950000,88600
2018-09-26,7.940000,8.120000,7.470000,7.910000,7.910000,193200
2018-09-27,8.100000,8.410000,8.039000,8.330000,8.330000,169200
2018-09-28,8.460000,8.563000,7.760000,7.870000,7.870000,307600
2018-10-01,8.300000,8.600000,8.020000,8.210000,8.210000,134000
2018-10-02,8.200000,8.380000,7.390000,7.400000,7.400000,255400
2018-10-03,7.400000,7.780000,7.306000,7.590000,7.590000,113000
2018-10-04,7.550000,7.780000,7.240000,7.250000,7.250000,78700
2018-10-05,7.280000,7.519000,7.030000,7.080000,7.080000,212800
2018-10-08,6.980000,7.030000,6.590000,6.600000,6.600000,124000
2018-10-09,6.540000,6.860000,6.530000,6.600000,6.600000,79600
2018-10-10,7.360000,7.440000,6.050000,6.070000,6.070000,251400
2018-10-11,6.000000,6.340000,5.880000,5.930000,5.930000,167600
2018-10-12,6.060000,6.285000,5.800000,5.820000,5.820000,179400
2018-10-15,5.570000,5.840000,5.524000,5.700000,5.700000,130500
2018-10-16,5.800000,6.040000,5.760000,5.820000,5.820000,232900
2018-10-17,5.840000,6.110000,5.500000,5.770000,5.770000,259800
2018-10-18,5.760000,5.760000,5.000000,5.010000,5.010000,746300
2018-10-19,4.290000,4.300000,4.000000,4.120000,4.120000,3429100
2018-10-22,4.200000,4.250000,3.820000,4.120000,4.120000,1305100
2018-10-23,3.860000,4.080000,3.750000,3.960000,3.960000,927200
2018-10-24,4.010000,4.059000,3.720000,3.860000,3.860000,490800
2018-10-25,3.860000,4.040000,3.800000,3.800000,3.800000,304600
2018-10-26,3.720000,3.800000,3.620000,3.650000,3.650000,278000
2018-10-29,3.700000,3.800000,3.460000,3.470000,3.470000,393100
2018-10-30,3.580000,3.900000,3.480000,3.570000,3.570000,401900
2018-10-31,3.660000,4.110000,3.650000,4.070000,4.070000,627000
2018-11-01,4.080000,4.160000,3.900000,4.070000,4.070000,208800
2018-11-02,4.100000,4.148000,3.780000,3.780000,3.780000,752500
2018-11-05,3.780000,3.840000,3.620000,3.750000,3.750000,303100
2018-11-06,3.950000,4.740000,3.400000,4.450000,4.450000,2215700
2018-11-07,4.750000,5.200000,4.750000,5.050000,5.050000,2647600
2018-11-08,5.200000,5.300000,4.750000,4.800000,4.800000,884900
2018-11-09,4.800000,4.970000,4.320000,4.960000,4.960000,454500
2018-11-12,5.000000,5.020000,4.800000,4.850000,4.850000,204600
2018-11-13,4.940000,5.030000,4.700000,5.010000,5.010000,375100
2018-11-14,5.010000,5.050000,4.550000,4.960000,4.960000,317500
2018-11-15,4.890000,4.960000,4.720000,4.800000,4.800000,167900
2018-11-16,4.760000,4.880000,4.580000,4.700000,4.700000,197400
2018-11-19,4.830000,4.840000,4.330000,4.580000,4.580000,235300
2018-11-20,4.550000,4.790000,4.380000,4.790000,4.790000,198000
2018-11-21,4.870000,5.030000,4.720000,4.890000,4.890000,122500
2018-11-23,4.760000,5.010000,4.740000,4.760000,4.760000,53700
2018-11-26,4.890000,5.280000,4.890000,5.060000,5.060000,284000
2018-11-27,5.060000,5.250000,4.870000,5.000000,5.000000,106700
2018-11-28,4.980000,5.130000,4.866000,5.080000,5.080000,95600
2018-11-29,5.160000,5.160000,4.870000,4.920000,4.920000,170500
2018-11-30,5.000000,5.000000,4.750000,5.000000,5.000000,191200
2018-12-03,5.200000,5.226000,4.890000,5.050000,5.050000,248000
2018-12-04,5.030000,5.350000,5.010000,5.350000,5.350000,168900
2018-12-06,5.260000,5.460000,5.000000,5.150000,5.150000,377100
2018-12-07,5.150000,5.380000,5.110000,5.350000,5.350000,116500
2018-12-10,5.340000,5.480000,5.290000,5.430000,5.430000,255900
2018-12-11,5.480000,5.564000,5.370000,5.390000,5.390000,179900
2018-12-12,5.380000,5.580000,5.340000,5.530000,5.530000,168600
2018-12-13,5.520000,5.521000,5.200000,5.320000,5.320000,78800
2018-12-14,5.280000,5.509000,5.280000,5.360000,5.360000,70300
2018-12-17,5.380000,5.750000,5.280000,5.690000,5.690000,192800
2018-12-18,5.800000,5.800000,5.670000,5.700000,5.700000,178100
2018-12-19,5.730000,5.790000,5.470000,5.500000,5.500000,168100
2018-12-20,5.480000,5.530000,4.930000,4.980000,4.980000,341600
2018-12-21,5.010000,5.060000,4.880000,4.990000,4.990000,153000
2018-12-24,5.000000,5.080000,4.860000,4.900000,4.900000,105000
2018-12-26,4.910000,5.040000,4.610000,4.750000,4.750000,191600
2018-12-27,4.740000,5.000000,4.600000,4.720000,4.720000,98900
2018-12-28,4.730000,4.880000,4.680000,4.790000,4.790000,76400
2018-12-31,4.860000,4.990000,4.800000,4.970000,4.970000,72600
2019-01-02,4.900000,5.705000,4.900000,5.600000,5.600000,189600
2019-01-03,5.440000,5.650000,5.210000,5.490000,5.490000,196400
2019-01-04,5.520000,6.040000,5.420000,5.720000,5.720000,130900
2019-01-07,5.750000,6.040000,5.700000,5.760000,5.760000,247300
2019-01-08,5.820000,6.000000,5.800000,5.950000,5.950000,107300
2019-01-09,6.130000,6.130000,5.900000,5.970000,5.970000,134900
2019-01-10,5.950000,6.200000,5.910000,6.170000,6.170000,87400
2019-01-11,6.190000,6.210000,6.011000,6.200000,6.200000,132600
2019-01-14,6.200000,6.250000,6.150000,6.200000,6.200000,80600
2019-01-15,6.200000,6.305000,6.110000,6.190000,6.190000,147800
2019-01-16,6.200000,6.380000,5.980000,6.030000,6.030000,177600
2019-01-17,5.900000,6.170000,5.700000,6.130000,6.130000,195400
2019-01-18,6.100000,6.450000,6.033000,6.400000,6.400000,224000
2019-01-22,6.400000,6.670000,6.300000,6.600000,6.600000,207300
2019-01-23,6.620000,6.740000,6.469000,6.600000,6.600000,122200
2019-01-24,7.000000,7.100000,6.870000,7.000000,7.000000,688000
2019-01-25,7.100000,7.210000,7.050000,7.200000,7.200000,418600
2019-01-28,7.200000,7.450000,7.010000,7.300000,7.300000,348900
2019-01-29,7.360000,7.500000,7.160000,7.200000,7.200000,383100
2019-01-30,7.250000,7.600000,7.160000,7.590000,7.590000,313300
2019-01-31,7.720000,7.864000,7.520000,7.550000,7.550000,258000
2019-02-01,7.500000,7.620000,6.950000,7.290000,7.290000,304100
2019-02-04,7.260000,7.485000,7.120000,7.220000,7.220000,212800
2019-02-05,7.170000,7.265000,6.600000,7.070000,7.070000,453800
2019-02-06,7.040000,7.360000,6.990000,7.170000,7.170000,189900
2019-02-07,7.120000,7.140000,6.830000,7.050000,7.050000,156900
2019-02-08,7.030000,7.360000,7.000000,7.320000,7.320000,157200
2019-02-11,7.360000,7.540000,7.230000,7.290000,7.290000,182200
2019-02-12,7.310000,7.387000,7.120000,7.160000,7.160000,109100
2019-02-13,7.120000,7.195000,6.800000,6.940000,6.940000,191100
2019-02-14,6.940000,7.030000,6.760000,6.800000,6.800000,122400
2019-02-15,6.800000,7.020000,6.770000,6.810000,6.810000,159500
2019-02-19,7.100000,7.155000,6.530000,6.950000,6.950000,254700
2019-02-20,7.210000,7.210000,6.600000,6.880000,6.880000,269500
2019-02-21,6.830000,6.906000,6.690000,6.820000,6.820000,143200
2019-02-22,6.810000,7.060000,6.670000,6.960000,6.960000,177900
2019-02-25,7.050000,7.190000,6.960000,7.030000,7.030000,144200
2019-02-26,7.050000,7.130000,6.780000,6.880000,6.880000,94600
2019-02-27,6.860000,6.940000,6.560000,6.560000,6.560000,137300
2019-02-28,6.590000,6.670000,6.420000,6.580000,6.580000,117700
2019-03-01,6.465000,6.840000,6.465000,6.640000,6.640000,181000
2019-03-04,6.700000,6.750000,6.450000,6.590000,6.590000,100600
2019-03-05,6.530000,6.560000,5.840000,6.320000,6.320000,403400
2019-03-06,6.300000,6.360000,6.100000,6.250000,6.250000,137700
2019-03-07,6.210000,6.380000,5.430000,6.160000,6.160000,793300
2019-03-08,6.070000,6.200000,6.000000,6.000000,6.000000,146200
2019-03-11,5.990000,6.190000,5.820000,6.100000,6.100000,190200
2019-03-12,6.120000,6.400000,6.020000,6.220000,6.220000,343500
2019-03-13,6.250000,6.491000,6.087000,6.450000,6.450000,310800
2019-03-14,6.490000,6.575000,6.200000,6.230000,6.230000,195600
2019-03-15,6.260000,6.650000,6.260000,6.520000,6.520000,322800
2019-03-18,6.520000,6.670000,6.200000,6.450000,6.450000,337900
2019-03-19,6.460000,6.740000,6.340000,6.680000,6.680000,166400
2019-03-20,6.690000,6.790000,6.530000,6.730000,6.730000,247600
2019-03-21,6.800000,6.910000,6.710000,6.750000,6.750000,154700
2019-03-22,6.760000,6.810000,6.430000,6.530000,6.530000,185100
2019-03-25,6.540000,6.620000,6.130000,6.190000,6.190000,185500
2019-03-26,6.250000,6.300000,5.890000,6.030000,6.030000,347600
2019-03-27,6.040000,6.230000,5.770000,5.950000,5.950000,255700
2019-03-28,5.970000,6.080000,5.850000,5.960000,5.960000,173000
2019-03-29,5.980000,6.020000,5.800000,5.810000,5.810000,173800
2019-04-01,5.840000,5.900000,5.750000,5.790000,5.790000,162500
2019-04-02,6.040000,6.750000,5.900000,6.400000,6.400000,780900
2019-04-03,6.400000,6.630000,5.840000,6.180000,6.180000,412000
2019-04-04,6.170000,6.218000,5.960000,6.110000,6.110000,193100
2019-04-05,6.130000,6.300000,6.040000,6.260000,6.260000,174300
2019-04-08,6.260000,6.365000,6.120000,6.310000,6.310000,134200
2019-04-09,6.310000,6.465000,6.226000,6.340000,6.340000,131000
2019-04-10,6.350000,6.620000,6.270000,6.500000,6.500000,322400
2019-04-11,6.570000,6.650000,6.450000,6.610000,6.610000,270300
2019-04-12,6.670000,6.800000,6.550000,6.800000,6.800000,239800
2019-04-15,6.940000,6.980000,6.500000,6.600000,6.600000,306900
2019-04-16,6.680000,6.836000,6.630000,6.820000,6.820000,226800
2019-04-17,6.870000,6.900000,6.610000,6.780000,6.780000,248300
2019-04-18,6.820000,6.910000,6.770000,6.890000,6.890000,224400
2019-04-22,6.890000,6.900000,6.460000,6.620000,6.620000,226100
2019-04-23,6.610000,6.660000,6.270000,6.330000,6.330000,290800
2019-04-24,6.310000,6.660000,6.200000,6.570000,6.570000,209300
2019-04-25,6.600000,6.650000,6.460000,6.580000,6.580000,145600
2019-04-26,6.600000,6.830000,6.500000,6.770000,6.770000,201300
2019-04-29,6.770000,6.830000,6.500000,6.510000,6.510000,234100
2019-04-30,6.500000,6.690000,6.420000,6.600000,6.600000,177600
2019-05-01,6.610000,6.660000,6.390000,6.390000,6.390000,121600
2019-05-02,6.390000,6.400000,6.200000,6.280000,6.280000,223900
2019-05-03,6.270000,6.450000,6.250000,6.380000,6.380000,125000
2019-05-06,6.380000,6.550000,6.220000,6.400000,6.400000,163500
2019-05-07,7.500000,7.800000,7.210000,7.710000,7.710000,1757700
2019-05-08,7.620000,8.320000,7.592000,8.160000,8.160000,1267000
2019-05-09,8.050000,8.300000,7.813000,8.040000,8.040000,884800
2019-05-10,8.300000,8.370000,7.780000,8.210000,8.210000,875400
2019-05-13,8.100000,8.950000,7.910000,8.890000,8.890000,2139400
2019-05-14,8.990000,9.000000,8.320000,8.350000,8.350000,882300
2019-05-15,8.310000,8.350000,7.670000,7.750000,7.750000,844500
2019-05-16,7.760000,8.030000,7.715000,7.970000,7.970000,480500
2019-05-17,7.950000,7.988000,7.340000,7.390000,7.390000,342300
2019-05-20,7.230000,7.330000,6.847000,7.040000,7.040000,511200
2019-05-21,7.100000,7.300000,6.540000,6.660000,6.660000,570500
2019-05-22,6.620000,7.035000,6.460000,6.770000,6.770000,443000
2019-05-23,6.820000,7.100000,6.570000,6.750000,6.750000,458900
2019-05-24,6.760000,7.010000,6.660000,6.960000,6.960000,330700
2019-05-28,7.010000,7.330000,6.910000,6.980000,6.980000,369600
2019-05-29,6.950000,7.100000,6.740000,6.970000,6.970000,325300
2019-05-30,7.150000,7.290000,6.960000,7.220000,7.220000,498700
2019-05-31,7.110000,7.200000,6.910000,6.960000,6.960000,424800
2019-06-03,6.920000,7.005000,6.330000,6.580000,6.580000,509400
2019-06-04,6.590000,6.780000,6.400000,6.720000,6.720000,379900
2019-06-05,6.750000,6.820000,6.520000,6.670000,6.670000,154100
2019-06-06,6.650000,6.890000,6.480000,6.770000,6.770000,251400
2019-06-07,6.780000,7.100000,6.720000,7.100000,7.100000,300400
2019-06-10,7.060000,7.450000,7.060000,7.430000,7.430000,403100
2019-06-11,7.450000,7.650000,7.125000,7.470000,7.470000,332600
2019-06-12,7.450000,7.510000,7.010000,7.210000,7.210000,367100
2019-06-13,7.190000,7.480000,7.080000,7.180000,7.180000,225100
2019-06-14,7.120000,7.140000,6.820000,7.030000,7.030000,308800
2019-06-17,7.020000,7.150000,6.780000,6.810000,6.810000,423700
2019-06-18,6.850000,6.920000,6.520000,6.690000,6.690000,269100
2019-06-19,6.710000,6.730000,6.350000,6.550000,6.550000,512800
2019-06-20,6.570000,6.710000,6.380000,6.680000,6.680000,468900
2019-06-21,6.650000,6.660000,6.380000,6.540000,6.540000,384900
2019-06-24,6.550000,6.619000,6.200000,6.240000,6.240000,389500
2019-06-25,6.230000,6.300000,5.960000,6.010000,6.010000,333600
2019-06-26,6.140000,6.150000,5.770000,6.000000,6.000000,595800
2019-06-27,6.010000,6.063000,5.720000,5.900000,5.900000,475700
2019-06-28,5.900000,6.627000,5.830000,6.400000,6.400000,3358700
2019-07-01,6.460000,6.590000,6.140000,6.270000,6.270000,477900
2019-07-02,6.210000,6.250000,5.890000,5.910000,5.910000,388000
2019-07-03,5.910000,6.030000,5.620000,6.000000,6.000000,517100
2019-07-05,5.980000,5.980000,5.660000,5.820000,5.820000,476700
2019-07-08,5.800000,5.840000,5.500000,5.670000,5.670000,762700
2019-07-09,5.620000,5.740000,5.170000,5.320000,5.320000,672900
2019-07-10,6.010000,6.600000,5.900000,6.280000,6.280000,1374400
2019-07-11,6.200000,6.590000,5.970000,6.020000,6.020000,789000
2019-07-12,5.990000,6.015000,5.410000,5.750000,5.750000,1225100
2019-07-15,5.750000,5.980000,5.550000,5.690000,5.690000,490000
2019-07-16,5.700000,5.990000,5.700000,5.780000,5.780000,370700
2019-07-17,5.750000,5.820000,5.440000,5.510000,5.510000,625500
2019-07-18,5.500000,5.660000,5.370000,5.450000,5.450000,520400
2019-07-19,5.440000,5.680000,5.360000,5.520000,5.520000,499900
2019-07-22,5.490000,5.920000,5.490000,5.770000,5.770000,435500
2019-07-23,5.750000,5.870000,5.590000,5.650000,5.650000,408600
2019-07-24,5.670000,5.840000,5.320000,5.790000,5.790000,696500
2019-07-25,5.800000,6.100000,5.690000,6.020000,6.020000,359800
2019-07-26,6.030000,6.100000,5.545000,5.600000,5.600000,377800
2019-07-29,5.620000,5.760000,5.330000,5.610000,5.610000,370600
2019-07-30,5.630000,6.020000,5.610000,5.860000,5.860000,401700
2019-07-31,5.830000,5.970000,5.740000,5.820000,5.820000,262200
2019-08-01,5.830000,5.950000,5.590000,5.620000,5.620000,328700
2019-08-02,5.590000,5.742000,5.480000,5.660000,5.660000,171100
2019-08-05,5.610000,5.610000,5.410000,5.500000,5.500000,310500
2019-08-06,5.520000,5.580000,5.350000,5.450000,5.450000,318600
2019-08-07,5.370000,5.605000,5.240000,5.520000,5.520000,303200
2019-08-08,5.560000,5.700000,5.477000,5.600000,5.600000,209500
2019-08-09,5.590000,5.670000,5.320000,5.530000,5.530000,210800
2019-08-12,5.490000,5.560000,5.310000,5.560000,5.560000,192000
2019-08-13,6.000000,6.000000,5.710000,5.850000,5.850000,370700
2019-08-14,5.800000,5.910000,5.640000,5.860000,5.860000,275900
2019-08-15,5.810000,5.880000,5.680000,5.720000,5.720000,160100
2019-08-16,5.740000,6.350000,5.670000,6.140000,6.140000,409300
2019-08-19,6.250000,6.480000,6.110000,6.420000,6.420000,348000
2019-08-20,6.450000,6.580000,6.310000,6.500000,6.500000,206700
2019-08-21,6.550000,6.750000,6.480000,6.690000,6.690000,346500
2019-08-22,6.700000,6.750000,6.400000,6.440000,6.440000,166300
2019-08-23,6.510000,7.100000,6.500000,6.790000,6.790000,980900
2019-08-26,7.100000,7.390000,6.195000,6.310000,6.310000,1255700
2019-08-27,6.360000,6.950000,6.290000,6.920000,6.920000,872500
2019-08-28,7.000000,7.110000,6.920000,7.080000,7.080000,764800
2019-08-29,7.130000,7.360000,7.100000,7.240000,7.240000,621100
2019-08-30,7.420000,7.516000,7.220000,7.320000,7.320000,372500
2019-09-03,7.380000,7.450000,6.950000,7.250000,7.250000,339100
2019-09-04,7.180000,7.440000,7.180000,7.370000,7.370000,321500
2019-09-05,7.400000,7.600000,7.320000,7.550000,7.550000,534800
2019-09-06,7.600000,8.230000,7.540000,8.040000,8.040000,943300
2019-09-09,8.160000,8.270000,7.710000,8.000000,8.000000,565300
2019-09-10,7.990000,8.210000,7.885000,8.210000,8.210000,363400
2019-09-11,8.250000,8.530000,8.150000,8.250000,8.250000,550300
2019-09-12,8.210000,8.350000,8.010000,8.290000,8.290000,373000
2019-09-13,8.300000,8.310000,7.890000,8.000000,8.000000,529600
2019-09-16,8.090000,8.120000,7.550000,7.800000,7.800000,567500
2019-09-17,7.850000,7.930000,7.710000,7.930000,7.930000,412800
2019-09-18,7.270000,7.560000,7.050000,7.550000,7.550000,1006400
2019-09-19,7.650000,8.050000,7.650000,7.910000,7.910000,702700
2019-09-20,7.930000,8.336000,7.812000,8.230000,8.230000,894500
2019-09-23,8.250000,8.560000,8.110000,8.510000,8.510000,597800
2019-09-24,8.500000,8.770000,7.910000,7.970000,7.970000,698000
2019-09-25,7.910000,8.050000,7.680000,7.860000,7.860000,338500
2019-09-26,7.850000,7.960000,7.580000,7.745000,7.745000,250200
2019-09-27,7.740000,7.750000,7.500000,7.575000,7.575000,298500
2019-09-30,7.580000,7.910000,7.540000,7.750000,7.750000,295600
2019-10-01,7.780000,8.025000,7.500000,7.580000,7.580000,267200
2019-10-02,7.500000,7.680000,7.320000,7.550000,7.550000,398700
2019-10-03,7.490000,7.666000,7.320000,7.540000,7.540000,207300
2019-10-04,7.570000,8.050000,7.465000,7.950000,7.950000,382100
2019-10-07,7.890000,8.090000,7.490000,7.650000,7.650000,405600
2019-10-08,7.550000,8.050000,7.540000,7.950000,7.950000,361300
2019-10-09,7.990000,8.200000,7.890000,8.090000,8.090000,356500
2019-10-10,8.110000,8.230000,8.010000,8.030000,8.030000,499300
2019-10-11,8.140000,8.290000,7.910000,8.000000,8.000000,171900
2019-10-14,8.030000,8.040000,7.620000,7.720000,7.720000,455900
2019-10-15,7.720000,7.890000,7.660000,7.740000,7.740000,521500
2019-10-16,7.720000,7.880000,7.570000,7.700000,7.700000,234100
2019-10-17,7.710000,8.270000,7.710000,8.220000,8.220000,383800
2019-10-18,8.150000,8.350000,7.900000,8.170000,8.170000,157000
2019-10-21,8.220000,8.297000,8.040000,8.080000,8.080000,202100
2019-10-22,8.120000,8.230000,8.010000,8.100000,8.100000,321600
2019-10-23,8.100000,8.350000,8.000000,8.340000,8.340000,293700
2019-10-24,8.340000,8.560000,8.220000,8.480000,8.480000,403600
2019-10-25,8.480000,8.660000,8.360000,8.380000,8.380000,149800
2019-10-28,8.400000,8.480000,8.200000,8.360000,8.360000,249500
2019-10-29,8.340000,8.430000,8.150000,8.260000,8.260000,153300
2019-10-30,8.250000,8.460000,8.169000,8.320000,8.320000,199300
2019-10-31,8.360000,8.420000,7.780000,8.170000,8.170000,416600
2019-11-01,8.170000,8.400000,8.160000,8.230000,8.230000,348300
2019-11-04,8.210000,8.350000,8.070000,8.150000,8.150000,246800
2019-11-05,8.190000,8.230000,7.700000,7.780000,7.780000,417700
2019-11-06,7.800000,7.850000,7.300000,7.440000,7.440000,396200
2019-11-07,7.410000,7.420000,6.960000,6.970000,6.970000,411900
2019-11-08,7.000000,7.430000,5.960000,7.340000,7.340000,708100
2019-11-11,7.480000,7.490000,7.000000,7.130000,7.130000,237100
2019-11-12,7.110000,7.319000,7.060000,7.190000,7.190000,258600
2019-11-13,7.200000,7.700000,7.130000,7.650000,7.650000,317800
2019-11-14,7.650000,7.720000,7.300000,7.370000,7.370000,214600
2019-11-15,7.420000,7.640000,7.303000,7.600000,7.600000,227900
2019-11-18,7.520000,7.609000,7.210000,7.310000,7.310000,122000
2019-11-19,7.350000,7.500000,7.220000,7.330000,7.330000,176200
2019-11-20,7.320000,7.720000,7.300000,7.490000,7.490000,260300
2019-11-21,7.430000,7.490000,7.220000,7.340000,7.340000,185100
2019-11-22,7.380000,7.520000,7.300000,7.370000,7.370000,141300
2019-11-25,7.330000,7.620000,7.330000,7.510000,7.510000,335400
2019-11-26,7.590000,7.590000,7.400000,7.520000,7.520000,258000
2019-11-27,7.580000,7.720000,7.510000,7.670000,7.670000,212500
2019-11-29,7.630000,8.000000,7.600000,7.630000,7.630000,193300
2019-12-02,7.740000,7.810000,7.440000,7.640000,7.640000,192000
2019-12-03,7.670000,7.760000,7.520000,7.710000,7.710000,240500
2019-12-04,8.000000,8.015000,7.790000,7.860000,7.860000,251300
2019-12-05,7.870000,7.950000,7.760000,7.900000,7.900000,117900
2019-12-06,7.870000,8.120000,7.860000,8.040000,8.040000,282500
2019-12-09,8.040000,8.060000,7.550000,7.570000,7.570000,328600
2019-12-10,7.550000,7.675000,7.447000,7.500000,7.500000,152100
2019-12-11,7.500000,7.620000,7.330000,7.595000,7.595000,200800
2019-12-12,6.690000,8.020000,6.650000,7.980000,7.980000,1822200
2019-12-13,8.070000,8.090000,7.700000,8.010000,8.010000,263000
2019-12-16,8.100000,8.150000,7.890000,7.990000,7.990000,314000
2019-12-17,8.150000,8.260000,8.030000,8.210000,8.210000,329700
2019-12-18,8.230000,8.250000,8.010000,8.090000,8.090000,172300
2019-12-19,8.060000,8.210000,7.900000,8.190000,8.190000,179400
2019-12-20,8.200000,8.200000,7.890000,7.980000,7.980000,261500
2019-12-23,8.040000,8.150000,7.810000,7.890000,7.890000,212500
2019-12-24,7.880000,7.910000,7.650000,7.880000,7.880000,117700
2019-12-26,7.880000,7.890000,7.650000,7.855000,7.855000,171600
2019-12-27,7.860000,8.010000,7.650000,7.870000,7.870000,331000
2019-12-30,7.880000,7.960000,7.631000,7.910000,7.910000,170600
2019-12-31,7.930000,8.100000,7.900000,8.000000,8.000000,175000
2020-01-02,8.080000,8.175000,7.900000,8.150000,8.150000,170100
2020-01-03,8.020000,8.480000,8.020000,8.245000,8.245000,142700
2020-01-06,8.110000,8.250000,8.048000,8.130000,8.130000,150700
2020-01-07,8.150000,8.740000,8.120000,8.690000,8.690000,552300
2020-01-08,8.710000,8.750000,8.430000,8.540000,8.540000,328300
2020-01-09,8.590000,8.730000,8.570000,8.710000,8.710000,333000
2020-01-10,8.820000,8.886000,8.650000,8.700000,8.700000,508900
2020-01-13,8.750000,8.880000,8.650000,8.730000,8.730000,272400
2020-01-14,8.870000,9.023000,8.600000,8.960000,8.960000,508500
2020-01-15,9.070000,9.250000,8.800000,8.865000,8.865000,590400
2020-01-16,8.940000,8.942000,8.750000,8.830000,8.830000,243900
2020-01-17,8.890000,8.930000,8.667000,8.870000,8.870000,240400
2020-01-21,8.850000,8.970000,8.200000,8.320000,8.320000,413000
2020-01-22,8.320000,8.420000,8.000000,8.120000,8.120000,333700
2020-01-23,8.720000,8.780000,8.360000,8.610000,8.610000,1028700
2020-01-24,8.740000,8.780000,8.340000,8.600000,8.600000,692600
2020-01-27,8.490000,8.500000,8.160000,8.185000,8.185000,481700
2020-01-28,8.260000,8.350000,8.120000,8.280000,8.280000,348200
2020-01-29,8.320000,8.320000,7.530000,7.900000,7.900000,739000
2020-01-30,7.850000,7.905000,7.390000,7.600000,7.600000,608300
2020-01-31,7.650000,7.658000,7.128000,7.350000,7.350000,517200
2020-02-03,7.500000,7.569000,7.035000,7.110000,7.110000,837900
2020-02-04,7.220000,7.742000,7.070000,7.480000,7.480000,501700
2020-02-05,7.550000,7.700000,7.230000,7.590000,7.590000,371800
2020-02-06,7.570000,7.621000,7.300000,7.450000,7.450000,240500
2020-02-07,7.370000,7.540000,7.230000,7.250000,7.250000,301200
2020-02-10,7.250000,7.400000,7.160000,7.355000,7.355000,354200
2020-02-11,7.500000,7.650000,7.400000,7.550000,7.550000,285400
2020-02-12,7.600000,7.800000,7.520000,7.590000,7.590000,219400
2020-02-13,7.530000,7.670000,7.435000,7.620000,7.620000,176200
2020-02-14,7.640000,7.840000,7.580000,7.820000,7.820000,251600
2020-02-18,7.740000,7.940000,7.720000,7.810000,7.810000,233300
2020-02-19,7.880000,8.260000,7.830000,8.150000,8.150000,438800
2020-02-20,8.160000,8.360000,8.140000,8.210000,8.210000,260100
2020-02-21,8.180000,8.200000,7.860000,7.995000,7.995000,321400
2020-02-24,7.670000,7.800000,7.500000,7.570000,7.570000,387500
2020-02-25,7.620000,7.620000,7.000000,7.170000,7.170000,775200
2020-02-26,7.230000,7.240000,7.030000,7.200000,7.200000,413400
2020-02-27,7.020000,7.266000,6.800000,6.900000,6.900000,780000
2020-02-28,6.620000,7.280000,6.460000,7.240000,7.240000,745000
2020-03-02,7.340000,7.590000,6.870000,7.050000,7.050000,534500
2020-03-03,7.140000,7.300000,6.820000,6.830000,6.830000,502000
2020-03-04,6.970000,6.977000,6.430000,6.700000,6.700000,959000
2020-03-05,6.510000,6.674000,6.320000,6.600000,6.600000,442600
2020-03-06,6.480000,6.520000,6.040000,6.130000,6.130000,509200
2020-03-09,5.910000,6.000000,5.520000,5.550000,5.550000,685100
2020-03-10,5.680000,5.900000,5.162000,5.620000,5.620000,656200
2020-03-11,5.510000,5.710000,5.100000,5.310000,5.310000,394300
2020-03-12,4.950000,5.070000,4.390000,4.430000,4.430000,832500
2020-03-13,4.650000,4.821000,3.920000,4.560000,4.560000,1075100
2020-03-16,3.910000,4.380000,3.760000,4.320000,4.320000,776900
2020-03-17,4.460000,5.000000,4.445000,4.780000,4.780000,1345800
2020-03-18,4.900000,4.900000,4.270000,4.370000,4.370000,779900
2020-03-19,4.310000,5.000000,4.270000,4.710000,4.710000,542400
2020-03-20,4.870000,5.160000,4.232000,4.540000,4.540000,1088200
2020-03-23,4.430000,4.540000,4.010000,4.150000,4.150000,603900
2020-03-24,4.410000,4.710000,4.195000,4.530000,4.530000,687000
2020-03-25,4.530000,4.840000,4.395000,4.570000,4.570000,562600
2020-03-26,4.500000,5.080000,4.460000,5.060000,5.060000,489400
2020-03-27,4.940000,5.650000,4.790000,5.340000,5.340000,626700
2020-03-30,5.350000,5.780000,5.200000,5.310000,5.310000,479400
2020-03-31,5.360000,5.630000,5.170000,5.370000,5.370000,404700
2020-04-01,5.250000,5.250000,4.500000,4.550000,4.550000,850600
2020-04-02,4.660000,4.860000,4.441000,4.560000,4.560000,404800
2020-04-03,4.570000,4.870000,4.210000,4.370000,4.370000,395300
2020-04-06,4.550000,4.890000,4.550000,4.860000,4.860000,389600
2020-04-07,5.090000,5.109000,4.780000,5.100000,5.100000,434800
2020-04-08,5.440000,5.660000,5.185000,5.630000,5.630000,694000
2020-04-09,6.490000,7.470000,6.429000,7.110000,7.110000,2886400
2020-04-13,7.700000,8.110000,7.200000,7.660000,7.660000,2598600
2020-04-14,8.000000,8.060000,7.340000,7.610000,7.610000,1224400
2020-04-15,7.595000,7.900000,7.160000,7.710000,7.710000,760200
2020-04-16,7.880000,7.880000,7.070000,7.430000,7.430000,822500
2020-04-17,7.720000,7.950000,7.350000,7.560000,7.560000,584400
2020-04-20,7.450000,7.950000,7.310000,7.470000,7.470000,622200
2020-04-21,7.470000,7.720000,7.150000,7.240000,7.240000,516300
2020-04-22,7.300000,8.630000,7.300000,8.370000,8.370000,2995100
2020-04-23,8.500000,8.630000,7.930000,8.080000,8.080000,992900
2020-04-24,8.090000,8.300000,7.754000,8.190000,8.190000,734900
2020-04-27,8.380000,8.980000,8.190000,8.690000,8.690000,1124500
2020-04-28,8.960000,8.980000,8.420000,8.580000,8.580000,1062100
2020-04-29,8.800000,9.250000,8.613000,8.940000,8.940000,1162500
2020-04-30,8.980000,9.310000,8.770000,9.060000,9.060000,882000
2020-05-01,8.740000,8.930000,7.690000,8.080000,8.080000,1162100
2020-05-04,8.280000,8.360000,7.750000,7.920000,7.920000,783200
2020-05-05,8.090000,8.874000,8.070000,8.460000,8.460000,931300
2020-05-06,8.550000,8.890000,8.510000,8.670000,8.670000,601100
2020-05-07,8.740000,8.830000,8.250000,8.380000,8.380000,629400