Date,Open,High,Low,Close,Adj Close,Volume
2012-03-08,2.950000,2.950000,2.950000,2.950000,2.950000,25
2012-03-09,2.950000,2.950000,2.950000,2.950000,2.950000,0
2012-03-12,2.950000,2.950000,2.950000,2.950000,2.950000,0
2012-03-13,2.950000,2.950000,2.950000,2.950000,2.950000,0
2012-03-14,2.950000,2.950000,2.950000,2.950000,2.950000,0
2012-03-15,2.950000,2.950000,2.950000,2.950000,2.950000,0
2012-03-16,2.950000,2.950000,2.950000,2.950000,2.950000,0
2012-03-19,2.950000,2.950000,2.950000,2.950000,2.950000,0
2012-03-20,2.950000,2.950000,2.950000,2.950000,2.950000,0
2012-03-21,2.950000,2.950000,2.950000,2.950000,2.950000,0
2012-03-22,2.950000,2.950000,2.950000,2.950000,2.950000,0
2012-03-23,2.950000,2.950000,2.950000,2.950000,2.950000,0
2012-03-26,2.950000,2.950000,2.950000,2.950000,2.950000,0
2012-03-27,2.950000,2.950000,2.950000,2.950000,2.950000,0
2012-03-28,2.950000,2.950000,2.950000,2.950000,2.950000,0
2012-03-29,2.950000,2.950000,2.950000,2.950000,2.950000,0
2012-03-30,2.950000,2.950000,2.950000,2.950000,2.950000,100
2012-04-02,2.950000,2.950000,2.950000,2.950000,2.950000,0
2012-04-03,2.950000,2.950000,2.950000,2.950000,2.950000,0
2012-04-04,2.950000,2.950000,2.950000,2.950000,2.950000,0
2012-04-05,2.950000,2.950000,2.950000,2.950000,2.950000,0
2012-04-09,2.950000,2.950000,2.950000,2.950000,2.950000,0
2012-04-10,2.950000,2.950000,2.950000,2.950000,2.950000,0
2012-04-11,2.950000,2.950000,2.950000,2.950000,2.950000,0
2012-04-12,2.950000,2.950000,2.950000,2.950000,2.950000,0
2012-04-13,2.950000,2.950000,2.950000,2.950000,2.950000,0
2012-04-16,2.950000,2.950000,2.950000,2.950000,2.950000,0
2012-04-17,2.950000,2.950000,2.950000,2.950000,2.950000,0
2012-04-18,2.950000,2.950000,2.950000,2.950000,2.950000,0
2012-04-19,2.950000,2.950000,2.950000,2.950000,2.950000,0
2012-04-20,2.950000,2.950000,2.950000,2.950000,2.950000,0
2012-04-23,2.950000,2.950000,2.950000,2.950000,2.950000,0
2012-04-24,2.950000,2.950000,2.950000,2.950000,2.950000,0
2012-04-25,2.950000,2.950000,2.950000,2.950000,2.950000,0
2012-04-26,2.950000,2.950000,2.950000,2.950000,2.950000,0
2012-04-27,2.950000,2.950000,2.950000,2.950000,2.950000,0
2012-04-30,2.950000,2.950000,2.950000,2.950000,2.950000,0
2012-05-01,2.950000,2.950000,2.950000,2.950000,2.950000,0
2012-05-02,2.950000,2.950000,2.950000,2.950000,2.950000,0
2012-05-03,2.950000,2.950000,2.950000,2.950000,2.950000,0
2012-05-04,2.950000,2.950000,2.950000,2.950000,2.950000,0
2012-05-07,2.950000,2.950000,2.950000,2.950000,2.950000,0
2012-05-08,2.950000,2.950000,2.950000,2.950000,2.950000,0
2012-05-09,2.950000,2.950000,2.950000,2.950000,2.950000,0
2012-05-10,2.950000,2.950000,2.950000,2.950000,2.950000,0
2012-05-11,2.950000,2.950000,2.950000,2.950000,2.950000,0
2012-05-14,2.950000,2.950000,2.950000,2.950000,2.950000,0
2012-05-15,2.950000,2.950000,2.950000,2.950000,2.950000,0
2012-05-16,2.950000,2.950000,2.950000,2.950000,2.950000,0
2012-05-17,2.950000,2.950000,2.950000,2.950000,2.950000,0
2012-05-18,2.950000,2.950000,2.950000,2.950000,2.950000,0
2012-05-21,2.950000,2.950000,2.950000,2.950000,2.950000,0
2012-05-22,2.950000,2.950000,2.950000,2.950000,2.950000,0
2012-05-23,2.950000,2.950000,2.950000,2.950000,2.950000,0
2012-05-24,2.950000,2.950000,2.950000,2.950000,2.950000,0
2012-05-25,2.950000,2.950000,2.950000,2.950000,2.950000,0
2012-05-29,2.950000,2.950000,2.950000,2.950000,2.950000,0
2012-05-30,2.950000,2.950000,2.950000,2.950000,2.950000,0
2012-05-31,2.950000,2.950000,2.950000,2.950000,2.950000,0
2012-06-01,2.950000,2.950000,2.950000,2.950000,2.950000,0
2012-06-04,2.950000,2.950000,2.950000,2.950000,2.950000,0
2012-06-05,2.950000,2.950000,2.950000,2.950000,2.950000,0
2012-06-06,2.950000,2.950000,2.950000,2.950000,2.950000,0
2012-06-07,2.950000,2.950000,2.950000,2.950000,2.950000,0
2012-06-08,2.950000,2.950000,2.950000,2.950000,2.950000,0
2012-06-11,2.950000,2.950000,2.950000,2.950000,2.950000,0
2012-06-12,2.950000,2.950000,2.950000,2.950000,2.950000,0
2012-06-13,2.950000,2.950000,2.950000,2.950000,2.950000,0
2012-06-14,2.950000,2.950000,2.950000,2.950000,2.950000,0
2012-06-15,2.950000,2.950000,2.950000,2.950000,2.950000,0
2012-06-18,2.950000,2.950000,2.950000,2.950000,2.950000,0
2012-06-19,2.950000,2.950000,2.950000,2.950000,2.950000,0
2012-06-20,2.950000,2.950000,2.950000,2.950000,2.950000,0
2012-06-21,2.950000,2.950000,2.950000,2.950000,2.950000,0
2012-06-22,2.950000,2.950000,2.950000,2.950000,2.950000,0
2012-06-25,2.950000,2.950000,2.950000,2.950000,2.950000,0
2012-06-26,2.950000,2.950000,2.950000,2.950000,2.950000,0
2012-06-27,2.950000,2.950000,2.950000,2.950000,2.950000,0
2012-06-28,2.950000,2.950000,2.950000,2.950000,2.950000,0
2012-06-29,2.950000,2.950000,2.950000,2.950000,2.950000,0
2012-07-02,2.950000,2.950000,2.950000,2.950000,2.950000,0
2012-07-03,2.950000,2.950000,2.950000,2.950000,2.950000,0
2012-07-05,2.950000,2.950000,2.950000,2.950000,2.950000,0
2012-07-06,2.950000,2.950000,2.950000,2.950000,2.950000,0
2012-07-09,2.950000,2.950000,2.950000,2.950000,2.950000,0
2012-07-10,2.950000,2.950000,2.950000,2.950000,2.950000,0
2012-07-11,2.950000,2.950000,2.950000,2.950000,2.950000,0
2012-07-12,2.950000,2.950000,2.950000,2.950000,2.950000,0
2012-07-13,2.950000,2.950000,2.950000,2.950000,2.950000,0
2012-07-16,2.950000,2.950000,2.950000,2.950000,2.950000,0
2012-07-17,2.950000,2.950000,2.950000,2.950000,2.950000,0
2012-07-18,2.950000,2.950000,2.950000,2.950000,2.950000,0
2012-07-19,2.950000,2.950000,2.950000,2.950000,2.950000,0
2012-07-20,2.950000,2.950000,2.950000,2.950000,2.950000,0
2012-07-23,2.950000,2.950000,2.950000,2.950000,2.950000,0
2012-07-24,2.950000,2.950000,2.950000,2.950000,2.950000,0
2012-07-25,2.950000,2.950000,2.950000,2.950000,2.950000,0
2012-07-26,2.950000,2.950000,2.950000,2.950000,2.950000,0
2012-07-27,2.950000,2.950000,2.950000,2.950000,2.950000,0
2012-07-30,2.950000,2.950000,2.950000,2.950000,2.950000,0
2012-07-31,2.950000,2.950000,2.950000,2.950000,2.950000,0
2012-08-01,2.950000,2.950000,2.950000,2.950000,2.950000,0
2012-08-02,2.950000,2.950000,2.950000,2.950000,2.950000,0
2012-08-03,2.950000,2.950000,2.950000,2.950000,2.950000,0
2012-08-06,2.950000,2.950000,2.950000,2.950000,2.950000,0
2012-08-07,2.950000,2.950000,2.950000,2.950000,2.950000,0
2012-08-08,2.950000,2.950000,2.950000,2.950000,2.950000,0
2012-08-09,2.950000,2.950000,2.950000,2.950000,2.950000,0
2012-08-10,2.950000,2.950000,2.950000,2.950000,2.950000,0
2012-08-13,2.950000,2.950000,2.950000,2.950000,2.950000,0
2012-08-14,2.950000,2.950000,2.950000,2.950000,2.950000,0
2012-08-15,2.950000,2.950000,2.950000,2.950000,2.950000,0
2012-08-16,2.950000,2.950000,2.950000,2.950000,2.950000,0
2012-08-17,2.950000,2.950000,2.950000,2.950000,2.950000,0
2012-08-20,2.950000,2.950000,2.950000,2.950000,2.950000,0
2012-08-21,2.950000,2.950000,2.950000,2.950000,2.950000,0
2012-08-22,2.950000,2.950000,2.950000,2.950000,2.950000,0
2012-08-23,2.950000,2.950000,2.950000,2.950000,2.950000,0
2012-08-24,2.950000,2.950000,2.950000,2.950000,2.950000,0
2012-08-27,2.950000,2.950000,2.950000,2.950000,2.950000,0
2012-08-28,2.950000,2.950000,2.950000,2.950000,2.950000,0
2012-08-29,2.950000,2.950000,2.950000,2.950000,2.950000,0
2012-08-30,2.950000,2.950000,2.950000,2.950000,2.950000,0
2012-08-31,2.950000,2.950000,2.950000,2.950000,2.950000,0
2012-09-04,2.950000,2.950000,2.950000,2.950000,2.950000,0
2012-09-05,2.950000,2.950000,2.950000,2.950000,2.950000,0
2012-09-06,2.950000,2.950000,2.950000,2.950000,2.950000,0
2012-09-07,2.950000,2.950000,2.950000,2.950000,2.950000,0
2012-09-10,2.950000,2.950000,2.950000,2.950000,2.950000,0
2012-09-11,2.950000,2.950000,2.950000,2.950000,2.950000,0
2012-09-12,2.950000,2.950000,2.950000,2.950000,2.950000,0
2012-09-13,2.950000,2.950000,2.950000,2.950000,2.950000,0
2012-09-14,2.950000,2.950000,2.950000,2.950000,2.950000,0
2012-09-17,2.950000,2.950000,2.950000,2.950000,2.950000,0
2012-09-18,2.950000,2.950000,2.950000,2.950000,2.950000,0
2012-09-19,2.950000,2.950000,2.950000,2.950000,2.950000,0
2012-09-20,2.950000,2.950000,2.950000,2.950000,2.950000,0
2012-09-21,2.950000,2.950000,2.950000,2.950000,2.950000,0
2012-09-24,2.950000,2.950000,2.950000,2.950000,2.950000,0
2012-09-25,2.950000,2.950000,2.950000,2.950000,2.950000,0
2012-09-26,2.950000,2.950000,2.950000,2.950000,2.950000,0
2012-09-27,2.950000,2.950000,2.950000,2.950000,2.950000,0
2012-09-28,2.950000,2.950000,2.950000,2.950000,2.950000,0
2012-10-01,2.950000,2.950000,2.950000,2.950000,2.950000,0
2012-10-02,2.950000,2.950000,2.950000,2.950000,2.950000,0
2012-10-03,2.950000,2.950000,2.950000,2.950000,2.950000,0
2012-10-04,2.950000,2.950000,2.950000,2.950000,2.950000,0
2012-10-05,2.950000,2.950000,2.950000,2.950000,2.950000,0
2012-10-08,2.950000,2.950000,2.950000,2.950000,2.950000,0
2012-10-09,2.950000,2.950000,2.950000,2.950000,2.950000,0
2012-10-10,2.950000,2.950000,2.950000,2.950000,2.950000,0
2012-10-11,2.950000,2.950000,2.950000,2.950000,2.950000,0
2012-10-12,2.950000,2.950000,2.950000,2.950000,2.950000,0
2012-10-15,2.950000,2.950000,2.950000,2.950000,2.950000,0
2012-10-16,2.950000,2.950000,2.950000,2.950000,2.950000,0
2012-10-17,2.950000,2.950000,2.950000,2.950000,2.950000,0
2012-10-18,2.950000,2.950000,2.950000,2.950000,2.950000,0
2012-10-19,2.950000,2.950000,2.950000,2.950000,2.950000,0
2012-10-22,2.950000,2.950000,2.950000,2.950000,2.950000,0
2012-10-23,2.950000,2.950000,2.950000,2.950000,2.950000,0
2012-10-24,2.950000,2.950000,2.950000,2.950000,2.950000,0
2012-10-25,2.950000,2.950000,2.950000,2.950000,2.950000,0
2012-10-26,2.950000,2.950000,2.950000,2.950000,2.950000,0
2012-10-31,2.950000,2.950000,2.950000,2.950000,2.950000,0
2012-11-01,2.950000,2.950000,2.950000,2.950000,2.950000,0
2012-11-02,2.950000,2.950000,2.950000,2.950000,2.950000,0
2012-11-05,2.950000,2.950000,2.950000,2.950000,2.950000,0
2012-11-06,2.950000,2.950000,2.950000,2.950000,2.950000,0
2012-11-07,2.950000,2.950000,2.950000,2.950000,2.950000,0
2012-11-08,2.950000,2.950000,2.950000,2.950000,2.950000,0
2012-11-09,2.950000,2.950000,2.950000,2.950000,2.950000,0
2012-11-12,2.950000,2.950000,2.950000,2.950000,2.950000,0
2012-11-13,2.950000,2.950000,2.950000,2.950000,2.950000,0
2012-11-14,2.950000,2.950000,2.950000,2.950000,2.950000,0
2012-11-15,2.950000,2.950000,2.950000,2.950000,2.950000,0
2012-11-16,2.950000,2.950000,2.950000,2.950000,2.950000,0
2012-11-19,2.950000,2.950000,2.950000,2.950000,2.950000,0
2012-11-20,2.950000,2.950000,2.950000,2.950000,2.950000,0
2012-11-21,2.950000,2.950000,2.950000,2.950000,2.950000,0
2012-11-23,2.950000,2.950000,2.950000,2.950000,2.950000,0
2012-11-26,2.950000,2.950000,2.950000,2.950000,2.950000,0
2012-11-27,2.950000,2.950000,2.950000,2.950000,2.950000,0
2012-11-28,2.950000,2.950000,2.950000,2.950000,2.950000,0
2012-11-29,2.950000,2.950000,2.950000,2.950000,2.950000,0
2012-11-30,2.950000,2.950000,2.950000,2.950000,2.950000,0
2012-12-03,2.950000,2.950000,2.950000,2.950000,2.950000,0
2012-12-04,2.950000,2.950000,2.950000,2.950000,2.950000,0
2012-12-05,2.950000,2.950000,2.950000,2.950000,2.950000,0
2012-12-06,2.950000,2.950000,2.950000,2.950000,2.950000,0
2012-12-07,2.950000,2.950000,2.950000,2.950000,2.950000,0
2012-12-10,2.950000,2.950000,2.950000,2.950000,2.950000,0
2012-12-11,2.950000,2.950000,2.950000,2.950000,2.950000,0
2012-12-12,2.950000,2.950000,2.950000,2.950000,2.950000,0
2012-12-13,2.950000,2.950000,2.950000,2.950000,2.950000,0
2012-12-14,2.950000,2.950000,2.950000,2.950000,2.950000,0
2012-12-17,2.950000,2.950000,2.950000,2.950000,2.950000,0
2012-12-18,2.950000,2.950000,2.950000,2.950000,2.950000,0
2012-12-19,2.950000,2.950000,2.950000,2.950000,2.950000,0
2012-12-20,2.950000,2.950000,2.950000,2.950000,2.950000,0
2012-12-21,2.900000,2.900000,2.900000,2.900000,2.900000,462
2012-12-24,2.900000,2.900000,2.900000,2.900000,2.900000,0
2012-12-26,2.900000,2.900000,2.900000,2.900000,2.900000,0
2012-12-27,2.900000,2.900000,2.900000,2.900000,2.900000,0
2012-12-28,2.900000,2.900000,2.900000,2.900000,2.900000,0
2012-12-31,2.900000,2.900000,2.900000,2.900000,2.900000,0
2013-01-02,2.900000,2.900000,2.900000,2.900000,2.900000,0
2013-01-03,2.900000,2.900000,2.900000,2.900000,2.900000,0
2013-01-04,2.900000,2.900000,2.900000,2.900000,2.900000,0
2013-01-07,2.320000,2.320000,2.320000,2.320000,2.320000,100
2013-01-08,2.320000,2.320000,2.320000,2.320000,2.320000,0
2013-01-09,2.320000,2.320000,2.320000,2.320000,2.320000,0
2013-01-10,2.320000,2.320000,2.320000,2.320000,2.320000,0
2013-01-11,2.320000,2.320000,2.320000,2.320000,2.320000,0
2013-01-14,2.320000,2.320000,2.320000,2.320000,2.320000,0
2013-01-15,2.320000,2.320000,2.320000,2.320000,2.320000,0
2013-01-16,2.320000,2.320000,2.320000,2.320000,2.320000,0
2013-01-17,2.320000,2.320000,2.320000,2.320000,2.320000,0
2013-01-18,2.320000,2.320000,2.320000,2.320000,2.320000,0
2013-01-22,2.320000,2.320000,2.320000,2.320000,2.320000,0
2013-01-23,2.320000,2.320000,2.320000,2.320000,2.320000,0
2013-01-24,2.320000,2.320000,2.320000,2.320000,2.320000,0
2013-01-25,2.320000,2.320000,2.320000,2.320000,2.320000,0
2013-01-28,2.320000,2.320000,2.320000,2.320000,2.320000,0
2013-01-29,2.320000,2.320000,2.320000,2.320000,2.320000,0
2013-01-30,2.320000,2.320000,2.320000,2.320000,2.320000,0
2013-01-31,2.320000,2.320000,2.320000,2.320000,2.320000,0
2013-02-01,2.320000,2.320000,2.320000,2.320000,2.320000,0
2013-02-04,2.320000,2.320000,2.320000,2.320000,2.320000,0
2013-02-05,2.320000,2.320000,2.320000,2.320000,2.320000,0
2013-02-06,2.320000,2.320000,2.320000,2.320000,2.320000,0
2013-02-07,2.320000,2.320000,2.320000,2.320000,2.320000,0
2013-02-08,2.320000,2.320000,2.320000,2.320000,2.320000,0
2013-02-11,2.320000,2.320000,2.320000,2.320000,2.320000,0
2013-02-12,2.320000,2.320000,2.320000,2.320000,2.320000,0
2013-02-13,2.320000,2.320000,2.320000,2.320000,2.320000,0
2013-02-14,2.320000,2.320000,2.320000,2.320000,2.320000,0
2013-02-15,2.320000,2.320000,2.320000,2.320000,2.320000,0
2013-02-19,2.320000,2.320000,2.320000,2.320000,2.320000,0
2013-02-20,2.320000,2.320000,2.320000,2.320000,2.320000,0
2013-02-21,2.320000,2.320000,2.320000,2.320000,2.320000,0
2013-02-22,2.320000,2.320000,2.320000,2.320000,2.320000,0
2013-02-25,2.320000,2.320000,2.320000,2.320000,2.320000,0
2013-02-26,2.320000,2.320000,2.320000,2.320000,2.320000,0
2013-02-27,2.320000,2.320000,2.320000,2.320000,2.320000,0
2013-02-28,2.320000,2.320000,2.320000,2.320000,2.320000,0
2013-03-01,2.320000,2.320000,2.320000,2.320000,2.320000,0
2013-03-04,2.320000,2.320000,2.320000,2.320000,2.320000,0
2013-03-05,2.250000,2.250000,2.250000,2.250000,2.250000,600
2013-03-06,2.250000,2.250000,2.250000,2.250000,2.250000,0
2013-03-07,2.250000,2.250000,2.250000,2.250000,2.250000,0
2013-03-08,2.250000,2.250000,2.250000,2.250000,2.250000,0
2013-03-11,2.250000,2.250000,2.250000,2.250000,2.250000,0
2013-03-12,2.250000,2.250000,2.250000,2.250000,2.250000,0
2013-03-13,2.250000,2.250000,2.250000,2.250000,2.250000,0
2013-03-14,2.250000,2.250000,2.250000,2.250000,2.250000,925
2013-03-15,2.250000,2.250000,2.250000,2.250000,2.250000,0
2013-03-18,2.250000,2.250000,2.250000,2.250000,2.250000,900
2013-03-19,2.250000,2.250000,2.250000,2.250000,2.250000,0
2013-03-20,2.250000,2.250000,2.250000,2.250000,2.250000,0
2013-03-21,2.250000,2.250000,2.250000,2.250000,2.250000,0
2013-03-22,2.250000,2.250000,2.250000,2.250000,2.250000,0
2013-03-25,2.250000,2.250000,2.250000,2.250000,2.250000,0
2013-03-26,2.250000,2.250000,2.250000,2.250000,2.250000,0
2013-03-27,2.250000,2.250000,2.250000,2.250000,2.250000,0
2013-03-28,2.250000,2.250000,2.250000,2.250000,2.250000,0
2013-04-01,2.250000,2.250000,2.250000,2.250000,2.250000,0
2013-04-02,2.250000,2.250000,2.250000,2.250000,2.250000,0
2013-04-03,2.250000,2.250000,2.250000,2.250000,2.250000,0
2013-04-04,2.250000,2.250000,2.250000,2.250000,2.250000,0
2013-04-05,2.250000,2.250000,2.250000,2.250000,2.250000,0
2013-04-08,2.250000,2.250000,2.250000,2.250000,2.250000,0
2013-04-09,2.250000,2.250000,2.250000,2.250000,2.250000,0
2013-04-10,2.250000,2.250000,2.250000,2.250000,2.250000,0
2013-04-11,2.250000,2.250000,2.250000,2.250000,2.250000,0
2013-04-12,2.250000,2.250000,2.250000,2.250000,2.250000,0
2013-04-15,2.250000,2.250000,2.250000,2.250000,2.250000,0
2013-04-16,2.250000,2.250000,2.250000,2.250000,2.250000,0
2013-04-17,2.250000,2.250000,2.250000,2.250000,2.250000,0
2013-04-18,2.250000,2.250000,2.250000,2.250000,2.250000,0
2013-04-19,2.250000,2.250000,2.250000,2.250000,2.250000,0
2013-04-22,2.250000,2.250000,2.250000,2.250000,2.250000,0
2013-04-23,2.250000,2.250000,2.250000,2.250000,2.250000,0
2013-04-24,2.250000,2.250000,2.250000,2.250000,2.250000,0
2013-04-25,2.250000,2.250000,2.250000,2.250000,2.250000,0
2013-04-26,2.250000,2.250000,2.250000,2.250000,2.250000,0
2013-04-29,2.250000,2.250000,2.250000,2.250000,2.250000,0
2013-04-30,2.250000,2.250000,2.250000,2.250000,2.250000,0
2013-05-01,2.250000,2.250000,2.250000,2.250000,2.250000,0
2013-05-02,2.250000,2.250000,2.250000,2.250000,2.250000,0
2013-05-03,2.250000,2.250000,2.250000,2.250000,2.250000,0
2013-05-06,2.250000,2.250000,2.250000,2.250000,2.250000,0
2013-05-07,2.250000,2.250000,2.250000,2.250000,2.250000,0
2013-05-08,2.250000,2.250000,2.250000,2.250000,2.250000,0
2013-05-09,2.250000,2.250000,2.250000,2.250000,2.250000,0
2013-05-10,2.250000,2.250000,2.250000,2.250000,2.250000,0
2013-05-13,2.250000,2.250000,2.250000,2.250000,2.250000,0
2013-05-14,2.250000,2.250000,2.250000,2.250000,2.250000,0
2013-05-15,2.250000,2.250000,2.250000,2.250000,2.250000,0
2013-05-16,2.250000,2.250000,2.250000,2.250000,2.250000,0
2013-05-17,2.250000,2.250000,2.250000,2.250000,2.250000,0
2013-05-20,2.250000,2.250000,2.250000,2.250000,2.250000,0
2013-05-21,2.250000,2.250000,2.250000,2.250000,2.250000,0
2013-05-22,2.250000,2.250000,2.250000,2.250000,2.250000,0
2013-05-23,2.250000,2.250000,2.250000,2.250000,2.250000,0
2013-05-24,2.250000,2.250000,2.250000,2.250000,2.250000,0
2013-05-28,2.250000,2.250000,2.250000,2.250000,2.250000,0
2013-05-29,2.250000,2.250000,2.250000,2.250000,2.250000,0
2013-05-30,2.250000,2.250000,2.250000,2.250000,2.250000,0
2013-05-31,2.250000,2.250000,2.250000,2.250000,2.250000,0
2013-06-03,2.250000,2.250000,2.250000,2.250000,2.250000,0
2013-06-04,2.250000,2.250000,2.250000,2.250000,2.250000,0
2013-06-05,2.250000,2.250000,2.250000,2.250000,2.250000,0
2013-06-06,2.250000,2.250000,2.250000,2.250000,2.250000,0
2013-06-07,2.250000,2.250000,2.250000,2.250000,2.250000,0
2013-06-10,2.250000,2.250000,2.250000,2.250000,2.250000,0
2013-06-11,2.250000,2.250000,2.250000,2.250000,2.250000,0
2013-06-12,2.250000,2.250000,2.250000,2.250000,2.250000,0
2013-06-13,2.250000,2.250000,2.250000,2.250000,2.250000,0
2013-06-14,2.250000,2.250000,2.250000,2.250000,2.250000,0
2013-06-17,2.250000,2.250000,2.250000,2.250000,2.250000,0
2013-06-18,2.250000,2.250000,2.250000,2.250000,2.250000,0
2013-06-19,2.250000,2.250000,2.250000,2.250000,2.250000,0
2013-06-20,2.250000,2.250000,2.250000,2.250000,2.250000,0
2013-06-21,2.250000,2.250000,2.250000,2.250000,2.250000,0
2013-06-24,2.250000,2.250000,2.250000,2.250000,2.250000,0
2013-06-25,2.250000,2.250000,2.250000,2.250000,2.250000,0
2013-06-26,2.250000,2.250000,2.250000,2.250000,2.250000,0
2013-06-27,2.250000,2.250000,2.250000,2.250000,2.250000,0
2013-06-28,2.250000,2.250000,2.250000,2.250000,2.250000,0
2013-07-01,2.250000,2.250000,2.250000,2.250000,2.250000,0
2013-07-02,2.250000,2.250000,2.250000,2.250000,2.250000,0
2013-07-03,2.250000,2.250000,2.250000,2.250000,2.250000,0
2013-07-05,2.250000,2.250000,2.250000,2.250000,2.250000,0
2013-07-08,2.250000,2.250000,2.250000,2.250000,2.250000,0
2013-07-09,2.250000,2.250000,2.250000,2.250000,2.250000,0
2013-07-10,2.250000,2.250000,2.250000,2.250000,2.250000,0
2013-07-11,2.250000,2.250000,2.250000,2.250000,2.250000,0
2013-07-12,2.250000,2.250000,2.250000,2.250000,2.250000,0
2013-07-15,2.250000,2.250000,2.250000,2.250000,2.250000,0
2013-07-16,2.250000,2.250000,2.250000,2.250000,2.250000,0
2013-07-17,2.250000,2.250000,2.250000,2.250000,2.250000,0
2013-07-18,2.250000,2.250000,2.250000,2.250000,2.250000,0
2013-07-19,2.250000,2.250000,2.250000,2.250000,2.250000,0
2013-07-22,2.250000,2.250000,2.250000,2.250000,2.250000,0
2013-07-23,2.250000,2.250000,2.250000,2.250000,2.250000,0
2013-07-24,2.250000,2.250000,2.250000,2.250000,2.250000,0
2013-07-25,2.250000,2.250000,2.250000,2.250000,2.250000,0
2013-07-26,2.250000,2.250000,2.250000,2.250000,2.250000,0
2013-07-29,2.250000,2.250000,2.250000,2.250000,2.250000,0
2013-07-30,2.250000,2.250000,2.250000,2.250000,2.250000,0
2013-07-31,2.250000,2.250000,2.250000,2.250000,2.250000,0
2013-08-01,2.250000,2.250000,2.250000,2.250000,2.250000,0
2013-08-02,2.250000,2.250000,2.250000,2.250000,2.250000,0
2013-08-05,2.250000,2.250000,2.250000,2.250000,2.250000,0
2013-08-06,2.250000,2.250000,2.250000,2.250000,2.250000,0
2013-08-07,2.250000,2.250000,2.250000,2.250000,2.250000,0
2013-08-08,2.250000,2.250000,2.250000,2.250000,2.250000,0
2013-08-09,2.250000,2.250000,2.250000,2.250000,2.250000,0
2013-08-12,2.250000,2.250000,2.250000,2.250000,2.250000,0
2013-08-13,2.250000,2.250000,2.250000,2.250000,2.250000,0
2013-08-14,2.250000,2.250000,2.250000,2.250000,2.250000,0
2013-08-15,2.250000,2.250000,2.250000,2.250000,2.250000,0
2013-08-16,2.250000,2.250000,2.250000,2.250000,2.250000,0
2013-08-19,2.250000,2.250000,2.250000,2.250000,2.250000,0
2013-08-20,2.250000,2.250000,2.250000,2.250000,2.250000,0
2013-08-21,2.250000,2.250000,2.250000,2.250000,2.250000,0
2013-08-22,2.250000,2.250000,2.250000,2.250000,2.250000,0
2013-08-23,2.250000,2.250000,2.250000,2.250000,2.250000,0
2013-08-26,2.250000,2.250000,2.250000,2.250000,2.250000,0
2013-08-27,2.250000,2.250000,2.250000,2.250000,2.250000,0
2013-08-28,2.250000,2.250000,2.250000,2.250000,2.250000,0
2013-08-29,2.250000,2.250000,2.250000,2.250000,2.250000,0
2013-08-30,2.250000,2.250000,2.250000,2.250000,2.250000,0
2013-09-03,2.250000,2.250000,2.250000,2.250000,2.250000,0
2013-09-04,2.250000,2.250000,2.250000,2.250000,2.250000,0
2013-09-05,2.250000,2.250000,2.250000,2.250000,2.250000,0
2013-09-06,2.250000,2.250000,2.250000,2.250000,2.250000,0
2013-09-09,2.250000,2.250000,2.250000,2.250000,2.250000,0
2013-09-10,2.250000,2.250000,2.250000,2.250000,2.250000,0
2013-09-11,2.250000,2.250000,2.250000,2.250000,2.250000,0
2013-09-12,2.250000,2.250000,2.250000,2.250000,2.250000,0
2013-09-13,2.250000,2.250000,2.250000,2.250000,2.250000,0
2013-09-16,2.250000,2.250000,2.250000,2.250000,2.250000,0
2013-09-17,2.250000,2.250000,2.250000,2.250000,2.250000,0
2013-09-18,2.250000,2.250000,2.250000,2.250000,2.250000,0
2013-09-19,2.250000,2.250000,2.250000,2.250000,2.250000,0
2013-09-20,2.250000,2.250000,2.250000,2.250000,2.250000,0
2013-09-23,2.250000,2.250000,2.250000,2.250000,2.250000,0
2013-09-24,2.250000,2.250000,2.250000,2.250000,2.250000,0
2013-09-25,2.250000,2.250000,2.250000,2.250000,2.250000,0
2013-09-26,2.250000,2.250000,2.250000,2.250000,2.250000,0
2013-09-27,2.250000,2.250000,2.250000,2.250000,2.250000,0
2013-09-30,2.250000,2.250000,2.250000,2.250000,2.250000,0
2013-10-01,2.250000,2.250000,2.250000,2.250000,2.250000,0
2013-10-02,2.250000,2.250000,2.250000,2.250000,2.250000,0
2013-10-03,2.250000,2.250000,2.250000,2.250000,2.250000,0
2013-10-04,2.250000,2.250000,2.250000,2.250000,2.250000,0
2013-10-07,2.250000,2.250000,2.250000,2.250000,2.250000,0
2013-10-08,2.250000,2.250000,2.250000,2.250000,2.250000,0
2013-10-09,2.250000,2.250000,2.250000,2.250000,2.250000,0
2013-10-10,2.250000,2.250000,2.250000,2.250000,2.250000,0
2013-10-11,2.250000,2.250000,2.250000,2.250000,2.250000,0
2013-10-14,2.250000,2.250000,2.250000,2.250000,2.250000,0
2013-10-15,2.250000,2.250000,2.250000,2.250000,2.250000,0
2013-10-16,2.250000,2.250000,2.250000,2.250000,2.250000,0
2013-10-17,0.440000,0.440000,0.440000,0.440000,0.440000,11011
2013-10-18,0.520000,0.520000,0.520000,0.520000,0.520000,11011
2013-10-21,0.520000,0.520000,0.520000,0.520000,0.520000,0
2013-10-22,0.520000,0.520000,0.520000,0.520000,0.520000,0
2013-10-23,0.520000,0.520000,0.520000,0.520000,0.520000,0
2013-10-24,0.520000,0.520000,0.520000,0.520000,0.520000,0
2013-10-25,0.520000,0.520000,0.520000,0.520000,0.520000,0
2013-10-28,0.520000,0.520000,0.520000,0.520000,0.520000,0
2013-10-29,0.520000,0.520000,0.520000,0.520000,0.520000,0
2013-10-30,0.520000,0.520000,0.520000,0.520000,0.520000,0
2013-10-31,2.230000,2.230000,2.230000,2.230000,2.230000,20
2013-11-01,2.230000,2.230000,2.230000,2.230000,2.230000,0
2013-11-04,3.000000,3.000000,3.000000,3.000000,3.000000,1
2013-11-05,3.000000,3.000000,3.000000,3.000000,3.000000,0
2013-11-06,3.000000,3.000000,3.000000,3.000000,3.000000,0
2013-11-07,3.000000,3.000000,3.000000,3.000000,3.000000,0
2013-11-08,3.000000,3.000000,3.000000,3.000000,3.000000,0
2013-11-11,3.000000,3.000000,3.000000,3.000000,3.000000,0
2013-11-12,3.000000,3.000000,3.000000,3.000000,3.000000,0
2013-11-13,3.000000,3.000000,3.000000,3.000000,3.000000,0
2013-11-14,3.000000,3.000000,3.000000,3.000000,3.000000,0
2013-11-15,3.000000,3.000000,3.000000,3.000000,3.000000,0
2013-11-18,3.000000,3.000000,3.000000,3.000000,3.000000,0
2013-11-19,3.000000,3.000000,3.000000,3.000000,3.000000,0
2013-11-20,3.000000,3.000000,3.000000,3.000000,3.000000,0
2013-11-21,3.000000,3.000000,3.000000,3.000000,3.000000,0
2013-11-22,3.000000,3.000000,3.000000,3.000000,3.000000,0
2013-11-25,3.000000,3.000000,3.000000,3.000000,3.000000,0
2013-11-26,3.000000,3.000000,3.000000,3.000000,3.000000,0
2013-11-27,3.000000,3.000000,3.000000,3.000000,3.000000,0
2013-11-29,3.000000,3.000000,3.000000,3.000000,3.000000,0
2013-12-02,1.360000,1.360000,1.360000,1.360000,1.360000,100
2013-12-03,1.500000,1.500000,1.500000,1.500000,1.500000,1501
2013-12-04,1.500000,1.500000,1.500000,1.500000,1.500000,0
2013-12-05,1.500000,1.500000,1.500000,1.500000,1.500000,0
2013-12-06,1.500000,1.500000,1.500000,1.500000,1.500000,0
2013-12-09,1.500000,1.500000,1.500000,1.500000,1.500000,0
2013-12-10,1.500000,1.500000,1.500000,1.500000,1.500000,0
2013-12-11,1.500000,1.500000,1.500000,1.500000,1.500000,0
2013-12-12,1.500000,1.500000,1.500000,1.500000,1.500000,0
2013-12-13,1.500000,1.500000,1.500000,1.500000,1.500000,0
2013-12-16,1.500000,1.500000,1.500000,1.500000,1.500000,0
2013-12-17,1.990000,1.990000,1.990000,1.990000,1.990000,10
2013-12-18,1.990000,1.990000,1.990000,1.990000,1.990000,0
2013-12-19,1.990000,1.990000,1.990000,1.990000,1.990000,0
2013-12-20,1.990000,1.990000,1.990000,1.990000,1.990000,0
2013-12-23,1.990000,1.990000,1.990000,1.990000,1.990000,0
2013-12-24,1.990000,1.990000,1.990000,1.990000,1.990000,0
2013-12-26,1.990000,1.990000,1.990000,1.990000,1.990000,0
2013-12-27,1.990000,1.990000,1.990000,1.990000,1.990000,0
2013-12-30,1.990000,1.990000,1.990000,1.990000,1.990000,0
2013-12-31,1.990000,1.990000,1.990000,1.990000,1.990000,0
2014-01-02,1.990000,1.990000,1.990000,1.990000,1.990000,0
2014-01-03,2.300000,2.300000,2.300000,2.300000,2.300000,4
2014-01-06,2.300000,2.300000,2.300000,2.300000,2.300000,0
2014-01-07,2.300000,2.300000,2.300000,2.300000,2.300000,0
2014-01-08,2.300000,2.300000,2.300000,2.300000,2.300000,0
2014-01-09,2.300000,2.300000,2.300000,2.300000,2.300000,0
2014-01-10,2.300000,2.300000,2.300000,2.300000,2.300000,0
2014-01-13,2.300000,2.300000,2.300000,2.300000,2.300000,0
2014-01-14,2.300000,2.300000,2.300000,2.300000,2.300000,0
2014-01-15,2.300000,2.300000,2.300000,2.300000,2.300000,0
2014-01-16,2.300000,2.300000,2.300000,2.300000,2.300000,0
2014-01-17,2.300000,2.300000,2.300000,2.300000,2.300000,0
2014-01-21,2.300000,2.300000,2.300000,2.300000,2.300000,0
2014-01-22,2.300000,2.300000,2.300000,2.300000,2.300000,0
2014-01-23,2.300000,2.300000,2.300000,2.300000,2.300000,0
2014-01-24,2.300000,2.300000,2.300000,2.300000,2.300000,0
2014-01-27,2.300000,2.300000,2.300000,2.300000,2.300000,0
2014-01-28,2.300000,2.300000,2.300000,2.300000,2.300000,0
2014-01-29,2.300000,2.300000,2.300000,2.300000,2.300000,0
2014-01-30,2.300000,2.300000,2.300000,2.300000,2.300000,0
2014-01-31,2.300000,2.300000,2.300000,2.300000,2.300000,0
2014-02-03,2.300000,2.300000,2.300000,2.300000,2.300000,0
2014-02-04,2.300000,2.300000,2.300000,2.300000,2.300000,0
2014-02-05,2.300000,2.300000,2.300000,2.300000,2.300000,0
2014-02-06,0.580000,0.580000,0.580000,0.580000,0.580000,1000
2014-02-07,0.580000,0.580000,0.580000,0.580000,0.580000,0
2014-02-10,0.580000,0.580000,0.580000,0.580000,0.580000,0
2014-02-11,0.580000,0.580000,0.580000,0.580000,0.580000,0
2014-02-12,0.580000,0.580000,0.580000,0.580000,0.580000,0
2014-02-13,0.580000,0.580000,0.580000,0.580000,0.580000,0
2014-02-14,0.580000,0.580000,0.580000,0.580000,0.580000,0
2014-02-18,0.580000,0.580000,0.580000,0.580000,0.580000,0
2014-02-19,0.580000,0.580000,0.580000,0.580000,0.580000,0
2014-02-20,0.580000,0.580000,0.580000,0.580000,0.580000,0
2014-02-21,0.580000,0.580000,0.580000,0.580000,0.580000,0
2014-02-24,0.580000,0.580000,0.580000,0.580000,0.580000,0
2014-02-25,0.580000,0.580000,0.580000,0.580000,0.580000,0
2014-02-26,2.410000,2.410000,2.410000,2.410000,2.410000,1100
2014-02-27,2.410000,2.410000,2.410000,2.410000,2.410000,0
2014-02-28,3.000000,3.000000,3.000000,3.000000,3.000000,1
2014-03-03,3.000000,3.000000,3.000000,3.000000,3.000000,2
2014-03-04,3.000000,3.000000,3.000000,3.000000,3.000000,0
2014-03-05,3.000000,3.000000,3.000000,3.000000,3.000000,0
2014-03-06,3.000000,3.000000,3.000000,3.000000,3.000000,0
2014-03-07,3.000000,3.000000,3.000000,3.000000,3.000000,0
2014-03-10,3.000000,3.000000,3.000000,3.000000,3.000000,0
2014-03-11,3.000000,3.000000,3.000000,3.000000,3.000000,0
2014-03-12,3.000000,3.000000,3.000000,3.000000,3.000000,0
2014-03-13,3.000000,3.000000,3.000000,3.000000,3.000000,0
2014-03-14,3.000000,3.000000,3.000000,3.000000,3.000000,0
2014-03-17,3.000000,3.000000,3.000000,3.000000,3.000000,0
2014-03-18,3.000000,3.000000,3.000000,3.000000,3.000000,0
2014-03-19,3.000000,3.000000,3.000000,3.000000,3.000000,0
2014-03-20,3.000000,3.000000,3.000000,3.000000,3.000000,0
2014-03-21,1.900000,1.900000,1.900000,1.900000,1.900000,500
2014-03-24,1.900000,1.900000,1.900000,1.900000,1.900000,0
2014-03-25,1.900000,1.900000,1.900000,1.900000,1.900000,20
2014-03-26,1.900000,1.900000,1.900000,1.900000,1.900000,0
2014-03-27,1.900000,1.900000,1.900000,1.900000,1.900000,0
2014-03-28,1.900000,1.900000,1.900000,1.900000,1.900000,0
2014-03-31,1.900000,1.900000,1.900000,1.900000,1.900000,0
2014-04-01,1.900000,1.900000,1.900000,1.900000,1.900000,0
2014-04-02,1.900000,1.900000,1.900000,1.900000,1.900000,300
2014-04-03,1.900000,1.900000,1.900000,1.900000,1.900000,0
2014-04-04,1.900000,1.900000,1.900000,1.900000,1.900000,0
2014-04-07,1.900000,1.900000,1.900000,1.900000,1.900000,0
2014-04-08,1.900000,1.900000,1.900000,1.900000,1.900000,0
2014-04-09,1.900000,1.900000,1.900000,1.900000,1.900000,0
2014-04-10,1.900000,1.900000,1.900000,1.900000,1.900000,0
2014-04-11,1.900000,1.900000,1.900000,1.900000,1.900000,0
2014-04-14,1.000000,1.000000,1.000000,1.000000,1.000000,3554
2014-04-15,1.000000,1.000000,1.000000,1.000000,1.000000,0
2014-04-16,1.000000,1.000000,1.000000,1.000000,1.000000,0
2014-04-17,1.000000,1.000000,1.000000,1.000000,1.000000,0
2014-04-21,1.000000,1.000000,1.000000,1.000000,1.000000,0
2014-04-22,1.000000,1.000000,1.000000,1.000000,1.000000,0
2014-04-23,1.500000,1.500000,1.500000,1.500000,1.500000,750
2014-04-24,1.500000,1.500000,1.500000,1.500000,1.500000,0
2014-04-25,1.500000,1.500000,1.500000,1.500000,1.500000,0
2014-04-28,1.500000,1.500000,1.500000,1.500000,1.500000,0
2014-04-29,1.500000,1.500000,1.500000,1.500000,1.500000,0
2014-04-30,1.500000,1.500000,1.500000,1.500000,1.500000,0
2014-05-01,1.500000,1.500000,1.500000,1.500000,1.500000,0
2014-05-02,1.500000,1.500000,1.500000,1.500000,1.500000,0
2014-05-05,1.500000,1.500000,1.500000,1.500000,1.500000,0
2014-05-06,2.800000,2.800000,2.800000,2.800000,2.800000,3
2014-05-07,2.800000,2.800000,2.800000,2.800000,2.800000,0
2014-05-08,2.800000,2.800000,2.800000,2.800000,2.800000,0
2014-05-09,2.800000,2.800000,2.800000,2.800000,2.800000,0
2014-05-12,2.800000,2.800000,2.800000,2.800000,2.800000,0
2014-05-13,2.750000,2.750000,2.750000,2.750000,2.750000,71
2014-05-14,2.750000,2.750000,2.750000,2.750000,2.750000,0
2014-05-15,2.750000,2.750000,2.750000,2.750000,2.750000,0
2014-05-16,2.750000,2.750000,2.750000,2.750000,2.750000,0
2014-05-19,2.700000,2.700000,2.700000,2.700000,2.700000,1100
2014-05-20,2.700000,2.700000,2.700000,2.700000,2.700000,0
2014-05-21,2.700000,2.700000,2.700000,2.700000,2.700000,0
2014-05-22,2.700000,2.700000,2.700000,2.700000,2.700000,0
2014-05-23,2.700000,2.700000,2.700000,2.700000,2.700000,0
2014-05-27,2.700000,2.700000,2.700000,2.700000,2.700000,0
2014-05-28,2.700000,2.700000,2.700000,2.700000,2.700000,0
2014-05-29,2.700000,2.700000,2.700000,2.700000,2.700000,0
2014-05-30,2.700000,2.700000,2.700000,2.700000,2.700000,0
2014-06-02,2.700000,2.700000,2.700000,2.700000,2.700000,0
2014-06-03,2.700000,2.700000,2.700000,2.700000,2.700000,0
2014-06-04,2.700000,2.700000,2.700000,2.700000,2.700000,0
2014-06-05,2.700000,2.700000,2.700000,2.700000,2.700000,0
2014-06-06,2.700000,2.700000,2.700000,2.700000,2.700000,0
2014-06-09,2.700000,2.700000,2.700000,2.700000,2.700000,0
2014-06-10,2.700000,2.700000,2.700000,2.700000,2.700000,0
2014-06-11,2.700000,2.700000,2.700000,2.700000,2.700000,0
2014-06-12,2.700000,2.700000,2.700000,2.700000,2.700000,0
2014-06-13,2.700000,2.700000,2.700000,2.700000,2.700000,0
2014-06-16,2.700000,2.700000,2.700000,2.700000,2.700000,0
2014-06-17,2.700000,2.700000,2.700000,2.700000,2.700000,0
2014-06-18,2.700000,2.700000,2.700000,2.700000,2.700000,0
2014-06-19,2.700000,2.700000,2.700000,2.700000,2.700000,0
2014-06-20,2.700000,2.700000,2.700000,2.700000,2.700000,0
2014-06-23,2.700000,2.700000,2.700000,2.700000,2.700000,0
2014-06-24,2.700000,2.700000,2.700000,2.700000,2.700000,0
2014-06-25,2.700000,2.700000,2.700000,2.700000,2.700000,0
2014-06-26,2.700000,2.700000,2.700000,2.700000,2.700000,0
2014-06-27,2.700000,2.700000,2.700000,2.700000,2.700000,0
2014-06-30,2.700000,2.700000,2.700000,2.700000,2.700000,0
2014-07-01,2.700000,2.700000,2.700000,2.700000,2.700000,0
2014-07-02,2.700000,2.700000,2.700000,2.700000,2.700000,0
2014-07-03,2.700000,2.700000,2.700000,2.700000,2.700000,0
2014-07-07,2.700000,2.700000,2.700000,2.700000,2.700000,0
2014-07-08,2.700000,2.700000,2.700000,2.700000,2.700000,0
2014-07-09,2.700000,2.700000,2.700000,2.700000,2.700000,0
2014-07-10,2.700000,2.700000,2.700000,2.700000,2.700000,0
2014-07-11,2.700000,2.700000,2.700000,2.700000,2.700000,0
2014-07-14,2.700000,2.700000,2.700000,2.700000,2.700000,0
2014-07-15,2.700000,2.700000,2.700000,2.700000,2.700000,0
2014-07-16,2.700000,2.700000,2.700000,2.700000,2.700000,0
2014-07-17,2.700000,2.700000,2.700000,2.700000,2.700000,0
2014-07-18,2.700000,2.700000,2.700000,2.700000,2.700000,0
2014-07-21,2.700000,2.700000,2.700000,2.700000,2.700000,0
2014-07-22,2.700000,2.700000,2.700000,2.700000,2.700000,0
2014-07-23,2.700000,2.700000,2.700000,2.700000,2.700000,0
2014-07-24,2.700000,2.700000,2.700000,2.700000,2.700000,0
2014-07-25,2.700000,2.700000,2.700000,2.700000,2.700000,0
2014-07-28,null,null,null,null,null,null
2014-07-29,null,null,null,null,null,null
2014-07-30,null,null,null,null,null,null
2014-07-31,null,null,null,null,null,null
2014-08-01,null,null,null,null,null,null
2014-08-04,null,null,null,null,null,null
2014-08-05,null,null,null,null,null,null
2014-08-06,null,null,null,null,null,null
2014-08-07,2.700000,2.700000,2.700000,2.700000,2.700000,0
2014-08-08,2.700000,2.700000,2.700000,2.700000,2.700000,0
2014-08-11,2.700000,2.700000,2.700000,2.700000,2.700000,0
2014-08-12,2.700000,2.700000,2.700000,2.700000,2.700000,0
2014-08-13,2.700000,2.700000,2.700000,2.700000,2.700000,0
2014-08-14,2.700000,2.700000,2.700000,2.700000,2.700000,0
2014-08-15,2.700000,2.700000,2.700000,2.700000,2.700000,0
2014-08-18,2.700000,2.700000,2.700000,2.700000,2.700000,0
2014-08-19,2.700000,2.700000,2.700000,2.700000,2.700000,0
2014-08-20,2.700000,2.700000,2.700000,2.700000,2.700000,0
2014-08-21,2.700000,2.700000,2.700000,2.700000,2.700000,0
2014-08-22,2.700000,2.700000,2.700000,2.700000,2.700000,0
2014-08-25,2.700000,2.700000,2.700000,2.700000,2.700000,0
2014-08-26,2.700000,2.700000,2.700000,2.700000,2.700000,0
2014-08-27,2.700000,2.700000,2.700000,2.700000,2.700000,0
2014-08-28,2.700000,2.700000,2.700000,2.700000,2.700000,0
2014-08-29,2.200000,2.200000,2.200000,2.200000,2.200000,1301
2014-09-02,2.200000,2.200000,2.200000,2.200000,2.200000,0
2014-09-03,2.200000,2.200000,2.200000,2.200000,2.200000,0
2014-09-04,2.200000,2.200000,2.200000,2.200000,2.200000,0
2014-09-05,2.200000,2.200000,2.200000,2.200000,2.200000,0
2014-09-08,1.010000,1.010000,1.010000,1.010000,1.010000,600
2014-09-09,1.010000,1.010000,1.010000,1.010000,1.010000,1495
2014-09-10,1.010000,1.010000,1.010000,1.010000,1.010000,0
2014-09-11,1.000000,1.000000,1.000000,1.000000,1.000000,71
2014-09-12,1.200000,1.200000,1.200000,1.200000,1.200000,50
2014-09-15,1.440000,1.440000,1.440000,1.440000,1.440000,20
2014-09-16,1.440000,1.440000,1.440000,1.440000,1.440000,0
2014-09-17,1.440000,1.440000,1.440000,1.440000,1.440000,0
2014-09-18,1.730000,1.730000,1.730000,1.730000,1.730000,10
2014-09-19,1.730000,1.730000,1.730000,1.730000,1.730000,0
2014-09-22,1.730000,1.730000,1.730000,1.730000,1.730000,0
2014-09-23,1.730000,1.730000,1.730000,1.730000,1.730000,0
2014-09-24,1.730000,1.730000,1.730000,1.730000,1.730000,0
2014-09-25,1.010000,1.010000,1.010000,1.010000,1.010000,500
2014-09-26,1.100000,1.100000,1.100000,1.100000,1.100000,235
2014-09-29,1.100000,1.100000,1.100000,1.100000,1.100000,0
2014-09-30,1.100000,1.100000,1.100000,1.100000,1.100000,600
2014-10-01,1.100000,1.100000,1.100000,1.100000,1.100000,0
2014-10-02,1.100000,1.100000,1.100000,1.100000,1.100000,0
2014-10-03,1.100000,1.100000,1.100000,1.100000,1.100000,0
2014-10-06,1.100000,1.100000,1.100000,1.100000,1.100000,0
2014-10-07,1.750000,1.750000,1.750000,1.750000,1.750000,10
2014-10-08,1.750000,1.750000,1.750000,1.750000,1.750000,360
2014-10-09,1.750000,1.750000,1.750000,1.750000,1.750000,0
2014-10-10,1.750000,1.750000,1.750000,1.750000,1.750000,0
2014-10-13,1.750000,1.750000,1.750000,1.750000,1.750000,0
2014-10-14,1.750000,1.750000,1.750000,1.750000,1.750000,0
2014-10-15,1.750000,1.750000,1.750000,1.750000,1.750000,0
2014-10-16,1.750000,1.750000,1.750000,1.750000,1.750000,0
2014-10-17,1.750000,1.750000,1.750000,1.750000,1.750000,0
2014-10-20,1.750000,1.750000,1.750000,1.750000,1.750000,0
2014-10-21,1.750000,1.750000,1.750000,1.750000,1.750000,0
2014-10-22,1.750000,1.750000,1.750000,1.750000,1.750000,0
2014-10-23,1.750000,1.750000,1.750000,1.750000,1.750000,0
2014-10-24,1.750000,1.750000,1.750000,1.750000,1.750000,0
2014-10-27,1.750000,1.750000,1.750000,1.750000,1.750000,0
2014-10-28,1.750000,1.750000,1.750000,1.750000,1.750000,0
2014-10-29,1.750000,1.750000,1.750000,1.750000,1.750000,0
2014-10-30,1.750000,1.750000,1.750000,1.750000,1.750000,0
2014-10-31,1.750000,1.750000,1.750000,1.750000,1.750000,0
2014-11-03,1.750000,1.750000,1.750000,1.750000,1.750000,0
2014-11-04,1.750000,1.750000,1.750000,1.750000,1.750000,0
2014-11-05,1.750000,1.750000,1.750000,1.750000,1.750000,0
2014-11-06,1.750000,1.750000,1.750000,1.750000,1.750000,0
2014-11-07,1.750000,1.750000,1.750000,1.750000,1.750000,0
2014-11-10,1.750000,1.750000,1.750000,1.750000,1.750000,0
2014-11-11,1.750000,1.750000,1.750000,1.750000,1.750000,0
2014-11-12,1.750000,1.750000,1.750000,1.750000,1.750000,0
2014-11-13,1.750000,1.750000,1.750000,1.750000,1.750000,0
2014-11-14,1.750000,1.750000,1.750000,1.750000,1.750000,0
2014-11-17,0.870000,0.870000,0.870000,0.870000,0.870000,1000
2014-11-18,0.870000,0.870000,0.870000,0.870000,0.870000,0
2014-11-19,0.870000,0.870000,0.870000,0.870000,0.870000,0
2014-11-20,0.870000,0.870000,0.870000,0.870000,0.870000,0
2014-11-21,0.870000,0.870000,0.870000,0.870000,0.870000,0
2014-11-24,0.870000,0.870000,0.870000,0.870000,0.870000,0
2014-11-25,0.870000,0.870000,0.870000,0.870000,0.870000,0
2014-11-26,0.870000,0.870000,0.870000,0.870000,0.870000,0
2014-11-28,0.870000,0.870000,0.870000,0.870000,0.870000,0
2014-12-01,0.870000,0.870000,0.870000,0.870000,0.870000,0
2014-12-02,0.870000,0.870000,0.870000,0.870000,0.870000,0
2014-12-03,0.870000,0.870000,0.870000,0.870000,0.870000,0
2014-12-04,0.870000,0.870000,0.870000,0.870000,0.870000,0
2014-12-05,0.870000,0.870000,0.870000,0.870000,0.870000,0
2014-12-08,0.870000,0.870000,0.870000,0.870000,0.870000,0
2014-12-09,0.870000,0.870000,0.870000,0.870000,0.870000,0
2014-12-10,0.870000,0.870000,0.870000,0.870000,0.870000,0
2014-12-11,1.210000,1.210000,1.210000,1.210000,1.210000,20
2014-12-12,1.210000,1.210000,1.210000,1.210000,1.210000,0
2014-12-15,1.210000,1.210000,1.210000,1.210000,1.210000,0
2014-12-16,1.210000,1.210000,1.210000,1.210000,1.210000,0
2014-12-17,1.210000,1.210000,1.210000,1.210000,1.210000,0
2014-12-18,1.210000,1.210000,1.210000,1.210000,1.210000,0
2014-12-19,1.210000,1.210000,1.210000,1.210000,1.210000,0
2014-12-22,1.210000,1.210000,1.210000,1.210000,1.210000,0
2014-12-23,1.210000,1.210000,1.210000,1.210000,1.210000,0
2014-12-24,1.210000,1.210000,1.210000,1.210000,1.210000,0
2014-12-26,1.210000,1.210000,1.210000,1.210000,1.210000,0
2014-12-29,1.210000,1.210000,1.210000,1.210000,1.210000,0
2014-12-30,1.210000,1.210000,1.210000,1.210000,1.210000,0
2014-12-31,1.210000,1.210000,1.210000,1.210000,1.210000,0
2015-01-02,1.210000,1.210000,1.210000,1.210000,1.210000,0
2015-01-05,1.210000,1.210000,1.210000,1.210000,1.210000,0
2015-01-06,1.440000,1.440000,1.440000,1.440000,1.440000,10
2015-01-07,1.440000,1.440000,1.440000,1.440000,1.440000,10622
2015-01-08,1.440000,1.440000,1.440000,1.440000,1.440000,0
2015-01-09,1.580000,1.580000,1.580000,1.580000,1.580000,969
2015-01-12,null,null,null,null,null,null
2015-01-13,null,null,null,null,null,null
2015-01-14,null,null,null,null,null,null
2015-01-15,null,null,null,null,null,null
2015-01-16,null,null,null,null,null,null
2015-01-20,null,null,null,null,null,null
2015-01-21,null,null,null,null,null,null
2015-01-22,null,null,null,null,null,null
2015-01-23,null,null,null,null,null,null
2015-01-26,1.600000,1.600000,1.600000,1.600000,1.600000,360
2015-01-27,1.600000,1.600000,1.600000,1.600000,1.600000,0
2015-01-28,1.600000,1.600000,1.600000,1.600000,1.600000,0
2015-01-29,1.600000,1.600000,1.600000,1.600000,1.600000,0
2015-01-30,1.600000,1.600000,1.600000,1.600000,1.600000,0
2015-02-02,1.600000,1.600000,1.600000,1.600000,1.600000,0
2015-02-03,1.600000,1.600000,1.600000,1.600000,1.600000,0
2015-02-04,1.600000,1.600000,1.600000,1.600000,1.600000,0
2015-02-05,1.600000,1.600000,1.600000,1.600000,1.600000,0
2015-02-06,1.600000,1.600000,1.600000,1.600000,1.600000,0
2015-02-09,1.600000,1.600000,1.600000,1.600000,1.600000,0
2015-02-10,1.600000,1.600000,1.600000,1.600000,1.600000,0
2015-02-11,1.600000,1.600000,1.600000,1.600000,1.600000,200
2015-02-12,1.600000,1.600000,1.600000,1.600000,1.600000,0
2015-02-13,1.600000,1.600000,1.600000,1.600000,1.600000,300
2015-02-17,1.600000,1.600000,1.600000,1.600000,1.600000,600
2015-02-18,1.610000,1.610000,1.610000,1.610000,1.610000,570
2015-02-19,1.610000,1.610000,1.610000,1.610000,1.610000,530
2015-02-20,1.610000,1.610000,1.610000,1.610000,1.610000,50
2015-02-23,1.610000,1.610000,1.610000,1.610000,1.610000,0
2015-02-24,1.610000,1.610000,1.610000,1.610000,1.610000,9606
2015-02-25,1.610000,1.610000,1.610000,1.610000,1.610000,0
2015-02-26,1.610000,1.610000,1.610000,1.610000,1.610000,0
2015-02-27,1.610000,1.610000,1.610000,1.610000,1.610000,0
2015-03-02,1.290000,1.290000,1.290000,1.290000,1.290000,100
2015-03-03,1.290000,1.290000,1.290000,1.290000,1.290000,0
2015-03-04,0.840000,0.840000,0.840000,0.840000,0.840000,5000
2015-03-05,0.850000,0.850000,0.850000,0.850000,0.850000,20
2015-03-06,0.850000,0.850000,0.850000,0.850000,0.850000,980
2015-03-09,0.850000,0.850000,0.850000,0.850000,0.850000,0
2015-03-10,0.790000,0.790000,0.790000,0.790000,0.790000,1800
2015-03-11,0.790000,0.790000,0.790000,0.790000,0.790000,4305
2015-03-12,0.940000,0.940000,0.940000,0.940000,0.940000,2175
2015-03-13,0.760000,0.760000,0.760000,0.760000,0.760000,2150
2015-03-16,0.740000,0.740000,0.740000,0.740000,0.740000,2104
2015-03-17,0.740000,0.740000,0.740000,0.740000,0.740000,500
2015-03-18,0.740000,0.740000,0.740000,0.740000,0.740000,1266
2015-03-19,0.740000,0.740000,0.740000,0.740000,0.740000,0
2015-03-20,0.740000,0.740000,0.740000,0.740000,0.740000,0
2015-03-23,0.740000,0.740000,0.740000,0.740000,0.740000,0
2015-03-24,0.740000,0.740000,0.740000,0.740000,0.740000,0
2015-03-25,null,null,null,null,null,null
2015-03-26,null,null,null,null,null,null
2015-03-27,null,null,null,null,null,null
2015-03-30,null,null,null,null,null,null
2015-03-31,null,null,null,null,null,null
2015-04-01,null,null,null,null,null,null
2015-04-02,null,null,null,null,null,null
2015-04-06,null,null,null,null,null,null
2015-04-07,null,null,null,null,null,null
2015-04-08,null,null,null,null,null,null
2015-04-09,null,null,null,null,null,null
2015-04-10,null,null,null,null,null,null
2015-04-13,null,null,null,null,null,null
2015-04-14,null,null,null,null,null,null
2015-04-15,null,null,null,null,null,null
2015-04-16,null,null,null,null,null,null
2015-04-17,null,null,null,null,null,null
2015-04-20,null,null,null,null,null,null
2015-04-21,null,null,null,null,null,null
2015-04-22,null,null,null,null,null,null
2015-04-23,null,null,null,null,null,null
2015-04-24,null,null,null,null,null,null
2015-04-27,null,null,null,null,null,null
2015-04-28,null,null,null,null,null,null
2015-04-29,null,null,null,null,null,null
2015-04-30,null,null,null,null,null,null
2015-05-01,null,null,null,null,null,null
2015-05-04,null,null,null,null,null,null
2015-05-05,null,null,null,null,null,null
2015-05-06,null,null,null,null,null,null
2015-05-07,null,null,null,null,null,null
2015-05-08,null,null,null,null,null,null
2015-05-11,null,null,null,null,null,null
2015-05-12,null,null,null,null,null,null
2015-05-13,null,null,null,null,null,null
2015-05-14,null,null,null,null,null,null
2015-05-15,null,null,null,null,null,null
2015-05-18,null,null,null,null,null,null
2015-05-19,null,null,null,null,null,null
2015-05-20,1.230000,1.230000,1.230000,1.230000,1.230000,0
2015-05-21,null,null,null,null,null,null
2015-05-22,null,null,null,null,null,null
2015-05-26,null,null,null,null,null,null
2015-05-27,null,null,null,null,null,null
2015-05-28,null,null,null,null,null,null
2015-05-29,null,null,null,null,null,null
2015-06-01,1.230000,1.230000,1.230000,1.230000,1.230000,0
2015-06-02,1.230000,1.230000,1.230000,1.230000,1.230000,0
2015-06-03,1.230000,1.230000,1.230000,1.230000,1.230000,0
2015-06-04,1.230000,1.230000,1.230000,1.230000,1.230000,0
2015-06-05,1.230000,1.230000,1.230000,1.230000,1.230000,0
2015-06-08,null,null,null,null,null,null
2015-06-09,null,null,null,null,null,null
2015-06-10,null,null,null,null,null,null
2015-06-11,null,null,null,null,null,null
2015-06-12,null,null,null,null,null,null
2015-06-15,null,null,null,null,null,null
2015-06-16,null,null,null,null,null,null
2015-06-17,null,null,null,null,null,null
2015-06-18,null,null,null,null,null,null
2015-06-19,null,null,null,null,null,null
2015-06-22,null,null,null,null,null,null
2015-06-23,null,null,null,null,null,null
2015-06-24,null,null,null,null,null,null
2015-06-25,null,null,null,null,null,null
2015-06-26,null,null,null,null,null,null
2015-06-29,null,null,null,null,null,null
2015-06-30,null,null,null,null,null,null
2015-07-01,null,null,null,null,null,null
2015-07-02,null,null,null,null,null,null
2015-07-06,0.480000,0.480000,0.480000,0.480000,0.480000,0
2015-07-07,0.480000,0.480000,0.480000,0.480000,0.480000,0
2015-07-08,0.480000,0.480000,0.480000,0.480000,0.480000,0
2015-07-09,0.480000,0.480000,0.480000,0.480000,0.480000,0
2015-07-10,0.480000,0.480000,0.480000,0.480000,0.480000,0
2015-07-13,null,null,null,null,null,null
2015-07-14,null,null,null,null,null,null
2015-07-15,null,null,null,null,null,null
2015-07-16,null,null,null,null,null,null
2015-07-17,null,null,null,null,null,null
2015-07-20,null,null,null,null,null,null
2015-07-21,null,null,null,null,null,null
2015-07-22,null,null,null,null,null,null
2015-07-23,null,null,null,null,null,null
2015-07-24,null,null,null,null,null,null
2015-07-27,0.480000,0.480000,0.480000,0.480000,0.480000,0
2015-07-28,0.480000,0.480000,0.480000,0.480000,0.480000,0
2015-07-29,null,null,null,null,null,null
2015-07-30,null,null,null,null,null,null
2015-07-31,null,null,null,null,null,null
2015-08-03,null,null,null,null,null,null
2015-08-04,null,null,null,null,null,null
2015-08-05,null,null,null,null,null,null
2015-08-06,null,null,null,null,null,null
2015-08-07,null,null,null,null,null,null
2015-08-10,null,null,null,null,null,null
2015-08-11,null,null,null,null,null,null
2015-08-12,null,null,null,null,null,null
2015-08-13,null,null,null,null,null,null
2015-08-14,null,null,null,null,null,null
2015-08-17,null,null,null,null,null,null
2015-08-18,null,null,null,null,null,null
2015-08-19,null,null,null,null,null,null
2015-08-20,null,null,null,null,null,null
2015-08-21,null,null,null,null,null,null
2015-08-24,null,null,null,null,null,null
2015-08-25,null,null,null,null,null,null
2015-08-26,null,null,null,null,null,null
2015-08-27,null,null,null,null,null,null
2015-08-28,null,null,null,null,null,null
2015-08-31,null,null,null,null,null,null
2015-09-01,null,null,null,null,null,null
2015-09-02,null,null,null,null,null,null
2015-09-03,null,null,null,null,null,null
2015-09-04,null,null,null,null,null,null
2015-09-08,null,null,null,null,null,null
2015-09-09,null,null,null,null,null,null
2015-09-10,null,null,null,null,null,null
2015-09-11,null,null,null,null,null,null
2015-09-14,null,null,null,null,null,null
2015-09-15,null,null,null,null,null,null
2015-09-16,null,null,null,null,null,null
2015-09-17,null,null,null,null,null,null
2015-09-18,0.510000,0.510000,0.510000,0.510000,0.510000,0
2015-09-21,0.510000,0.510000,0.510000,0.510000,0.510000,0
2015-09-22,0.510000,0.510000,0.510000,0.510000,0.510000,0
2015-09-23,0.510000,0.510000,0.510000,0.510000,0.510000,0
2015-09-24,null,null,null,null,null,null
2015-09-25,null,null,null,null,null,null
2015-09-28,null,null,null,null,null,null
2015-09-29,null,null,null,null,null,null
2015-09-30,null,null,null,null,null,null
2015-10-01,null,null,null,null,null,null
2015-10-02,null,null,null,null,null,null
2015-10-05,null,null,null,null,null,null
2015-10-06,null,null,null,null,null,null
2015-10-07,null,null,null,null,null,null
2015-10-08,null,null,null,null,null,null
2015-10-09,null,null,null,null,null,null
2015-10-12,null,null,null,null,null,null
2015-10-13,null,null,null,null,null,null
2015-10-14,null,null,null,null,null,null
2015-10-15,null,null,null,null,null,null
2015-10-16,null,null,null,null,null,null
2015-10-19,null,null,null,null,null,null
2015-10-20,null,null,null,null,null,null
2015-10-21,null,null,null,null,null,null
2015-10-22,null,null,null,null,null,null
2015-10-23,0.520000,0.520000,0.520000,0.520000,0.520000,0
2015-10-26,0.520000,0.520000,0.520000,0.520000,0.520000,0
2015-10-27,0.520000,0.520000,0.520000,0.520000,0.520000,0
2015-10-28,0.520000,0.520000,0.520000,0.520000,0.520000,0
2015-10-29,null,null,null,null,null,null
2015-10-30,null,null,null,null,null,null
2015-11-02,null,null,null,null,null,null
2015-11-03,null,null,null,null,null,null
2015-11-04,null,null,null,null,null,null
2015-11-05,null,null,null,null,null,null
2015-11-06,null,null,null,null,null,null
2015-11-09,0.520000,0.520000,0.520000,0.520000,0.520000,0
2015-11-10,0.520000,0.520000,0.520000,0.520000,0.520000,0
2015-11-11,0.520000,0.520000,0.520000,0.520000,0.520000,0
2015-11-12,0.520000,0.520000,0.520000,0.520000,0.520000,0
2015-11-13,0.520000,0.520000,0.520000,0.520000,0.520000,0
2015-11-16,0.520000,0.520000,0.520000,0.520000,0.520000,0
2015-11-17,0.520000,0.520000,0.520000,0.520000,0.520000,0
2015-11-18,0.520000,0.520000,0.520000,0.520000,0.520000,0
2015-11-19,0.520000,0.520000,0.520000,0.520000,0.520000,0
2015-11-20,0.520000,0.520000,0.520000,0.520000,0.520000,0
2015-11-23,null,null,null,null,null,null
2015-11-24,null,null,null,null,null,null
2015-11-25,null,null,null,null,null,null
2015-11-27,null,null,null,null,null,null
2015-11-30,null,null,null,null,null,null
2015-12-01,null,null,null,null,null,null
2015-12-02,null,null,null,null,null,null
2015-12-03,0.520000,0.520000,0.520000,0.520000,0.520000,0
2015-12-04,0.520000,0.520000,0.520000,0.520000,0.520000,0
2015-12-07,0.520000,0.520000,0.520000,0.520000,0.520000,0
2015-12-08,0.520000,0.520000,0.520000,0.520000,0.520000,0
2015-12-09,0.230000,0.230000,0.230000,0.230000,0.230000,9001
2015-12-10,null,null,null,null,null,null
2015-12-11,null,null,null,null,null,null
2015-12-14,null,null,null,null,null,null
2015-12-15,null,null,null,null,null,null
2015-12-16,null,null,null,null,null,null
2015-12-17,null,null,null,null,null,null
2015-12-18,null,null,null,null,null,null
2015-12-21,null,null,null,null,null,null
2015-12-22,null,null,null,null,null,null
2015-12-23,null,null,null,null,null,null
2015-12-24,null,null,null,null,null,null
2015-12-28,null,null,null,null,null,null
2015-12-29,null,null,null,null,null,null
2015-12-30,null,null,null,null,null,null
2015-12-31,null,null,null,null,null,null
2016-01-04,null,null,null,null,null,null
2016-01-05,null,null,null,null,null,null
2016-01-06,null,null,null,null,null,null
2016-01-07,null,null,null,null,null,null
2016-01-08,null,null,null,null,null,null
2016-01-11,0.250000,0.250000,0.250000,0.250000,0.250000,0
2016-01-12,0.250000,0.250000,0.250000,0.250000,0.250000,0
2016-01-13,0.250000,0.250000,0.250000,0.250000,0.250000,0
2016-01-14,0.250000,0.250000,0.250000,0.250000,0.250000,0
2016-01-15,0.250000,0.250000,0.250000,0.250000,0.250000,0
2016-01-19,0.250000,0.250000,0.250000,0.250000,0.250000,0
2016-01-20,0.250000,0.250000,0.250000,0.250000,0.250000,0
2016-01-21,0.250000,0.250000,0.250000,0.250000,0.250000,0
2016-01-22,0.250000,0.250000,0.250000,0.250000,0.250000,0
2016-01-25,0.250000,0.250000,0.250000,0.250000,0.250000,0
2016-01-26,0.250000,0.250000,0.250000,0.250000,0.250000,0
2016-01-27,0.250000,0.250000,0.250000,0.250000,0.250000,0
2016-01-28,0.250000,0.250000,0.250000,0.250000,0.250000,0
2016-01-29,0.250000,0.250000,0.250000,0.250000,0.250000,0
2016-02-01,0.250000,0.250000,0.250000,0.250000,0.250000,0
2016-02-02,0.250000,0.250000,0.250000,0.250000,0.250000,0
2016-02-03,0.250000,0.250000,0.250000,0.250000,0.250000,0
2016-02-04,0.250000,0.250000,0.250000,0.250000,0.250000,0
2016-02-05,0.250000,0.250000,0.250000,0.250000,0.250000,0
2016-02-08,0.250000,0.250000,0.250000,0.250000,0.250000,0
2016-02-09,0.250000,0.250000,0.250000,0.250000,0.250000,0
2016-02-10,0.250000,0.250000,0.250000,0.250000,0.250000,0
2016-02-11,0.250000,0.250000,0.250000,0.250000,0.250000,0
2016-02-12,0.250000,0.250000,0.250000,0.250000,0.250000,0
2016-02-16,0.250000,0.250000,0.250000,0.250000,0.250000,0
2016-02-17,0.250000,0.250000,0.250000,0.250000,0.250000,0
2016-02-18,0.250000,0.250000,0.250000,0.250000,0.250000,0
2016-02-19,0.250000,0.250000,0.250000,0.250000,0.250000,0
2016-02-22,null,null,null,null,null,null
2016-02-23,null,null,null,null,null,null
2016-02-24,null,null,null,null,null,null
2016-02-25,null,null,null,null,null,null
2016-02-26,null,null,null,null,null,null
2016-02-29,null,null,null,null,null,null
2016-03-01,null,null,null,null,null,null
2016-03-02,null,null,null,null,null,null
2016-03-03,null,null,null,null,null,null
2016-03-04,null,null,null,null,null,null
2016-03-07,null,null,null,null,null,null
2016-03-08,null,null,null,null,null,null
2016-03-09,null,null,null,null,null,null
2016-03-10,null,null,null,null,null,null
2016-03-11,null,null,null,null,null,null
2016-03-14,null,null,null,null,null,null
2016-03-15,null,null,null,null,null,null
2016-03-16,null,null,null,null,null,null
2016-03-17,null,null,null,null,null,null
2016-03-18,null,null,null,null,null,null
2016-03-21,null,null,null,null,null,null
2016-03-22,null,null,null,null,null,null
2016-03-23,0.250000,0.250000,0.250000,0.250000,0.250000,0
2016-03-24,null,null,null,null,null,null
2016-03-28,null,null,null,null,null,null
2016-03-29,null,null,null,null,null,null
2016-03-30,null,null,null,null,null,null
2016-03-31,null,null,null,null,null,null
2016-04-01,null,null,null,null,null,null
2016-04-04,0.250000,0.250000,0.250000,0.250000,0.250000,0
2016-04-05,0.250000,0.250000,0.250000,0.250000,0.250000,0
2016-04-06,0.250000,0.250000,0.250000,0.250000,0.250000,0
2016-04-07,0.250000,0.250000,0.250000,0.250000,0.250000,0
2016-04-08,0.250000,0.250000,0.250000,0.250000,0.250000,0
2016-04-11,0.250000,0.250000,0.250000,0.250000,0.250000,0
2016-04-12,0.250000,0.250000,0.250000,0.250000,0.250000,0
2016-04-13,0.250000,0.250000,0.250000,0.250000,0.250000,0
2016-04-14,0.250000,0.250000,0.250000,0.250000,0.250000,0
2016-04-15,0.250000,0.250000,0.250000,0.250000,0.250000,0
2016-04-18,1.030000,1.030000,1.030000,1.030000,1.030000,2862
2016-04-19,null,null,null,null,null,null
2016-04-20,null,null,null,null,null,null
2016-04-21,null,null,null,null,null,null
2016-04-22,null,null,null,null,null,null
2016-04-25,null,null,null,null,null,null
2016-04-26,null,null,null,null,null,null
2016-04-27,null,null,null,null,null,null
2016-04-28,null,null,null,null,null,null
2016-04-29,null,null,null,null,null,null
2016-05-02,null,null,null,null,null,null
2016-05-03,null,null,null,null,null,null
2016-05-04,null,null,null,null,null,null
2016-05-05,null,null,null,null,null,null
2016-05-06,null,null,null,null,null,null
2016-05-09,null,null,null,null,null,null
2016-05-10,null,null,null,null,null,null
2016-05-11,null,null,null,null,null,null
2016-05-12,null,null,null,null,null,null
2016-05-13,null,null,null,null,null,null
2016-05-16,null,null,null,null,null,null
2016-05-17,null,null,null,null,null,null
2016-05-18,null,null,null,null,null,null
2016-05-19,null,null,null,null,null,null
2016-05-20,null,null,null,null,null,null
2016-05-23,null,null,null,null,null,null
2016-05-24,null,null,null,null,null,null
2016-05-25,null,null,null,null,null,null
2016-05-26,null,null,null,null,null,null
2016-05-27,null,null,null,null,null,null
2016-05-31,null,null,null,null,null,null
2016-06-01,null,null,null,null,null,null
2016-06-02,null,null,null,null,null,null
2016-06-03,null,null,null,null,null,null
2016-06-06,null,null,null,null,null,null
2016-06-07,null,null,null,null,null,null
2016-06-08,null,null,null,null,null,null
2016-06-09,null,null,null,null,null,null
2016-06-10,null,null,null,null,null,null
2016-06-13,null,null,null,null,null,null
2016-06-14,null,null,null,null,null,null
2016-06-15,null,null,null,null,null,null
2016-06-16,null,null,null,null,null,null
2016-06-17,null,null,null,null,null,null
2016-06-20,null,null,null,null,null,null
2016-06-21,null,null,null,null,null,null
2016-06-22,null,null,null,null,null,null
2016-06-23,null,null,null,null,null,null
2016-06-24,null,null,null,null,null,null
2016-06-27,null,null,null,null,null,null
2016-06-28,null,null,null,null,null,null
2016-06-29,null,null,null,null,null,null
2016-06-30,null,null,null,null,null,null
2016-07-01,null,null,null,null,null,null
2016-07-05,null,null,null,null,null,null
2016-07-06,null,null,null,null,null,null
2016-07-07,null,null,null,null,null,null
2016-07-08,null,null,null,null,null,null
2016-07-11,null,null,null,null,null,null
2016-07-12,null,null,null,null,null,null
2016-07-13,null,null,null,null,null,null
2016-07-14,null,null,null,null,null,null
2016-07-15,null,null,null,null,null,null
2016-07-18,null,null,null,null,null,null
2016-07-19,null,null,null,null,null,null
2016-07-20,null,null,null,null,null,null
2016-07-21,null,null,null,null,null,null
2016-07-22,null,null,null,null,null,null
2016-07-25,null,null,null,null,null,null
2016-07-26,null,null,null,null,null,null
2016-07-27,null,null,null,null,null,null
2016-07-28,null,null,null,null,null,null
2016-07-29,null,null,null,null,null,null
2016-08-01,null,null,null,null,null,null
2016-08-02,null,null,null,null,null,null
2016-08-03,null,null,null,null,null,null
2016-08-04,null,null,null,null,null,null
2016-08-05,null,null,null,null,null,null
2016-08-08,null,null,null,null,null,null
2016-08-09,null,null,null,null,null,null
2016-08-10,null,null,null,null,null,null
2016-08-11,null,null,null,null,null,null
2016-08-12,null,null,null,null,null,null
2016-08-15,null,null,null,null,null,null
2016-08-16,null,null,null,null,null,null
2016-08-17,null,null,null,null,null,null
2016-08-18,null,null,null,null,null,null
2016-08-19,null,null,null,null,null,null
2016-08-22,null,null,null,null,null,null
2016-08-23,null,null,null,null,null,null
2016-08-24,null,null,null,null,null,null
2016-08-25,null,null,null,null,null,null
2016-08-26,null,null,null,null,null,null
2016-08-29,null,null,null,null,null,null
2016-08-30,null,null,null,null,null,null
2016-08-31,null,null,null,null,null,null
2016-09-01,null,null,null,null,null,null
2016-09-02,null,null,null,null,null,null
2016-09-06,null,null,null,null,null,null
2016-09-07,null,null,null,null,null,null
2016-09-08,null,null,null,null,null,null
2016-09-09,null,null,null,null,null,null
2016-09-12,null,null,null,null,null,null
2016-09-13,null,null,null,null,null,null
2016-09-14,null,null,null,null,null,null
2016-09-15,null,null,null,null,null,null
2016-09-16,null,null,null,null,null,null
2016-09-19,null,null,null,null,null,null
2016-09-20,null,null,null,null,null,null
2016-09-21,null,null,null,null,null,null
2016-09-22,null,null,null,null,null,null
2016-09-23,null,null,null,null,null,null
2016-09-26,null,null,null,null,null,null
2016-09-27,null,null,null,null,null,null
2016-09-28,null,null,null,null,null,null
2016-09-29,null,null,null,null,null,null
2016-09-30,null,null,null,null,null,null
2016-10-03,null,null,null,null,null,null
2016-10-04,null,null,null,null,null,null
2016-10-05,null,null,null,null,null,null
2016-10-06,null,null,null,null,null,null
2016-10-07,null,null,null,null,null,null
2016-10-10,null,null,null,null,null,null
2016-10-11,null,null,null,null,null,null
2016-10-12,null,null,null,null,null,null
2016-10-13,null,null,null,null,null,null
2016-10-14,null,null,null,null,null,null
2016-10-17,null,null,null,null,null,null
2016-10-18,null,null,null,null,null,null
2016-10-19,null,null,null,null,null,null
2016-10-20,null,null,null,null,null,null
2016-10-21,null,null,null,null,null,null
2016-10-24,null,null,null,null,null,null
2016-10-25,null,null,null,null,null,null
2016-10-26,null,null,null,null,null,null
2016-10-27,null,null,null,null,null,null
2016-10-28,null,null,null,null,null,null
2016-10-31,null,null,null,null,null,null
2016-11-01,null,null,null,null,null,null
2016-11-02,null,null,null,null,null,null
2016-11-03,null,null,null,null,null,null
2016-11-04,null,null,null,null,null,null
2016-11-07,null,null,null,null,null,null
2016-11-08,null,null,null,null,null,null
2016-11-09,null,null,null,null,null,null
2016-11-10,null,null,null,null,null,null
2016-11-11,null,null,null,null,null,null
2016-11-14,null,null,null,null,null,null
2016-11-15,null,null,null,null,null,null
2016-11-16,null,null,null,null,null,null
2016-11-17,null,null,null,null,null,null
2016-11-18,null,null,null,null,null,null
2016-11-21,null,null,null,null,null,null
2016-11-22,null,null,null,null,null,null
2016-11-23,null,null,null,null,null,null
2016-11-25,null,null,null,null,null,null
2016-11-28,null,null,null,null,null,null
2016-11-29,null,null,null,null,null,null
2016-11-30,null,null,null,null,null,null
2016-12-01,null,null,null,null,null,null
2016-12-02,null,null,null,null,null,null
2016-12-05,null,null,null,null,null,null
2016-12-06,null,null,null,null,null,null
2016-12-07,null,null,null,null,null,null
2016-12-08,null,null,null,null,null,null
2016-12-09,null,null,null,null,null,null
2016-12-12,null,null,null,null,null,null
2016-12-13,null,null,null,null,null,null
2016-12-14,null,null,null,null,null,null
2016-12-15,null,null,null,null,null,null
2016-12-16,null,null,null,null,null,null
2016-12-19,null,null,null,null,null,null
2016-12-20,null,null,null,null,null,null
2016-12-21,null,null,null,null,null,null
2016-12-22,null,null,null,null,null,null
2016-12-23,null,null,null,null,null,null
2016-12-27,null,null,null,null,null,null
2016-12-28,null,null,null,null,null,null
2016-12-29,null,null,null,null,null,null
2016-12-30,null,null,null,null,null,null
2017-01-03,null,null,null,null,null,null
2017-01-04,null,null,null,null,null,null
2017-01-05,null,null,null,null,null,null
2017-01-06,null,null,null,null,null,null
2017-01-09,null,null,null,null,null,null
2017-01-10,null,null,null,null,null,null
2017-01-11,null,null,null,null,null,null
2017-01-12,null,null,null,null,null,null
2017-01-13,null,null,null,null,null,null
2017-01-17,null,null,null,null,null,null
2017-01-18,null,null,null,null,null,null
2017-01-19,null,null,null,null,null,null
2017-01-20,null,null,null,null,null,null
2017-01-23,null,null,null,null,null,null
2017-01-24,null,null,null,null,null,null
2017-01-25,null,null,null,null,null,null
2017-01-26,null,null,null,null,null,null
2017-01-27,null,null,null,null,null,null
2017-01-30,null,null,null,null,null,null
2017-01-31,null,null,null,null,null,null
2017-02-01,null,null,null,null,null,null
2017-02-02,null,null,null,null,null,null
2017-02-03,null,null,null,null,null,null
2017-02-06,null,null,null,null,null,null
2017-02-07,null,null,null,null,null,null
2017-02-08,null,null,null,null,null,null
2017-02-09,null,null,null,null,null,null
2017-02-10,null,null,null,null,null,null
2017-02-13,null,null,null,null,null,null
2017-02-14,null,null,null,null,null,null
2017-02-15,null,null,null,null,null,null
2017-02-16,null,null,null,null,null,null
2017-02-17,null,null,null,null,null,null
2017-02-21,null,null,null,null,null,null
2017-02-22,null,null,null,null,null,null
2017-02-23,null,null,null,null,null,null
2017-02-24,null,null,null,null,null,null
2017-02-27,null,null,null,null,null,null
2017-02-28,null,null,null,null,null,null
2017-03-01,null,null,null,null,null,null
2017-03-02,null,null,null,null,null,null
2017-03-03,null,null,null,null,null,null
2017-03-06,null,null,null,null,null,null
2017-03-07,null,null,null,null,null,null
2017-03-08,null,null,null,null,null,null
2017-03-09,null,null,null,null,null,null
2017-03-10,null,null,null,null,null,null
2017-03-13,null,null,null,null,null,null
2017-03-14,null,null,null,null,null,null
2017-03-15,null,null,null,null,null,null
2017-03-16,null,null,null,null,null,null
2017-03-17,null,null,null,null,null,null
2017-03-20,null,null,null,null,null,null
2017-03-21,null,null,null,null,null,null
2017-03-22,null,null,null,null,null,null
2017-03-23,null,null,null,null,null,null
2017-03-24,null,null,null,null,null,null
2017-03-27,null,null,null,null,null,null
2017-03-28,null,null,null,null,null,null
2017-03-29,null,null,null,null,null,null
2017-03-30,null,null,null,null,null,null
2017-03-31,null,null,null,null,null,null
2017-04-03,null,null,null,null,null,null
2017-04-04,null,null,null,null,null,null
2017-04-05,null,null,null,null,null,null
2017-04-06,null,null,null,null,null,null
2017-04-07,null,null,null,null,null,null
2017-04-10,null,null,null,null,null,null
2017-04-11,null,null,null,null,null,null
2017-04-12,null,null,null,null,null,null
2017-04-13,null,null,null,null,null,null
2017-04-17,null,null,null,null,null,null
2017-04-18,null,null,null,null,null,null
2017-04-19,null,null,null,null,null,null
2017-04-20,null,null,null,null,null,null
2017-04-21,null,null,null,null,null,null
2017-04-24,null,null,null,null,null,null
2017-04-25,null,null,null,null,null,null
2017-04-26,null,null,null,null,null,null
2017-04-27,null,null,null,null,null,null
2017-04-28,null,null,null,null,null,null
2017-05-01,null,null,null,null,null,null
2017-05-02,null,null,null,null,null,null
2017-05-03,null,null,null,null,null,null
2017-05-04,null,null,null,null,null,null
2017-05-05,null,null,null,null,null,null
2017-05-08,null,null,null,null,null,null
2017-05-09,null,null,null,null,null,null
2017-05-10,null,null,null,null,null,null
2017-05-11,null,null,null,null,null,null
2017-05-12,null,null,null,null,null,null
2017-05-15,null,null,null,null,null,null
2017-05-16,null,null,null,null,null,null
2017-05-17,null,null,null,null,null,null
2017-05-18,null,null,null,null,null,null
2017-05-19,null,null,null,null,null,null
2017-05-22,null,null,null,null,null,null
2017-05-23,null,null,null,null,null,null
2017-05-24,null,null,null,null,null,null
2017-05-25,null,null,null,null,null,null
2017-05-26,null,null,null,null,null,null
2017-05-30,null,null,null,null,null,null
2017-05-31,null,null,null,null,null,null
2017-06-01,null,null,null,null,null,null
2017-06-02,null,null,null,null,null,null
2017-06-05,null,null,null,null,null,null
2017-06-06,null,null,null,null,null,null
2017-06-07,null,null,null,null,null,null
2017-06-08,null,null,null,null,null,null
2017-06-09,null,null,null,null,null,null
2017-06-12,null,null,null,null,null,null
2017-06-13,null,null,null,null,null,null
2017-06-14,null,null,null,null,null,null
2017-06-15,null,null,null,null,null,null
2017-06-16,null,null,null,null,null,null
2017-06-19,null,null,null,null,null,null
2017-06-20,null,null,null,null,null,null
2017-06-21,null,null,null,null,null,null
2017-06-22,null,null,null,null,null,null
2017-06-23,null,null,null,null,null,null
2017-06-26,null,null,null,null,null,null
2017-06-27,null,null,null,null,null,null
2017-06-28,null,null,null,null,null,null
2017-06-29,null,null,null,null,null,null
2017-06-30,null,null,null,null,null,null
2017-07-03,null,null,null,null,null,null
2017-07-05,null,null,null,null,null,null
2017-07-06,null,null,null,null,null,null
2017-07-07,null,null,null,null,null,null
2017-07-10,null,null,null,null,null,null
2017-07-11,null,null,null,null,null,null
2017-07-12,null,null,null,null,null,null
2017-07-13,null,null,null,null,null,null
2017-07-14,null,null,null,null,null,null
2017-07-17,null,null,null,null,null,null
2017-07-18,null,null,null,null,null,null
2017-07-19,null,null,null,null,null,null
2017-07-20,null,null,null,null,null,null
2017-07-21,null,null,null,null,null,null
2017-07-24,null,null,null,null,null,null
2017-07-25,null,null,null,null,null,null
2017-07-26,null,null,null,null,null,null
2017-07-27,null,null,null,null,null,null
2017-07-28,null,null,null,null,null,null
2017-07-31,null,null,null,null,null,null
2017-08-01,null,null,null,null,null,null
2017-08-02,null,null,null,null,null,null
2017-08-03,null,null,null,null,null,null
2017-08-04,null,null,null,null,null,null
2017-08-07,null,null,null,null,null,null
2017-08-08,null,null,null,null,null,null
2017-08-09,null,null,null,null,null,null
2017-08-10,null,null,null,null,null,null
2017-08-11,null,null,null,null,null,null
2017-08-14,null,null,null,null,null,null
2017-08-15,null,null,null,null,null,null
2017-08-16,null,null,null,null,null,null
2017-08-17,null,null,null,null,null,null
2017-08-18,null,null,null,null,null,null
2017-08-21,null,null,null,null,null,null
2017-08-22,null,null,null,null,null,null
2017-08-23,null,null,null,null,null,null
2017-08-24,null,null,null,null,null,null
2017-08-25,null,null,null,null,null,null
2017-08-28,null,null,null,null,null,null
2017-08-29,null,null,null,null,null,null
2017-08-30,null,null,null,null,null,null
2017-08-31,null,null,null,null,null,null
2017-09-01,null,null,null,null,null,null
2017-09-05,null,null,null,null,null,null
2017-09-06,null,null,null,null,null,null
2017-09-07,null,null,null,null,null,null
2017-09-08,null,null,null,null,null,null
2017-09-11,null,null,null,null,null,null
2017-09-12,null,null,null,null,null,null
2017-09-13,null,null,null,null,null,null
2017-09-14,null,null,null,null,null,null
2017-09-15,null,null,null,null,null,null
2017-09-18,null,null,null,null,null,null
2017-09-19,null,null,null,null,null,null
2017-09-20,null,null,null,null,null,null
2017-09-21,null,null,null,null,null,null
2017-09-22,null,null,null,null,null,null
2017-09-25,null,null,null,null,null,null
2017-09-26,null,null,null,null,null,null
2017-09-27,null,null,null,null,null,null
2017-09-28,null,null,null,null,null,null
2017-09-29,null,null,null,null,null,null
2017-10-02,null,null,null,null,null,null
2017-10-03,null,null,null,null,null,null
2017-10-04,null,null,null,null,null,null
2017-10-05,null,null,null,null,null,null
2017-10-06,null,null,null,null,null,null
2017-10-09,null,null,null,null,null,null
2017-10-10,null,null,null,null,null,null
2017-10-11,null,null,null,null,null,null
2017-10-12,null,null,null,null,null,null
2017-10-13,null,null,null,null,null,null
2017-10-16,null,null,null,null,null,null
2017-10-17,null,null,null,null,null,null
2017-10-18,null,null,null,null,null,null
2017-10-19,null,null,null,null,null,null
2017-10-20,null,null,null,null,null,null
2017-10-23,null,null,null,null,null,null
2017-10-24,null,null,null,null,null,null
2017-10-25,null,null,null,null,null,null
2017-10-26,null,null,null,null,null,null
2017-10-27,null,null,null,null,null,null
2017-10-30,null,null,null,null,null,null
2017-10-31,null,null,null,null,null,null
2017-11-01,null,null,null,null,null,null
2017-11-02,null,null,null,null,null,null
2017-11-03,null,null,null,null,null,null
2017-11-06,null,null,null,null,null,null
2017-11-07,null,null,null,null,null,null
2017-11-08,null,null,null,null,null,null
2017-11-09,null,null,null,null,null,null
2017-11-10,null,null,null,null,null,null
2017-11-13,null,null,null,null,null,null
2017-11-14,null,null,null,null,null,null
2017-11-15,null,null,null,null,null,null
2017-11-16,null,null,null,null,null,null
2017-11-17,null,null,null,null,null,null
2017-11-20,null,null,null,null,null,null
2017-11-21,null,null,null,null,null,null
2017-11-22,null,null,null,null,null,null
2017-11-24,null,null,null,null,null,null
2017-11-27,null,null,null,null,null,null
2017-11-28,null,null,null,null,null,null
2017-11-29,null,null,null,null,null,null
2017-11-30,null,null,null,null,null,null
2017-12-01,null,null,null,null,null,null
2017-12-04,null,null,null,null,null,null
2017-12-05,null,null,null,null,null,null
2017-12-06,null,null,null,null,null,null
2017-12-07,null,null,null,null,null,null
2017-12-08,null,null,null,null,null,null
2017-12-11,null,null,null,null,null,null
2017-12-12,null,null,null,null,null,null
2017-12-13,null,null,null,null,null,null
2017-12-14,null,null,null,null,null,null
2017-12-15,null,null,null,null,null,null
2017-12-18,null,null,null,null,null,null
2017-12-19,null,null,null,null,null,null
2017-12-20,null,null,null,null,null,null
2017-12-21,null,null,null,null,null,null
2017-12-22,null,null,null,null,null,null
2017-12-26,null,null,null,null,null,null
2017-12-27,null,null,null,null,null,null
2017-12-28,null,null,null,null,null,null
2017-12-29,null,null,null,null,null,null
2018-01-02,null,null,null,null,null,null
2018-01-03,null,null,null,null,null,null
2018-01-04,null,null,null,null,null,null
2018-01-05,null,null,null,null,null,null
2018-01-08,null,null,null,null,null,null
2018-01-09,null,null,null,null,null,null
2018-01-10,null,null,null,null,null,null
2018-01-11,null,null,null,null,null,null
2018-01-12,null,null,null,null,null,null
2018-01-16,null,null,null,null,null,null
2018-01-17,null,null,null,null,null,null
2018-01-18,null,null,null,null,null,null
2018-01-19,null,null,null,null,null,null
2018-01-22,null,null,null,null,null,null
2018-01-23,null,null,null,null,null,null
2018-01-24,null,null,null,null,null,null
2018-01-25,null,null,null,null,null,null
2018-01-26,null,null,null,null,null,null
2018-01-29,null,null,null,null,null,null
2018-01-30,null,null,null,null,null,null
2018-01-31,null,null,null,null,null,null
2018-02-01,null,null,null,null,null,null
2018-02-02,null,null,null,null,null,null
2018-02-05,null,null,null,null,null,null
2018-02-06,null,null,null,null,null,null
2018-02-07,null,null,null,null,null,null
2018-02-08,null,null,null,null,null,null
2018-02-09,null,null,null,null,null,null
2018-02-12,null,null,null,null,null,null
2018-02-13,null,null,null,null,null,null
2018-02-14,null,null,null,null,null,null
2018-02-15,null,null,null,null,null,null
2018-02-16,null,null,null,null,null,null
2018-02-20,null,null,null,null,null,null
2018-02-21,null,null,null,null,null,null
2018-02-22,null,null,null,null,null,null
2018-02-23,null,null,null,null,null,null
2018-02-26,null,null,null,null,null,null
2018-02-27,null,null,null,null,null,null
2018-02-28,null,null,null,null,null,null
2018-03-01,null,null,null,null,null,null
2018-03-02,null,null,null,null,null,null
2018-03-05,null,null,null,null,null,null
2018-03-06,null,null,null,null,null,null
2018-03-07,null,null,null,null,null,null
2018-03-08,null,null,null,null,null,null
2018-03-09,null,null,null,null,null,null
2018-03-12,null,null,null,null,null,null
2018-03-13,null,null,null,null,null,null
2018-03-14,null,null,null,null,null,null
2018-03-15,null,null,null,null,null,null
2018-03-16,null,null,null,null,null,null
2018-03-19,null,null,null,null,null,null
2018-03-20,null,null,null,null,null,null
2018-03-21,null,null,null,null,null,null
2018-03-22,null,null,null,null,null,null
2018-03-23,null,null,null,null,null,null
2018-03-26,null,null,null,null,null,null
2018-03-27,null,null,null,null,null,null
2018-03-28,null,null,null,null,null,null
2018-03-29,null,null,null,null,null,null
2018-04-02,null,null,null,null,null,null
2018-04-03,null,null,null,null,null,null
2018-04-04,null,null,null,null,null,null
2018-04-05,null,null,null,null,null,null
2018-04-06,null,null,null,null,null,null
2018-04-09,null,null,null,null,null,null
2018-04-10,null,null,null,null,null,null
2018-04-11,null,null,null,null,null,null
2018-04-12,null,null,null,null,null,null
2018-04-13,null,null,null,null,null,null
2018-04-16,null,null,null,null,null,null
2018-04-17,null,null,null,null,null,null
2018-04-18,null,null,null,null,null,null
2018-04-19,null,null,null,null,null,null
2018-04-20,null,null,null,null,null,null
2018-04-23,null,null,null,null,null,null
2018-04-24,null,null,null,null,null,null
2018-04-25,null,null,null,null,null,null
2018-04-26,null,null,null,null,null,null
2018-04-27,null,null,null,null,null,null
2018-04-30,null,null,null,null,null,null
2018-05-01,null,null,null,null,null,null
2018-05-02,null,null,null,null,null,null
2018-05-03,null,null,null,null,null,null
2018-05-04,null,null,null,null,null,null
2018-05-07,null,null,null,null,null,null
2018-05-08,null,null,null,null,null,null
2018-05-09,null,null,null,null,null,null
2018-05-10,null,null,null,null,null,null
2018-05-11,null,null,null,null,null,null
2018-05-14,null,null,null,null,null,null
2018-05-15,null,null,null,null,null,null
2018-05-16,null,null,null,null,null,null
2018-05-17,null,null,null,null,null,null
2018-05-18,null,null,null,null,null,null
2018-05-21,null,null,null,null,null,null
2018-05-22,null,null,null,null,null,null
2018-05-23,null,null,null,null,null,null
2018-05-24,null,null,null,null,null,null
2018-05-25,null,null,null,null,null,null
2018-05-29,null,null,null,null,null,null
2018-05-30,null,null,null,null,null,null
2018-05-31,null,null,null,null,null,null
2018-06-01,null,null,null,null,null,null
2018-06-04,null,null,null,null,null,null
2018-06-05,null,null,null,null,null,null
2018-06-06,null,null,null,null,null,null
2018-06-07,null,null,null,null,null,null
2018-06-08,null,null,null,null,null,null
2018-06-11,null,null,null,null,null,null
2018-06-12,null,null,null,null,null,null
2018-06-13,null,null,null,null,null,null
2018-06-14,null,null,null,null,null,null
2018-06-15,null,null,null,null,null,null
2018-06-18,null,null,null,null,null,null
2018-06-19,null,null,null,null,null,null
2018-06-20,null,null,null,null,null,null
2018-06-21,null,null,null,null,null,null
2018-06-22,null,null,null,null,null,null
2018-06-25,null,null,null,null,null,null
2018-06-26,null,null,null,null,null,null
2018-06-27,null,null,null,null,null,null
2018-06-28,null,null,null,null,null,null
2018-06-29,null,null,null,null,null,null
2018-07-02,null,null,null,null,null,null
2018-07-03,null,null,null,null,null,null
2018-07-05,null,null,null,null,null,null
2018-07-06,null,null,null,null,null,null
2018-07-09,null,null,null,null,null,null
2018-07-10,null,null,null,null,null,null
2018-07-11,null,null,null,null,null,null
2018-07-12,null,null,null,null,null,null
2018-07-13,null,null,null,null,null,null
2018-07-16,null,null,null,null,null,null
2018-07-17,null,null,null,null,null,null
2018-07-18,null,null,null,null,null,null
2018-07-19,null,null,null,null,null,null
2018-07-20,null,null,null,null,null,null
2018-07-23,null,null,null,null,null,null
2018-07-24,null,null,null,null,null,null
2018-07-25,null,null,null,null,null,null
2018-07-26,null,null,null,null,null,null
2018-07-27,null,null,null,null,null,null
2018-07-30,null,null,null,null,null,null
2018-07-31,null,null,null,null,null,null
2018-08-01,null,null,null,null,null,null
2018-08-02,null,null,null,null,null,null
2018-08-03,null,null,null,null,null,null
2018-08-06,null,null,null,null,null,null
2018-08-07,null,null,null,null,null,null
2018-08-08,null,null,null,null,null,null
2018-08-09,null,null,null,null,null,null
2018-08-10,null,null,null,null,null,null
2018-08-13,null,null,null,null,null,null
2018-08-14,null,null,null,null,null,null
2018-08-15,null,null,null,null,null,null
2018-08-16,null,null,null,null,null,null
2018-08-17,null,null,null,null,null,null
2018-08-20,null,null,null,null,null,null
2018-08-21,null,null,null,null,null,null
2018-08-22,null,null,null,null,null,null
2018-08-23,null,null,null,null,null,null
2018-08-24,null,null,null,null,null,null
2018-08-27,null,null,null,null,null,null
2018-08-28,null,null,null,null,null,null
2018-08-29,null,null,null,null,null,null
2018-08-30,null,null,null,null,null,null
2018-08-31,null,null,null,null,null,null
2018-09-04,null,null,null,null,null,null
2018-09-05,null,null,null,null,null,null
2018-09-06,null,null,null,null,null,null
2018-09-07,null,null,null,null,null,null
2018-09-10,null,null,null,null,null,null
2018-09-11,null,null,null,null,null,null
2018-09-12,null,null,null,null,null,null
2018-09-13,null,null,null,null,null,null
2018-09-14,null,null,null,null,null,null
2018-09-17,null,null,null,null,null,null
2018-09-18,null,null,null,null,null,null
2018-09-19,null,null,null,null,null,null
2018-09-20,null,null,null,null,null,null
2018-09-21,null,null,null,null,null,null
2018-09-24,null,null,null,null,null,null
2018-09-25,null,null,null,null,null,null
2018-09-26,null,null,null,null,null,null
2018-09-27,null,null,null,null,null,null
2018-09-28,null,null,null,null,null,null
2018-10-01,null,null,null,null,null,null
2018-10-02,null,null,null,null,null,null
2018-10-03,null,null,null,null,null,null
2018-10-04,null,null,null,null,null,null
2018-10-05,null,null,null,null,null,null
2018-10-08,null,null,null,null,null,null
2018-10-09,null,null,null,null,null,null
2018-10-10,null,null,null,null,null,null
2018-10-11,null,null,null,null,null,null
2018-10-12,null,null,null,null,null,null
2018-10-15,null,null,null,null,null,null
2018-10-16,null,null,null,null,null,null
2018-10-17,null,null,null,null,null,null
2018-10-18,null,null,null,null,null,null
2018-10-19,null,null,null,null,null,null
2018-10-22,null,null,null,null,null,null
2018-10-23,null,null,null,null,null,null
2018-10-24,null,null,null,null,null,null
2018-10-25,null,null,null,null,null,null
2018-10-26,null,null,null,null,null,null
2018-10-29,null,null,null,null,null,null
2018-10-30,null,null,null,null,null,null
2018-10-31,null,null,null,null,null,null
2018-11-01,null,null,null,null,null,null
2018-11-02,null,null,null,null,null,null
2018-11-05,null,null,null,null,null,null
2018-11-06,null,null,null,null,null,null
2018-11-07,null,null,null,null,null,null
2018-11-08,null,null,null,null,null,null
2018-11-09,null,null,null,null,null,null
2018-11-12,null,null,null,null,null,null
2018-11-13,null,null,null,null,null,null
2018-11-14,null,null,null,null,null,null
2018-11-15,null,null,null,null,null,null
2018-11-16,null,null,null,null,null,null
2018-11-19,null,null,null,null,null,null
2018-11-20,null,null,null,null,null,null
2018-11-21,null,null,null,null,null,null
2018-11-23,null,null,null,null,null,null
2018-11-26,null,null,null,null,null,null
2018-11-27,null,null,null,null,null,null
2018-11-28,null,null,null,null,null,null
2018-11-29,null,null,null,null,null,null
2018-11-30,null,null,null,null,null,null
2018-12-03,null,null,null,null,null,null
2018-12-04,null,null,null,null,null,null
2018-12-06,null,null,null,null,null,null
2018-12-07,null,null,null,null,null,null
2018-12-10,null,null,null,null,null,null
2018-12-11,null,null,null,null,null,null
2018-12-12,null,null,null,null,null,null
2018-12-13,null,null,null,null,null,null
2018-12-14,null,null,null,null,null,null
2018-12-17,null,null,null,null,null,null
2018-12-18,null,null,null,null,null,null
2018-12-19,null,null,null,null,null,null
2018-12-20,null,null,null,null,null,null
2018-12-21,null,null,null,null,null,null
2018-12-24,null,null,null,null,null,null
2018-12-26,null,null,null,null,null,null
2018-12-27,null,null,null,null,null,null
2018-12-28,null,null,null,null,null,null
2018-12-31,null,null,null,null,null,null
2019-01-02,null,null,null,null,null,null
2019-01-03,null,null,null,null,null,null
2019-01-04,null,null,null,null,null,null
2019-01-07,null,null,null,null,null,null
2019-01-08,null,null,null,null,null,null
2019-01-09,null,null,null,null,null,null
2019-01-10,null,null,null,null,null,null
2019-01-11,null,null,null,null,null,null
2019-01-14,null,null,null,null,null,null
2019-01-15,null,null,null,null,null,null
2019-01-16,null,null,null,null,null,null
2019-01-17,null,null,null,null,null,null
2019-01-18,null,null,null,null,null,null
2019-01-22,null,null,null,null,null,null
2019-01-23,null,null,null,null,null,null
2019-01-24,null,null,null,null,null,null
2019-01-25,null,null,null,null,null,null
2019-01-28,null,null,null,null,null,null
2019-01-29,null,null,null,null,null,null
2019-01-30,null,null,null,null,null,null
2019-01-31,null,null,null,null,null,null
2019-02-01,null,null,null,null,null,null
2019-02-04,null,null,null,null,null,null
2019-02-05,null,null,null,null,null,null
2019-02-06,null,null,null,null,null,null
2019-02-07,null,null,null,null,null,null
2019-02-08,null,null,null,null,null,null
2019-02-11,null,null,null,null,null,null
2019-02-12,null,null,null,null,null,null
2019-02-13,null,null,null,null,null,null
2019-02-14,null,null,null,null,null,null
2019-02-15,null,null,null,null,null,null
2019-02-19,null,null,null,null,null,null
2019-02-20,null,null,null,null,null,null
2019-02-21,null,null,null,null,null,null
2019-02-22,null,null,null,null,null,null
2019-02-25,null,null,null,null,null,null
2019-02-26,null,null,null,null,null,null
2019-02-27,null,null,null,null,null,null
2019-02-28,null,null,null,null,null,null
2019-03-01,null,null,null,null,null,null
2019-03-04,null,null,null,null,null,null
2019-03-05,null,null,null,null,null,null
2019-03-06,null,null,null,null,null,null
2019-03-07,null,null,null,null,null,null
2019-03-08,null,null,null,null,null,null
2019-03-11,null,null,null,null,null,null
2019-03-12,null,null,null,null,null,null
2019-03-13,null,null,null,null,null,null
2019-03-14,null,null,null,null,null,null
2019-03-15,null,null,null,null,null,null
2019-03-18,null,null,null,null,null,null
2019-03-19,null,null,null,null,null,null
2019-03-20,null,null,null,null,null,null
2019-03-21,null,null,null,null,null,null
2019-03-22,null,null,null,null,null,null
2019-03-25,null,null,null,null,null,null
2019-03-26,null,null,null,null,null,null
2019-03-27,null,null,null,null,null,null
2019-03-28,null,null,null,null,null,null
2019-03-29,null,null,null,null,null,null
2019-04-01,null,null,null,null,null,null
2019-04-02,null,null,null,null,null,null
2019-04-03,null,null,null,null,null,null
2019-04-04,null,null,null,null,null,null
2019-04-05,null,null,null,null,null,null
2019-04-08,null,null,null,null,null,null
2019-04-09,null,null,null,null,null,null
2019-04-10,null,null,null,null,null,null
2019-04-11,null,null,null,null,null,null
2019-04-12,null,null,null,null,null,null
2019-04-15,null,null,null,null,null,null
2019-04-16,null,null,null,null,null,null
2019-04-17,null,null,null,null,null,null
2019-04-18,null,null,null,null,null,null
2019-04-22,null,null,null,null,null,null
2019-04-23,null,null,null,null,null,null
2019-04-24,null,null,null,null,null,null
2019-04-25,null,null,null,null,null,null
2019-04-26,null,null,null,null,null,null
2019-04-29,null,null,null,null,null,null
2019-04-30,null,null,null,null,null,null
2019-05-01,null,null,null,null,null,null
2019-05-02,null,null,null,null,null,null
2019-05-03,null,null,null,null,null,null
2019-05-06,null,null,null,null,null,null
2019-05-07,null,null,null,null,null,null
2019-05-08,null,null,null,null,null,null
2019-05-09,null,null,null,null,null,null
2019-05-10,null,null,null,null,null,null
2019-05-13,null,null,null,null,null,null
2019-05-14,null,null,null,null,null,null
2019-05-15,null,null,null,null,null,null
2019-05-16,null,null,null,null,null,null
2019-05-17,null,null,null,null,null,null
2019-05-20,null,null,null,null,null,null
2019-05-21,null,null,null,null,null,null
2019-05-22,null,null,null,null,null,null
2019-05-23,null,null,null,null,null,null
2019-05-24,null,null,null,null,null,null
2019-05-28,null,null,null,null,null,null
2019-05-29,null,null,null,null,null,null
2019-05-30,null,null,null,null,null,null
2019-05-31,null,null,null,null,null,null
2019-06-03,null,null,null,null,null,null
2019-06-04,null,null,null,null,null,null
2019-06-05,null,null,null,null,null,null
2019-06-06,null,null,null,null,null,null
2019-06-07,null,null,null,null,null,null
2019-06-10,null,null,null,null,null,null
2019-06-11,null,null,null,null,null,null
2019-06-12,null,null,null,null,null,null
2019-06-13,null,null,null,null,null,null
2019-06-14,null,null,null,null,null,null
2019-06-17,null,null,null,null,null,null
2019-06-18,null,null,null,null,null,null
2019-06-19,null,null,null,null,null,null
2019-06-20,null,null,null,null,null,null
2019-06-21,null,null,null,null,null,null
2019-06-24,null,null,null,null,null,null
2019-06-25,null,null,null,null,null,null
2019-06-26,null,null,null,null,null,null
2019-06-27,null,null,null,null,null,null
2019-06-28,null,null,null,null,null,null
2019-07-01,null,null,null,null,null,null
2019-07-02,null,null,null,null,null,null
2019-07-03,null,null,null,null,null,null
2019-07-05,null,null,null,null,null,null
2019-07-08,null,null,null,null,null,null
2019-07-09,null,null,null,null,null,null
2019-07-10,null,null,null,null,null,null
2019-07-11,null,null,null,null,null,null
2019-07-12,null,null,null,null,null,null
2019-07-15,null,null,null,null,null,null
2019-07-16,null,null,null,null,null,null
2019-07-17,null,null,null,null,null,null
2019-07-18,null,null,null,null,null,null
2019-07-19,null,null,null,null,null,null
2019-07-22,null,null,null,null,null,null
2019-07-23,null,null,null,null,null,null
2019-07-24,null,null,null,null,null,null
2019-07-25,null,null,null,null,null,null
2019-07-26,null,null,null,null,null,null
2019-07-29,null,null,null,null,null,null
2019-07-30,null,null,null,null,null,null
2019-07-31,null,null,null,null,null,null
2019-08-01,null,null,null,null,null,null
2019-08-02,null,null,null,null,null,null
2019-08-05,null,null,null,null,null,null
2019-08-06,null,null,null,null,null,null
2019-08-07,null,null,null,null,null,null
2019-08-08,null,null,null,null,null,null
2019-08-09,null,null,null,null,null,null
2019-08-12,null,null,null,null,null,null
2019-08-13,null,null,null,null,null,null
2019-08-14,null,null,null,null,null,null
2019-08-15,null,null,null,null,null,null
2019-08-16,null,null,null,null,null,null
2019-08-19,null,null,null,null,null,null
2019-08-20,null,null,null,null,null,null
2019-08-21,null,null,null,null,null,null
2019-08-22,null,null,null,null,null,null
2019-08-23,null,null,null,null,null,null
2019-08-26,null,null,null,null,null,null
2019-08-27,null,null,null,null,null,null
2019-08-28,null,null,null,null,null,null
2019-08-29,null,null,null,null,null,null
2019-08-30,null,null,null,null,null,null
2019-09-03,null,null,null,null,null,null
2019-09-04,null,null,null,null,null,null
2019-09-05,null,null,null,null,null,null
2019-09-06,null,null,null,null,null,null
2019-09-09,null,null,null,null,null,null
2019-09-10,null,null,null,null,null,null
2019-09-11,null,null,null,null,null,null
2019-09-12,null,null,null,null,null,null
2019-09-13,null,null,null,null,null,null
2019-09-16,null,null,null,null,null,null
2019-09-17,null,null,null,null,null,null
2019-09-18,null,null,null,null,null,null
2019-09-19,null,null,null,null,null,null
2019-09-20,null,null,null,null,null,null
2019-09-23,null,null,null,null,null,null
2019-09-24,null,null,null,null,null,null
2019-09-25,null,null,null,null,null,null
2019-09-26,null,null,null,null,null,null
2019-09-27,null,null,null,null,null,null
2019-09-30,null,null,null,null,null,null
2019-10-01,null,null,null,null,null,null
2019-10-02,null,null,null,null,null,null
2019-10-03,null,null,null,null,null,null
2019-10-04,null,null,null,null,null,null
2019-10-07,null,null,null,null,null,null
2019-10-08,null,null,null,null,null,null
2019-10-09,null,null,null,null,null,null
2019-10-10,null,null,null,null,null,null
2019-10-11,null,null,null,null,null,null
2019-10-14,null,null,null,null,null,null
2019-10-15,null,null,null,null,null,null
2019-10-16,null,null,null,null,null,null
2019-10-17,null,null,null,null,null,null
2019-10-18,null,null,null,null,null,null
2019-10-21,null,null,null,null,null,null
2019-10-22,null,null,null,null,null,null
2019-10-23,null,null,null,null,null,null
2019-10-24,null,null,null,null,null,null
2019-10-25,null,null,null,null,null,null
2019-10-28,null,null,null,null,null,null
2019-10-29,null,null,null,null,null,null
2019-10-30,null,null,null,null,null,null
2019-10-31,null,null,null,null,null,null
2019-11-01,null,null,null,null,null,null
2019-11-04,null,null,null,null,null,null
2019-11-05,null,null,null,null,null,null
2019-11-06,null,null,null,null,null,null
2019-11-07,null,null,null,null,null,null
2019-11-08,null,null,null,null,null,null
2019-11-11,null,null,null,null,null,null
2019-11-12,null,null,null,null,null,null
2019-11-13,null,null,null,null,null,null
2019-11-14,null,null,null,null,null,null
2019-11-15,null,null,null,null,null,null
2019-11-18,null,null,null,null,null,null
2019-11-19,null,null,null,null,null,null
2019-11-20,null,null,null,null,null,null
2019-11-21,null,null,null,null,null,null
2019-11-22,null,null,null,null,null,null
2019-11-25,null,null,null,null,null,null
2019-11-26,null,null,null,null,null,null
2019-11-27,null,null,null,null,null,null
2019-11-29,null,null,null,null,null,null
2019-12-02,null,null,null,null,null,null
2019-12-03,null,null,null,null,null,null
2019-12-04,null,null,null,null,null,null
2019-12-05,null,null,null,null,null,null
2019-12-06,null,null,null,null,null,null
2019-12-09,null,null,null,null,null,null
2019-12-10,null,null,null,null,null,null
2019-12-11,null,null,null,null,null,null
2019-12-12,null,null,null,null,null,null
2019-12-13,null,null,null,null,null,null
2019-12-16,null,null,null,null,null,null
2019-12-17,null,null,null,null,null,null
2019-12-18,null,null,null,null,null,null
2019-12-19,null,null,null,null,null,null
2019-12-20,null,null,null,null,null,null
2019-12-23,null,null,null,null,null,null
2019-12-24,null,null,null,null,null,null
2019-12-26,null,null,null,null,null,null
2019-12-27,null,null,null,null,null,null
2019-12-30,null,null,null,null,null,null
2019-12-31,null,null,null,null,null,null
2020-01-02,null,null,null,null,null,null
2020-01-03,null,null,null,null,null,null
2020-01-06,null,null,null,null,null,null
2020-01-07,null,null,null,null,null,null
2020-01-08,null,null,null,null,null,null
2020-01-09,null,null,null,null,null,null
2020-01-10,null,null,null,null,null,null
2020-01-13,null,null,null,null,null,null
2020-01-14,null,null,null,null,null,null
2020-01-15,null,null,null,null,null,null
2020-01-16,null,null,null,null,null,null
2020-01-17,null,null,null,null,null,null
2020-01-21,null,null,null,null,null,null
2020-01-22,null,null,null,null,null,null
2020-01-23,null,null,null,null,null,null
2020-01-24,null,null,null,null,null,null
2020-01-27,null,null,null,null,null,null
2020-01-28,null,null,null,null,null,null
2020-01-29,null,null,null,null,null,null
2020-01-30,null,null,null,null,null,null
2020-01-31,null,null,null,null,null,null
2020-02-03,null,null,null,null,null,null
2020-02-04,null,null,null,null,null,null
2020-02-05,null,null,null,null,null,null
2020-02-06,null,null,null,null,null,null
2020-02-07,null,null,null,null,null,null
2020-02-10,null,null,null,null,null,null
2020-02-11,null,null,null,null,null,null
2020-02-12,null,null,null,null,null,null
2020-02-13,null,null,null,null,null,null
2020-02-14,null,null,null,null,null,null
2020-02-18,null,null,null,null,null,null
2020-02-19,null,null,null,null,null,null
2020-02-20,null,null,null,null,null,null
2020-02-21,null,null,null,null,null,null
2020-02-24,null,null,null,null,null,null
2020-02-25,null,null,null,null,null,null
2020-02-26,null,null,null,null,null,null
2020-02-27,null,null,null,null,null,null
2020-02-28,null,null,null,null,null,null
2020-03-02,null,null,null,null,null,null
2020-03-03,null,null,null,null,null,null
2020-03-04,null,null,null,null,null,null
2020-03-05,null,null,null,null,null,null
2020-03-06,null,null,null,null,null,null
2020-03-09,null,null,null,null,null,null
2020-03-10,null,null,null,null,null,null
2020-03-11,null,null,null,null,null,null
2020-03-12,null,null,null,null,null,null
2020-03-13,null,null,null,null,null,null
2020-03-16,null,null,null,null,null,null
2020-03-17,null,null,null,null,null,null
2020-03-18,null,null,null,null,null,null
2020-03-19,null,null,null,null,null,null
2020-03-20,null,null,null,null,null,null
2020-03-23,null,null,null,null,null,null
2020-03-24,null,null,null,null,null,null
2020-03-25,null,null,null,null,null,null
2020-03-26,null,null,null,null,null,null
2020-03-27,null,null,null,null,null,null
2020-03-30,null,null,null,null,null,null
2020-03-31,null,null,null,null,null,null
2020-04-01,null,null,null,null,null,null
2020-04-02,null,null,null,null,null,null
2020-04-03,null,null,null,null,null,null
2020-04-06,null,null,null,null,null,null
2020-04-07,null,null,null,null,null,null
2020-04-08,null,null,null,null,null,null
2020-04-09,null,null,null,null,null,null
2020-04-13,null,null,null,null,null,null
2020-04-14,null,null,null,null,null,null
2020-04-15,null,null,null,null,null,null
2020-04-16,null,null,null,null,null,null
2020-04-17,null,null,null,null,null,null
2020-04-20,null,null,null,null,null,null
2020-04-21,null,null,null,null,null,null
2020-04-22,null,null,null,null,null,null
2020-04-23,null,null,null,null,null,null
2020-04-24,null,null,null,null,null,null
2020-04-27,null,null,null,null,null,null
2020-04-28,null,null,null,null,null,null
2020-04-29,null,null,null,null,null,null
2020-04-30,null,null,null,null,null,null
2020-05-01,null,null,null,null,null,null
2020-05-04,null,null,null,null,null,null
2020-05-05,null,null,null,null,null,null
2020-05-06,null,null,null,null,null,null