Date,Open,High,Low,Close,Adj Close,Volume
2014-05-02,7.500000,7.690000,6.010000,7.200000,7.200000,579900
2014-05-05,6.800000,7.000000,6.300000,6.700000,6.700000,41100
2014-05-06,6.650000,6.850000,6.100000,6.100000,6.100000,24900
2014-05-07,6.120000,6.240000,6.050000,6.050000,6.050000,12700
2014-05-08,6.500000,6.990000,6.490000,6.990000,6.990000,24200
2014-05-09,6.980000,6.980000,6.550000,6.550000,6.550000,1300
2014-05-12,6.980000,6.980000,6.700000,6.930000,6.930000,3100
2014-05-13,6.500000,6.980000,6.500000,6.980000,6.980000,1400
2014-05-14,6.954000,6.954000,6.520000,6.520000,6.520000,200
2014-05-15,6.950000,7.440000,6.851000,7.440000,7.440000,4300
2014-05-16,6.920000,7.440000,6.920000,7.220000,7.220000,1400
2014-05-19,7.440000,7.440000,7.050000,7.410000,7.410000,6000
2014-05-20,7.340000,7.340000,7.340000,7.340000,7.340000,600
2014-05-21,7.780000,7.780000,6.720000,6.730000,6.730000,29900
2014-05-22,7.110000,7.110000,6.550000,6.700000,6.700000,3400
2014-05-23,6.750000,7.080000,6.600000,6.740000,6.740000,7800
2014-05-27,6.720000,6.720000,6.110000,6.360000,6.360000,12600
2014-05-28,6.290000,6.290000,6.160000,6.160000,6.160000,1900
2014-05-29,6.020000,6.300000,6.020000,6.250000,6.250000,2200
2014-05-30,6.060000,6.260000,6.010000,6.103000,6.103000,3100
2014-06-02,6.090000,6.090000,6.080000,6.090000,6.090000,1800
2014-06-03,6.090000,6.280000,6.090000,6.280000,6.280000,4500
2014-06-04,6.140000,6.149000,6.010000,6.090000,6.090000,5800
2014-06-05,6.000000,6.550000,6.000000,6.550000,6.550000,10900
2014-06-06,6.010000,6.640000,6.000000,6.580000,6.580000,5600
2014-06-09,6.000000,6.650000,6.000000,6.570000,6.570000,5300
2014-06-10,6.030000,6.990000,6.030000,6.990000,6.990000,12100
2014-06-11,6.990000,6.990000,6.420000,6.510000,6.510000,5900
2014-06-12,6.540000,6.980000,6.130000,6.670000,6.670000,11100
2014-06-13,6.800000,6.800000,6.520000,6.790000,6.790000,3100
2014-06-16,6.510000,7.000000,6.510000,6.920000,6.920000,6800
2014-06-17,6.510000,7.200000,6.510000,7.200000,7.200000,7300
2014-06-18,7.000000,7.000000,6.500000,6.690000,6.690000,26200
2014-06-19,7.650000,8.222000,7.320000,7.510000,7.510000,134900
2014-06-20,7.870000,7.870000,6.950000,6.950000,6.950000,50600
2014-06-23,6.950000,7.250000,6.790000,7.200000,7.200000,15800
2014-06-24,7.050000,7.191000,6.590000,6.650000,6.650000,29000
2014-06-25,6.750000,6.970000,6.700000,6.700000,6.700000,2100
2014-06-26,6.720000,6.720000,6.570000,6.650000,6.650000,6600
2014-06-27,6.700000,6.950000,6.690000,6.720000,6.720000,16300
2014-06-30,7.000000,7.000000,6.500000,6.560000,6.560000,9200
2014-07-01,6.760000,6.760000,6.580000,6.660000,6.660000,1000
2014-07-02,6.620000,7.010000,6.550000,6.590000,6.590000,4700
2014-07-03,6.590000,6.590000,6.590000,6.590000,6.590000,0
2014-07-07,6.510000,6.700000,6.510000,6.594000,6.594000,4700
2014-07-08,6.740000,6.750000,6.500000,6.500000,6.500000,18500
2014-07-09,6.500000,7.000000,6.500000,6.700000,6.700000,1700
2014-07-10,6.600000,6.600000,6.310000,6.310000,6.310000,6200
2014-07-11,6.540000,6.900000,6.540000,6.540000,6.540000,1000
2014-07-14,6.500000,6.500000,6.098000,6.100000,6.100000,35400
2014-07-15,6.400000,6.400000,6.000000,6.000000,6.000000,7700
2014-07-16,5.580000,5.750000,4.750000,5.350000,5.350000,35400
2014-07-17,5.349000,5.350000,4.710000,4.840000,4.840000,16500
2014-07-18,4.600000,5.000000,4.600000,4.830000,4.830000,12600
2014-07-21,4.856000,5.180000,4.750000,4.990000,4.990000,14600
2014-07-22,4.940000,4.952000,4.710000,4.750000,4.750000,5700
2014-07-23,4.640000,4.740000,4.450000,4.500000,4.500000,17000
2014-07-24,4.670000,4.670000,4.250000,4.290000,4.290000,13900
2014-07-25,4.250000,4.370000,4.250000,4.270000,4.270000,9500
2014-07-28,4.260000,4.262000,3.540000,3.630000,3.630000,55600
2014-07-29,3.640000,4.100000,3.640000,3.845000,3.845000,42200
2014-07-30,3.900000,3.945000,3.650000,3.700000,3.700000,7100
2014-07-31,3.650000,3.650000,3.280000,3.570000,3.570000,19500
2014-08-01,3.580000,3.580000,3.110000,3.500000,3.500000,6400
2014-08-04,3.500000,3.500000,3.000000,3.340000,3.340000,20500
2014-08-05,3.450000,3.500000,3.250000,3.280000,3.280000,12000
2014-08-06,3.640000,3.880000,3.280000,3.610000,3.610000,13600
2014-08-07,4.740000,4.740000,3.820000,3.840000,3.840000,14200
2014-08-08,3.960000,4.150000,3.850000,4.150000,4.150000,5100
2014-08-11,4.400000,4.470000,4.220000,4.320000,4.320000,11100
2014-08-12,4.410000,4.410000,3.860000,3.970000,3.970000,5200
2014-08-13,3.820000,4.580000,3.772000,4.040000,4.040000,8500
2014-08-14,4.150000,4.430000,4.000000,4.200000,4.200000,9300
2014-08-15,4.150000,4.150000,4.020000,4.020000,4.020000,1600
2014-08-18,4.052000,4.215000,4.000000,4.120000,4.120000,16700
2014-08-19,4.260000,4.274000,3.760000,4.140000,4.140000,6900
2014-08-20,3.840000,4.170000,3.840000,4.010000,4.010000,8000
2014-08-21,3.860000,4.000000,3.800000,3.890000,3.890000,4100
2014-08-22,3.820000,3.907000,3.820000,3.820000,3.820000,6600
2014-08-25,3.870000,3.900000,3.820000,3.860000,3.860000,6600
2014-08-26,3.770000,3.970000,3.590000,3.600000,3.600000,24400
2014-08-27,3.590000,3.660000,3.400000,3.400000,3.400000,10900
2014-08-28,3.430000,3.550000,3.310000,3.350000,3.350000,1800
2014-08-29,3.470000,3.470000,3.450000,3.460000,3.460000,600
2014-09-02,4.180000,4.180000,3.600000,3.630000,3.630000,3100
2014-09-03,3.730000,3.730000,3.580000,3.600000,3.600000,3500
2014-09-04,3.900000,4.180000,3.600000,3.890000,3.890000,19700
2014-09-05,4.300000,4.490000,3.820000,4.210000,4.210000,12400
2014-09-08,4.380000,4.380000,4.050000,4.050000,4.050000,1100
2014-09-09,4.250000,4.250000,4.010000,4.170000,4.170000,4400
2014-09-10,4.240000,4.250000,4.080000,4.080000,4.080000,2900
2014-09-11,4.100000,4.150000,4.100000,4.150000,4.150000,1000
2014-09-12,4.051000,5.040000,4.051000,5.030000,5.030000,20100
2014-09-15,5.280000,7.400000,5.270000,6.565000,6.565000,174100
2014-09-16,6.400000,7.250000,5.450000,6.880000,6.880000,65700
2014-09-17,6.630000,7.270000,5.800000,6.950000,6.950000,17900
2014-09-18,7.050000,7.100000,6.510000,6.900000,6.900000,11000
2014-09-19,7.220000,7.400000,6.920000,7.400000,7.400000,74100
2014-09-22,7.490000,7.630000,6.860000,7.300000,7.300000,20300
2014-09-23,6.840000,7.150000,6.830000,6.840000,6.840000,8400
2014-09-24,6.720000,6.720000,5.810000,6.540000,6.540000,21800
2014-09-25,6.500000,6.500000,5.660000,6.140000,6.140000,14900
2014-09-26,5.885000,6.110000,5.770000,6.100000,6.100000,4400
2014-09-29,5.990000,6.150000,5.770000,5.770000,5.770000,7000
2014-09-30,5.850000,6.120000,5.850000,5.920000,5.920000,4500
2014-10-01,5.980000,6.000000,5.470000,5.990000,5.990000,8400
2014-10-02,5.970000,6.000000,5.500000,6.000000,6.000000,4200
2014-10-03,6.010000,6.050000,5.720000,6.000000,6.000000,6700
2014-10-06,5.540000,6.000000,5.540000,5.960000,5.960000,1800
2014-10-07,5.715000,5.870000,5.390000,5.740000,5.740000,5500
2014-10-08,5.850000,6.040000,5.580000,5.860000,5.860000,12400
2014-10-09,5.830000,5.900000,5.550000,5.900000,5.900000,9300
2014-10-10,5.550000,6.010000,5.550000,5.880000,5.880000,7400
2014-10-13,5.835000,5.990000,5.720000,5.770000,5.770000,7300
2014-10-14,5.580000,5.990000,5.470000,5.990000,5.990000,13800
2014-10-15,5.780000,5.980000,5.780000,5.980000,5.980000,4400
2014-10-16,5.990000,6.000000,5.560000,5.792000,5.792000,16400
2014-10-17,5.540000,5.880000,5.520000,5.750000,5.750000,15900
2014-10-20,5.860000,5.890000,5.700000,5.890000,5.890000,5800
2014-10-21,5.920000,7.990000,5.710000,7.950000,7.950000,30000
2014-10-22,7.950000,7.950000,7.011000,7.191000,7.191000,20400
2014-10-23,6.820000,8.200000,6.540000,7.850000,7.850000,18500
2014-10-24,7.630000,8.100000,7.620000,7.810000,7.810000,12700
2014-10-27,7.960000,8.245000,7.510000,8.245000,8.245000,5300
2014-10-28,8.370000,9.600000,7.810000,8.990000,8.990000,11500
2014-10-29,8.950000,11.990000,8.950000,9.760000,9.760000,46400
2014-10-30,7.900000,9.000000,7.500000,7.500000,7.500000,123500
2014-10-31,7.900000,7.910000,6.840000,6.900000,6.900000,31100
2014-11-03,6.650000,6.900000,6.100000,6.710000,6.710000,33300
2014-11-04,6.750000,7.990000,6.750000,7.890000,7.890000,26000
2014-11-05,7.900000,7.930000,7.300000,7.380000,7.380000,16800
2014-11-06,7.150000,7.770000,6.810000,7.720000,7.720000,8900
2014-11-07,7.730000,7.730000,6.850000,7.120000,7.120000,45100
2014-11-10,7.040000,7.920000,7.018000,7.910000,7.910000,35300
2014-11-11,7.699000,7.950000,7.340000,7.510000,7.510000,56600
2014-11-12,7.650000,7.910000,7.300000,7.520000,7.520000,11800
2014-11-13,7.860000,7.910000,7.860000,7.910000,7.910000,400
2014-11-14,7.760000,7.790000,7.140000,7.470000,7.470000,4500
2014-11-17,7.600000,7.770000,7.474000,7.650000,7.650000,6800
2014-11-18,7.460000,7.710000,7.080000,7.220000,7.220000,6900
2014-11-19,7.200000,7.440000,7.140000,7.330000,7.330000,2200
2014-11-20,7.570000,7.670000,7.030000,7.250000,7.250000,7000
2014-11-21,7.114000,7.540000,7.114000,7.530000,7.530000,3400
2014-11-24,7.430000,7.570000,7.040000,7.510000,7.510000,1600
2014-11-25,7.200000,7.360000,7.200000,7.350000,7.350000,2700
2014-11-26,7.350000,7.350000,7.350000,7.350000,7.350000,0
2014-11-28,7.130000,7.350000,7.050000,7.220000,7.220000,2000
2014-12-01,7.080000,7.450000,7.030000,7.340000,7.340000,12300
2014-12-02,7.150000,7.260000,7.150000,7.260000,7.260000,3000
2014-12-03,7.640000,7.640000,7.320000,7.550000,7.550000,4400
2014-12-04,7.340000,7.590000,7.330000,7.390000,7.390000,3600
2014-12-05,7.500000,7.510000,7.180000,7.190000,7.190000,3400
2014-12-08,7.340000,7.900000,7.250000,7.800000,7.800000,46300
2014-12-09,7.800000,7.900000,7.710000,7.710000,7.710000,4200
2014-12-10,7.850000,7.950000,7.800000,7.850000,7.850000,7700
2014-12-11,7.900000,7.900000,7.750000,7.900000,7.900000,6500
2014-12-12,8.380000,8.930000,7.695000,7.800000,7.800000,70800
2014-12-15,7.700000,7.700000,7.501000,7.600000,7.600000,2900
2014-12-16,7.590000,7.590000,7.020000,7.050000,7.050000,9400
2014-12-17,7.270000,7.730000,6.720000,6.740000,6.740000,8000
2014-12-18,7.000000,7.900000,6.900000,7.460000,7.460000,12700
2014-12-19,7.290000,7.900000,7.290000,7.440000,7.440000,3700
2014-12-22,7.860000,7.900000,7.290000,7.830000,7.830000,5600
2014-12-23,7.900000,7.900000,7.240000,7.320000,7.320000,18200
2014-12-24,7.570000,7.640000,7.290000,7.520000,7.520000,16200
2014-12-26,7.890000,7.900000,6.530000,6.650000,6.650000,37300
2014-12-29,7.090000,7.340000,6.970000,7.100000,7.100000,11800
2014-12-30,6.900000,7.490000,6.790000,7.010000,7.010000,9900
2014-12-31,7.080000,7.490000,7.000000,7.220000,7.220000,23600
2015-01-02,7.650000,7.650000,6.900000,7.300000,7.300000,23000
2015-01-05,7.400000,7.860000,7.330000,7.610000,7.610000,11000
2015-01-06,7.560000,7.870000,7.350000,7.830000,7.830000,11400
2015-01-07,7.760000,7.830000,7.470000,7.480000,7.480000,4400
2015-01-08,7.432000,7.790000,7.432000,7.640000,7.640000,8000
2015-01-09,7.340000,7.610000,7.000000,7.480000,7.480000,28900
2015-01-12,7.480000,7.880000,7.400000,7.820000,7.820000,5600
2015-01-13,7.750000,7.900000,7.310000,7.870000,7.870000,14600
2015-01-14,7.850000,8.080000,7.610000,7.860000,7.860000,221400
2015-01-15,7.900000,7.950000,7.880000,7.897000,7.897000,32500
2015-01-16,7.520000,10.700000,7.520000,10.170000,10.170000,86900
2015-01-20,10.100000,11.920000,9.950000,10.650000,10.650000,75900
2015-01-21,10.680000,10.680000,9.400000,9.430000,9.430000,35000
2015-01-22,9.400000,9.750000,8.550000,9.600000,9.600000,45000
2015-01-23,9.580000,9.580000,8.800000,8.860000,8.860000,4800
2015-01-26,9.440000,11.000000,9.100000,9.860000,9.860000,42500
2015-01-27,9.810000,11.900000,9.810000,10.970000,10.970000,79000
2015-01-28,11.620000,13.500000,10.790000,11.590000,11.590000,110400
2015-01-29,12.000000,12.190000,11.530000,11.840000,11.840000,38100
2015-01-30,12.300000,12.300000,11.800000,12.100000,12.100000,25100
2015-02-02,12.300000,12.300000,11.500000,11.500000,11.500000,15100
2015-02-03,11.500000,11.970000,10.660000,10.680000,10.680000,28400
2015-02-04,10.660000,11.240000,10.618000,11.090000,11.090000,10700
2015-02-05,11.120000,11.490000,11.120000,11.350000,11.350000,9600
2015-02-06,11.500000,12.100000,11.450000,11.630000,11.630000,23800
2015-02-09,10.960000,11.990000,10.910000,11.150000,11.150000,12800
2015-02-10,11.150000,12.260000,11.150000,11.250000,11.250000,14900
2015-02-11,11.151000,12.070000,10.951000,10.990000,10.990000,8200
2015-02-12,11.010000,11.840000,10.980000,11.260000,11.260000,9500
2015-02-13,11.500000,11.500000,10.890000,11.010000,11.010000,2500
2015-02-17,10.940000,11.190000,10.940000,11.140000,11.140000,7800
2015-02-18,11.190000,11.300000,10.701000,11.050000,11.050000,6100
2015-02-19,11.450000,12.160000,11.400000,11.830000,11.830000,23600
2015-02-20,12.070000,12.280000,10.350000,10.500000,10.500000,51300
2015-02-23,10.620000,10.700000,9.710000,10.310000,10.310000,17100
2015-02-24,10.250000,10.500000,9.620000,9.850000,9.850000,16500
2015-02-25,9.900000,10.270000,9.900000,10.250000,10.250000,5000
2015-02-26,10.030000,10.270000,9.830000,10.270000,10.270000,6600
2015-02-27,10.250000,10.260000,10.000000,10.200000,10.200000,11600
2015-03-02,10.500000,11.250000,10.470000,10.580000,10.580000,11100
2015-03-03,10.620000,11.290000,10.600000,10.600000,10.600000,9500
2015-03-04,10.600000,10.810000,10.360000,10.390000,10.390000,8400
2015-03-05,11.000000,11.000000,10.500000,10.500000,10.500000,3500
2015-03-06,10.500000,10.990000,10.500000,10.520000,10.520000,4100
2015-03-09,10.560000,10.990000,9.620000,10.010000,10.010000,8200
2015-03-10,10.330000,10.979000,10.330000,10.470000,10.470000,9300
2015-03-11,10.800000,10.800000,10.380000,10.620000,10.620000,1900
2015-03-12,10.434000,10.840000,10.350000,10.590000,10.590000,2300
2015-03-13,10.400000,10.410000,10.380000,10.410000,10.410000,500
2015-03-16,11.450000,11.700000,10.436000,11.460000,11.460000,6700
2015-03-17,10.251000,11.240000,10.250000,11.110000,11.110000,3700
2015-03-18,10.510000,11.250000,10.510000,11.220000,11.220000,2900
2015-03-19,11.290000,11.300000,10.600000,10.600000,10.600000,11700
2015-03-20,10.630000,11.172000,10.630000,10.800000,10.800000,5400
2015-03-23,10.960000,10.970000,10.500000,10.620000,10.620000,7200
2015-03-24,10.900000,10.900000,10.600000,10.610000,10.610000,4500
2015-03-25,10.750000,10.750000,10.550000,10.641000,10.641000,1700
2015-03-26,10.600000,10.850000,10.000000,10.410000,10.410000,22900
2015-03-27,10.670000,10.940000,10.430000,10.750000,10.750000,3500
2015-03-30,10.830000,10.930000,10.000000,10.120000,10.120000,13700
2015-03-31,10.160000,10.380000,10.150000,10.180000,10.180000,2000
2015-04-01,10.150000,10.250000,10.010000,10.010000,10.010000,3800
2015-04-02,10.020000,10.500000,10.000000,10.150000,10.150000,19900
2015-04-06,10.000000,10.640000,10.000000,10.640000,10.640000,14200
2015-04-07,10.340000,10.650000,10.170000,10.610000,10.610000,5000
2015-04-08,10.100000,10.588000,10.100000,10.120000,10.120000,18300
2015-04-09,10.280000,10.280000,10.170000,10.250000,10.250000,8000
2015-04-10,10.270000,10.300000,10.200000,10.286000,10.286000,3600
2015-04-13,10.630000,10.632000,10.120000,10.120000,10.120000,18100
2015-04-14,10.250000,10.450000,10.250000,10.450000,10.450000,18300
2015-04-15,10.410000,10.490000,10.400000,10.490000,10.490000,15400
2015-04-16,10.610000,10.610000,10.310000,10.590000,10.590000,3900
2015-04-17,10.451000,11.000000,10.450000,10.970000,10.970000,3900
2015-04-20,11.000000,11.790000,10.710000,10.720000,10.720000,16000
2015-04-21,11.190000,11.190000,10.720000,10.750000,10.750000,5100
2015-04-22,10.540000,10.874000,9.150000,9.300000,9.300000,22400
2015-04-23,9.250000,9.990000,9.250000,9.740000,9.740000,5500
2015-04-24,9.570000,9.800000,9.430000,9.560000,9.560000,6000
2015-04-27,9.450000,9.550000,9.450000,9.550000,9.550000,1400
2015-04-28,9.980000,9.980000,9.530000,9.530000,9.530000,500
2015-04-29,9.637000,9.868000,9.320000,9.320000,9.320000,4900
2015-04-30,9.500000,9.500000,9.443000,9.443000,9.443000,1000
2015-05-01,9.450000,9.450000,9.330000,9.330000,9.330000,3500
2015-05-04,9.740000,9.740000,9.270000,9.270000,9.270000,1500
2015-05-05,9.250000,9.250000,8.900000,9.040000,9.040000,1600
2015-05-06,9.000000,9.000000,7.860000,8.350000,8.350000,9100
2015-05-07,8.040000,8.470000,8.040000,8.260000,8.260000,8600
2015-05-08,7.440000,7.740000,7.150000,7.550000,7.550000,505600
2015-05-11,7.620000,7.620000,7.300000,7.500000,7.500000,70300
2015-05-12,7.400000,7.510000,7.400000,7.510000,7.510000,34000
2015-05-13,7.410000,7.590000,7.170000,7.490000,7.490000,128200
2015-05-14,7.540000,7.540000,7.250000,7.430000,7.430000,27300
2015-05-15,7.390000,7.400000,7.020000,7.020000,7.020000,11500
2015-05-18,7.140000,7.320000,7.140000,7.290000,7.290000,38500
2015-05-19,7.290000,7.380000,7.135000,7.310000,7.310000,73300
2015-05-20,7.200000,7.290000,7.190000,7.290000,7.290000,1200
2015-05-21,7.200000,7.350000,7.150000,7.220000,7.220000,5400
2015-05-22,7.220000,7.360000,7.040000,7.130000,7.130000,37400
2015-05-26,7.070000,7.170000,6.640000,6.870000,6.870000,18600
2015-05-27,7.050000,7.670000,7.050000,7.470000,7.470000,91800
2015-05-28,7.530000,7.730000,7.350000,7.490000,7.490000,27200
2015-05-29,7.455000,7.490000,7.110000,7.450000,7.450000,18000
2015-06-01,7.620000,7.620000,7.500000,7.570000,7.570000,15100
2015-06-02,7.325000,7.680000,7.270000,7.600000,7.600000,29900
2015-06-03,7.670000,8.100000,7.650000,7.850000,7.850000,34600
2015-06-04,7.720000,7.900000,7.630000,7.670000,7.670000,35100
2015-06-05,7.640000,7.950000,7.640000,7.720000,7.720000,5100
2015-06-08,7.600000,7.870000,7.590000,7.860000,7.860000,23100
2015-06-09,7.900000,7.900000,7.440000,7.740000,7.740000,10300
2015-06-10,7.500000,7.740000,7.480000,7.620000,7.620000,16500
2015-06-11,7.700000,8.950000,7.700000,8.300000,8.300000,71500
2015-06-12,8.260000,8.490000,8.040000,8.170000,8.170000,21500
2015-06-15,8.048000,8.460000,8.010000,8.245000,8.245000,34900
2015-06-16,8.397000,8.820000,8.270000,8.550000,8.550000,43900
2015-06-17,8.820000,9.000000,8.320000,8.600000,8.600000,71600
2015-06-18,8.850000,8.899000,8.110000,8.380000,8.380000,39100
2015-06-19,8.500000,8.600000,7.930000,8.600000,8.600000,16500
2015-06-22,8.610000,8.610000,8.080000,8.440000,8.440000,13800
2015-06-23,8.350000,8.815000,7.500000,7.980000,7.980000,28200
2015-06-24,7.423000,8.020000,7.423000,7.990000,7.990000,5400
2015-06-25,8.020000,8.210000,7.660000,8.090000,8.090000,8400
2015-06-26,7.630000,8.000000,7.630000,7.750000,7.750000,3400
2015-06-29,7.670000,8.000000,7.090000,7.910000,7.910000,129000
2015-06-30,7.670000,7.990000,7.550000,7.760000,7.760000,9400
2015-07-01,8.340000,8.950000,8.120000,8.310000,8.310000,51100
2015-07-02,8.340000,8.500000,8.310000,8.500000,8.500000,50300
2015-07-06,8.430000,8.500000,8.320000,8.370000,8.370000,16800
2015-07-07,8.340000,8.490000,8.311000,8.480000,8.480000,24800
2015-07-08,8.490000,8.490000,7.910000,7.930000,7.930000,32800
2015-07-09,7.960000,8.500000,7.810000,8.010000,8.010000,15200
2015-07-10,8.010000,8.310000,7.930000,8.150000,8.150000,16300
2015-07-13,8.090000,8.300000,8.000000,8.290000,8.290000,28200
2015-07-14,8.020000,8.350000,8.020000,8.310000,8.310000,9500
2015-07-15,8.292000,8.400000,8.140000,8.330000,8.330000,24800
2015-07-16,8.445000,8.445000,8.200000,8.390000,8.390000,23500
2015-07-17,8.400000,9.000000,8.400000,8.990000,8.990000,58200
2015-07-20,9.050000,9.820000,8.990000,9.690000,9.690000,76300
2015-07-21,9.690000,10.250000,9.620000,10.250000,10.250000,110400
2015-07-22,10.250000,10.760000,10.140000,10.630000,10.630000,42000
2015-07-23,10.630000,10.900000,10.060000,10.190000,10.190000,25700
2015-07-24,10.020000,10.020000,9.660000,9.680000,9.680000,13000
2015-07-27,9.670000,9.670000,8.770000,9.050000,9.050000,35500
2015-07-28,9.200000,9.260000,9.010000,9.010000,9.010000,16200
2015-07-29,8.880000,9.240000,8.860000,9.130000,9.130000,64700
2015-07-30,9.010000,9.200000,8.975000,9.160000,9.160000,11400
2015-07-31,9.130000,9.400000,8.890000,8.890000,8.890000,99200
2015-08-03,8.890000,9.000000,8.130000,8.470000,8.470000,11600
2015-08-04,8.350000,8.930000,7.980000,8.040000,8.040000,28500
2015-08-05,8.500000,8.500000,8.010000,8.170000,8.170000,18500
2015-08-06,8.310000,8.730000,8.090000,8.140000,8.140000,12700
2015-08-07,8.300000,8.790000,8.030000,8.280000,8.280000,12900
2015-08-10,8.200000,9.220000,8.120000,8.120000,8.120000,31200
2015-08-11,8.030000,8.770000,8.010000,8.340000,8.340000,29400
2015-08-12,8.320000,8.700000,7.630000,7.690000,7.690000,62900
2015-08-13,7.770000,8.240000,7.770000,7.990000,7.990000,30200
2015-08-14,7.990000,8.168000,7.110000,8.060000,8.060000,29800
2015-08-17,7.810000,8.420000,7.810000,7.890000,7.890000,16900
2015-08-18,7.970000,8.480000,7.700000,7.710000,7.710000,19400
2015-08-19,7.820000,8.297000,7.700000,7.710000,7.710000,11100
2015-08-20,7.881000,7.881000,7.398000,7.590000,7.590000,13100
2015-08-21,7.450000,7.770000,7.190000,7.410000,7.410000,10800
2015-08-24,7.000000,7.420000,7.000000,7.000000,7.000000,19500
2015-08-25,7.070000,7.400000,6.610000,6.760000,6.760000,27200
2015-08-26,7.115000,7.115000,6.160000,6.935000,6.935000,10700
2015-08-27,6.940000,7.265000,6.600000,6.620000,6.620000,12600
2015-08-28,6.460000,7.438000,6.460000,7.060000,7.060000,20200
2015-08-31,7.100000,7.620000,6.620000,7.220000,7.220000,6900
2015-09-01,7.080000,7.170000,6.760000,6.970000,6.970000,6900
2015-09-02,6.940000,7.270000,6.750000,7.190000,7.190000,10200
2015-09-03,7.210000,7.310000,7.050000,7.190000,7.190000,3600
2015-09-04,7.090000,7.090000,7.080000,7.080000,7.080000,400
2015-09-08,7.500000,7.804000,7.140000,7.160000,7.160000,24500
2015-09-09,7.160000,7.700000,6.845000,7.020000,7.020000,7300
2015-09-10,6.880000,7.020000,6.820000,6.820000,6.820000,2600
2015-09-11,6.940000,6.980000,6.900000,6.980000,6.980000,900
2015-09-14,6.900000,7.470000,6.750000,6.840000,6.840000,4600
2015-09-15,7.110000,7.250000,6.800000,6.970000,6.970000,4000
2015-09-16,6.870000,7.340000,6.700000,6.860000,6.860000,7900
2015-09-17,6.750000,6.910000,6.690000,6.780000,6.780000,6200
2015-09-18,6.567000,6.950000,6.561000,6.950000,6.950000,6900
2015-09-21,6.970000,7.070000,6.784000,6.820000,6.820000,6100
2015-09-22,6.730000,7.250000,6.500000,6.860000,6.860000,32100
2015-09-23,6.752000,7.260000,6.740000,6.850000,6.850000,5800
2015-09-24,6.860000,7.120000,6.830000,6.870000,6.870000,3900
2015-09-25,6.870000,7.080000,6.545000,6.730000,6.730000,6300
2015-09-28,6.650000,6.684000,5.900000,6.060000,6.060000,28400
2015-09-29,6.000000,6.440000,6.000000,6.040000,6.040000,8300
2015-09-30,7.330000,7.330000,5.350000,5.830000,5.830000,34200
2015-10-01,5.706000,5.820000,5.350000,5.630000,5.630000,4700
2015-10-02,5.320000,5.860000,5.320000,5.780000,5.780000,11400
2015-10-05,5.980000,6.190000,5.400000,5.750000,5.750000,8100
2015-10-06,5.830000,5.830000,5.430000,5.500000,5.500000,6800
2015-10-07,5.509000,5.840000,5.260000,5.260000,5.260000,39700
2015-10-08,5.520000,6.010000,5.150000,5.154000,5.154000,55500
2015-10-09,5.370000,6.112000,5.370000,5.380000,5.380000,34000
2015-10-12,5.380000,5.840000,5.050000,5.340000,5.340000,21600
2015-10-13,5.200000,6.120000,4.840000,5.940000,5.940000,89500
2015-10-14,6.080000,6.315000,5.620000,6.200000,6.200000,17700
2015-10-15,6.000000,6.599000,5.710000,6.470000,6.470000,31400
2015-10-16,6.410000,6.770000,5.810000,6.360000,6.360000,13300
2015-10-19,6.320000,6.759000,5.960000,6.330000,6.330000,151300
2015-10-20,6.410000,6.750000,5.720000,6.400000,6.400000,29200
2015-10-21,6.390000,6.550000,5.670000,6.500000,6.500000,85900
2015-10-22,6.440000,6.740000,5.670000,6.500000,6.500000,42800
2015-10-23,6.400000,6.720000,5.770000,6.260000,6.260000,18500
2015-10-26,6.130000,6.600000,5.861000,6.430000,6.430000,61400
2015-10-27,6.380000,6.750000,6.380000,6.520000,6.520000,14400
2015-10-28,6.500000,7.449000,5.720000,6.990000,6.990000,92500
2015-10-29,7.030000,7.375000,6.680000,6.940000,6.940000,23300
2015-10-30,7.200000,7.220000,6.730000,6.880000,6.880000,5400
2015-11-02,6.850000,7.685000,6.700000,7.220000,7.220000,27300
2015-11-03,7.220000,7.627000,6.750000,7.380000,7.380000,16600
2015-11-04,7.320000,7.500000,7.090000,7.355000,7.355000,5100
2015-11-05,7.300000,7.410000,7.300000,7.310000,7.310000,7500
2015-11-06,7.200000,7.480000,7.000000,7.480000,7.480000,8700
2015-11-09,7.410000,7.540000,7.170000,7.300000,7.300000,6600
2015-11-10,7.250000,7.490000,7.070000,7.360000,7.360000,10400
2015-11-11,7.390000,7.490000,7.320000,7.490000,7.490000,7400
2015-11-12,7.320000,7.500000,7.060000,7.260000,7.260000,8400
2015-11-13,7.245000,7.310000,7.040000,7.250000,7.250000,3300
2015-11-16,7.280000,7.350000,7.160000,7.350000,7.350000,3100
2015-11-17,7.360000,7.360000,7.170000,7.170000,7.170000,1200
2015-11-18,7.230000,7.500000,7.120000,7.150000,7.150000,41800
2015-11-19,7.090000,7.390000,7.090000,7.131000,7.131000,6600
2015-11-20,7.040000,7.190000,6.700000,7.110000,7.110000,8700
2015-11-23,7.060000,7.190000,6.810000,6.980000,6.980000,6800
2015-11-24,6.960000,7.140000,6.905000,6.905000,6.905000,900
2015-11-25,6.860000,7.070000,6.830000,7.035000,7.035000,2000
2015-11-27,7.010000,7.150000,7.010000,7.019000,7.019000,8000
2015-11-30,7.100000,7.500000,7.100000,7.280000,7.280000,22000
2015-12-01,7.300000,7.460000,7.300000,7.375000,7.375000,4800
2015-12-02,7.630000,7.700000,7.210000,7.490000,7.490000,14500
2015-12-03,7.490000,7.490000,7.200000,7.200000,7.200000,3900
2015-12-04,7.170000,7.450000,7.170000,7.340000,7.340000,4800
2015-12-07,7.400000,7.400000,7.250000,7.270000,7.270000,2500
2015-12-08,7.250000,7.286000,6.800000,6.970000,6.970000,20100
2015-12-09,6.854000,6.999000,6.850000,6.999000,6.999000,6900
2015-12-10,6.840000,6.840000,6.030000,6.491000,6.491000,41700
2015-12-11,5.960000,6.780000,5.960000,6.520000,6.520000,8000
2015-12-14,6.510000,6.850000,6.390000,6.500000,6.500000,4500
2015-12-15,6.550000,6.829000,6.540000,6.829000,6.829000,4100
2015-12-16,6.750000,6.980000,6.750000,6.980000,6.980000,3000
2015-12-17,7.100000,7.540000,6.930000,6.930000,6.930000,12900
2015-12-18,7.050000,7.050000,6.750000,6.750000,6.750000,6700
2015-12-21,6.540000,7.040000,6.360000,7.040000,7.040000,4500
2015-12-22,6.592000,6.660000,6.380000,6.460000,6.460000,8900
2015-12-23,6.750000,7.135000,6.510000,6.510000,6.510000,3900
2015-12-24,6.510000,6.510000,6.510000,6.510000,6.510000,0
2015-12-28,6.930000,6.930000,6.560000,6.750000,6.750000,2400
2015-12-29,6.865000,6.967000,6.510000,6.536000,6.536000,7600
2015-12-30,6.900000,6.900000,6.550000,6.630000,6.630000,7300
2015-12-31,6.610000,6.940000,6.610000,6.780000,6.780000,13800
2016-01-04,6.590000,6.780000,6.460000,6.680000,6.680000,3800
2016-01-05,6.680000,6.720000,6.450000,6.680000,6.680000,5500
2016-01-06,6.600000,6.620000,6.230000,6.500000,6.500000,5500
2016-01-07,6.510000,6.660000,6.290000,6.630000,6.630000,8500
2016-01-08,6.790000,6.790000,5.980000,6.748000,6.748000,27900
2016-01-11,6.670000,6.950000,6.660000,6.760000,6.760000,19400
2016-01-12,6.700000,6.840000,6.490000,6.690000,6.690000,31700
2016-01-13,6.740000,6.740000,6.220000,6.550000,6.550000,16600
2016-01-14,6.892000,6.960000,6.576000,6.710000,6.710000,8200
2016-01-15,6.850000,6.855000,5.900000,6.370000,6.370000,32100
2016-01-19,6.430000,6.430000,6.130000,6.160000,6.160000,5300
2016-01-20,5.990000,6.175000,5.660000,5.790000,5.790000,34200
2016-01-21,5.790000,6.260000,5.380000,5.620000,5.620000,19700
2016-01-22,5.560000,5.745000,5.380000,5.500000,5.500000,11400
2016-01-25,5.060000,6.120000,4.970000,5.390000,5.390000,9500
2016-01-26,5.120000,5.462000,4.870000,5.090000,5.090000,24900
2016-01-27,5.236000,5.510000,4.980000,5.050000,5.050000,5600
2016-01-28,5.000000,5.025000,4.710000,4.880000,4.880000,10200
2016-01-29,4.920000,4.980000,4.575000,4.810000,4.810000,5600
2016-02-01,4.780000,4.800000,4.750000,4.800000,4.800000,1800
2016-02-02,4.600000,4.640000,4.350000,4.520000,4.520000,6500
2016-02-03,4.400000,4.440000,4.250000,4.260000,4.260000,3900
2016-02-04,4.400000,4.800000,4.250000,4.300000,4.300000,13600
2016-02-05,4.490000,4.490000,3.973000,4.150000,4.150000,5100
2016-02-08,3.650000,4.080000,3.620000,3.940000,3.940000,13400
2016-02-09,3.720000,3.908000,3.390000,3.700000,3.700000,17700
2016-02-10,3.610000,4.000000,3.590000,4.000000,4.000000,9300
2016-02-11,4.180000,4.180000,3.722000,3.900000,3.900000,6200
2016-02-12,3.830000,4.050000,3.820000,3.900000,3.900000,2600
2016-02-16,3.870000,3.870000,3.690000,3.820000,3.820000,1000
2016-02-17,4.000000,4.720000,3.900000,4.500000,4.500000,7900
2016-02-18,4.490000,4.610000,3.880000,4.000000,4.000000,7900
2016-02-19,4.070000,4.130000,4.000000,4.000000,4.000000,1000
2016-02-22,4.150000,4.510000,3.970000,4.030000,4.030000,12500
2016-02-23,4.030000,4.060000,3.530000,3.700000,3.700000,27600
2016-02-24,3.520000,3.520000,3.520000,3.520000,3.520000,200
2016-02-25,3.660000,3.760000,3.580000,3.580000,3.580000,11700
2016-02-26,3.950000,3.950000,3.650000,3.732000,3.732000,3700
2016-02-29,5.150000,5.820000,4.420000,4.900000,4.900000,416200
2016-03-01,5.200000,5.200000,4.060000,4.550000,4.550000,96400
2016-03-02,4.600000,4.630000,4.450000,4.500000,4.500000,64300
2016-03-03,4.500000,4.590000,4.360000,4.420000,4.420000,39800
2016-03-04,4.463000,4.520000,4.463000,4.500000,4.500000,20400
2016-03-07,4.430000,4.680000,4.400000,4.680000,4.680000,23600
2016-03-08,4.900000,4.900000,4.250000,4.490000,4.490000,53300
2016-03-09,4.600000,4.600000,4.270000,4.270000,4.270000,5900
2016-03-10,4.500000,4.510000,4.180000,4.180000,4.180000,1900
2016-03-11,4.290000,4.570000,4.270000,4.290000,4.290000,2300
2016-03-14,4.270000,5.020000,4.270000,4.930000,4.930000,20600
2016-03-15,4.820000,5.000000,4.565000,4.740000,4.740000,57000
2016-03-16,4.500000,5.400000,4.310000,4.590000,4.590000,225500
2016-03-17,4.700000,4.700000,4.214000,4.450000,4.450000,42700
2016-03-18,4.450000,4.575000,4.150000,4.480000,4.480000,18900
2016-03-21,4.331000,4.804000,4.310000,4.490000,4.490000,23700
2016-03-22,4.500000,4.510000,4.400000,4.500000,4.500000,13300
2016-03-23,4.470000,4.650000,4.310000,4.320000,4.320000,15300
2016-03-24,4.320000,4.320000,4.010000,4.300000,4.300000,17300
2016-03-28,4.250000,4.320000,4.040000,4.100000,4.100000,4100
2016-03-29,4.160000,4.462000,3.810000,4.250000,4.250000,38800
2016-03-30,4.030000,4.270000,3.940000,4.050000,4.050000,32600
2016-03-31,4.200000,4.412000,4.190000,4.190000,4.190000,19400
2016-04-01,4.120000,4.500000,4.110000,4.240000,4.240000,37200
2016-04-04,4.400000,4.524000,4.240000,4.500000,4.500000,22300
2016-04-05,4.400000,4.650000,4.310000,4.600000,4.600000,71100
2016-04-06,4.690000,4.750000,4.610000,4.650000,4.650000,54000
2016-04-07,4.700000,5.700000,4.430000,5.250000,5.250000,172500
2016-04-08,5.250000,5.500000,5.020000,5.290000,5.290000,72900
2016-04-11,5.181000,5.400000,5.181000,5.300000,5.300000,12600
2016-04-12,5.240000,5.370000,5.240000,5.370000,5.370000,20000
2016-04-13,5.350000,5.490000,5.200000,5.330000,5.330000,44800
2016-04-14,5.330000,5.630000,5.300000,5.450000,5.450000,36200
2016-04-15,5.460000,5.700000,5.460000,5.590000,5.590000,64400
2016-04-18,5.680000,5.900000,5.650000,5.880000,5.880000,34100
2016-04-19,5.950000,6.100000,5.850000,6.100000,6.100000,64400
2016-04-20,6.070000,6.150000,5.670000,5.800000,5.800000,36100
2016-04-21,5.900000,5.900000,5.680000,5.850000,5.850000,29200
2016-04-22,5.830000,6.200000,5.640000,5.960000,5.960000,22900
2016-04-25,5.900000,6.113000,5.650000,5.900000,5.900000,17200
2016-04-26,5.604000,5.990000,5.604000,5.860000,5.860000,23400
2016-04-27,5.950000,6.090000,5.640000,6.090000,6.090000,29400
2016-04-28,6.050000,6.130000,5.830000,6.100000,6.100000,25900
2016-04-29,6.150000,6.300000,5.870000,6.300000,6.300000,27800
2016-05-02,6.250000,6.440000,6.240000,6.240000,6.240000,22100
2016-05-03,6.160000,6.330000,6.085000,6.330000,6.330000,14200
2016-05-04,6.051000,6.500000,6.040000,6.500000,6.500000,74100
2016-05-05,6.430000,6.450000,6.260000,6.310000,6.310000,107200
2016-05-06,6.220000,6.260000,5.730000,6.190000,6.190000,58800
2016-05-09,6.690000,6.690000,5.500000,6.200000,6.200000,117400
2016-05-10,6.160000,6.160000,5.310000,6.000000,6.000000,90000
2016-05-11,5.990000,5.990000,5.750000,5.800000,5.800000,38200
2016-05-12,5.620000,5.670000,5.400000,5.520000,5.520000,16100
2016-05-13,5.500000,5.600000,5.500000,5.510000,5.510000,8400
2016-05-16,5.500000,5.510000,5.400000,5.450000,5.450000,8000
2016-05-17,5.500000,5.670000,5.330000,5.400000,5.400000,31900
2016-05-18,5.220000,5.570000,5.190000,5.490000,5.490000,94600
2016-05-19,5.450000,5.495000,5.260000,5.330000,5.330000,31500
2016-05-20,5.389000,5.389000,5.250000,5.250000,5.250000,3500
2016-05-23,5.390000,5.470000,5.130000,5.130000,5.130000,8400
2016-05-24,5.110000,5.440000,5.110000,5.270000,5.270000,2700
2016-05-25,5.350000,5.600000,5.350000,5.580000,5.580000,7200
2016-05-26,5.100000,5.680000,5.010000,5.440000,5.440000,440400
2016-05-27,5.450000,6.080000,5.400000,6.030000,6.030000,77100
2016-05-31,6.100000,6.190000,5.810000,5.810000,5.810000,74500
2016-06-01,5.850000,6.100000,5.850000,5.950000,5.950000,84400
2016-06-02,6.050000,6.050000,5.730000,5.850000,5.850000,42000
2016-06-03,5.790000,5.990000,5.510000,5.620000,5.620000,61800
2016-06-06,5.908000,5.908000,5.600000,5.600000,5.600000,49000
2016-06-07,5.900000,6.000000,5.750000,5.930000,5.930000,67900
2016-06-08,5.800000,6.040000,5.730000,5.730000,5.730000,30200
2016-06-09,5.870000,5.970000,5.830000,5.970000,5.970000,14600
2016-06-10,5.990000,6.010000,5.710000,5.840000,5.840000,33300
2016-06-13,5.790000,5.940000,5.610000,5.760000,5.760000,11300
2016-06-14,5.690000,5.690000,5.210000,5.270000,5.270000,28300
2016-06-15,5.580000,5.580000,5.360000,5.499000,5.499000,4800
2016-06-16,5.450000,5.500000,5.050000,5.250000,5.250000,19200
2016-06-17,5.161000,5.420000,5.140000,5.350000,5.350000,22900
2016-06-20,5.220000,5.804000,5.160000,5.250000,5.250000,74700
2016-06-21,5.300000,5.490000,5.020000,5.020000,5.020000,19600
2016-06-22,5.080000,5.800000,5.000000,5.180000,5.180000,21200
2016-06-23,5.280000,5.280000,4.860000,5.140000,5.140000,37100
2016-06-24,5.050000,5.300000,4.940000,5.300000,5.300000,15400
2016-06-27,5.140000,5.290000,5.110000,5.240000,5.240000,95000
2016-06-28,5.290000,5.400000,5.290000,5.390000,5.390000,28200
2016-06-29,5.680000,5.680000,5.260000,5.500000,5.500000,29800
2016-06-30,5.530000,5.850000,5.380000,5.690000,5.690000,51300
2016-07-01,5.870000,6.450000,5.870000,6.050000,6.050000,95300
2016-07-05,6.340000,6.400000,6.101000,6.140000,6.140000,20400
2016-07-06,6.190000,6.400000,6.030000,6.330000,6.330000,39200
2016-07-07,6.400000,6.750000,6.400000,6.670000,6.670000,37700
2016-07-08,6.940000,6.970000,6.620000,6.800000,6.800000,31600
2016-07-11,6.860000,6.990000,6.500000,6.600000,6.600000,15800
2016-07-12,6.470000,6.600000,6.060000,6.400000,6.400000,35800
2016-07-13,6.320000,6.444000,5.760000,5.880000,5.880000,25200
2016-07-14,5.920000,6.110000,5.640000,6.090000,6.090000,34600
2016-07-15,6.020000,6.270000,5.835000,6.060000,6.060000,19700
2016-07-18,5.990000,6.100000,5.750000,5.870000,5.870000,21500
2016-07-19,5.950000,5.970000,5.600000,5.600000,5.600000,19100
2016-07-20,5.650000,5.879000,5.618000,5.780000,5.780000,17300
2016-07-21,5.780000,5.960000,5.650000,5.700000,5.700000,9700
2016-07-22,5.800000,5.840000,5.776000,5.830000,5.830000,6000
2016-07-25,5.920000,5.950000,5.600000,5.700000,5.700000,16800
2016-07-26,5.670000,5.919000,5.423000,5.900000,5.900000,13600
2016-07-27,5.910000,6.020000,5.900000,5.960000,5.960000,15400
2016-07-28,6.049000,6.060000,5.880000,5.990000,5.990000,12900
2016-07-29,5.750000,6.250000,5.750000,6.150000,6.150000,19600
2016-08-01,6.120000,6.205000,5.847000,6.000000,6.000000,28500
2016-08-02,5.920000,6.250000,5.890000,5.970000,5.970000,8900
2016-08-03,6.020000,6.160000,5.920000,6.000000,6.000000,15600
2016-08-04,6.030000,6.150000,5.730000,5.730000,5.730000,14300
2016-08-05,5.800000,6.132000,5.733000,5.940000,5.940000,29900
2016-08-08,5.960000,5.996000,5.795000,5.880000,5.880000,31300
2016-08-09,7.220000,7.230000,5.800000,6.000000,6.000000,676100
2016-08-10,5.720000,6.330000,5.720000,5.820000,5.820000,55800
2016-08-11,5.800000,6.090000,5.640000,6.020000,6.020000,78100
2016-08-12,5.990000,6.019000,5.750000,5.760000,5.760000,39000
2016-08-15,5.750000,6.000000,5.680000,5.830000,5.830000,41000
2016-08-16,5.780000,5.849000,5.664000,5.740000,5.740000,48900
2016-08-17,5.690000,5.700000,5.390000,5.600000,5.600000,42300
2016-08-18,5.530000,5.600000,5.482000,5.600000,5.600000,21400
2016-08-19,5.493000,5.600000,5.380000,5.510000,5.510000,8000
2016-08-22,5.563000,5.625000,5.500000,5.530000,5.530000,17500
2016-08-23,5.600000,5.670000,5.520000,5.590000,5.590000,115200
2016-08-24,5.540000,5.670000,5.390000,5.460000,5.460000,107100
2016-08-25,5.450000,5.480000,5.330000,5.390000,5.390000,70700
2016-08-26,5.630000,5.630000,5.350000,5.430000,5.430000,5200
2016-08-29,5.350000,5.590000,5.350000,5.490000,5.490000,11900
2016-08-30,5.440000,5.730000,5.364000,5.719000,5.719000,44900
2016-08-31,5.810000,5.830000,5.366000,5.540000,5.540000,66200
2016-09-01,5.490000,5.550000,5.370000,5.370000,5.370000,7700
2016-09-02,5.410000,5.480000,5.370000,5.370000,5.370000,12100
2016-09-06,5.320000,5.970000,5.300000,5.810000,5.810000,75000
2016-09-07,5.707000,5.980000,5.570000,5.580000,5.580000,11200
2016-09-08,5.560000,5.920000,5.480000,5.580000,5.580000,61300
2016-09-09,5.450000,5.880000,5.330000,5.770000,5.770000,76100
2016-09-12,5.670000,5.680000,5.400000,5.530000,5.530000,29400
2016-09-13,5.450000,5.780000,5.450000,5.620000,5.620000,6400
2016-09-14,5.540000,6.250000,5.540000,5.950000,5.950000,194900
2016-09-15,6.040000,6.330000,6.040000,6.110000,6.110000,100200
2016-09-16,5.820000,6.730000,5.800000,6.730000,6.730000,113700
2016-09-19,6.620000,6.890000,6.410000,6.870000,6.870000,58100
2016-09-20,6.820000,7.540000,6.820000,7.350000,7.350000,105200
2016-09-21,7.450000,7.669000,7.040000,7.280000,7.280000,46500
2016-09-22,7.160000,7.432000,7.060000,7.350000,7.350000,21200
2016-09-23,7.450000,7.549000,7.340000,7.450000,7.450000,97200
2016-09-26,7.600000,8.170000,7.600000,7.700000,7.700000,124900
2016-09-27,7.730000,8.190000,7.390000,7.750000,7.750000,50700
2016-09-28,7.840000,8.000000,7.230000,7.490000,7.490000,58000
2016-09-29,7.470000,7.690000,7.258000,7.520000,7.520000,31300
2016-09-30,7.520000,7.980000,7.436000,7.820000,7.820000,54100
2016-10-03,7.890000,7.890000,7.380000,7.480000,7.480000,64500
2016-10-04,7.570000,7.640000,7.280000,7.330000,7.330000,31100
2016-10-05,7.390000,7.520000,7.320000,7.510000,7.510000,13500
2016-10-06,7.470000,7.638000,7.020000,7.080000,7.080000,29600
2016-10-07,7.150000,7.370000,7.027000,7.250000,7.250000,21500
2016-10-10,7.385000,7.610000,7.220000,7.290000,7.290000,20700
2016-10-11,7.300000,7.360000,7.040000,7.230000,7.230000,16900
2016-10-12,7.100000,7.100000,6.830000,7.050000,7.050000,19900
2016-10-13,7.000000,7.110000,6.810000,6.930000,6.930000,12900
2016-10-14,7.350000,7.510000,6.380000,6.930000,6.930000,48000
2016-10-17,6.880000,7.050000,6.450000,6.850000,6.850000,12700
2016-10-18,6.900000,6.970000,6.670000,6.740000,6.740000,33700
2016-10-19,6.650000,7.110000,6.430000,7.005000,7.005000,56600
2016-10-20,6.830000,7.450000,6.710000,6.940000,6.940000,36000
2016-10-21,6.880000,6.975000,6.540000,6.810000,6.810000,14500
2016-10-24,7.045000,7.045000,6.660000,6.860000,6.860000,76800
2016-10-25,7.300000,7.568000,6.600000,6.680000,6.680000,86900
2016-10-26,6.920000,6.980000,5.780000,5.840000,5.840000,72300
2016-10-27,5.950000,6.000000,5.550000,5.700000,5.700000,58800
2016-10-28,5.680000,5.722000,5.150000,5.250000,5.250000,82900
2016-10-31,5.250000,5.390000,5.000000,5.250000,5.250000,15600
2016-11-01,5.300000,5.450000,5.250000,5.400000,5.400000,17700
2016-11-02,5.400000,5.450000,5.300000,5.300000,5.300000,6900
2016-11-03,5.200000,5.390000,5.110000,5.200000,5.200000,11300
2016-11-04,5.200000,5.500000,5.200000,5.300000,5.300000,13100
2016-11-07,5.400000,6.000000,5.400000,5.950000,5.950000,39400
2016-11-08,6.050000,6.250000,5.600000,6.150000,6.150000,27200
2016-11-09,6.200000,6.445000,6.050000,6.200000,6.200000,23800
2016-11-10,6.350000,6.350000,5.700000,6.350000,6.350000,12000
2016-11-11,6.345000,6.350000,6.100000,6.325000,6.325000,28600
2016-11-14,6.450000,6.860000,6.355000,6.850000,6.850000,19600
2016-11-15,6.800000,6.800000,6.350000,6.500000,6.500000,13400
2016-11-16,6.567000,6.700000,6.350000,6.350000,6.350000,35300
2016-11-17,6.300000,6.700000,5.510000,5.750000,5.750000,21000
2016-11-18,5.850000,6.500000,5.850000,6.100000,6.100000,12400
2016-11-21,6.100000,6.900000,5.900000,6.300000,6.300000,93400
2016-11-22,6.450000,6.650000,5.900000,5.900000,5.900000,125300
2016-11-23,5.900000,6.100000,5.861000,5.950000,5.950000,21300
2016-11-25,5.900000,6.100000,5.850000,5.900000,5.900000,16500
2016-11-28,5.850000,5.950000,5.550000,5.550000,5.550000,71800
2016-11-29,5.650000,5.850000,5.450000,5.450000,5.450000,41600
2016-11-30,5.550000,6.000000,5.150000,5.150000,5.150000,50900
2016-12-01,5.200000,5.875000,5.050000,5.050000,5.050000,42300
2016-12-02,5.100000,5.600000,5.050000,5.300000,5.300000,21000
2016-12-05,5.250000,5.600000,5.250000,5.300000,5.300000,13400
2016-12-06,5.350000,5.550000,5.200000,5.450000,5.450000,10000
2016-12-07,5.400000,5.550000,5.100000,5.200000,5.200000,19100
2016-12-08,5.150000,5.251000,5.000000,5.000000,5.000000,30800
2016-12-09,4.950000,5.000000,4.800000,4.800000,4.800000,23300
2016-12-12,4.850000,4.850000,4.700000,4.700000,4.700000,8400
2016-12-13,4.800000,5.018000,4.800000,4.950000,4.950000,20500
2016-12-14,4.950000,5.000000,4.800000,4.900000,4.900000,6100
2016-12-15,4.850000,4.860000,4.700000,4.800000,4.800000,11400
2016-12-16,4.845000,4.845000,4.650000,4.650000,4.650000,16400
2016-12-19,4.795000,4.800000,4.650000,4.650000,4.650000,7500
2016-12-20,4.720000,4.769000,4.450000,4.650000,4.650000,49200
2016-12-21,4.700000,4.900000,4.650000,4.765000,4.765000,31600
2016-12-22,4.920000,4.920000,4.700000,4.700000,4.700000,9600
2016-12-23,4.700000,4.850000,4.600000,4.850000,4.850000,13100
2016-12-27,4.800000,4.900000,4.800000,4.800000,4.800000,5200
2016-12-28,4.850000,5.000000,4.817000,5.000000,5.000000,7400
2016-12-29,4.900000,4.929000,4.800000,4.800000,4.800000,5900
2016-12-30,5.050000,5.350000,5.000000,5.350000,5.350000,11300
2017-01-03,5.350000,5.485000,4.659000,5.100000,5.100000,8000
2017-01-04,5.200000,5.450000,5.150000,5.150000,5.150000,22700
2017-01-05,5.176000,5.300000,4.930000,5.300000,5.300000,7500
2017-01-06,5.250000,5.500000,4.650000,5.450000,5.450000,20400
2017-01-09,5.500000,5.500000,5.150000,5.150000,5.150000,9300
2017-01-10,5.200000,5.350000,5.150000,5.250000,5.250000,6800
2017-01-11,5.300000,5.400000,5.300000,5.300000,5.300000,4400
2017-01-12,5.300000,5.300000,5.050000,5.200000,5.200000,22600
2017-01-13,5.384000,5.500000,5.250000,5.350000,5.350000,8900
2017-01-17,5.387000,5.400000,5.150000,5.150000,5.150000,900
2017-01-18,5.250000,5.300000,5.200000,5.300000,5.300000,3800
2017-01-19,5.300000,5.300000,5.300000,5.300000,5.300000,0
2017-01-20,5.450000,5.750000,5.368000,5.750000,5.750000,23200
2017-01-23,5.800000,5.800000,5.400000,5.550000,5.550000,11900
2017-01-24,5.450000,5.885000,5.450000,5.700000,5.700000,2700
2017-01-25,5.900000,5.900000,5.550000,5.650000,5.650000,26100
2017-01-26,5.650000,5.850000,5.477000,5.700000,5.700000,48400
2017-01-27,5.750000,5.900000,5.550000,5.900000,5.900000,31600
2017-01-30,5.850000,5.850000,5.300000,5.600000,5.600000,17400
2017-01-31,5.450000,5.535000,5.100000,5.450000,5.450000,26100
2017-02-01,5.350000,5.400000,5.350000,5.350000,5.350000,1300
2017-02-02,5.450000,5.500000,5.250000,5.350000,5.350000,14700
2017-02-03,5.260000,5.350000,4.800000,5.000000,5.000000,63400
2017-02-06,4.900000,5.150000,4.750000,4.800000,4.800000,24600
2017-02-07,4.650000,5.150000,4.400000,5.000000,5.000000,56700
2017-02-08,5.100000,5.150000,4.800000,4.850000,4.850000,35800
2017-02-09,4.850000,5.100000,4.688000,4.700000,4.700000,28300
2017-02-10,4.850000,4.850000,4.100000,4.700000,4.700000,77000
2017-02-13,4.650000,4.879000,4.650000,4.740000,4.740000,22400
2017-02-14,4.650000,4.700000,4.500000,4.500000,4.500000,723600
2017-02-15,4.550000,4.850000,4.500000,4.850000,4.850000,171700
2017-02-16,4.950000,5.200000,4.850000,4.950000,4.950000,77300
2017-02-17,4.900000,5.150000,4.900000,5.100000,5.100000,11400
2017-02-21,5.150000,5.150000,4.940000,5.050000,5.050000,31200
2017-02-22,5.050000,5.150000,5.000000,5.000000,5.000000,89000
2017-02-23,5.050000,5.050000,4.850000,5.050000,5.050000,56500
2017-02-24,4.950000,5.050000,4.900000,4.900000,4.900000,35400
2017-02-27,4.950000,5.150000,4.900000,4.950000,4.950000,112400
2017-02-28,4.850000,5.100000,4.850000,4.950000,4.950000,39200
2017-03-01,5.100000,5.100000,4.805000,4.950000,4.950000,43800
2017-03-02,5.050000,5.100000,4.950000,5.100000,5.100000,46000
2017-03-03,5.100000,5.100000,5.000000,5.100000,5.100000,38100
2017-03-06,5.100000,5.200000,5.000000,5.000000,5.000000,38100
2017-03-07,5.050000,5.050000,4.800000,4.900000,4.900000,53800
2017-03-08,4.950000,5.100000,4.800000,5.050000,5.050000,41300
2017-03-09,5.050000,5.300000,5.000000,5.200000,5.200000,47900
2017-03-10,5.250000,5.300000,5.150000,5.250000,5.250000,15200
2017-03-13,5.350000,5.400000,5.250000,5.300000,5.300000,15700
2017-03-14,5.250000,5.350000,5.150000,5.200000,5.200000,19100
2017-03-15,5.400000,5.463000,5.200000,5.350000,5.350000,24600
2017-03-16,5.200000,5.350000,5.150000,5.150000,5.150000,9500
2017-03-17,5.200000,5.300000,5.100000,5.300000,5.300000,26900
2017-03-20,5.350000,5.395000,5.250000,5.250000,5.250000,10600
2017-03-21,5.200000,5.300000,4.858000,4.950000,4.950000,50000
2017-03-22,5.140000,5.140000,4.925000,5.000000,5.000000,12100
2017-03-23,4.950000,5.050000,4.900000,4.946000,4.946000,2900
2017-03-24,4.900000,5.050000,4.850000,5.050000,5.050000,9300
2017-03-27,5.050000,5.200000,5.000000,5.050000,5.050000,13900
2017-03-28,5.050000,5.150000,4.900000,5.000000,5.000000,12100
2017-03-29,5.100000,5.182000,5.050000,5.150000,5.150000,8900
2017-03-30,5.100000,5.150000,4.900000,5.050000,5.050000,38600
2017-03-31,5.050000,5.050000,4.900000,5.000000,5.000000,20000
2017-04-03,5.050000,5.550000,5.000000,5.250000,5.250000,68700
2017-04-04,5.150000,5.300000,5.100000,5.200000,5.200000,18400
2017-04-05,5.150000,5.250000,4.950000,4.950000,4.950000,22000
2017-04-06,5.010000,5.200000,4.900000,5.000000,5.000000,6000
2017-04-07,4.950000,5.100000,4.950000,5.100000,5.100000,12100
2017-04-10,5.050000,5.050000,4.900000,4.900000,4.900000,4800
2017-04-11,4.950000,5.050000,4.900000,4.900000,4.900000,6000
2017-04-12,5.000000,5.000000,4.800000,5.000000,5.000000,6600
2017-04-13,4.950000,4.950000,4.750000,4.835000,4.835000,6800
2017-04-17,4.798000,4.984000,4.750000,4.850000,4.850000,8200
2017-04-18,4.945000,4.945000,4.750000,4.800000,4.800000,16800
2017-04-19,4.910000,5.300000,4.800000,5.200000,5.200000,183100
2017-04-20,5.500000,5.645000,4.200000,4.350000,4.350000,1832900
2017-04-21,4.450000,4.550000,4.350000,4.400000,4.400000,263200
2017-04-24,4.450000,4.450000,3.980000,4.100000,4.100000,256300
2017-04-25,4.200000,4.500000,4.200000,4.300000,4.300000,238800
2017-04-26,4.350000,4.450000,4.300000,4.400000,4.400000,94800
2017-04-27,4.300000,4.450000,4.250000,4.350000,4.350000,35900
2017-04-28,4.350000,4.350000,4.200000,4.350000,4.350000,51200
2017-05-01,4.300000,4.350000,4.250000,4.350000,4.350000,24700
2017-05-02,4.300000,4.350000,3.975000,4.150000,4.150000,284900
2017-05-03,4.150000,4.200000,4.100000,4.125000,4.125000,55500
2017-05-04,4.100000,4.150000,3.950000,4.050000,4.050000,96400
2017-05-05,4.050000,4.050000,3.950000,3.950000,3.950000,33300
2017-05-08,4.000000,4.050000,3.950000,3.950000,3.950000,50900
2017-05-09,4.000000,4.100000,3.800000,4.050000,4.050000,44600
2017-05-10,4.050000,4.100000,4.000000,4.100000,4.100000,30300
2017-05-11,4.000000,4.050000,3.850000,4.000000,4.000000,66700
2017-05-12,4.020000,4.100000,3.850000,3.950000,3.950000,30200
2017-05-15,4.050000,4.150000,4.000000,4.150000,4.150000,28800
2017-05-16,4.150000,4.250000,4.078000,4.250000,4.250000,57400
2017-05-17,4.250000,4.550000,4.050000,4.450000,4.450000,112400
2017-05-18,4.350000,4.600000,4.336000,4.400000,4.400000,37000
2017-05-19,4.395000,4.550000,4.310000,4.450000,4.450000,63600
2017-05-22,4.400000,4.450000,4.300000,4.350000,4.350000,59100
2017-05-23,4.350000,4.700000,4.250000,4.600000,4.600000,158200
2017-05-24,4.650000,4.700000,4.500000,4.625000,4.625000,66400
2017-05-25,4.650000,4.800000,4.650000,4.750000,4.750000,89000
2017-05-26,4.700000,4.800000,4.667000,4.750000,4.750000,42200
2017-05-30,4.800000,5.100000,4.800000,4.900000,4.900000,188500
2017-05-31,5.000000,5.050000,4.750000,5.050000,5.050000,85800
2017-06-01,5.200000,5.450000,5.050000,5.300000,5.300000,93800
2017-06-02,5.300000,5.475000,5.250000,5.450000,5.450000,198500
2017-06-05,5.250000,5.250000,4.850000,5.200000,5.200000,99200
2017-06-06,5.250000,5.350000,5.125000,5.250000,5.250000,68200
2017-06-07,5.250000,5.450000,5.150000,5.250000,5.250000,139000
2017-06-08,5.300000,5.400000,5.150000,5.150000,5.150000,115300
2017-06-09,5.150000,5.150000,4.950000,5.050000,5.050000,163500
2017-06-12,5.100000,5.350000,5.025000,5.050000,5.050000,60600
2017-06-13,5.100000,5.250000,5.050000,5.100000,5.100000,54200
2017-06-14,4.250000,4.655000,4.175000,4.650000,4.650000,460900
2017-06-15,4.600000,4.650000,4.000000,4.150000,4.150000,132200
2017-06-16,4.100000,4.450000,4.100000,4.300000,4.300000,79600
2017-06-19,4.450000,4.550000,4.350000,4.450000,4.450000,95800
2017-06-20,4.500000,4.500000,4.250000,4.250000,4.250000,45800
2017-06-21,4.300000,4.300000,4.150000,4.200000,4.200000,74100
2017-06-22,4.200000,4.350000,4.200000,4.250000,4.250000,24300
2017-06-23,4.319000,4.400000,4.200000,4.400000,4.400000,11000
2017-06-26,4.350000,4.650000,4.305000,4.450000,4.450000,69800
2017-06-27,4.500000,4.600000,4.350000,4.450000,4.450000,35400
2017-06-28,4.500000,4.650000,4.450000,4.500000,4.500000,32400
2017-06-29,4.500000,4.650000,4.465000,4.550000,4.550000,8200
2017-06-30,4.550000,4.700000,4.500000,4.650000,4.650000,311300
2017-07-03,4.650000,4.750000,4.550000,4.700000,4.700000,7700
2017-07-05,4.700000,4.800000,4.700000,4.700000,4.700000,16800
2017-07-06,4.850000,4.850000,4.700000,4.700000,4.700000,36000
2017-07-07,4.850000,4.900000,4.700000,4.900000,4.900000,66300
2017-07-10,5.000000,5.100000,4.700000,4.900000,4.900000,49200
2017-07-11,4.850000,4.950000,4.750000,4.850000,4.850000,41000
2017-07-12,4.900000,5.000000,4.900000,4.900000,4.900000,17600
2017-07-13,4.800000,5.100000,4.800000,5.000000,5.000000,18000
2017-07-14,5.050000,5.100000,4.900000,4.950000,4.950000,21100
2017-07-17,4.900000,5.100000,4.750000,4.850000,4.850000,31400
2017-07-18,5.000000,5.000000,4.700000,4.750000,4.750000,15000
2017-07-19,4.850000,4.979000,4.700000,4.875000,4.875000,46900
2017-07-20,4.850000,4.850000,4.610000,4.781000,4.781000,16300
2017-07-21,4.850000,4.850000,4.600000,4.750000,4.750000,21600
2017-07-24,4.750000,4.850000,4.600000,4.700000,4.700000,47000
2017-07-25,4.750000,4.800000,4.650000,4.650000,4.650000,19800
2017-07-26,4.600000,5.050000,4.600000,4.950000,4.950000,78800
2017-07-27,5.000000,5.100000,4.700000,4.750000,4.750000,74800
2017-07-28,4.800000,4.950000,4.700000,4.900000,4.900000,26600
2017-07-31,4.850000,4.950000,4.650000,4.750000,4.750000,17800
2017-08-01,4.800000,4.800000,4.400000,4.700000,4.700000,74800
2017-08-02,4.650000,4.700000,4.495000,4.650000,4.650000,21100
2017-08-03,4.550000,4.600000,4.350000,4.400000,4.400000,23400
2017-08-04,4.400000,4.550000,4.350000,4.400000,4.400000,16300
2017-08-07,4.250000,4.700000,4.250000,4.700000,4.700000,28800
2017-08-08,4.700000,4.750000,4.318000,4.450000,4.450000,41200
2017-08-09,4.450000,4.500000,4.264000,4.350000,4.350000,7900
2017-08-10,4.350000,4.450000,4.200000,4.450000,4.450000,23500
2017-08-11,4.500000,4.500000,4.150000,4.400000,4.400000,9300
2017-08-14,4.400000,4.400000,4.275000,4.300000,4.300000,17900
2017-08-15,4.250000,4.250000,4.100000,4.150000,4.150000,17300
2017-08-16,4.250000,4.350000,4.000000,4.250000,4.250000,18800
2017-08-17,4.300000,4.350000,4.200000,4.300000,4.300000,5400
2017-08-18,4.250000,4.250000,4.200000,4.250000,4.250000,7700
2017-08-21,4.250000,4.250000,3.900000,3.900000,3.900000,34800
2017-08-22,4.000000,4.150000,4.000000,4.150000,4.150000,13100
2017-08-23,4.060000,4.150000,4.050000,4.100000,4.100000,9600
2017-08-24,4.100000,4.200000,4.050000,4.175000,4.175000,11500
2017-08-25,4.100000,4.250000,4.100000,4.200000,4.200000,19900
2017-08-28,4.150000,4.340000,4.150000,4.200000,4.200000,37100
2017-08-29,4.100000,4.300000,4.100000,4.300000,4.300000,11200
2017-08-30,4.250000,4.300000,4.250000,4.250000,4.250000,9900
2017-08-31,4.050000,4.200000,4.050000,4.150000,4.150000,23500
2017-09-01,4.250000,4.300000,4.055000,4.300000,4.300000,21300
2017-09-05,4.350000,4.400000,4.155000,4.300000,4.300000,14900
2017-09-06,4.250000,4.250000,4.050000,4.050000,4.050000,23500
2017-09-07,4.050000,4.274000,4.000000,4.200000,4.200000,17100
2017-09-08,4.300000,4.300000,4.100000,4.150000,4.150000,30000
2017-09-11,4.218000,4.250000,4.188000,4.200000,4.200000,21200
2017-09-12,6.900000,7.300000,5.600000,5.650000,5.650000,11196200
2017-09-13,6.350000,6.600000,6.100000,6.350000,6.350000,2811500
2017-09-14,6.800000,11.045000,6.600000,10.800000,10.800000,10131500
2017-09-15,9.800000,11.900000,8.150000,8.900000,8.900000,6112100
2017-09-18,8.800000,9.550000,8.550000,9.100000,9.100000,992800
2017-09-19,7.600000,7.900000,7.000000,7.250000,7.250000,6087800
2017-09-20,7.250000,7.750000,7.119000,7.600000,7.600000,1689800
2017-09-21,7.750000,9.050000,7.705000,7.950000,7.950000,3226400
2017-09-22,8.200000,8.650000,7.900000,8.050000,8.050000,1303300
2017-09-25,8.050000,8.277000,7.600000,7.650000,7.650000,621700
2017-09-26,7.800000,8.000000,7.150000,7.200000,7.200000,653800
2017-09-27,7.300000,7.695000,7.050000,7.300000,7.300000,415900
2017-09-28,7.450000,7.767000,7.100000,7.300000,7.300000,436600
2017-09-29,7.350000,7.500000,7.100000,7.200000,7.200000,555700
2017-10-02,7.150000,7.400000,7.068000,7.350000,7.350000,500100
2017-10-03,7.500000,7.700000,7.250000,7.500000,7.500000,478500
2017-10-04,7.450000,7.883000,7.310000,7.650000,7.650000,438100
2017-10-05,7.700000,7.945000,7.450000,7.750000,7.750000,229800
2017-10-06,7.750000,7.900000,7.300000,7.350000,7.350000,394300
2017-10-09,7.300000,7.750000,7.250000,7.750000,7.750000,278700
2017-10-10,7.900000,8.300000,7.450000,7.700000,7.700000,526200
2017-10-11,7.650000,7.710000,7.200000,7.550000,7.550000,493300
2017-10-12,7.450000,7.475000,7.200000,7.300000,7.300000,181300
2017-10-13,7.300000,7.390000,7.000000,7.175000,7.175000,230700
2017-10-16,7.150000,7.200000,6.800000,7.000000,7.000000,219100
2017-10-17,6.950000,7.000000,6.425000,6.650000,6.650000,340800
2017-10-18,6.600000,6.850000,6.450000,6.450000,6.450000,187300
2017-10-19,6.500000,6.950000,6.250000,6.750000,6.750000,220500
2017-10-20,6.850000,7.095000,6.650000,6.750000,6.750000,156200
2017-10-23,6.700000,6.850000,6.250000,6.350000,6.350000,189700
2017-10-24,6.250000,6.350000,5.750000,6.200000,6.200000,324700
2017-10-25,6.900000,7.350000,6.200000,6.400000,6.400000,991800
2017-10-26,6.400000,6.600000,6.150000,6.250000,6.250000,228300
2017-10-27,6.250000,6.450000,6.072000,6.350000,6.350000,163800
2017-10-30,6.450000,6.500000,6.100000,6.250000,6.250000,133600
2017-10-31,6.200000,6.350000,6.069000,6.300000,6.300000,101500
2017-11-01,6.300000,6.450000,6.200000,6.300000,6.300000,51600
2017-11-02,6.250000,6.400000,6.000000,6.100000,6.100000,160300
2017-11-03,6.000000,6.300000,5.950000,6.200000,6.200000,106900
2017-11-06,6.250000,6.300000,6.050000,6.100000,6.100000,67500
2017-11-07,6.050000,6.133000,5.850000,5.950000,5.950000,151500
2017-11-08,5.850000,5.950000,5.750000,5.800000,5.800000,124000
2017-11-09,5.800000,5.900000,5.550000,5.700000,5.700000,232100
2017-11-10,5.700000,6.250000,5.650000,5.950000,5.950000,126900
2017-11-13,6.000000,6.150000,5.850000,6.000000,6.000000,75500
2017-11-14,5.950000,6.050000,5.750000,6.050000,6.050000,105100
2017-11-15,6.050000,6.300000,5.900000,6.200000,6.200000,109200
2017-11-16,6.200000,6.300000,6.000000,6.100000,6.100000,85200
2017-11-17,6.150000,6.300000,6.100000,6.150000,6.150000,38300
2017-11-20,6.150000,6.400000,6.150000,6.250000,6.250000,91500
2017-11-21,6.250000,6.400000,6.000000,6.100000,6.100000,114600
2017-11-22,6.141000,6.450000,6.000000,6.350000,6.350000,93600
2017-11-24,6.400000,6.550000,6.300000,6.400000,6.400000,66000
2017-11-27,6.350000,7.000000,6.241000,6.850000,6.850000,303300
2017-11-28,6.850000,7.075000,6.400000,6.800000,6.800000,135300
2017-11-29,6.900000,6.900000,6.450000,6.800000,6.800000,70600
2017-11-30,6.750000,6.890000,6.550000,6.650000,6.650000,75800
2017-12-01,6.650000,6.700000,6.300000,6.500000,6.500000,87400
2017-12-04,6.500000,6.600000,6.363000,6.450000,6.450000,54500
2017-12-05,6.450000,6.500000,6.310000,6.400000,6.400000,72800
2017-12-06,6.300000,6.450000,6.200000,6.400000,6.400000,99100
2017-12-07,6.350000,6.600000,6.250000,6.500000,6.500000,64200
2017-12-08,6.500000,6.950000,6.472000,6.950000,6.950000,161800
2017-12-11,7.000000,7.100000,6.600000,6.800000,6.800000,49600
2017-12-12,6.850000,6.900000,6.425000,6.600000,6.600000,92600
2017-12-13,6.500000,6.640000,6.400000,6.500000,6.500000,38200
2017-12-14,6.500000,6.650000,6.450000,6.500000,6.500000,32400
2017-12-15,6.550000,6.650000,6.400000,6.450000,6.450000,79600
2017-12-18,6.450000,6.563000,6.300000,6.450000,6.450000,86900
2017-12-19,6.250000,6.583000,6.250000,6.450000,6.450000,40800
2017-12-20,6.450000,6.478000,6.250000,6.350000,6.350000,52500
2017-12-21,6.300000,6.450000,6.200000,6.400000,6.400000,50800
2017-12-22,6.273000,6.700000,6.250000,6.700000,6.700000,62300
2017-12-26,6.700000,7.100000,6.650000,6.900000,6.900000,154200
2017-12-27,6.900000,7.250000,6.750000,6.750000,6.750000,106200
2017-12-28,6.900000,6.940000,6.500000,6.550000,6.550000,69100
2017-12-29,6.550000,6.900000,6.550000,6.800000,6.800000,71100
2018-01-02,6.900000,7.100000,6.800000,7.000000,7.000000,117200
2018-01-03,7.000000,7.100000,6.900000,7.000000,7.000000,46900
2018-01-04,7.100000,7.150000,6.850000,7.150000,7.150000,74100
2018-01-05,7.100000,7.150000,6.850000,7.100000,7.100000,61000
2018-01-08,7.100000,7.100000,6.550000,6.550000,6.550000,277300
2018-01-09,6.590000,6.650000,6.500000,6.650000,6.650000,76500
2018-01-10,6.650000,6.850000,6.350000,6.750000,6.750000,178900
2018-01-11,6.800000,7.000000,6.600000,6.900000,6.900000,148700
2018-01-12,6.750000,6.850000,6.500000,6.850000,6.850000,32900
2018-01-16,6.900000,7.040000,6.500000,6.600000,6.600000,78300
2018-01-17,6.600000,6.900000,6.600000,6.650000,6.650000,41000
2018-01-18,6.650000,6.800000,6.550000,6.650000,6.650000,59500
2018-01-19,6.650000,7.000000,6.600000,6.900000,6.900000,102000
2018-01-22,6.900000,7.450000,6.850000,7.400000,7.400000,253700
2018-01-23,7.450000,7.750000,7.000000,7.200000,7.200000,319300
2018-01-24,7.400000,7.450000,7.125000,7.350000,7.350000,88100
2018-01-25,7.300000,7.450000,7.150000,7.250000,7.250000,41100
2018-01-26,7.400000,7.550000,7.250000,7.450000,7.450000,96000
2018-01-29,7.600000,7.638000,7.403000,7.600000,7.600000,183200
2018-01-30,7.550000,7.667000,7.450000,7.575000,7.575000,80100
2018-01-31,7.650000,7.650000,7.110000,7.475000,7.475000,128900
2018-02-01,7.400000,7.690000,7.400000,7.500000,7.500000,145300
2018-02-02,7.545000,7.590000,7.050000,7.100000,7.100000,118500
2018-02-05,7.000000,7.100000,6.550000,6.750000,6.750000,92700
2018-02-06,6.650000,6.850000,6.450000,6.750000,6.750000,80200
2018-02-07,6.750000,7.100000,6.700000,7.025000,7.025000,45500
2018-02-08,7.100000,7.150000,6.750000,6.750000,6.750000,32500
2018-02-09,6.800000,6.890000,6.250000,6.800000,6.800000,112800
2018-02-12,6.900000,7.050000,6.650000,7.000000,7.000000,40700
2018-02-13,7.000000,7.100000,6.940000,7.000000,7.000000,55900
2018-02-14,7.050000,7.250000,6.510000,7.100000,7.100000,93200
2018-02-15,7.200000,7.300000,6.900000,7.100000,7.100000,53000
2018-02-16,7.050000,7.300000,7.000000,7.250000,7.250000,40900
2018-02-20,7.250000,7.340000,7.050000,7.100000,7.100000,24500
2018-02-21,7.220000,7.520000,7.100000,7.500000,7.500000,104300
2018-02-22,7.500000,7.600000,7.350000,7.449000,7.449000,66100
2018-02-23,7.600000,7.650000,7.400000,7.600000,7.600000,93500
2018-02-26,7.550000,7.750000,7.550000,7.700000,7.700000,97300
2018-02-27,7.950000,8.900000,7.385000,8.650000,8.650000,454800
2018-02-28,8.550000,8.950000,7.841000,8.250000,8.250000,223400
2018-03-01,8.250000,8.517000,8.000000,8.350000,8.350000,96300
2018-03-02,8.250000,8.450000,7.950000,8.400000,8.400000,68900
2018-03-05,8.400000,8.550000,8.360000,8.500000,8.500000,78500
2018-03-06,8.550000,8.800000,8.400000,8.600000,8.600000,62100
2018-03-07,8.710000,8.850000,8.419000,8.550000,8.550000,112400
2018-03-08,8.550000,8.710000,8.350000,8.650000,8.650000,74600
2018-03-09,8.800000,8.800000,8.677000,8.800000,8.800000,75700
2018-03-12,8.750000,8.940000,8.700000,8.900000,8.900000,108900
2018-03-13,8.900000,8.950000,8.735000,8.850000,8.850000,101200
2018-03-14,8.900000,8.950000,8.650000,8.850000,8.850000,100300
2018-03-15,8.850000,8.950000,8.560000,8.750000,8.750000,53300
2018-03-16,8.586000,8.700000,8.350000,8.500000,8.500000,112800
2018-03-19,8.400000,8.500000,8.200000,8.450000,8.450000,48200
2018-03-20,8.350000,8.545000,8.150000,8.150000,8.150000,44700
2018-03-21,8.250000,8.350000,8.100000,8.300000,8.300000,55500
2018-03-22,8.300000,8.500000,8.134000,8.200000,8.200000,85500
2018-03-23,8.300000,8.300000,7.850000,8.000000,8.000000,79300
2018-03-26,8.100000,8.350000,7.849000,8.350000,8.350000,66900
2018-03-27,8.350000,8.350000,7.700000,7.850000,7.850000,98300
2018-03-28,7.900000,8.390000,7.450000,8.150000,8.150000,150800
2018-03-29,8.150000,8.150000,7.250000,7.500000,7.500000,201600
2018-04-02,7.500000,7.500000,7.000000,7.000000,7.000000,89400
2018-04-03,7.100000,7.200000,6.900000,6.950000,6.950000,65000
2018-04-04,6.800000,7.200000,6.800000,7.200000,7.200000,52200
2018-04-05,7.150000,7.400000,7.050000,7.050000,7.050000,50600
2018-04-06,7.000000,7.350000,6.850000,7.000000,7.000000,62300
2018-04-09,7.000000,7.150000,6.850000,6.950000,6.950000,36700
2018-04-10,6.950000,7.100000,6.900000,7.050000,7.050000,47000
2018-04-11,6.950000,7.200000,6.900000,7.050000,7.050000,60500
2018-04-12,7.050000,7.400000,7.000000,7.050000,7.050000,56000
2018-04-13,7.200000,7.200000,6.900000,7.100000,7.100000,51000
2018-04-16,7.050000,7.350000,6.950000,7.000000,7.000000,30100
2018-04-17,7.050000,7.240000,6.950000,7.050000,7.050000,68100
2018-04-18,7.100000,7.250000,7.050000,7.150000,7.150000,38100
2018-04-19,7.150000,7.175000,7.000000,7.050000,7.050000,45400
2018-04-20,7.055000,7.150000,6.875000,7.000000,7.000000,53200
2018-04-23,7.000000,7.250000,6.900000,7.150000,7.150000,75900
2018-04-24,7.200000,7.350000,6.850000,7.000000,7.000000,111400
2018-04-25,6.950000,7.200000,6.850000,7.200000,7.200000,50000
2018-04-26,7.145000,7.450000,7.100000,7.350000,7.350000,105200
2018-04-27,7.400000,8.000000,7.200000,8.000000,8.000000,641700
2018-04-30,7.950000,8.190000,7.690000,7.850000,7.850000,97600
2018-05-01,7.900000,8.150000,7.700000,7.850000,7.850000,59800
2018-05-02,7.850000,8.100000,7.850000,8.000000,8.000000,90400
2018-05-03,7.950000,8.200000,7.800000,7.950000,7.950000,52300
2018-05-04,7.934000,8.000000,7.550000,7.900000,7.900000,46700
2018-05-07,7.900000,8.100000,7.750000,7.800000,7.800000,39900
2018-05-08,7.800000,8.050000,7.725000,8.050000,8.050000,57500
2018-05-09,8.008000,8.100000,7.850000,8.100000,8.100000,70200
2018-05-10,7.900000,8.400000,7.750000,7.750000,7.750000,68700
2018-05-11,7.800000,8.300000,7.750000,8.300000,8.300000,101500
2018-05-14,8.350000,8.800000,8.150000,8.650000,8.650000,182700
2018-05-15,8.000000,8.750000,8.000000,8.450000,8.450000,70100
2018-05-16,8.550000,8.950000,8.250000,8.900000,8.900000,118500
2018-05-17,8.900000,9.275000,8.867000,9.175000,9.175000,220000
2018-05-18,9.300000,9.300000,8.500000,8.800000,8.800000,90600
2018-05-21,8.800000,8.950000,8.350000,8.475000,8.475000,58600
2018-05-22,8.490000,8.750000,8.450000,8.650000,8.650000,37300
2018-05-23,8.500000,8.750000,8.410000,8.700000,8.700000,133300
2018-05-24,8.750000,8.800000,8.600000,8.725000,8.725000,100200
2018-05-25,8.850000,8.950000,8.400000,8.650000,8.650000,120100
2018-05-29,8.600000,8.600000,8.150000,8.250000,8.250000,65300
2018-05-30,8.400000,8.600000,8.275000,8.300000,8.300000,56200
2018-05-31,8.400000,8.450000,8.250000,8.400000,8.400000,61400
2018-06-01,8.500000,8.500000,8.050000,8.100000,8.100000,95400
2018-06-04,8.150000,8.400000,8.100000,8.300000,8.300000,72800
2018-06-05,8.350000,8.500000,8.250000,8.400000,8.400000,49300
2018-06-06,8.402000,8.500000,8.350000,8.400000,8.400000,47200
2018-06-07,8.400000,8.525000,8.150000,8.350000,8.350000,77900
2018-06-08,8.350000,8.550000,8.250000,8.450000,8.450000,65200
2018-06-11,8.400000,8.500000,8.250000,8.400000,8.400000,67800
2018-06-12,8.450000,8.700000,8.408000,8.600000,8.600000,144600
2018-06-13,8.550000,8.700000,8.450000,8.500000,8.500000,83600
2018-06-14,8.600000,8.700000,8.600000,8.650000,8.650000,129100
2018-06-15,8.700000,8.950000,8.700000,8.850000,8.850000,120100
2018-06-18,8.750000,8.900000,8.600000,8.650000,8.650000,124100
2018-06-19,8.650000,8.800000,8.550000,8.600000,8.600000,101300
2018-06-20,8.900000,8.900000,8.300000,8.425000,8.425000,154000
2018-06-21,8.500000,8.650000,8.200000,8.500000,8.500000,137800
2018-06-22,8.500000,8.650000,8.300000,8.550000,8.550000,1668900
2018-06-25,8.600000,8.650000,8.100000,8.200000,8.200000,73200
2018-06-26,8.350000,8.530000,8.150000,8.475000,8.475000,97900
2018-06-27,8.500000,8.500000,7.900000,8.050000,8.050000,81900
2018-06-28,8.100000,8.200000,7.800000,8.150000,8.150000,61200
2018-06-29,8.100000,8.257000,7.800000,7.950000,7.950000,78000
2018-07-02,8.000000,8.200000,7.750000,8.050000,8.050000,36700
2018-07-03,8.150000,8.300000,7.900000,8.050000,8.050000,32300
2018-07-05,8.000000,8.250000,7.800000,8.200000,8.200000,77200
2018-07-06,8.150000,8.350000,8.050000,8.200000,8.200000,45300
2018-07-09,8.300000,8.350000,8.050000,8.250000,8.250000,66600
2018-07-10,8.300000,8.333000,8.150000,8.200000,8.200000,116400
2018-07-11,8.200000,8.400000,8.150000,8.275000,8.275000,115900
2018-07-12,8.350000,8.400000,8.250000,8.400000,8.400000,54700
2018-07-13,8.400000,8.550000,8.350000,8.550000,8.550000,100300
2018-07-16,8.500000,8.550000,7.750000,7.950000,7.950000,106700
2018-07-17,7.900000,8.100000,7.850000,8.050000,8.050000,64100
2018-07-18,8.050000,8.200000,7.800000,8.050000,8.050000,53100
2018-07-19,8.050000,8.150000,8.000000,8.050000,8.050000,41300
2018-07-20,8.050000,8.100000,7.900000,7.900000,7.900000,44100
2018-07-23,7.900000,8.000000,7.700000,7.900000,7.900000,73900
2018-07-24,7.950000,8.050000,7.450000,7.550000,7.550000,206200
2018-07-25,7.500000,7.650000,7.200000,7.350000,7.350000,127300
2018-07-26,7.350000,7.750000,7.110000,7.450000,7.450000,103700
2018-07-27,7.500000,7.600000,7.110000,7.300000,7.300000,173600
2018-07-30,7.300000,7.450000,6.750000,6.800000,6.800000,130000
2018-07-31,7.000000,7.150000,6.826000,6.950000,6.950000,77200
2018-08-01,6.950000,7.200000,6.950000,7.150000,7.150000,76700
2018-08-02,7.100000,7.450000,7.050000,7.200000,7.200000,50100
2018-08-03,7.100000,7.300000,6.900000,6.950000,6.950000,58700
2018-08-06,6.950000,7.100000,6.750000,6.950000,6.950000,48100
2018-08-07,7.000000,7.100000,6.850000,7.050000,7.050000,66000
2018-08-08,7.040000,7.300000,6.950000,7.150000,7.150000,65600
2018-08-09,7.200000,7.553000,7.050000,7.450000,7.450000,71400
2018-08-10,7.550000,7.890000,7.450000,7.750000,7.750000,85100
2018-08-13,7.800000,7.800000,7.450000,7.700000,7.700000,56000
2018-08-14,7.650000,8.000000,7.500000,7.550000,7.550000,152900
2018-08-15,7.550000,7.550000,7.100000,7.200000,7.200000,154100
2018-08-16,7.300000,7.400000,7.150000,7.250000,7.250000,50200
2018-08-17,7.250000,7.350000,7.150000,7.150000,7.150000,53900
2018-08-20,7.100000,7.400000,7.050000,7.100000,7.100000,35100
2018-08-21,7.100000,7.500000,7.050000,7.450000,7.450000,78800
2018-08-22,7.450000,7.890000,7.400000,7.800000,7.800000,63500
2018-08-23,7.765000,7.850000,7.550000,7.650000,7.650000,50300
2018-08-24,7.750000,7.800000,7.400000,7.600000,7.600000,50200
2018-08-27,7.850000,7.850000,7.550000,7.550000,7.550000,88600
2018-08-28,7.600000,7.750000,7.600000,7.650000,7.650000,34200
2018-08-29,7.650000,7.813000,7.550000,7.750000,7.750000,95100
2018-08-30,7.750000,8.150000,7.700000,8.150000,8.150000,78500
2018-08-31,8.150000,8.450000,8.150000,8.450000,8.450000,72800
2018-09-04,8.550000,8.550000,8.010000,8.150000,8.150000,80200
2018-09-05,8.200000,8.280000,7.650000,7.800000,7.800000,72600
2018-09-06,8.700000,8.700000,7.750000,7.850000,7.850000,101100
2018-09-07,7.800000,7.975000,7.775000,7.900000,7.900000,46200
2018-09-10,7.950000,8.300000,7.800000,8.200000,8.200000,67000
2018-09-11,8.150000,8.350000,8.000000,8.250000,8.250000,62800
2018-09-12,8.200000,8.300000,8.000000,8.000000,8.000000,26400
2018-09-13,8.200000,8.250000,7.800000,7.800000,7.800000,87100
2018-09-14,7.857000,8.050000,7.800000,7.850000,7.850000,37600
2018-09-17,7.750000,7.950000,7.600000,7.650000,7.650000,38500
2018-09-18,7.750000,7.995000,7.650000,7.850000,7.850000,74400
2018-09-19,7.950000,8.250000,7.950000,8.050000,8.050000,157200
2018-09-20,8.100000,8.600000,8.050000,8.500000,8.500000,259800
2018-09-21,8.450000,9.564000,8.155000,9.100000,9.100000,440800
2018-09-24,9.150000,10.640000,9.100000,9.650000,9.650000,585200
2018-09-25,10.000000,10.100000,8.650000,9.900000,9.900000,291700
2018-09-26,12.350000,16.700001,12.000000,13.350000,13.350000,21268600
2018-09-27,13.550000,14.900000,13.255000,14.350000,14.350000,4522900
2018-09-28,13.400000,14.300000,13.350000,13.800000,13.800000,4310500
2018-10-01,13.810000,13.990000,12.770000,13.050000,13.050000,1540200
2018-10-02,12.930000,13.690000,12.750000,13.290000,13.290000,690400
2018-10-03,13.290000,13.500000,12.860000,13.040000,13.040000,549700
2018-10-04,12.940000,13.130000,12.100000,12.550000,12.550000,599600
2018-10-05,12.630000,13.290000,12.280000,12.750000,12.750000,428400
2018-10-08,12.580000,13.260000,12.430000,12.800000,12.800000,353300
2018-10-09,12.660000,13.000000,12.520000,12.750000,12.750000,152900
2018-10-10,12.690000,12.900000,11.830000,12.150000,12.150000,379500
2018-10-11,12.050000,12.050000,11.510000,11.850000,11.850000,398200
2018-10-12,12.040000,12.890000,12.040000,12.490000,12.490000,853600
2018-10-15,12.430000,12.540000,11.800000,12.400000,12.400000,246700
2018-10-16,12.440000,13.320000,12.190000,12.930000,12.930000,247700
2018-10-17,12.870000,13.030000,12.550000,12.930000,12.930000,160900
2018-10-18,12.910000,13.150000,12.010000,12.420000,12.420000,163700
2018-10-19,12.440000,12.640000,11.900000,11.920000,11.920000,252000
2018-10-22,11.920000,12.290000,11.390000,11.830000,11.830000,170600
2018-10-23,11.580000,12.380000,11.300000,11.910000,11.910000,168700
2018-10-24,11.940000,12.150000,10.950000,10.970000,10.970000,174200
2018-10-25,11.090000,11.350000,10.650000,10.970000,10.970000,270000
2018-10-26,10.750000,10.960000,10.540000,10.690000,10.690000,239300
2018-10-29,10.780000,11.020000,10.280000,10.430000,10.430000,248000
2018-10-30,10.400000,10.790000,10.170000,10.650000,10.650000,268300
2018-10-31,10.850000,11.050000,10.542000,10.770000,10.770000,203400
2018-11-01,10.770000,11.330000,10.759000,10.900000,10.900000,175900
2018-11-02,10.930000,11.345000,10.510000,11.000000,11.000000,93800
2018-11-05,10.900000,10.950000,10.600000,10.730000,10.730000,65500
2018-11-06,10.720000,10.770000,10.170000,10.420000,10.420000,116900
2018-11-07,10.440000,11.080000,10.428000,11.050000,11.050000,177000
2018-11-08,11.050000,11.200000,10.850000,11.000000,11.000000,111600
2018-11-09,10.860000,10.860000,10.420000,10.560000,10.560000,67600
2018-11-12,10.560000,10.560000,10.020000,10.250000,10.250000,157600
2018-11-13,10.310000,10.490000,9.930000,10.090000,10.090000,158300
2018-11-14,9.570000,10.750000,8.405000,8.930000,8.930000,523500
2018-11-15,8.840000,9.310000,8.740000,8.770000,8.770000,236400
2018-11-16,8.610000,9.090000,8.450000,8.810000,8.810000,432300
2018-11-19,8.750000,9.120000,8.540000,8.970000,8.970000,293700
2018-11-20,8.760000,9.200000,8.430000,8.450000,8.450000,401600
2018-11-21,8.440000,8.660000,7.910000,8.500000,8.500000,232700
2018-11-23,8.420000,8.860000,8.360000,8.720000,8.720000,72000
2018-11-26,8.840000,9.180000,8.650000,9.150000,9.150000,182800
2018-11-27,9.040000,9.380000,8.610000,8.740000,8.740000,111300
2018-11-28,8.740000,9.170000,8.725000,9.000000,9.000000,110700
2018-11-29,8.930000,9.040000,8.620000,8.730000,8.730000,147500
2018-11-30,8.660000,9.001000,8.650000,8.970000,8.970000,97700
2018-12-03,9.180000,9.290000,9.014000,9.260000,9.260000,117900
2018-12-04,9.560000,10.260000,9.560000,10.040000,10.040000,499600
2018-12-06,10.100000,10.299000,9.630000,9.850000,9.850000,283700
2018-12-07,9.780000,9.880000,9.160000,9.230000,9.230000,254700
2018-12-10,9.430000,9.430000,8.900000,9.330000,9.330000,237400
2018-12-11,9.480000,9.800000,9.195000,9.490000,9.490000,159300
2018-12-12,9.610000,9.880000,9.540000,9.740000,9.740000,149000
2018-12-13,9.730000,9.911000,9.470000,9.490000,9.490000,87400
2018-12-14,9.430000,9.560000,9.247000,9.460000,9.460000,137600
2018-12-17,9.350000,9.410000,8.770000,8.820000,8.820000,577700
2018-12-18,8.880000,8.960000,8.420000,8.570000,8.570000,193100
2018-12-19,8.600000,8.810000,8.080000,8.240000,8.240000,294500
2018-12-20,8.250000,8.250000,7.550000,7.830000,7.830000,265200
2018-12-21,7.810000,7.860000,7.150000,7.260000,7.260000,709300
2018-12-24,7.250000,7.750000,7.180000,7.480000,7.480000,161000
2018-12-26,7.530000,8.110000,7.530000,8.020000,8.020000,193700
2018-12-27,7.860000,8.087000,7.582000,7.870000,7.870000,154100
2018-12-28,7.880000,8.240000,7.645000,8.000000,8.000000,140800
2018-12-31,8.050000,8.494000,7.970000,8.300000,8.300000,139300
2019-01-02,8.210000,8.880000,8.090000,8.510000,8.510000,166900
2019-01-03,8.510000,8.990000,8.510000,8.870000,8.870000,342500
2019-01-04,8.970000,9.870000,8.600000,9.780000,9.780000,242300
2019-01-07,9.830000,10.030000,9.653000,9.770000,9.770000,194100
2019-01-08,9.880000,9.940000,9.550000,9.850000,9.850000,231500
2019-01-09,9.860000,10.050000,9.590000,9.710000,9.710000,121800
2019-01-10,9.650000,9.730000,9.280000,9.510000,9.510000,224000
2019-01-11,9.450000,9.640000,8.980000,9.260000,9.260000,176800
2019-01-14,9.200000,9.330000,8.810000,8.890000,8.890000,147500
2019-01-15,8.820000,9.440000,8.810000,9.300000,9.300000,116500
2019-01-16,9.360000,9.380000,8.580000,8.970000,8.970000,266500
2019-01-17,8.960000,9.140000,8.670000,8.740000,8.740000,132800
2019-01-18,8.740000,9.030000,8.300000,8.900000,8.900000,198000
2019-01-22,8.870000,8.890000,8.300000,8.480000,8.480000,119400
2019-01-23,8.510000,8.642000,8.340000,8.510000,8.510000,118900
2019-01-24,8.530000,8.740000,8.250000,8.530000,8.530000,101500
2019-01-25,8.530000,8.735000,8.411000,8.660000,8.660000,91200
2019-01-28,8.600000,8.710000,8.340000,8.350000,8.350000,130400
2019-01-29,8.370000,8.660000,8.020000,8.460000,8.460000,208500
2019-01-30,8.500000,8.860000,8.260000,8.830000,8.830000,148900
2019-01-31,8.760000,9.280000,8.720000,8.810000,8.810000,160000
2019-02-01,8.800000,9.105000,8.520000,9.000000,9.000000,164600
2019-02-04,8.980000,9.020000,8.840000,8.930000,8.930000,47400
2019-02-05,8.990000,9.095000,8.580000,8.740000,8.740000,124800
2019-02-06,8.710000,8.710000,8.410000,8.650000,8.650000,143400
2019-02-07,8.580000,8.700000,8.200000,8.290000,8.290000,110600
2019-02-08,8.280000,8.400000,7.700000,7.920000,7.920000,324400
2019-02-11,8.000000,8.210000,7.840000,8.040000,8.040000,404200
2019-02-12,8.100000,8.490000,8.080000,8.350000,8.350000,261600
2019-02-13,8.370000,8.577000,8.120000,8.270000,8.270000,200400
2019-02-14,8.280000,8.540000,7.860000,7.970000,7.970000,218600
2019-02-15,8.020000,8.020000,7.500000,7.760000,7.760000,333800
2019-02-19,7.740000,7.855000,7.500000,7.620000,7.620000,264800
2019-02-20,7.670000,7.780000,7.500000,7.750000,7.750000,459100
2019-02-21,7.750000,8.500000,7.580000,7.960000,7.960000,240700
2019-02-22,8.030000,8.220000,7.800000,7.810000,7.810000,157600
2019-02-25,7.800000,8.070000,7.590000,7.640000,7.640000,291300
2019-02-26,7.600000,7.750000,7.460000,7.570000,7.570000,573800
2019-02-27,7.600000,8.320000,7.600000,8.040000,8.040000,238900
2019-02-28,8.090000,8.290000,7.610000,8.080000,8.080000,284400
2019-03-01,8.140000,8.530000,7.820000,8.280000,8.280000,158400
2019-03-04,8.370000,8.640000,7.860000,8.000000,8.000000,214100
2019-03-05,8.010000,8.350000,7.900000,8.050000,8.050000,190400
2019-03-06,8.070000,8.180000,7.340000,7.530000,7.530000,395400
2019-03-07,7.520000,7.940000,7.340000,7.820000,7.820000,311100
2019-03-08,7.680000,7.680000,7.050000,7.530000,7.530000,471900
2019-03-11,7.550000,8.110000,7.491000,8.000000,8.000000,320200
2019-03-12,8.060000,9.000000,7.970000,8.910000,8.910000,405300
2019-03-13,9.000000,9.505000,8.910000,9.400000,9.400000,520000
2019-03-14,9.400000,9.460000,8.610000,8.720000,8.720000,380400
2019-03-15,8.710000,8.900000,8.280000,8.360000,8.360000,390100
2019-03-18,8.360000,8.620000,8.210000,8.260000,8.260000,196900
2019-03-19,8.260000,8.600000,8.245000,8.330000,8.330000,162000
2019-03-20,8.350000,8.355000,8.020000,8.170000,8.170000,326600
2019-03-21,8.120000,8.380000,7.880000,7.910000,7.910000,144900
2019-03-22,7.770000,7.951000,7.050000,7.450000,7.450000,425000
2019-03-25,7.470000,7.620000,6.810000,7.140000,7.140000,352200
2019-03-26,12.200000,12.790000,9.350000,9.710000,9.710000,21772600
2019-03-27,9.490000,9.630000,9.020000,9.370000,9.370000,2183000
2019-03-28,9.340000,9.720000,8.610000,9.280000,9.280000,1312900
2019-03-29,9.380000,9.525000,8.890000,9.030000,9.030000,606600
2019-04-01,9.040000,9.217000,8.620000,8.680000,8.680000,478600
2019-04-02,8.680000,8.800000,8.510000,8.600000,8.600000,391800
2019-04-03,8.600000,9.110000,8.340000,8.740000,8.740000,466400
2019-04-04,8.750000,8.980000,8.600000,8.760000,8.760000,248700
2019-04-05,8.780000,9.070000,8.690000,9.000000,9.000000,248800
2019-04-08,8.990000,9.050000,8.530000,8.630000,8.630000,256500
2019-04-09,8.620000,8.650000,8.320000,8.320000,8.320000,294900
2019-04-10,8.510000,8.790000,8.370000,8.560000,8.560000,296200
2019-04-11,8.560000,8.600000,8.250000,8.320000,8.320000,286300
2019-04-12,8.420000,8.450000,8.160000,8.180000,8.180000,249600
2019-04-15,8.120000,8.170000,7.960000,8.050000,8.050000,253800
2019-04-16,8.100000,8.110000,7.850000,7.860000,7.860000,360400
2019-04-17,7.890000,7.964000,7.461000,7.690000,7.690000,535100
2019-04-18,7.690000,7.820000,7.543000,7.760000,7.760000,259000
2019-04-22,7.690000,7.810000,7.650000,7.710000,7.710000,198400
2019-04-23,7.710000,8.235000,7.700000,8.200000,8.200000,242700
2019-04-24,8.180000,8.310000,7.970000,8.100000,8.100000,180700
2019-04-25,8.080000,8.290000,7.990000,8.140000,8.140000,202100
2019-04-26,8.140000,8.310000,8.070000,8.300000,8.300000,165800
2019-04-29,8.340000,8.470000,8.190000,8.305000,8.305000,219100
2019-04-30,8.310000,8.420000,8.160000,8.270000,8.270000,168300
2019-05-01,8.310000,8.348000,8.000000,8.030000,8.030000,185100
2019-05-02,7.990000,8.147000,7.840000,8.005000,8.005000,191100
2019-05-03,7.940000,8.110000,7.795000,8.100000,8.100000,137500
2019-05-06,7.960000,8.350000,7.940000,8.280000,8.280000,111100
2019-05-07,8.190000,8.330000,8.020000,8.110000,8.110000,110900
2019-05-08,8.100000,8.220000,7.960000,7.980000,7.980000,93100
2019-05-09,7.760000,8.140000,7.750000,8.030000,8.030000,208300
2019-05-10,7.900000,7.930000,7.650000,7.750000,7.750000,262100
2019-05-13,7.600000,7.710000,7.350000,7.430000,7.430000,237100
2019-05-14,7.500000,7.710000,7.400000,7.420000,7.420000,171000
2019-05-15,7.350000,7.500000,7.180000,7.420000,7.420000,173600
2019-05-16,7.420000,7.545000,7.210000,7.360000,7.360000,325700
2019-05-17,7.260000,7.470000,7.240000,7.300000,7.300000,136200
2019-05-20,7.190000,7.240000,7.100000,7.120000,7.120000,155100
2019-05-21,7.200000,7.430000,7.120000,7.310000,7.310000,165000
2019-05-22,7.280000,7.470000,7.120000,7.280000,7.280000,150000
2019-05-23,7.180000,7.210000,7.020000,7.130000,7.130000,124400
2019-05-24,7.150000,7.410000,7.115000,7.330000,7.330000,142000
2019-05-28,7.330000,7.370000,7.120000,7.160000,7.160000,131600
2019-05-29,7.120000,7.170000,6.980000,7.080000,7.080000,226200
2019-05-30,7.060000,7.220000,6.920000,6.990000,6.990000,140700
2019-05-31,6.860000,7.023000,6.760000,6.970000,6.970000,105200
2019-06-03,6.960000,7.080000,6.680000,6.720000,6.720000,157200
2019-06-04,6.820000,7.090000,6.730000,7.060000,7.060000,256600
2019-06-05,7.120000,7.170000,6.770000,6.860000,6.860000,103900
2019-06-06,6.910000,6.960000,6.570000,6.710000,6.710000,185300
2019-06-07,6.710000,6.873000,6.500000,6.830000,6.830000,211400
2019-06-10,6.840000,6.990000,6.830000,6.880000,6.880000,134900
2019-06-11,6.920000,6.920000,6.580000,6.670000,6.670000,90200
2019-06-12,6.680000,6.841000,6.540000,6.630000,6.630000,155700
2019-06-13,6.700000,6.780000,6.560000,6.750000,6.750000,259400
2019-06-14,6.720000,6.780000,6.343000,6.540000,6.540000,482400
2019-06-17,6.550000,6.810000,6.540000,6.660000,6.660000,214300
2019-06-18,6.710000,7.080000,6.650000,6.840000,6.840000,335900
2019-06-19,6.890000,7.220000,6.890000,7.070000,7.070000,256400
2019-06-20,7.150000,7.334000,6.870000,7.000000,7.000000,169500
2019-06-21,6.930000,7.590000,6.910000,7.420000,7.420000,337600
2019-06-24,7.450000,7.515000,7.030000,7.085000,7.085000,229800
2019-06-25,5.200000,6.240000,4.990000,6.210000,6.210000,3732800
2019-06-26,6.270000,6.500000,6.090000,6.230000,6.230000,494600
2019-06-27,6.240000,6.370000,6.120000,6.160000,6.160000,232000
2019-06-28,6.180000,6.270000,5.920000,6.000000,6.000000,751600
2019-07-01,6.140000,6.190000,5.910000,6.120000,6.120000,161000
2019-07-02,6.110000,6.145000,5.960000,6.030000,6.030000,102800
2019-07-03,6.040000,6.100000,5.860000,6.010000,6.010000,97200
2019-07-05,5.970000,6.090000,5.820000,5.960000,5.960000,102400
2019-07-08,5.960000,5.960000,5.745000,5.940000,5.940000,165500
2019-07-09,5.860000,6.060000,5.860000,6.020000,6.020000,147100
2019-07-10,6.010000,6.080000,5.890000,5.990000,5.990000,90700
2019-07-11,6.000000,6.030000,5.710000,5.730000,5.730000,135100
2019-07-12,5.690000,5.780000,5.540000,5.600000,5.600000,164000
2019-07-15,5.570000,5.810000,5.570000,5.680000,5.680000,179100
2019-07-16,5.700000,5.780000,5.620000,5.710000,5.710000,113400
2019-07-17,5.670000,5.714000,5.385000,5.480000,5.480000,306600
2019-07-18,5.470000,5.610000,5.390000,5.410000,5.410000,184100
2019-07-19,5.400000,5.500000,5.240000,5.270000,5.270000,332300
2019-07-22,5.270000,5.360000,5.080000,5.280000,5.280000,290700
2019-07-23,5.300000,5.550000,5.230000,5.500000,5.500000,138400
2019-07-24,5.450000,5.550000,5.320000,5.430000,5.430000,110300
2019-07-25,5.440000,5.440000,5.220000,5.280000,5.280000,61800
2019-07-26,5.320000,5.380000,5.220000,5.350000,5.350000,103300
2019-07-29,5.340000,5.390000,5.150000,5.280000,5.280000,104500
2019-07-30,5.240000,5.520000,5.200000,5.490000,5.490000,112700
2019-07-31,5.520000,5.640000,5.360000,5.480000,5.480000,159200
2019-08-01,5.470000,5.620000,5.420000,5.490000,5.490000,233100
2019-08-02,5.460000,5.510000,5.340000,5.440000,5.440000,111400
2019-08-05,5.340000,5.400000,5.010000,5.160000,5.160000,131900
2019-08-06,5.180000,5.320000,5.055000,5.300000,5.300000,439500
2019-08-07,5.270000,5.460000,5.230000,5.440000,5.440000,94500
2019-08-08,6.000000,6.000000,5.204000,5.400000,5.400000,194800
2019-08-09,5.370000,5.460000,5.150000,5.210000,5.210000,222900
2019-08-12,5.170000,5.250000,5.050000,5.210000,5.210000,70300
2019-08-13,5.180000,5.420000,5.130000,5.400000,5.400000,58900
2019-08-14,5.300000,5.430000,5.190000,5.300000,5.300000,101300
2019-08-15,5.310000,5.380000,4.835000,4.900000,4.900000,192700
2019-08-16,4.950000,5.050000,4.750000,4.860000,4.860000,236200
2019-08-19,4.980000,5.130000,4.850000,5.000000,5.000000,70500
2019-08-20,4.970000,5.120000,4.940000,5.100000,5.100000,43800
2019-08-21,5.050000,5.220000,4.995000,5.110000,5.110000,56400
2019-08-22,5.140000,5.140000,4.980000,4.980000,4.980000,33200
2019-08-23,4.950000,5.120000,4.640000,4.710000,4.710000,121100
2019-08-26,4.790000,4.790000,4.530000,4.670000,4.670000,62000
2019-08-27,4.730000,4.740000,4.400000,4.410000,4.410000,150700
2019-08-28,4.390000,4.565000,4.330000,4.410000,4.410000,218600
2019-08-29,4.470000,4.640000,4.470000,4.510000,4.510000,113500
2019-08-30,4.520000,4.620000,4.310000,4.410000,4.410000,135900
2019-09-03,4.360000,4.690000,4.360000,4.490000,4.490000,271600
2019-09-04,4.530000,4.700000,4.460000,4.620000,4.620000,171000
2019-09-05,4.680000,5.080000,4.580000,5.050000,5.050000,232800
2019-09-06,5.060000,5.150000,4.900000,4.930000,4.930000,130200
2019-09-09,4.930000,5.030000,4.760000,4.900000,4.900000,121900
2019-09-10,5.050000,5.640000,4.965000,5.580000,5.580000,455200
2019-09-11,5.530000,6.060000,5.530000,5.750000,5.750000,417500
2019-09-12,6.050000,6.050000,5.580000,5.850000,5.850000,308800
2019-09-13,6.000000,6.300000,5.720000,5.760000,5.760000,265200
2019-09-16,5.660000,6.086000,5.480000,5.850000,5.850000,275000
2019-09-17,6.030000,6.123000,5.770000,5.890000,5.890000,372100
2019-09-18,5.890000,5.980000,5.730000,5.750000,5.750000,160200
2019-09-19,5.660000,5.925000,5.640000,5.760000,5.760000,109800
2019-09-20,5.790000,6.110000,5.750000,5.920000,5.920000,459500
2019-09-23,6.040000,6.040000,5.730000,5.930000,5.930000,189700
2019-09-24,6.030000,6.250000,5.632000,5.720000,5.720000,347400
2019-09-25,5.780000,6.170000,5.630000,5.685000,5.685000,233000
2019-09-26,5.730000,5.864000,5.380000,5.630000,5.630000,196700
2019-09-27,5.660000,5.790000,5.460000,5.740000,5.740000,197000
2019-09-30,5.690000,5.860000,5.210000,5.270000,5.270000,298900
2019-10-01,5.270000,5.460000,5.020000,5.040000,5.040000,184200
2019-10-02,5.060000,5.470000,4.860000,5.450000,5.450000,214900
2019-10-03,5.470000,5.540000,5.330000,5.410000,5.410000,185800
2019-10-04,5.390000,5.710000,5.260000,5.640000,5.640000,578100
2019-10-07,5.620000,5.630000,5.360000,5.610000,5.610000,229000
2019-10-08,5.550000,5.550000,5.270000,5.290000,5.290000,163900
2019-10-09,5.310000,5.450000,5.080000,5.180000,5.180000,154100
2019-10-10,5.140000,5.270000,5.050000,5.250000,5.250000,136200
2019-10-11,5.330000,5.450000,5.150000,5.170000,5.170000,233300
2019-10-14,5.090000,5.370000,5.010000,5.150000,5.150000,142800
2019-10-15,5.190000,5.680000,5.070000,5.660000,5.660000,212700
2019-10-16,5.660000,5.790000,5.590000,5.740000,5.740000,176500
2019-10-17,5.770000,6.040000,5.600000,5.940000,5.940000,112100
2019-10-18,5.920000,5.920000,5.560000,5.660000,5.660000,127400
2019-10-21,5.710000,5.860000,5.620000,5.840000,5.840000,162700
2019-10-22,6.030000,6.100000,5.730000,5.960000,5.960000,197200
2019-10-23,6.010000,6.098000,5.810000,5.930000,5.930000,145300
2019-10-24,5.890000,5.930000,5.675000,5.720000,5.720000,149400
2019-10-25,5.690000,5.850000,5.510000,5.840000,5.840000,138500
2019-10-28,5.850000,6.150000,5.740000,5.880000,5.880000,286000
2019-10-29,5.930000,5.930000,5.710000,5.760000,5.760000,133900
2019-10-30,5.750000,5.850000,5.580000,5.650000,5.650000,176600
2019-10-31,5.690000,5.930000,5.490000,5.590000,5.590000,342700
2019-11-01,5.640000,6.050000,5.570000,5.870000,5.870000,354200
2019-11-04,5.910000,6.120000,5.870000,5.880000,5.880000,291500
2019-11-05,5.950000,6.250000,5.820000,6.080000,6.080000,192600
2019-11-06,6.100000,6.300000,6.010000,6.030000,6.030000,184600
2019-11-07,6.090000,6.300000,5.450000,5.760000,5.760000,459500
2019-11-08,5.670000,5.960000,5.560000,5.930000,5.930000,163900
2019-11-11,5.850000,6.180000,5.720000,6.015000,6.015000,180600
2019-11-12,6.050000,6.210000,5.960000,6.090000,6.090000,217300
2019-11-13,6.060000,6.220000,5.950000,6.080000,6.080000,202400
2019-11-14,6.080000,6.190000,5.960000,6.020000,6.020000,169700
2019-11-15,6.060000,6.110000,5.960000,6.030000,6.030000,127300
2019-11-18,6.020000,6.050000,5.800000,5.860000,5.860000,116600
2019-11-19,5.900000,6.050000,5.790000,6.030000,6.030000,284700
2019-11-20,5.940000,6.250000,5.940000,6.020000,6.020000,218900
2019-11-21,6.010000,6.065000,5.820000,5.850000,5.850000,281800
2019-11-22,5.810000,6.211000,5.800000,6.160000,6.160000,300700
2019-11-25,6.200000,6.730000,6.200000,6.690000,6.690000,311300
2019-11-26,6.700000,7.450000,6.700000,7.110000,7.110000,662100
2019-11-27,7.210000,7.580000,7.060000,7.400000,7.400000,300100
2019-11-29,7.390000,8.050000,7.390000,7.980000,7.980000,275600
2019-12-02,7.870000,7.937000,7.300000,7.490000,7.490000,316600
2019-12-03,5.620000,5.730000,4.900000,5.060000,5.060000,2681200
2019-12-04,5.070000,5.200000,4.610000,4.770000,4.770000,1052300
2019-12-05,4.720000,4.900000,4.480000,4.825000,4.825000,642400
2019-12-06,4.830000,4.970000,4.690000,4.730000,4.730000,224900
2019-12-09,4.700000,4.900000,4.670000,4.820000,4.820000,259500
2019-12-10,4.810000,5.200000,4.800000,5.100000,5.100000,407600
2019-12-11,5.140000,5.390000,5.060000,5.360000,5.360000,283100
2019-12-12,5.300000,5.450000,5.230000,5.320000,5.320000,217500
2019-12-13,5.440000,5.440000,5.110000,5.135000,5.135000,235500
2019-12-16,5.160000,5.270000,5.040000,5.070000,5.070000,236400
2019-12-17,5.090000,5.400000,5.000000,5.390000,5.390000,213400
2019-12-18,5.630000,5.990000,5.550000,5.710000,5.710000,460900
2019-12-19,5.790000,5.930000,5.526000,5.790000,5.790000,210200
2019-12-20,5.800000,5.930000,5.620000,5.660000,5.660000,197400
2019-12-23,5.760000,5.760000,5.500000,5.600000,5.600000,683100
2019-12-24,5.620000,5.735000,5.530000,5.680000,5.680000,195800
2019-12-26,5.790000,6.860000,5.780000,6.620000,6.620000,750900
2019-12-27,6.640000,6.710000,6.160000,6.500000,6.500000,297400
2019-12-30,6.550000,6.590000,5.850000,5.950000,5.950000,256500
2019-12-31,5.920000,6.060000,5.790000,5.810000,5.810000,273700
2020-01-02,5.900000,5.960000,5.750000,5.960000,5.960000,192700
2020-01-03,5.890000,6.140000,5.830000,5.880000,5.880000,211200
2020-01-06,5.820000,5.970000,5.700000,5.890000,5.890000,178400
2020-01-07,5.880000,6.270000,5.860000,6.190000,6.190000,219500
2020-01-08,6.240000,6.370000,6.080000,6.300000,6.300000,259800
2020-01-09,6.300000,6.400000,6.110000,6.230000,6.230000,196000
2020-01-10,6.290000,6.360000,6.130000,6.230000,6.230000,175100
2020-01-13,6.300000,6.300000,6.050000,6.150000,6.150000,125900
2020-01-14,6.190000,6.220000,6.010000,6.190000,6.190000,119400
2020-01-15,6.230000,6.300000,6.070000,6.250000,6.250000,177700
2020-01-16,6.360000,6.570000,6.360000,6.400000,6.400000,157400
2020-01-17,6.450000,6.519000,6.240000,6.260000,6.260000,114300
2020-01-21,6.260000,6.360000,6.100000,6.250000,6.250000,131600
2020-01-22,6.290000,6.360000,6.180000,6.250000,6.250000,90000
2020-01-23,6.210000,6.230000,5.930000,6.030000,6.030000,176500
2020-01-24,6.060000,6.180000,5.840000,5.930000,5.930000,132400
2020-01-27,5.760000,5.930000,5.610000,5.850000,5.850000,118200
2020-01-28,5.940000,5.970000,5.740000,5.790000,5.790000,126800
2020-01-29,5.870000,5.870000,5.550000,5.570000,5.570000,141000
2020-01-30,5.500000,5.585000,5.320000,5.420000,5.420000,134900
2020-01-31,5.370000,5.500000,5.230000,5.340000,5.340000,155900
2020-02-03,5.360000,5.415000,5.260000,5.360000,5.360000,91300
2020-02-04,5.440000,5.600000,5.370000,5.520000,5.520000,94200
2020-02-05,5.560000,5.702000,5.500000,5.610000,5.610000,73700
2020-02-06,5.640000,5.660000,5.460000,5.530000,5.530000,47900
2020-02-07,5.500000,5.500000,5.250000,5.330000,5.330000,75400
2020-02-10,5.310000,5.420000,5.260000,5.325000,5.325000,81900
2020-02-11,5.370000,5.445000,5.240000,5.320000,5.320000,99900
2020-02-12,5.330000,5.450000,5.310000,5.320000,5.320000,94400
2020-02-13,5.290000,5.370000,5.150000,5.170000,5.170000,78200
2020-02-14,5.180000,5.200000,5.021000,5.120000,5.120000,104400
2020-02-18,5.060000,5.190000,5.059000,5.170000,5.170000,79900
2020-02-19,5.180000,5.240000,5.080000,5.180000,5.180000,121500
2020-02-20,5.170000,5.230000,5.050000,5.060000,5.060000,161500
2020-02-21,5.070000,5.100000,5.030000,5.050000,5.050000,119700
2020-02-24,5.100000,5.117000,4.820000,4.840000,4.840000,462600
2020-02-25,4.840000,4.898000,4.400000,4.500000,4.500000,341700
2020-02-26,4.500000,4.590000,4.050000,4.130000,4.130000,470600
2020-02-27,4.040000,4.220000,3.790000,3.850000,3.850000,401900
2020-02-28,3.750000,3.810000,3.630000,3.800000,3.800000,389700
2020-03-02,3.800000,3.850000,3.600000,3.780000,3.780000,339600
2020-03-03,3.800000,3.870000,3.580000,3.630000,3.630000,154100
2020-03-04,3.740000,3.845000,3.710000,3.770000,3.770000,301000
2020-03-05,3.720000,3.790000,3.535000,3.570000,3.570000,262100
2020-03-06,3.500000,3.640000,3.380000,3.520000,3.520000,220600
2020-03-09,3.190000,3.405000,2.950000,2.980000,2.980000,287200
2020-03-10,3.100000,3.170000,2.820000,3.030000,3.030000,238600
2020-03-11,3.000000,3.011000,2.620000,2.790000,2.790000,439100
2020-03-12,2.500000,2.750000,2.410000,2.420000,2.420000,310900
2020-03-13,2.620000,3.480000,2.380000,2.510000,2.510000,353700
2020-03-16,2.750000,2.800000,1.590000,1.620000,1.620000,621400
2020-03-17,1.610000,2.140000,1.480000,2.020000,2.020000,601500
2020-03-18,2.050000,2.280000,1.680000,1.710000,1.710000,325600
2020-03-19,1.710000,2.210000,1.650000,2.110000,2.110000,256300
2020-03-20,2.190000,2.402000,1.840000,1.900000,1.900000,361500
2020-03-23,1.960000,2.015000,1.810000,1.880000,1.880000,219900
2020-03-24,2.250000,2.405000,1.960000,2.310000,2.310000,397600
2020-03-25,2.300000,2.440000,1.940000,1.980000,1.980000,307500
2020-03-26,2.030000,2.350000,1.930000,2.330000,2.330000,378100
2020-03-27,2.090000,2.630000,2.090000,2.540000,2.540000,243600
2020-03-30,2.500000,2.577000,2.310000,2.440000,2.440000,198300
2020-03-31,2.400000,2.570000,2.330000,2.470000,2.470000,153200
2020-04-01,2.310000,2.360000,2.090000,2.120000,2.120000,186600
2020-04-02,2.100000,2.180000,2.005000,2.040000,2.040000,190600
2020-04-03,2.020000,2.150000,1.940000,1.970000,1.970000,136500
2020-04-06,2.060000,2.380000,2.060000,2.320000,2.320000,259600
2020-04-07,2.440000,2.440000,2.100000,2.120000,2.120000,306600
2020-04-08,2.220000,2.345000,2.150000,2.240000,2.240000,202000
2020-04-09,2.310000,2.560000,2.260000,2.360000,2.360000,249300
2020-04-13,2.420000,2.630000,2.281000,2.480000,2.480000,198000
2020-04-14,2.900000,3.250000,2.650000,3.170000,3.170000,1303500
2020-04-15,3.320000,3.330000,2.840000,3.050000,3.050000,450700
2020-04-16,3.060000,3.240000,2.880000,3.130000,3.130000,365500
2020-04-17,3.130000,3.160000,2.810000,2.910000,2.910000,273000
2020-04-20,3.050000,3.050000,2.750000,2.760000,2.760000,199400
2020-04-21,2.750000,2.774000,2.500000,2.540000,2.540000,289800
2020-04-22,2.650000,2.720000,2.500000,2.660000,2.660000,216500
2020-04-23,2.600000,2.790000,2.570000,2.670000,2.670000,148600
2020-04-24,2.670000,2.760000,2.580000,2.580000,2.580000,151300
2020-04-27,2.650000,2.710000,2.580000,2.680000,2.680000,264700
2020-04-28,2.720000,3.110000,2.680000,3.030000,3.030000,349700
2020-04-29,3.080000,3.540000,3.056000,3.310000,3.310000,401900
2020-04-30,3.320000,3.439000,3.120000,3.150000,3.150000,346500
2020-05-01,3.030000,3.080000,2.670000,2.790000,2.790000,297500
2020-05-04,2.600000,2.910000,2.600000,2.900000,2.900000,145300
2020-05-05,3.100000,3.200000,2.960000,2.960000,2.960000,276300
2020-05-06,3.000000,3.050000,2.905000,2.930000,2.930000,142200
2020-05-07,3.020000,3.030000,2.760000,2.830000,2.830000,280900