Date,Open,High,Low,Close,Adj Close,Volume
2018-10-11,22.000000,25.990000,21.670000,25.000000,25.000000,8110200
2018-10-12,26.900000,27.400000,25.530001,26.809999,26.809999,2197400
2018-10-15,27.459999,27.719999,25.549999,26.959999,26.959999,1345600
2018-10-16,27.040001,27.620001,25.600000,25.870001,25.870001,939100
2018-10-17,26.000000,26.110001,24.160000,24.980000,24.980000,2139500
2018-10-18,24.660000,25.230000,23.700001,23.799999,23.799999,1267800
2018-10-19,23.879999,24.400000,23.000000,23.400000,23.400000,444500
2018-10-22,23.400000,23.920000,22.459999,23.000000,23.000000,514100
2018-10-23,22.879999,23.809999,22.700001,22.840000,22.840000,426800
2018-10-24,23.000000,24.549999,22.200001,22.500000,22.500000,1742500
2018-10-25,22.400000,23.490000,22.230000,22.559999,22.559999,1071400
2018-10-26,22.770000,23.340000,22.680000,23.000000,23.000000,368300
2018-10-29,23.400000,24.469999,22.910000,23.020000,23.020000,364200
2018-10-30,23.870001,24.780001,23.010000,23.809999,23.809999,265500
2018-10-31,24.469999,24.469999,23.580000,24.010000,24.010000,361800
2018-11-01,24.330000,27.049999,24.020000,26.950001,26.950001,402200
2018-11-02,27.320000,28.100000,27.000000,27.690001,27.690001,831400
2018-11-05,28.250000,28.900000,26.530001,28.350000,28.350000,792900
2018-11-06,28.500000,33.299999,28.469999,33.299999,33.299999,1040600
2018-11-07,33.320000,35.549999,31.420000,32.680000,32.680000,1330000
2018-11-08,32.669998,34.450001,32.369999,33.240002,33.240002,596100
2018-11-09,33.070000,33.529999,29.400000,30.620001,30.620001,510300
2018-11-12,30.620001,31.500000,27.000000,27.020000,27.020000,426600
2018-11-13,27.230000,29.200001,27.230000,27.700001,27.700001,261800
2018-11-14,27.959999,29.160000,24.900000,25.010000,25.010000,1082600
2018-11-15,25.000000,27.440001,24.850000,26.930000,26.930000,375600
2018-11-16,26.660000,28.500000,26.660000,27.980000,27.980000,463200
2018-11-19,27.950001,28.809999,26.129999,26.530001,26.530001,435200
2018-11-20,26.469999,26.820000,24.760000,25.540001,25.540001,301800
2018-11-21,26.020000,26.790001,25.590000,25.590000,25.590000,233600
2018-11-23,25.510000,27.340000,25.510000,26.520000,26.520000,63500
2018-11-26,27.250000,27.799999,26.530001,27.660000,27.660000,247000
2018-11-27,27.510000,29.299999,26.840000,28.389999,28.389999,241300
2018-11-28,28.690001,30.660000,27.900000,30.500000,30.500000,448800
2018-11-29,30.110001,31.879999,29.709999,31.030001,31.030001,384000
2018-11-30,31.150000,33.110001,31.150000,31.280001,31.280001,526900
2018-12-03,31.910000,33.490002,31.540001,31.690001,31.690001,441400
2018-12-04,31.780001,33.959999,29.950001,30.450001,30.450001,671500
2018-12-06,29.940001,30.309999,25.990000,27.070000,27.070000,1439500
2018-12-07,27.049999,28.150000,26.000000,26.280001,26.280001,520800
2018-12-10,26.299999,28.010000,26.230000,26.520000,26.520000,622000
2018-12-11,27.059999,27.590000,25.870001,25.990000,25.990000,557100
2018-12-12,26.559999,27.280001,26.100000,26.209999,26.209999,324200
2018-12-13,26.170000,26.740000,25.520000,26.139999,26.139999,310200
2018-12-14,25.670000,27.910000,25.510000,26.219999,26.219999,552000
2018-12-17,26.250000,26.709999,24.500000,25.420000,25.420000,476000
2018-12-18,25.559999,26.180000,25.000000,25.690001,25.690001,615300
2018-12-19,25.760000,27.330000,25.000000,25.570000,25.570000,603500
2018-12-20,25.320000,26.290001,24.299999,24.719999,24.719999,1008900
2018-12-21,24.969999,25.780001,23.580000,24.139999,24.139999,4211600
2018-12-24,23.500000,24.549999,23.500000,24.120001,24.120001,167700
2018-12-26,24.680000,26.160000,24.340000,25.330000,25.330000,401000
2018-12-27,25.000000,25.350000,23.370001,24.760000,24.760000,352200
2018-12-28,24.750000,26.129999,24.160000,25.900000,25.900000,217900
2018-12-31,26.290001,26.940001,24.760000,26.930000,26.930000,403100
2019-01-02,26.620001,28.049999,25.900000,27.559999,27.559999,694700
2019-01-03,27.520000,27.629999,25.760000,26.000000,26.000000,272700
2019-01-04,26.780001,27.420000,26.110001,26.469999,26.469999,413500
2019-01-07,26.750000,28.370001,26.750000,27.389999,27.389999,581600
2019-01-08,27.930000,27.950001,26.230000,27.059999,27.059999,296500
2019-01-09,27.219999,27.629999,26.790001,27.330000,27.330000,235300
2019-01-10,27.280001,28.830000,26.760000,28.100000,28.100000,424700
2019-01-11,28.090000,29.900000,28.090000,29.510000,29.510000,504700
2019-01-14,29.370001,29.500000,28.430000,28.459999,28.459999,451500
2019-01-15,28.590000,28.950001,27.100000,27.950001,27.950001,253800
2019-01-16,28.000000,29.410000,27.370001,28.790001,28.790001,200000
2019-01-17,28.750000,29.730000,27.709999,28.190001,28.190001,304400
2019-01-18,28.469999,28.780001,28.000000,28.580000,28.580000,324000
2019-01-22,28.500000,28.910000,27.250000,27.780001,27.780001,234100
2019-01-23,27.900000,28.459999,27.040001,27.809999,27.809999,139100
2019-01-24,27.920000,28.700001,27.219999,28.650000,28.650000,194400
2019-01-25,28.780001,29.850000,28.620001,29.540001,29.540001,237000
2019-01-28,29.450001,30.620001,28.889999,29.520000,29.520000,272300
2019-01-29,29.540001,30.320000,29.540001,29.860001,29.860001,236300
2019-01-30,30.100000,30.700001,29.370001,30.299999,30.299999,337300
2019-01-31,30.250000,31.400000,29.969999,30.330000,30.330000,429800
2019-02-01,30.370001,31.219999,30.180000,30.770000,30.770000,251900
2019-02-04,30.770000,32.419998,30.719999,31.580000,31.580000,290700
2019-02-05,31.799999,32.320000,30.049999,31.000000,31.000000,414600
2019-02-06,31.160000,31.370001,30.160000,30.840000,30.840000,212000
2019-02-07,30.620001,31.709999,29.780001,30.129999,30.129999,473800
2019-02-08,29.910000,30.990000,29.709999,30.120001,30.120001,237400
2019-02-11,30.309999,30.990000,29.830000,30.270000,30.270000,384300
2019-02-12,30.520000,32.349998,30.139999,31.500000,31.500000,283800
2019-02-13,31.629999,32.419998,31.629999,31.940001,31.940001,308300
2019-02-14,31.860001,32.470001,31.090000,31.139999,31.139999,247600
2019-02-15,31.129999,31.920000,30.219999,31.240000,31.240000,337000
2019-02-19,31.240000,31.969999,31.080000,31.870001,31.870001,199200
2019-02-20,32.020000,32.230000,30.549999,30.690001,30.690001,291700
2019-02-21,30.680000,30.780001,29.410000,30.680000,30.680000,178600
2019-02-22,30.650000,31.480000,30.400000,31.070000,31.070000,155000
2019-02-25,31.660000,32.529999,31.570000,31.730000,31.730000,370800
2019-02-26,31.709999,32.000000,31.270000,31.770000,31.770000,151600
2019-02-27,31.530001,33.480000,31.530001,32.540001,32.540001,588900
2019-02-28,32.599998,32.900002,31.500000,31.690001,31.690001,386000
2019-03-01,32.099998,32.340000,30.600000,31.340000,31.340000,526500
2019-03-04,31.370001,32.250000,30.760000,31.940001,31.940001,601500
2019-03-05,31.959999,32.410000,31.299999,31.520000,31.520000,369300
2019-03-06,31.450001,32.029999,29.590000,29.639999,29.639999,275600
2019-03-07,29.650000,30.430000,29.450001,29.650000,29.650000,202600
2019-03-08,29.540001,29.540001,27.260000,28.379999,28.379999,688100
2019-03-11,28.469999,28.549999,27.680000,28.260000,28.260000,540300
2019-03-12,28.270000,28.370001,26.330000,26.719999,26.719999,818100
2019-03-13,26.799999,27.100000,25.709999,26.889999,26.889999,770900
2019-03-14,27.469999,28.270000,26.330000,26.530001,26.530001,624500
2019-03-15,26.850000,27.309999,25.719999,26.740000,26.740000,2262900
2019-03-18,26.740000,27.520000,25.730000,26.830000,26.830000,656900
2019-03-19,26.740000,27.170000,25.799999,26.299999,26.299999,410900
2019-03-20,26.209999,26.510000,25.799999,25.959999,25.959999,271700
2019-03-21,25.830000,27.500000,25.830000,27.280001,27.280001,359100
2019-03-22,27.139999,27.299999,25.530001,25.549999,25.549999,1027900
2019-03-25,25.690001,26.170000,24.600000,24.820000,24.820000,696800
2019-03-26,24.920000,25.719999,24.799999,25.650000,25.650000,354700
2019-03-27,25.680000,26.240000,25.520000,26.190001,26.190001,438300
2019-03-28,26.410000,27.870001,26.120001,27.049999,27.049999,358000
2019-03-29,27.809999,29.389999,27.170000,28.910000,28.910000,513400
2019-04-01,29.160000,29.580000,28.440001,28.730000,28.730000,300200
2019-04-02,28.760000,29.090000,27.959999,28.120001,28.120001,206500
2019-04-03,28.309999,28.540001,27.510000,27.799999,27.799999,201100
2019-04-04,27.760000,28.230000,27.610001,27.930000,27.930000,393600
2019-04-05,28.020000,28.299999,27.500000,27.969999,27.969999,286800
2019-04-08,27.930000,27.930000,27.000000,27.480000,27.480000,292100
2019-04-09,27.500000,27.809999,26.709999,26.959999,26.959999,422800
2019-04-10,27.000000,27.480000,26.830000,27.000000,27.000000,371800
2019-04-11,27.000000,27.000000,26.559999,26.600000,26.600000,534000
2019-04-12,26.600000,26.790001,26.200001,26.320000,26.320000,602200
2019-04-15,26.090000,26.920000,25.719999,25.940001,25.940001,569300
2019-04-16,26.100000,26.299999,25.870001,26.270000,26.270000,292100
2019-04-17,26.410000,26.410000,25.270000,25.559999,25.559999,411200
2019-04-18,25.670000,26.000000,25.200001,25.950001,25.950001,280900
2019-04-22,25.650000,26.120001,25.510000,25.790001,25.790001,280200
2019-04-23,25.850000,27.000000,25.530001,26.930000,26.930000,314300
2019-04-24,26.889999,27.650000,26.440001,27.559999,27.559999,430600
2019-04-25,27.480000,28.170000,27.240000,27.940001,27.940001,242600
2019-04-26,27.910000,30.400000,27.690001,29.850000,29.850000,549500
2019-04-29,29.950001,29.950001,28.770000,29.799999,29.799999,382700
2019-04-30,29.820000,30.059999,29.420000,29.950001,29.950001,339600
2019-05-01,29.790001,30.200001,29.250000,29.469999,29.469999,480900
2019-05-02,29.469999,29.750000,29.160000,29.719999,29.719999,523000
2019-05-03,30.129999,30.280001,29.830000,30.230000,30.230000,381100
2019-05-06,29.629999,31.190001,29.260000,31.090000,31.090000,318200
2019-05-07,29.770000,30.990000,29.750000,29.790001,29.790001,529000
2019-05-08,29.610001,30.950001,29.190001,30.440001,30.440001,409800
2019-05-09,30.139999,30.469999,29.770000,30.020000,30.020000,519700
2019-05-10,29.809999,30.420000,29.360001,30.309999,30.309999,419900
2019-05-13,29.770000,30.100000,28.980000,29.820000,29.820000,392600
2019-05-14,29.879999,31.559999,29.670000,31.040001,31.040001,454900
2019-05-15,30.770000,31.400000,27.549999,28.559999,28.559999,1357500
2019-05-16,28.650000,29.770000,28.650000,29.760000,29.760000,358800
2019-05-17,29.400000,29.980000,29.070000,29.190001,29.190001,480300
2019-05-20,29.000000,29.309999,28.070000,28.270000,28.270000,394300
2019-05-21,28.559999,29.340000,28.059999,29.120001,29.120001,422900
2019-05-22,29.100000,29.650000,28.590000,29.030001,29.030001,470900
2019-05-23,28.309999,28.629999,27.520000,27.629999,27.629999,793100
2019-05-24,27.760000,28.889999,27.760000,28.299999,28.299999,401600
2019-05-28,28.350000,28.900000,27.969999,28.570000,28.570000,682700
2019-05-29,28.160000,28.850000,27.719999,28.420000,28.420000,480900
2019-05-30,28.490000,28.719999,26.809999,26.940001,26.940001,379500
2019-05-31,26.540001,26.820000,25.950001,26.230000,26.230000,348900
2019-06-03,26.900000,27.309999,26.260000,27.240000,27.240000,392400
2019-06-04,27.469999,28.049999,26.700001,27.080000,27.080000,488100
2019-06-05,26.780001,26.830000,25.809999,26.100000,26.100000,464400
2019-06-06,26.049999,26.059999,25.270000,25.950001,25.950001,920200
2019-06-07,26.040001,26.660000,25.620001,26.440001,26.440001,343100
2019-06-10,26.590000,28.150000,26.590000,27.320000,27.320000,550200
2019-06-11,27.760000,28.080000,26.590000,26.740000,26.740000,444400
2019-06-12,26.709999,27.780001,26.400000,26.660000,26.660000,436800
2019-06-13,26.740000,27.080000,26.459999,26.760000,26.760000,344900
2019-06-14,26.690001,27.330000,26.370001,26.430000,26.430000,339700
2019-06-17,26.600000,27.940001,26.600000,27.400000,27.400000,494300
2019-06-18,27.629999,28.379999,27.389999,28.180000,28.180000,325500
2019-06-19,28.040001,28.370001,27.530001,28.100000,28.100000,505700
2019-06-20,28.230000,28.459999,27.290001,27.400000,27.400000,487200
2019-06-21,27.190001,27.320000,26.510000,26.830000,26.830000,1152100
2019-06-24,26.910000,27.070000,26.309999,26.540001,26.540001,597700
2019-06-25,26.540001,26.860001,26.040001,26.170000,26.170000,451100
2019-06-26,26.180000,26.490000,25.950001,26.100000,26.100000,340400
2019-06-27,26.200001,26.809999,26.190001,26.620001,26.620001,320500
2019-06-28,26.770000,27.170000,26.200001,26.850000,26.850000,2890200
2019-07-01,26.709999,28.500000,26.709999,28.340000,28.340000,483100
2019-07-02,28.379999,28.379999,27.010000,27.160000,27.160000,294500
2019-07-03,27.170000,27.610001,26.950001,27.059999,27.059999,172900
2019-07-05,27.040001,27.340000,26.510000,26.780001,26.780001,279400
2019-07-08,26.600000,26.730000,26.299999,26.650000,26.650000,345600
2019-07-09,26.370001,26.930000,26.290001,26.740000,26.740000,301700
2019-07-10,26.879999,27.299999,26.520000,26.940001,26.940001,239500
2019-07-11,26.889999,27.070000,26.570000,26.610001,26.610001,328500
2019-07-12,26.580000,26.730000,26.150000,26.400000,26.400000,320600
2019-07-15,26.330000,27.480000,26.139999,27.049999,27.049999,358600
2019-07-16,27.080000,27.830000,27.020000,27.680000,27.680000,179500
2019-07-17,27.719999,28.330000,27.410000,28.190001,28.190001,270600
2019-07-18,28.309999,28.480000,27.760000,28.240000,28.240000,160500
2019-07-19,28.170000,28.650000,27.610001,28.010000,28.010000,247500
2019-07-22,28.040001,28.440001,27.639999,28.120001,28.120001,147900
2019-07-23,28.270000,28.389999,27.670000,28.020000,28.020000,201700
2019-07-24,28.120001,28.639999,27.730000,28.620001,28.620001,214100
2019-07-25,28.629999,28.690001,28.010000,28.150000,28.150000,271700
2019-07-26,28.180000,29.379999,28.170000,29.360001,29.360001,302100
2019-07-29,29.309999,29.700001,29.000000,29.600000,29.600000,222500
2019-07-30,29.360001,30.620001,29.360001,30.570000,30.570000,330800
2019-07-31,30.549999,31.719999,29.990000,31.000000,31.000000,684200
2019-08-01,31.000000,31.700001,29.020000,30.330000,30.330000,613000
2019-08-02,30.090000,30.440001,29.070000,29.530001,29.530001,266800
2019-08-05,29.049999,29.959999,28.420000,29.430000,29.430000,540200
2019-08-06,29.670000,30.170000,28.830000,29.750000,29.750000,271500
2019-08-07,29.150000,30.520000,28.150000,29.590000,29.590000,296500
2019-08-08,29.950001,31.209999,29.430000,31.059999,31.059999,452600
2019-08-09,31.250000,31.860001,30.940001,31.180000,31.180000,428400
2019-08-12,31.129999,31.190001,29.240000,29.490000,29.490000,256800
2019-08-13,29.320000,29.920000,28.059999,28.360001,28.360001,339300
2019-08-14,27.840000,28.879999,27.620001,27.629999,27.629999,545800
2019-08-15,27.870001,27.889999,26.059999,26.309999,26.309999,505100
2019-08-16,26.500000,26.820000,26.059999,26.270000,26.270000,476400
2019-08-19,26.590000,27.709999,26.420000,27.670000,27.670000,256400
2019-08-20,27.639999,27.910000,27.010000,27.160000,27.160000,199100
2019-08-21,27.500000,27.570000,26.850000,27.059999,27.059999,138500
2019-08-22,27.209999,27.400000,26.559999,27.040001,27.040001,228000
2019-08-23,27.000000,27.350000,26.049999,26.160000,26.160000,303200
2019-08-26,26.459999,26.740000,26.030001,26.430000,26.430000,174400
2019-08-27,26.510000,26.980000,25.840000,26.110001,26.110001,200900
2019-08-28,25.969999,26.830000,25.820000,26.680000,26.680000,153300
2019-08-29,26.850000,27.200001,26.410000,27.170000,27.170000,129600
2019-08-30,27.250000,27.490000,26.540001,27.230000,27.230000,114600
2019-09-03,26.809999,27.440001,26.040001,26.150000,26.150000,330000
2019-09-04,26.459999,27.290001,26.170000,27.209999,27.209999,342200
2019-09-05,27.799999,28.280001,27.299999,28.100000,28.100000,203700
2019-09-06,28.139999,28.690001,27.450001,27.549999,27.549999,205800
2019-09-09,27.680000,28.780001,26.969999,28.580000,28.580000,386500
2019-09-10,28.559999,29.500000,28.200001,29.299999,29.299999,421900
2019-09-11,29.459999,30.230000,28.910000,30.070000,30.070000,495900
2019-09-12,30.110001,30.770000,29.610001,30.240000,30.240000,412100
2019-09-13,30.320000,30.980000,29.850000,30.040001,30.040001,419100
2019-09-16,29.910000,32.049999,29.469999,31.990000,31.990000,525800
2019-09-17,31.540001,32.419998,31.080000,31.990000,31.990000,441200
2019-09-18,31.959999,32.939999,31.570000,32.740002,32.740002,393100
2019-09-19,32.740002,33.490002,32.400002,32.720001,32.720001,318700
2019-09-20,32.639999,33.799999,32.330002,32.990002,32.990002,2468900
2019-09-23,32.790001,32.910000,31.610001,31.780001,31.780001,384500
2019-09-24,31.410000,31.549999,29.350000,29.469999,29.469999,594600
2019-09-25,29.180000,29.500000,27.290001,27.400000,27.400000,493600
2019-09-26,27.420000,27.570000,26.690001,26.969999,26.969999,800300
2019-09-27,27.180000,28.590000,26.820000,27.250000,27.250000,572900
2019-09-30,27.250000,27.830000,27.000000,27.260000,27.260000,450000
2019-10-01,27.160000,27.850000,26.920000,27.440001,27.440001,416300
2019-10-02,27.290001,28.000000,27.000000,27.580000,27.580000,517200
2019-10-03,27.540001,27.900000,27.200001,27.400000,27.400000,202600
2019-10-04,27.480000,27.850000,26.510000,27.059999,27.059999,284800
2019-10-07,27.000000,27.540001,26.870001,26.990000,26.990000,159600
2019-10-08,26.709999,27.190001,26.209999,26.260000,26.260000,261500
2019-10-09,26.520000,26.580000,24.850000,25.240000,25.240000,505700
2019-10-10,25.350000,25.910000,24.750000,25.830000,25.830000,282500
2019-10-11,26.030001,26.230000,24.760000,24.820000,24.820000,475700
2019-10-14,24.799999,25.860001,24.799999,25.309999,25.309999,228400
2019-10-15,25.430000,26.330000,25.150000,26.010000,26.010000,281700
2019-10-16,26.049999,26.629999,25.959999,26.370001,26.370001,278000
2019-10-17,26.660000,27.840000,26.600000,27.780001,27.780001,238000
2019-10-18,27.620001,27.750000,26.850000,27.370001,27.370001,212800
2019-10-21,27.610001,28.230000,27.469999,27.930000,27.930000,336200
2019-10-22,28.240000,28.740000,27.680000,27.959999,27.959999,294800
2019-10-23,28.250000,28.450001,27.680000,27.889999,27.889999,227400
2019-10-24,27.940001,28.209999,27.700001,27.990000,27.990000,208800
2019-10-25,27.940001,29.480000,27.820000,29.129999,29.129999,317500
2019-10-28,29.299999,29.490000,28.270000,28.590000,28.590000,260200
2019-10-29,28.530001,29.280001,28.280001,28.920000,28.920000,225600
2019-10-30,28.959999,29.920000,28.570000,29.830000,29.830000,274100
2019-10-31,29.760000,30.129999,28.389999,28.799999,28.799999,445500
2019-11-01,28.520000,29.379999,28.440001,28.940001,28.940001,320700
2019-11-04,29.719999,29.719999,28.690001,28.920000,28.920000,262000
2019-11-05,29.000000,29.000000,26.680000,27.660000,27.660000,401400
2019-11-06,27.150000,27.799999,25.530001,25.889999,25.889999,682100
2019-11-07,25.730000,26.969999,25.549999,26.440001,26.440001,527900
2019-11-08,26.580000,27.600000,26.430000,27.320000,27.320000,577300
2019-11-11,27.670000,28.090000,26.990000,27.160000,27.160000,237800
2019-11-12,26.309999,27.559999,26.250000,26.670000,26.670000,294800
2019-11-13,26.400000,26.840000,26.150000,26.549999,26.549999,135300
2019-11-14,26.490000,27.280001,26.020000,27.150000,27.150000,350800
2019-11-15,27.410000,28.120001,27.379999,27.809999,27.809999,191300
2019-11-18,27.600000,28.180000,27.170000,27.879999,27.879999,402000
2019-11-19,28.049999,29.150000,27.610001,28.860001,28.860001,985800
2019-11-20,28.650000,29.400000,27.370001,27.450001,27.450001,640300
2019-11-21,27.350000,28.620001,27.350000,28.049999,28.049999,453200
2019-11-22,28.330000,28.410000,26.620001,27.010000,27.010000,442400
2019-11-25,27.250000,27.730000,26.330000,26.440001,26.440001,478100
2019-11-26,26.459999,27.670000,26.250000,27.600000,27.600000,540200
2019-11-27,27.920000,28.620001,27.680000,28.070000,28.070000,439200
2019-11-29,28.139999,28.549999,28.020000,28.180000,28.180000,212800
2019-12-02,28.049999,28.680000,27.940001,28.290001,28.290001,641400
2019-12-03,28.209999,28.639999,28.010000,28.410000,28.410000,1294500
2019-12-04,28.660000,29.809999,28.430000,29.480000,29.480000,1142200
2019-12-05,29.629999,29.950001,28.980000,29.540001,29.540001,750700
2019-12-06,29.500000,31.459999,29.370001,31.400000,31.400000,1192500
2019-12-09,31.580000,33.389999,31.120001,31.150000,31.150000,1079200
2019-12-10,31.000000,31.150000,29.410000,29.629999,29.629999,621600
2019-12-11,29.590000,29.740000,27.860001,27.969999,27.969999,555100
2019-12-12,27.889999,28.400000,26.920000,27.740000,27.740000,564300
2019-12-13,27.709999,27.750000,26.709999,27.090000,27.090000,636600
2019-12-16,27.180000,27.559999,26.559999,27.040001,27.040001,641700
2019-12-17,27.209999,27.490000,26.620001,27.190001,27.190001,650100
2019-12-18,27.740000,27.840000,26.799999,27.459999,27.459999,1430700
2019-12-19,27.750000,27.840000,26.650000,27.000000,27.000000,562900
2019-12-20,27.000000,27.280001,26.510000,26.580000,26.580000,2802800
2019-12-23,26.719999,27.180000,26.209999,26.770000,26.770000,954700
2019-12-24,26.850000,27.200001,26.520000,26.990000,26.990000,291900
2019-12-26,27.000000,27.000000,26.100000,26.129999,26.129999,562900
2019-12-27,26.340000,26.700001,25.709999,26.320000,26.320000,629200
2019-12-30,26.290001,26.440001,25.299999,25.959999,25.959999,780400
2019-12-31,25.809999,26.299999,25.740000,25.980000,25.980000,376100
2020-01-02,25.940001,26.570000,25.650000,26.219999,26.219999,464000
2020-01-03,26.030001,26.450001,25.760000,25.950001,25.950001,398200
2020-01-06,25.830000,26.420000,25.090000,26.360001,26.360001,578500
2020-01-07,26.299999,26.490000,25.830000,26.020000,26.020000,394200
2020-01-08,26.080000,26.620001,25.889999,26.530001,26.530001,346600
2020-01-09,26.709999,26.900000,26.070000,26.260000,26.260000,233900
2020-01-10,26.129999,26.610001,25.930000,26.139999,26.139999,665000
2020-01-13,26.200001,26.230000,25.500000,25.530001,25.530001,623300
2020-01-14,25.520000,26.570000,25.320000,26.150000,26.150000,701300
2020-01-15,26.150000,26.950001,26.150000,26.620001,26.620001,444600
2020-01-16,26.799999,27.020000,26.260000,26.959999,26.959999,782500
2020-01-17,27.180000,27.559999,25.180000,25.320000,25.320000,708100
2020-01-21,25.200001,25.780001,25.049999,25.520000,25.520000,673900
2020-01-22,25.629999,25.719999,25.260000,25.430000,25.430000,257300
2020-01-23,25.350000,25.629999,24.709999,24.719999,24.719999,725100
2020-01-24,24.709999,24.950001,23.299999,23.410000,23.410000,769800
2020-01-27,23.030001,23.320000,21.799999,22.639999,22.639999,715300
2020-01-28,22.760000,23.049999,22.500000,22.570000,22.570000,564600
2020-01-29,22.600000,22.770000,22.010000,22.020000,22.020000,592300
2020-01-30,21.910000,22.400000,21.540001,22.120001,22.120001,454700
2020-01-31,21.980000,22.250000,21.280001,21.719999,21.719999,637300
2020-02-03,21.680000,22.000000,21.250000,21.860001,21.860001,482600
2020-02-04,22.100000,22.500000,21.990000,22.200001,22.200001,565500
2020-02-05,22.480000,23.209999,22.190001,22.250000,22.250000,418700
2020-02-06,22.450001,23.969999,22.250000,23.770000,23.770000,755400
2020-02-07,23.690001,23.959999,23.320000,23.709999,23.709999,380600
2020-02-10,23.790001,24.170000,23.420000,23.900000,23.900000,356600
2020-02-11,24.059999,24.250000,23.360001,23.420000,23.420000,261500
2020-02-12,23.590000,23.680000,22.959999,23.549999,23.549999,303300
2020-02-13,23.379999,23.799999,22.850000,23.379999,23.379999,481300
2020-02-14,23.490000,23.730000,22.889999,23.610001,23.610001,411800
2020-02-18,23.510000,24.299999,23.200001,24.250000,24.250000,322300
2020-02-19,24.430000,25.670000,24.420000,25.299999,25.299999,685600
2020-02-20,25.260000,26.000000,24.799999,25.719999,25.719999,579800
2020-02-21,25.719999,26.190001,25.340000,26.010000,26.010000,596300
2020-02-24,24.900000,25.520000,24.410000,24.950001,24.950001,966100
2020-02-25,25.120001,25.629999,24.510000,24.920000,24.920000,1060100
2020-02-26,24.950001,25.840000,24.900000,25.450001,25.450001,611600
2020-02-27,25.510000,27.270000,24.600000,25.920000,25.920000,1203600
2020-02-28,25.000000,27.000000,24.719999,27.000000,27.000000,1213500
2020-03-02,26.870001,27.879999,26.430000,27.620001,27.620001,785400
2020-03-03,27.510000,28.040001,27.049999,27.510000,27.510000,621200
2020-03-04,27.930000,28.299999,27.360001,28.250000,28.250000,483400
2020-03-05,27.400000,27.799999,26.670000,27.770000,27.770000,756500
2020-03-06,27.200001,27.990000,26.850000,27.010000,27.010000,714200
2020-03-09,25.400000,26.719999,24.750000,25.320000,25.320000,730800
2020-03-10,25.730000,26.309999,25.129999,25.980000,25.980000,721500
2020-03-11,25.559999,26.129999,24.500000,25.049999,25.049999,1125000
2020-03-12,23.670000,24.480000,21.059999,21.070000,21.070000,2028900
2020-03-13,21.590000,23.400000,20.400000,22.049999,22.049999,957500
2020-03-16,20.719999,20.719999,18.379999,18.379999,18.379999,973700
2020-03-17,18.740000,20.200001,17.790001,19.209999,19.209999,838600
2020-03-18,18.260000,19.430000,17.430000,18.219999,18.219999,687200
2020-03-19,17.650000,20.959999,17.549999,20.290001,20.290001,1002400
2020-03-20,20.580000,21.990000,18.709999,19.250000,19.250000,945800
2020-03-23,19.059999,20.129999,18.650000,19.010000,19.010000,534200
2020-03-24,19.980000,20.320000,18.590000,19.940001,19.940001,785200
2020-03-25,20.080000,20.690001,19.219999,19.809999,19.809999,661300
2020-03-26,19.920000,21.010000,19.850000,20.250000,20.250000,572600
2020-03-27,19.860001,20.959999,19.010000,19.920000,19.920000,561400
2020-03-30,20.129999,20.700001,19.660000,20.080000,20.080000,455400
2020-03-31,19.959999,20.100000,18.770000,19.440001,19.440001,877300
2020-04-01,18.980000,19.520000,17.840000,18.389999,18.389999,777900
2020-04-02,18.480000,19.440001,17.790001,19.100000,19.100000,573900
2020-04-03,19.010000,19.900000,18.709999,18.889999,18.889999,482900
2020-04-06,19.549999,21.230000,19.110001,21.110001,21.110001,670700
2020-04-07,21.700001,22.290001,20.209999,20.330000,20.330000,691500
2020-04-08,20.570000,21.150000,20.150000,20.850000,20.850000,382200
2020-04-09,21.260000,22.860001,21.180000,22.690001,22.690001,799700
2020-04-13,22.950001,23.639999,22.200001,23.420000,23.420000,898400
2020-04-14,23.920000,25.010000,23.570000,24.940001,24.940001,977900
2020-04-15,24.549999,25.990000,24.110001,25.670000,25.670000,1161700
2020-04-16,26.000000,26.600000,24.730000,26.059999,26.059999,1069900
2020-04-17,26.629999,27.799999,25.940001,27.620001,27.620001,1038600
2020-04-20,27.459999,29.910000,27.209999,27.889999,27.889999,773800
2020-04-21,27.110001,28.139999,25.879999,26.049999,26.049999,550700
2020-04-22,26.750000,27.790001,26.590000,27.530001,27.530001,345700
2020-04-23,27.620001,28.740000,27.520000,27.940001,27.940001,487000
2020-04-24,28.219999,30.080000,27.709999,29.600000,29.600000,545800
2020-04-27,29.990000,30.240000,28.650000,28.780001,28.780001,617000
2020-04-28,28.980000,29.290001,26.299999,26.620001,26.620001,564500
2020-04-29,27.209999,28.639999,26.110001,28.200001,28.200001,1076400
2020-04-30,27.990000,29.799999,27.510000,28.900000,28.900000,1506100
2020-05-01,28.170000,28.990000,27.260000,28.450001,28.450001,837300
2020-05-04,28.129999,31.730000,28.010000,31.680000,31.680000,1154600
2020-05-05,32.000000,33.220001,30.309999,30.860001,30.860001,856800
2020-05-06,31.120001,31.760000,29.010000,30.070000,30.070000,812900
2020-05-07,30.000000,31.059999,29.340000,30.580000,30.580000,544700