Date,Open,High,Low,Close,Adj Close,Volume
2017-11-02,12.400000,12.400000,9.770000,9.980000,9.980000,2388800
2017-11-03,10.100000,10.500000,8.660000,9.790000,9.790000,356200
2017-11-06,9.740000,10.640000,9.010000,10.480000,10.480000,125800
2017-11-07,10.650000,11.230000,10.600000,11.000000,11.000000,267100
2017-11-08,11.020000,11.700000,11.000000,11.580000,11.580000,60500
2017-11-09,11.770000,12.150000,10.898000,12.000000,12.000000,119700
2017-11-10,11.970000,12.200000,11.307000,12.060000,12.060000,53300
2017-11-13,12.390000,12.500000,11.720000,12.500000,12.500000,94500
2017-11-14,12.100000,12.410000,11.510000,11.930000,11.930000,60200
2017-11-15,11.780000,12.260000,11.460000,12.100000,12.100000,52000
2017-11-16,12.140000,12.420000,11.750000,12.290000,12.290000,83900
2017-11-17,11.990000,12.865000,11.870000,12.610000,12.610000,76100
2017-11-20,12.510000,12.960000,12.160000,12.850000,12.850000,63100
2017-11-21,12.400000,13.240000,12.400000,12.990000,12.990000,46700
2017-11-22,12.800000,13.450000,12.090000,12.670000,12.670000,58000
2017-11-24,12.610000,13.490000,12.610000,13.130000,13.130000,23000
2017-11-27,13.900000,15.000000,13.852000,14.380000,14.380000,211700
2017-11-28,14.850000,14.850000,14.001000,14.100000,14.100000,53600
2017-11-29,14.490000,14.490000,13.160000,14.000000,14.000000,80700
2017-11-30,13.750000,14.250000,13.750000,13.850000,13.850000,64200
2017-12-01,13.940000,14.100000,13.800000,14.000000,14.000000,99500
2017-12-04,14.250000,14.950000,14.120000,14.770000,14.770000,84600
2017-12-05,14.950000,14.950000,13.950000,14.010000,14.010000,89800
2017-12-06,13.930000,14.980000,13.440000,14.620000,14.620000,73900
2017-12-07,14.660000,14.850000,14.205000,14.850000,14.850000,39500
2017-12-08,14.660000,14.930000,14.520000,14.630000,14.630000,39200
2017-12-11,14.510000,15.400000,14.510000,14.890000,14.890000,102600
2017-12-12,14.770000,14.980000,14.010000,14.250000,14.250000,94000
2017-12-13,14.140000,14.740000,13.800000,13.930000,13.930000,51400
2017-12-14,13.010000,13.720000,12.050000,12.380000,12.380000,140800
2017-12-15,12.220000,13.000000,9.520000,10.500000,10.500000,640500
2017-12-18,10.550000,10.870000,9.710000,10.250000,10.250000,65000
2017-12-19,10.320000,10.730000,9.920000,9.960000,9.960000,71800
2017-12-20,10.040000,10.490000,10.040000,10.320000,10.320000,48100
2017-12-21,10.390000,10.900000,10.350000,10.830000,10.830000,37300
2017-12-22,10.750000,11.150000,10.750000,10.820000,10.820000,29200
2017-12-26,10.870000,10.870000,10.302000,10.340000,10.340000,25800
2017-12-27,10.350000,10.765000,10.350000,10.670000,10.670000,30400
2017-12-28,10.350000,10.950000,10.233000,10.610000,10.610000,40700
2017-12-29,10.460000,10.510000,9.800000,10.060000,10.060000,80400
2018-01-02,10.080000,11.560000,10.080000,10.980000,10.980000,101100
2018-01-03,11.020000,11.490000,10.500000,10.730000,10.730000,57400
2018-01-04,10.840000,11.260000,10.600000,10.650000,10.650000,55100
2018-01-05,10.700000,11.060000,10.520000,10.520000,10.520000,37500
2018-01-08,10.500000,10.520000,10.165000,10.200000,10.200000,83700
2018-01-09,10.260000,10.350000,9.980000,10.040000,10.040000,39100
2018-01-10,10.016000,10.180000,9.900000,10.140000,10.140000,10100
2018-01-11,10.200000,10.500000,10.100000,10.180000,10.180000,55300
2018-01-12,10.250000,10.360000,10.010000,10.240000,10.240000,182500
2018-01-16,10.300000,10.500000,9.990000,10.050000,10.050000,48900
2018-01-17,9.951000,10.001000,9.620000,9.730000,9.730000,24600
2018-01-18,9.650000,9.910000,9.650000,9.720000,9.720000,13900
2018-01-19,9.670000,10.010000,9.500000,9.650000,9.650000,70400
2018-01-22,9.700000,9.725000,9.320000,9.430000,9.430000,60000
2018-01-23,9.370000,9.485000,9.120000,9.250000,9.250000,50700
2018-01-24,9.120000,9.500000,8.910000,8.980000,8.980000,58700
2018-01-25,9.050000,9.210000,8.670000,8.730000,8.730000,48700
2018-01-26,8.770000,9.250000,8.770000,8.910000,8.910000,102200
2018-01-29,8.850000,9.330000,8.850000,9.140000,9.140000,35700
2018-01-30,9.190000,9.190000,8.920000,8.990000,8.990000,73600
2018-01-31,9.000000,9.010000,8.340000,8.340000,8.340000,43000
2018-02-01,8.340000,8.990000,8.140000,8.230000,8.230000,19700
2018-02-02,8.130000,8.800000,8.000000,8.690000,8.690000,55600
2018-02-05,8.680000,8.680000,8.134000,8.290000,8.290000,27900
2018-02-06,8.180000,8.650000,7.850000,7.940000,7.940000,46700
2018-02-07,8.220000,8.390000,7.750000,7.910000,7.910000,15500
2018-02-08,7.930000,8.000000,7.280000,7.360000,7.360000,30600
2018-02-09,7.460000,7.530000,6.880000,6.910000,6.910000,45800
2018-02-12,6.910000,6.910000,6.290000,6.550000,6.550000,64900
2018-02-13,6.560000,6.590000,6.240000,6.300000,6.300000,46100
2018-02-14,6.300000,6.590000,6.150000,6.380000,6.380000,88200
2018-02-15,6.820000,7.446000,6.423000,7.260000,7.260000,209400
2018-02-16,7.150000,7.715000,7.150000,7.310000,7.310000,116400
2018-02-20,7.280000,7.550000,7.000000,7.090000,7.090000,81600
2018-02-21,7.120000,7.650000,7.110000,7.280000,7.280000,77700
2018-02-22,7.320000,7.350000,7.000000,7.080000,7.080000,55600
2018-02-23,7.220000,7.370000,6.800000,7.000000,7.000000,40700
2018-02-26,7.030000,7.500000,7.030000,7.480000,7.480000,37900
2018-02-27,7.660000,7.660000,7.130000,7.220000,7.220000,50200
2018-02-28,7.200000,7.260000,6.800000,6.810000,6.810000,29800
2018-03-01,6.830000,6.840000,6.250000,6.300000,6.300000,31900
2018-03-02,6.200000,6.560000,6.130000,6.300000,6.300000,31700
2018-03-05,6.340000,6.760000,6.151000,6.470000,6.470000,29000
2018-03-06,6.500000,6.540000,6.240000,6.280000,6.280000,49500
2018-03-07,6.250000,7.250000,6.250000,7.040000,7.040000,105600
2018-03-08,7.090000,7.290000,6.840000,7.150000,7.150000,70800
2018-03-09,7.150000,7.430000,7.030000,7.090000,7.090000,65800
2018-03-12,7.100000,7.100000,6.550000,6.640000,6.640000,82500
2018-03-13,6.700000,7.970000,6.700000,7.600000,7.600000,80600
2018-03-14,7.700000,8.130000,7.370000,7.470000,7.470000,57100
2018-03-15,7.350000,7.370000,6.930000,6.960000,6.960000,23400
2018-03-16,6.950000,7.850000,6.950000,7.670000,7.670000,45600
2018-03-19,7.620000,7.900000,7.200000,7.820000,7.820000,33800
2018-03-20,7.880000,8.959000,7.440000,8.160000,8.160000,73500
2018-03-21,8.242000,8.849000,8.200000,8.540000,8.540000,74800
2018-03-22,8.450000,8.850000,8.450000,8.760000,8.760000,32700
2018-03-23,8.770000,9.100000,8.690000,8.940000,8.940000,74000
2018-03-26,9.090000,9.420000,8.791000,9.250000,9.250000,62600
2018-03-27,9.310000,10.100000,9.275000,9.960000,9.960000,79500
2018-03-28,9.990000,10.680000,9.990000,10.380000,10.380000,101500
2018-03-29,10.500000,11.050000,10.400000,11.020000,11.020000,120100
2018-04-02,12.050000,13.890000,11.800000,13.070000,13.070000,244500
2018-04-03,13.420000,17.559999,12.583000,16.490000,16.490000,879000
2018-04-04,15.210000,16.650000,14.550000,16.600000,16.600000,297400
2018-04-05,16.500000,16.500000,14.110000,15.740000,15.740000,215800
2018-04-06,15.470000,15.470000,12.440000,12.670000,12.670000,233400
2018-04-09,12.870000,14.196000,12.271000,12.500000,12.500000,201600
2018-04-10,12.760000,13.340000,12.500000,13.060000,13.060000,73300
2018-04-11,13.060000,13.408000,12.530000,13.150000,13.150000,62100
2018-04-12,13.220000,13.980000,13.135000,13.580000,13.580000,47800
2018-04-13,13.650000,14.132000,13.270000,13.420000,13.420000,64200
2018-04-16,13.420000,14.040000,13.420000,13.680000,13.680000,44300
2018-04-17,13.820000,14.480000,13.700000,13.870000,13.870000,79400
2018-04-18,13.830000,14.290000,13.060000,13.920000,13.920000,68200
2018-04-19,13.860000,14.110000,13.740000,13.910000,13.910000,35200
2018-04-20,14.210000,14.210000,13.560000,13.880000,13.880000,71500
2018-04-23,13.840000,14.190000,13.120000,13.680000,13.680000,46400
2018-04-24,13.760000,14.040000,13.470000,13.930000,13.930000,79500
2018-04-25,14.460000,15.650000,13.870000,14.730000,14.730000,128600
2018-04-26,14.830000,15.500000,14.555000,14.700000,14.700000,66600
2018-04-27,14.690000,15.500000,14.690000,14.920000,14.920000,147100
2018-04-30,14.960000,15.140000,13.800000,14.330000,14.330000,107400
2018-05-01,14.290000,15.200000,14.220000,15.090000,15.090000,84600
2018-05-02,15.110000,15.205000,14.403000,15.070000,15.070000,38300
2018-05-03,15.050000,15.980000,14.540000,15.940000,15.940000,172100
2018-05-04,16.000000,16.000000,15.012000,15.600000,15.600000,77300
2018-05-07,15.710000,16.270000,15.377000,15.520000,15.520000,108000
2018-05-08,15.540000,15.950000,15.287000,15.890000,15.890000,72700
2018-05-09,15.950000,17.260000,15.456000,16.270000,16.270000,196700
2018-05-10,16.370001,17.159000,14.990000,15.260000,15.260000,227500
2018-05-11,15.270000,15.650000,14.865000,15.230000,15.230000,76000
2018-05-14,15.480000,16.825001,15.480000,16.200001,16.200001,177300
2018-05-15,16.200001,16.830000,15.350000,16.500000,16.500000,119500
2018-05-16,16.490000,16.500000,15.303000,16.170000,16.170000,76900
2018-05-17,16.150000,16.600000,15.864000,16.000000,16.000000,418600
2018-05-18,16.200001,16.610001,15.460000,16.000000,16.000000,91700
2018-05-21,16.120001,16.400000,15.840000,15.990000,15.990000,78400
2018-05-22,16.020000,16.139000,13.900000,14.760000,14.760000,152900
2018-05-23,14.660000,16.129999,14.660000,15.260000,15.260000,123600
2018-05-24,15.160000,15.650000,14.420000,14.790000,14.790000,107200
2018-05-25,14.950000,15.870000,14.680000,15.670000,15.670000,87500
2018-05-29,15.530000,15.650000,14.270000,14.660000,14.660000,87200
2018-05-30,14.720000,15.010000,14.280000,14.490000,14.490000,78500
2018-05-31,14.460000,15.000000,14.120000,14.340000,14.340000,77800
2018-06-01,14.460000,15.000000,14.294000,14.920000,14.920000,52100
2018-06-04,15.000000,15.100000,14.640000,14.920000,14.920000,72600
2018-06-05,14.830000,14.900000,14.563000,14.700000,14.700000,74900
2018-06-06,14.700000,14.850000,14.050000,14.590000,14.590000,63100
2018-06-07,14.560000,14.810000,12.940000,13.500000,13.500000,228900
2018-06-08,13.460000,14.420000,13.300000,13.520000,13.520000,125100
2018-06-11,13.500000,14.100000,13.370000,13.500000,13.500000,87600
2018-06-12,13.590000,13.920000,13.310000,13.550000,13.550000,171300
2018-06-13,13.630000,13.930000,13.270000,13.500000,13.500000,147800
2018-06-14,13.500000,13.740000,12.510000,13.530000,13.530000,65900
2018-06-15,13.340000,13.680000,13.170000,13.570000,13.570000,141200
2018-06-18,13.490000,13.850000,13.245000,13.420000,13.420000,113200
2018-06-19,13.270000,13.510000,13.200000,13.430000,13.430000,67100
2018-06-20,13.570000,13.690000,13.180000,13.300000,13.300000,77900
2018-06-21,13.350000,13.453000,12.740000,13.000000,13.000000,146500
2018-06-22,13.070000,13.770000,12.850000,13.380000,13.380000,896500
2018-06-25,13.290000,13.880000,12.720000,13.500000,13.500000,152400
2018-06-26,13.600000,14.000000,13.270000,13.340000,13.340000,296700
2018-06-27,12.650000,13.730000,12.650000,13.170000,13.170000,70500
2018-06-28,13.130000,13.600000,12.870000,12.990000,12.990000,108300
2018-06-29,13.090000,13.130000,12.740000,13.030000,13.030000,95700
2018-07-02,12.930000,13.585000,12.930000,13.480000,13.480000,471900
2018-07-03,13.500000,13.980000,13.255000,13.500000,13.500000,57700
2018-07-05,13.550000,13.550000,12.980000,13.220000,13.220000,131500
2018-07-06,13.260000,13.550000,13.020000,13.180000,13.180000,112500
2018-07-09,13.200000,13.420000,12.340000,12.410000,12.410000,94200
2018-07-10,12.400000,12.510000,11.710000,11.960000,11.960000,72300
2018-07-11,11.840000,12.170000,11.010000,11.230000,11.230000,67800
2018-07-12,11.290000,12.000000,11.070000,11.670000,11.670000,69700
2018-07-13,11.630000,11.710000,11.220000,11.380000,11.380000,43400
2018-07-16,11.370000,11.380000,11.090000,11.200000,11.200000,59500
2018-07-17,11.180000,12.345000,10.786000,11.280000,11.280000,61200
2018-07-18,11.260000,11.260000,10.880000,10.950000,10.950000,47700
2018-07-19,10.890000,11.620000,10.680000,11.130000,11.130000,32400
2018-07-20,11.080000,11.650000,11.010000,11.390000,11.390000,107000
2018-07-23,11.390000,11.670000,10.920000,11.030000,11.030000,42200
2018-07-24,11.060000,11.307000,10.620000,10.780000,10.780000,64200
2018-07-25,10.790000,10.910000,10.480000,10.580000,10.580000,44900
2018-07-26,10.600000,10.780000,10.350000,10.500000,10.500000,19600
2018-07-27,10.590000,10.590000,9.837000,10.020000,10.020000,58700
2018-07-30,10.020000,10.850000,9.820000,10.460000,10.460000,69800
2018-07-31,10.510000,10.910000,10.300000,10.710000,10.710000,35400
2018-08-01,10.710000,10.820000,10.040000,10.490000,10.490000,161400
2018-08-02,11.150000,11.480000,10.840000,10.950000,10.950000,93500
2018-08-03,11.000000,11.370000,10.140000,10.300000,10.300000,40800
2018-08-06,10.320000,12.380000,10.010000,10.180000,10.180000,46700
2018-08-07,10.130000,10.130000,9.450000,9.560000,9.560000,132100
2018-08-08,9.540000,12.070000,9.540000,11.700000,11.700000,620500
2018-08-09,11.690000,12.110000,10.610000,10.690000,10.690000,119600
2018-08-10,10.700000,11.327000,10.250000,10.790000,10.790000,28500
2018-08-13,10.820000,11.187000,10.440000,10.850000,10.850000,54500
2018-08-14,10.890000,11.420000,10.650000,11.020000,11.020000,46500
2018-08-15,10.960000,11.050000,10.550000,10.880000,10.880000,63700
2018-08-16,10.880000,10.975000,10.630000,10.700000,10.700000,19500
2018-08-17,10.670000,10.800000,10.535000,10.630000,10.630000,19400
2018-08-20,10.610000,10.780000,10.318000,10.530000,10.530000,35800
2018-08-21,10.620000,11.380000,10.497000,11.210000,11.210000,38300
2018-08-22,11.230000,11.380000,10.750000,11.330000,11.330000,48700
2018-08-23,11.380000,11.580000,11.130000,11.450000,11.450000,14400
2018-08-24,11.440000,11.440000,10.610000,10.750000,10.750000,27700
2018-08-27,10.750000,10.942000,10.500000,10.660000,10.660000,70000
2018-08-28,10.820000,10.860000,10.420000,10.730000,10.730000,139000
2018-08-29,10.830000,11.375000,10.640000,10.960000,10.960000,69800
2018-08-30,10.920000,11.200000,10.640000,10.750000,10.750000,24400
2018-08-31,10.590000,11.130000,10.560000,10.900000,10.900000,30700
2018-09-04,10.900000,10.970000,10.310000,10.880000,10.880000,48100
2018-09-05,10.950000,11.000000,10.510000,10.590000,10.590000,33000
2018-09-06,10.650000,10.780000,10.340000,10.470000,10.470000,61200
2018-09-07,10.440000,10.700000,10.240000,10.400000,10.400000,34700
2018-09-10,10.460000,11.000000,10.410000,10.780000,10.780000,32600
2018-09-11,10.730000,11.170000,10.287000,10.440000,10.440000,36900
2018-09-12,10.260000,11.020000,10.210000,10.590000,10.590000,74200
2018-09-13,10.660000,11.370000,10.300000,11.120000,11.120000,62000
2018-09-14,11.270000,12.000000,10.720000,10.770000,10.770000,107400
2018-09-17,10.580000,11.750000,10.280000,10.390000,10.390000,38700
2018-09-18,10.380000,10.619000,10.250000,10.420000,10.420000,72100
2018-09-19,10.700000,11.280000,10.360000,11.090000,11.090000,29500
2018-09-20,11.180000,11.740000,10.800000,11.420000,11.420000,70800
2018-09-21,11.420000,11.420000,10.168000,10.350000,10.350000,104200
2018-09-24,10.220000,10.690000,10.200000,10.510000,10.510000,67000
2018-09-25,10.550000,10.550000,10.150000,10.240000,10.240000,36800
2018-09-26,10.230000,10.830000,10.070000,10.590000,10.590000,29200
2018-09-27,10.680000,10.700000,10.280000,10.560000,10.560000,15000
2018-09-28,10.500000,10.810000,10.260000,10.740000,10.740000,35100
2018-10-01,10.800000,11.310000,10.800000,10.870000,10.870000,29000
2018-10-02,11.000000,11.000000,10.200000,10.800000,10.800000,47200
2018-10-03,10.313000,11.150000,10.313000,10.770000,10.770000,41300
2018-10-04,10.850000,11.005000,10.372000,10.440000,10.440000,21500
2018-10-05,10.440000,10.900000,10.200000,10.210000,10.210000,19100
2018-10-08,10.470000,10.559000,10.060000,10.210000,10.210000,22300
2018-10-09,10.190000,10.590000,10.190000,10.390000,10.390000,23900
2018-10-10,10.565000,10.570000,10.110000,10.140000,10.140000,25700
2018-10-11,10.140000,11.500000,10.140000,11.030000,11.030000,47500
2018-10-12,11.020000,11.310000,10.450000,10.940000,10.940000,28200
2018-10-15,10.640000,11.820000,10.640000,11.250000,11.250000,55000
2018-10-16,11.540000,11.540000,10.620000,10.710000,10.710000,52300
2018-10-17,10.460000,10.900000,10.200000,10.580000,10.580000,16900
2018-10-18,10.560000,10.650000,10.040000,10.500000,10.500000,69400
2018-10-19,10.340000,10.760000,10.230000,10.310000,10.310000,26300
2018-10-22,10.420000,10.490000,10.036000,10.210000,10.210000,17700
2018-10-23,10.100000,10.100000,9.520000,9.590000,9.590000,14400
2018-10-24,9.590000,9.865000,9.140000,9.280000,9.280000,32600
2018-10-25,9.290000,9.850000,8.560000,8.800000,8.800000,41200
2018-10-26,8.330000,9.070000,7.900000,8.520000,8.520000,25200
2018-10-29,8.950000,8.950000,8.130000,8.290000,8.290000,23800
2018-10-30,7.860000,8.250000,7.860000,8.210000,8.210000,9700
2018-10-31,8.480000,8.480000,7.940000,8.230000,8.230000,20500
2018-11-01,8.270000,8.650000,8.168000,8.500000,8.500000,18100
2018-11-02,8.400000,8.990000,8.100000,8.280000,8.280000,16700
2018-11-05,8.130000,8.771000,7.790000,7.810000,7.810000,13900
2018-11-06,7.570000,7.990000,7.530000,7.680000,7.680000,18000
2018-11-07,8.050000,8.050000,7.780000,7.930000,7.930000,16400
2018-11-08,8.000000,8.660000,8.000000,8.610000,8.610000,58300
2018-11-09,8.700000,8.780000,8.110000,8.110000,8.110000,11000
2018-11-12,8.100000,8.180000,7.670000,7.670000,7.670000,20100
2018-11-13,7.990000,8.360000,7.970000,8.360000,8.360000,10500
2018-11-14,8.640000,8.640000,7.460000,7.880000,7.880000,8500
2018-11-15,7.940000,8.570000,7.690000,8.540000,8.540000,20000
2018-11-16,8.390000,9.230000,8.390000,8.610000,8.610000,15100
2018-11-19,8.975000,8.975000,7.948000,8.170000,8.170000,22500
2018-11-20,8.330000,8.730000,8.000000,8.030000,8.030000,11400
2018-11-21,8.110000,8.670000,8.110000,8.550000,8.550000,12500
2018-11-23,8.300000,9.560000,8.000000,9.560000,9.560000,10000
2018-11-26,9.680000,10.660000,8.300000,9.310000,9.310000,17300
2018-11-27,9.310000,9.460000,8.810000,9.280000,9.280000,18700
2018-11-28,9.020000,9.750000,8.900000,9.590000,9.590000,38600
2018-11-29,9.400000,9.500000,9.010000,9.430000,9.430000,19300
2018-11-30,9.160000,9.720000,9.100000,9.370000,9.370000,41200
2018-12-03,9.350000,10.000000,9.030000,9.450000,9.450000,18700
2018-12-04,9.290000,9.500000,8.930000,9.200000,9.200000,20400
2018-12-06,8.990000,9.260000,8.790000,9.140000,9.140000,25700
2018-12-07,9.330000,9.450000,9.050000,9.260000,9.260000,37100
2018-12-10,9.410000,9.430000,8.670000,8.850000,8.850000,19000
2018-12-11,8.810000,9.180000,8.593000,8.680000,8.680000,2100
2018-12-12,8.750000,9.220000,8.230000,8.390000,8.390000,25100
2018-12-13,8.180000,8.420000,8.020000,8.040000,8.040000,83300
2018-12-14,7.860000,8.000000,7.520000,7.520000,7.520000,14100
2018-12-17,7.440000,7.680000,6.623000,6.950000,6.950000,40300
2018-12-18,6.950000,8.107000,6.000000,6.010000,6.010000,34600
2018-12-19,5.930000,6.080000,5.200000,5.360000,5.360000,42900
2018-12-20,5.020000,5.780000,5.020000,5.390000,5.390000,36200
2018-12-21,5.370000,5.680000,5.140000,5.140000,5.140000,78000
2018-12-24,5.020000,5.390000,5.020000,5.110000,5.110000,21800
2018-12-26,5.180000,5.390000,4.800000,5.170000,5.170000,23600
2018-12-27,5.050000,5.450000,5.000000,5.160000,5.160000,20200
2018-12-28,5.140000,5.475000,5.101000,5.320000,5.320000,17600
2018-12-31,5.220000,5.470000,5.000000,5.450000,5.450000,44400
2019-01-02,5.460000,6.520000,5.460000,6.430000,6.430000,58000
2019-01-03,6.510000,6.750000,6.140000,6.500000,6.500000,26900
2019-01-04,6.640000,7.050000,6.250000,7.030000,7.030000,24900
2019-01-07,7.080000,7.180000,6.530000,7.180000,7.180000,31600
2019-01-08,7.270000,8.410000,6.890000,7.960000,7.960000,47400
2019-01-09,8.010000,9.600000,7.240000,8.420000,8.420000,42800
2019-01-10,8.590000,8.590000,7.312000,7.950000,7.950000,38200
2019-01-11,7.970000,9.150000,7.970000,8.750000,8.750000,20000
2019-01-14,8.620000,9.520000,8.620000,8.830000,8.830000,40900
2019-01-15,9.010000,9.011000,8.100000,8.260000,8.260000,40900
2019-01-16,8.350000,9.100000,8.350000,8.970000,8.970000,71100
2019-01-17,8.880000,9.194000,8.680000,8.740000,8.740000,14600
2019-01-18,8.700000,9.155000,8.700000,8.910000,8.910000,23900
2019-01-22,8.930000,9.110000,8.320000,8.320000,8.320000,52100
2019-01-23,8.420000,9.240000,8.300000,8.400000,8.400000,17800
2019-01-24,8.250000,8.267000,7.670000,7.890000,7.890000,41400
2019-01-25,8.000000,8.070000,7.858000,8.020000,8.020000,17700
2019-01-28,7.980000,8.025000,7.470000,7.600000,7.600000,25700
2019-01-29,7.530000,7.530000,6.900000,7.530000,7.530000,28000
2019-01-30,7.500000,8.000000,7.450000,7.540000,7.540000,23000
2019-01-31,7.560000,7.770000,6.990000,7.010000,7.010000,65700
2019-02-01,6.960000,7.728000,6.900000,7.220000,7.220000,31100
2019-02-04,7.230000,7.522000,7.000000,7.120000,7.120000,22700
2019-02-05,7.100000,7.420000,6.950000,7.010000,7.010000,26900
2019-02-06,6.920000,7.060000,6.680000,6.750000,6.750000,31700
2019-02-07,6.870000,7.286000,6.410000,6.550000,6.550000,36600
2019-02-08,6.570000,6.926000,6.490000,6.570000,6.570000,22500
2019-02-11,6.510000,6.877000,6.350000,6.630000,6.630000,25700
2019-02-12,6.819000,6.819000,6.320000,6.480000,6.480000,16800
2019-02-13,6.740000,6.770000,6.350000,6.390000,6.390000,33400
2019-02-14,6.592000,7.000000,6.520000,6.950000,6.950000,17500
2019-02-15,6.940000,7.159000,6.720000,6.910000,6.910000,45200
2019-02-19,6.920000,7.180000,6.920000,7.020000,7.020000,24300
2019-02-20,7.320000,7.320000,6.420000,6.430000,6.430000,38200
2019-02-21,6.500000,7.010000,5.870000,6.160000,6.160000,135300
2019-02-22,6.240000,6.590000,6.220000,6.590000,6.590000,52800
2019-02-25,6.640000,6.860000,6.570000,6.600000,6.600000,36100
2019-02-26,6.610000,6.930000,6.610000,6.870000,6.870000,36200
2019-02-27,6.880000,6.980000,6.850000,6.950000,6.950000,15200
2019-02-28,7.000000,7.350000,7.000000,7.220000,7.220000,19300
2019-03-01,7.210000,7.384000,6.790000,6.830000,6.830000,46000
2019-03-04,6.880000,7.360000,6.670000,6.700000,6.700000,15200
2019-03-05,6.710000,7.110000,6.710000,6.710000,6.710000,9200
2019-03-06,6.804000,6.840000,6.500000,6.550000,6.550000,54900
2019-03-07,6.660000,6.995000,6.530000,6.570000,6.570000,12900
2019-03-08,6.650000,6.940000,6.650000,6.870000,6.870000,17600
2019-03-11,6.750000,7.200000,6.750000,7.090000,7.090000,29700
2019-03-12,7.090000,7.090000,6.800000,6.890000,6.890000,18500
2019-03-13,6.800000,7.440000,6.650000,7.370000,7.370000,271600
2019-03-14,7.450000,7.540000,7.170000,7.280000,7.280000,32700
2019-03-15,7.270000,7.280000,6.750000,7.280000,7.280000,142200
2019-03-18,7.280000,7.770000,7.280000,7.600000,7.600000,51100
2019-03-19,7.680000,7.950000,7.510000,7.600000,7.600000,18400
2019-03-20,7.668000,7.773000,7.120000,7.220000,7.220000,35200
2019-03-21,7.130000,7.240000,7.000000,7.070000,7.070000,42100
2019-03-22,6.980000,7.270000,6.970000,6.970000,6.970000,31100
2019-03-25,6.980000,7.040000,6.790000,6.910000,6.910000,7000
2019-03-26,7.100000,7.100000,6.955000,7.040000,7.040000,5100
2019-03-27,7.281000,7.314000,6.910000,7.020000,7.020000,5500
2019-03-28,6.895000,7.290000,6.895000,7.000000,7.000000,14300
2019-03-29,7.000000,7.262000,6.945000,7.020000,7.020000,24200
2019-04-01,7.000000,7.000000,6.870000,6.880000,6.880000,52300
2019-04-02,6.935000,6.969000,6.660000,6.660000,6.660000,56600
2019-04-03,6.750000,6.890000,6.675000,6.820000,6.820000,26600
2019-04-04,6.820000,6.895000,6.720000,6.880000,6.880000,24700
2019-04-05,6.741000,6.910000,6.740000,6.810000,6.810000,20700
2019-04-08,6.800000,6.830000,6.650000,6.670000,6.670000,14100
2019-04-09,6.700000,6.770000,6.460000,6.490000,6.490000,46900
2019-04-10,6.490000,6.740000,6.458000,6.700000,6.700000,13300
2019-04-11,6.650000,6.650000,6.400000,6.420000,6.420000,31200
2019-04-12,6.510000,6.510000,6.035000,6.140000,6.140000,77400
2019-04-15,6.170000,6.280000,5.810000,6.090000,6.090000,211400
2019-04-16,6.020000,6.720000,5.969000,6.680000,6.680000,55800
2019-04-17,6.720000,6.720000,6.505000,6.600000,6.600000,13300
2019-04-18,6.530000,6.530000,6.310000,6.350000,6.350000,10100
2019-04-22,6.290000,6.420000,5.970000,6.350000,6.350000,8900
2019-04-23,6.350000,6.540000,6.135000,6.540000,6.540000,12300
2019-04-24,6.510000,6.600000,6.400000,6.590000,6.590000,14400
2019-04-25,6.590000,6.619000,6.460000,6.460000,6.460000,4300
2019-04-26,6.470000,6.610000,6.460000,6.550000,6.550000,10800
2019-04-29,6.540000,6.540000,6.400000,6.500000,6.500000,14400
2019-04-30,6.498000,6.590000,6.135000,6.170000,6.170000,46600
2019-05-01,6.140000,6.180000,5.960000,6.060000,6.060000,56400
2019-05-02,6.165000,6.240000,6.040000,6.100000,6.100000,18700
2019-05-03,6.180000,6.430000,6.170000,6.300000,6.300000,61100
2019-05-06,6.050000,6.465000,6.000000,6.420000,6.420000,25300
2019-05-07,6.521000,6.521000,6.000000,6.155000,6.155000,19300
2019-05-08,6.040000,6.180000,6.025000,6.040000,6.040000,26100
2019-05-09,6.000000,6.030000,5.610000,5.740000,5.740000,50500
2019-05-10,5.800000,6.361000,5.400000,5.450000,5.450000,51900
2019-05-13,5.400000,5.415000,5.080000,5.210000,5.210000,73800
2019-05-14,5.250000,5.580000,5.230000,5.300000,5.300000,94500
2019-05-15,5.220000,5.770000,5.095000,5.730000,5.730000,133700
2019-05-16,5.600000,5.780000,5.160000,5.620000,5.620000,127000
2019-05-17,5.550000,5.730000,5.125000,5.250000,5.250000,135900
2019-05-20,5.250000,5.370000,4.810000,5.040000,5.040000,165100
2019-05-21,5.100000,5.189000,4.870000,5.060000,5.060000,120400
2019-05-22,5.060000,5.200000,4.820000,4.910000,4.910000,143400
2019-05-23,4.810000,4.860000,4.620000,4.630000,4.630000,68600
2019-05-24,4.730000,4.920000,4.410000,4.510000,4.510000,173400
2019-05-28,4.545000,4.590000,4.010000,4.150000,4.150000,331100
2019-05-29,4.130000,4.130000,3.950000,4.000000,4.000000,83200
2019-05-30,4.040000,4.230000,3.940000,4.030000,4.030000,50200
2019-05-31,3.920000,4.070000,3.920000,3.990000,3.990000,69500
2019-06-03,4.000000,4.100000,3.960000,4.020000,4.020000,42000
2019-06-04,4.470000,5.200000,4.190000,5.000000,5.000000,396900
2019-06-05,5.050000,5.660000,4.975000,5.590000,5.590000,249400
2019-06-06,5.670000,5.772000,4.425000,4.690000,4.690000,231100
2019-06-07,4.660000,4.750000,4.230000,4.460000,4.460000,96700
2019-06-10,4.450000,4.530000,4.180000,4.330000,4.330000,72600
2019-06-11,4.660000,4.880000,4.435000,4.600000,4.600000,153600
2019-06-12,4.630000,4.830000,4.330000,4.490000,4.490000,124000
2019-06-13,4.540000,4.720000,4.340000,4.500000,4.500000,116000
2019-06-14,4.520000,4.650000,4.250000,4.270000,4.270000,68900
2019-06-17,4.340000,4.850000,4.320000,4.690000,4.690000,129700
2019-06-18,4.820000,5.190000,4.820000,4.920000,4.920000,108300
2019-06-19,4.900000,5.030000,4.600000,4.610000,4.610000,106300
2019-06-20,4.980000,5.360000,4.775000,4.930000,4.930000,181700
2019-06-21,4.890000,5.286000,4.370000,4.660000,4.660000,212800
2019-06-24,4.610000,4.610000,4.135000,4.500000,4.500000,116700
2019-06-25,4.500000,4.560000,4.210000,4.450000,4.450000,50700
2019-06-26,4.351000,4.370000,4.100000,4.220000,4.220000,142800
2019-06-27,4.210000,4.340000,4.120000,4.160000,4.160000,112000
2019-06-28,4.100000,4.940000,4.030000,4.070000,4.070000,1592500
2019-07-01,4.100000,4.520000,4.000000,4.500000,4.500000,361200
2019-07-02,4.490000,4.910000,4.412000,4.910000,4.910000,209100
2019-07-03,4.980000,5.130000,4.650000,5.010000,5.010000,126100
2019-07-05,4.980000,5.200000,4.860000,4.950000,4.950000,176600
2019-07-08,4.940000,5.080000,4.750000,4.870000,4.870000,88000
2019-07-09,4.870000,5.180000,4.850000,4.900000,4.900000,149500
2019-07-10,5.070000,5.189000,4.850000,5.160000,5.160000,169800
2019-07-11,5.270000,5.740000,5.050000,5.080000,5.080000,320600
2019-07-12,5.080000,5.115000,4.800000,4.940000,4.940000,114100
2019-07-15,4.940000,5.020000,4.750000,4.970000,4.970000,41000
2019-07-16,5.020000,5.060000,4.880000,4.900000,4.900000,40200
2019-07-17,4.900000,5.010000,4.810000,4.820000,4.820000,38800
2019-07-18,4.800000,4.860000,4.500000,4.730000,4.730000,162500
2019-07-19,4.730000,4.775000,4.506000,4.530000,4.530000,61400
2019-07-22,4.540000,4.599000,4.270000,4.310000,4.310000,42200
2019-07-23,4.390000,4.688000,4.160000,4.280000,4.280000,54000
2019-07-24,4.270000,4.400000,4.090000,4.300000,4.300000,34400
2019-07-25,4.300000,4.340000,4.020000,4.040000,4.040000,36300
2019-07-26,4.070000,4.120000,4.020000,4.030000,4.030000,43400
2019-07-29,4.020000,4.150000,3.830000,4.120000,4.120000,68200
2019-07-30,4.100000,4.490000,4.100000,4.390000,4.390000,47700
2019-07-31,4.440000,4.440000,4.080000,4.090000,4.090000,55200
2019-08-01,4.080000,4.310000,3.890000,3.940000,3.940000,58600
2019-08-02,3.920000,4.070000,3.810000,3.940000,3.940000,53500
2019-08-05,4.160000,4.171000,3.720000,3.830000,3.830000,43600
2019-08-06,3.970000,4.140000,3.856000,4.060000,4.060000,43400
2019-08-07,4.140000,4.140000,3.620000,4.000000,4.000000,52000
2019-08-08,3.820000,4.070000,3.820000,3.960000,3.960000,35500
2019-08-09,4.000000,4.070000,3.876000,4.010000,4.010000,32600
2019-08-12,3.990000,4.050000,3.870000,3.950000,3.950000,21100
2019-08-13,4.160000,4.160000,3.910000,3.990000,3.990000,21000
2019-08-14,3.980000,4.030000,3.880000,4.010000,4.010000,47000
2019-08-15,4.000000,4.000000,3.760000,3.800000,3.800000,38000
2019-08-16,3.820000,4.000000,3.790000,3.820000,3.820000,32700
2019-08-19,3.870000,4.000000,3.821000,3.930000,3.930000,69200
2019-08-20,3.890000,4.050000,3.890000,4.000000,4.000000,62300
2019-08-21,4.050000,4.590000,4.000000,4.550000,4.550000,60900
2019-08-22,4.570000,4.570000,4.230000,4.370000,4.370000,68700
2019-08-23,4.500000,4.510000,3.930000,4.030000,4.030000,33700
2019-08-26,4.070000,4.150000,4.070000,4.130000,4.130000,4900
2019-08-27,4.140000,4.165000,4.005000,4.120000,4.120000,25500
2019-08-28,4.100000,4.351000,4.100000,4.250000,4.250000,19700
2019-08-29,4.310000,4.360000,4.205000,4.230000,4.230000,60700
2019-08-30,4.210000,4.270000,4.110000,4.170000,4.170000,32700
2019-09-03,4.190000,4.320000,4.090000,4.320000,4.320000,31000
2019-09-04,4.350000,4.350000,4.050000,4.100000,4.100000,50000
2019-09-05,4.090000,4.520000,4.090000,4.170000,4.170000,33000
2019-09-06,4.060000,4.370000,4.060000,4.080000,4.080000,37800
2019-09-09,4.060000,4.340000,4.060000,4.220000,4.220000,53600
2019-09-10,4.210000,4.422000,4.210000,4.270000,4.270000,34900
2019-09-11,4.280000,4.320000,4.060000,4.230000,4.230000,22200
2019-09-12,4.240000,4.280000,4.100000,4.240000,4.240000,33800
2019-09-13,4.070000,4.290000,4.070000,4.230000,4.230000,10300
2019-09-16,4.350000,4.350000,4.115000,4.220000,4.220000,22300
2019-09-17,4.250000,4.310000,4.200000,4.210000,4.210000,62300
2019-09-18,4.200000,4.280000,4.080000,4.170000,4.170000,27000
2019-09-19,4.240000,4.350000,4.090000,4.220000,4.220000,84200
2019-09-20,4.218000,4.290000,4.218000,4.290000,4.290000,26700
2019-09-23,4.195000,4.330000,4.160000,4.270000,4.270000,72600
2019-09-24,4.370000,4.380000,4.190000,4.230000,4.230000,54000
2019-09-25,4.260000,4.330000,4.100000,4.200000,4.200000,40400
2019-09-26,4.220000,4.270000,4.000000,4.030000,4.030000,56900
2019-09-27,4.090000,4.140000,4.000000,4.090000,4.090000,29900
2019-09-30,4.060000,4.060000,3.860000,3.940000,3.940000,29400
2019-10-01,3.990000,3.990000,3.710000,3.790000,3.790000,63600
2019-10-02,3.900000,3.900000,3.330000,3.600000,3.600000,59900
2019-10-03,3.722000,3.740000,3.420000,3.470000,3.470000,24800
2019-10-04,3.470000,4.090000,3.470000,4.000000,4.000000,68500
2019-10-07,4.000000,4.740000,3.870000,4.280000,4.280000,771000
2019-10-08,4.280000,4.290000,4.060000,4.270000,4.270000,32000
2019-10-09,4.270000,4.590000,4.070000,4.310000,4.310000,65200
2019-10-10,4.320000,4.630000,4.070000,4.450000,4.450000,336400
2019-10-11,4.490000,4.490000,4.240000,4.290000,4.290000,24700
2019-10-14,4.320000,4.369000,4.142000,4.290000,4.290000,33200
2019-10-15,4.151000,4.600000,4.151000,4.500000,4.500000,132300
2019-10-16,4.500000,4.830000,4.500000,4.790000,4.790000,320000
2019-10-17,4.800000,5.390000,4.725000,5.240000,5.240000,589500
2019-10-18,5.160000,5.250000,4.870000,5.010000,5.010000,164500
2019-10-21,5.070000,5.480000,4.950000,5.340000,5.340000,131100
2019-10-22,5.340000,5.500000,5.050000,5.420000,5.420000,103800
2019-10-23,5.450000,5.560000,5.260000,5.300000,5.300000,137500
2019-10-24,5.270000,5.490000,5.090000,5.400000,5.400000,103400
2019-10-25,5.470000,5.910000,5.440000,5.660000,5.660000,271600
2019-10-28,5.800000,5.940000,5.340000,5.470000,5.470000,190700
2019-10-29,5.400000,5.550000,5.340000,5.480000,5.480000,60200
2019-10-30,5.480000,5.570000,5.250000,5.250000,5.250000,111300
2019-10-31,5.280000,5.430000,5.100000,5.270000,5.270000,166600
2019-11-01,5.220000,5.570000,5.150000,5.510000,5.510000,268300
2019-11-04,5.600000,6.300000,5.600000,5.920000,5.920000,340100
2019-11-05,5.930000,6.170000,5.710000,5.900000,5.900000,170600
2019-11-06,5.890000,5.905000,5.540000,5.850000,5.850000,252900
2019-11-07,5.150000,5.152000,2.100000,2.240000,2.240000,7357900
2019-11-08,2.460000,2.580000,1.900000,2.000000,2.000000,2551500
2019-11-11,1.980000,2.010000,1.820000,2.010000,2.010000,660400
2019-11-12,1.930000,2.030000,1.800000,1.850000,1.850000,893400
2019-11-13,1.790000,1.840000,1.550000,1.690000,1.690000,1485800
2019-11-14,1.710000,1.710000,1.600000,1.640000,1.640000,400000
2019-11-15,1.640000,1.750000,1.560000,1.670000,1.670000,540500
2019-11-18,1.710000,1.750000,1.620000,1.670000,1.670000,336800
2019-11-19,1.641000,1.900000,1.620000,1.870000,1.870000,450900
2019-11-20,1.860000,1.930000,1.810000,1.890000,1.890000,181400
2019-11-21,1.900000,1.930000,1.780000,1.840000,1.840000,245000
2019-11-22,1.890000,2.140000,1.845000,2.080000,2.080000,734900
2019-11-25,2.090000,2.350000,2.080000,2.160000,2.160000,683600
2019-11-26,2.200000,2.220000,2.090000,2.130000,2.130000,313700
2019-11-27,2.120000,2.137000,2.000000,2.020000,2.020000,280200
2019-11-29,2.080000,2.240000,2.050000,2.210000,2.210000,268900
2019-12-02,2.200000,2.440000,2.160000,2.420000,2.420000,434400
2019-12-03,2.430000,2.450000,2.260000,2.290000,2.290000,331100
2019-12-04,2.310000,2.370000,2.260000,2.310000,2.310000,171500
2019-12-05,2.320000,2.340000,1.920000,1.950000,1.950000,589400
2019-12-06,2.000000,2.000000,1.860000,1.910000,1.910000,284900
2019-12-09,1.900000,2.060000,1.890000,1.990000,1.990000,329800
2019-12-10,1.930000,2.050000,1.930000,2.000000,2.000000,197600
2019-12-11,2.030000,2.030000,1.920000,1.930000,1.930000,140400
2019-12-12,1.950000,2.285000,1.900000,2.260000,2.260000,454400
2019-12-13,2.260000,2.340000,2.060000,2.320000,2.320000,321500
2019-12-16,2.300000,2.340000,2.150000,2.260000,2.260000,202600
2019-12-17,2.230000,2.270000,2.180000,2.220000,2.220000,172200
2019-12-18,2.220000,2.230000,2.100000,2.190000,2.190000,139600
2019-12-19,2.150000,2.370000,2.140000,2.330000,2.330000,134300
2019-12-20,2.390000,2.400000,2.230000,2.250000,2.250000,290900
2019-12-23,2.240000,2.297000,2.130000,2.240000,2.240000,343400
2019-12-24,2.190000,2.440000,2.166000,2.320000,2.320000,287100
2019-12-26,2.370000,2.440000,2.150000,2.230000,2.230000,1560000
2019-12-27,2.200000,2.480000,2.200000,2.430000,2.430000,533300
2019-12-30,2.480000,2.650000,2.440000,2.490000,2.490000,418000
2019-12-31,2.500000,2.840000,2.455000,2.730000,2.730000,413600
2020-01-02,2.700000,2.980000,2.620000,2.890000,2.890000,303500
2020-01-03,2.870000,2.940000,2.750000,2.780000,2.780000,170800
2020-01-06,2.730000,2.740000,2.630000,2.700000,2.700000,336700
2020-01-07,2.690000,2.750000,2.513000,2.570000,2.570000,203400
2020-01-08,2.570000,2.600000,2.360000,2.490000,2.490000,163500
2020-01-09,2.520000,2.670000,2.474000,2.570000,2.570000,110000
2020-01-10,2.560000,2.600000,2.422000,2.470000,2.470000,127600
2020-01-13,2.470000,2.510000,2.400000,2.430000,2.430000,104400
2020-01-14,2.440000,2.590000,2.430000,2.560000,2.560000,94500
2020-01-15,2.560000,2.700000,2.555000,2.670000,2.670000,169800
2020-01-16,2.690000,2.870000,2.670000,2.780000,2.780000,212000
2020-01-17,2.800000,2.820000,2.670000,2.675000,2.675000,212700
2020-01-21,2.670000,2.700000,2.560000,2.560000,2.560000,154800
2020-01-22,2.580000,2.630000,2.520000,2.630000,2.630000,122700
2020-01-23,2.600000,2.720000,2.550000,2.590000,2.590000,120600
2020-01-24,2.620000,2.655000,2.320000,2.340000,2.340000,239300
2020-01-27,2.290000,2.300000,2.000000,2.050000,2.050000,325900
2020-01-28,2.070000,2.270000,2.070000,2.190000,2.190000,154700
2020-01-29,2.230000,2.580000,2.230000,2.510000,2.510000,431100
2020-01-30,2.510000,2.750000,2.400000,2.670000,2.670000,515900
2020-01-31,2.820000,2.820000,2.470000,2.550000,2.550000,391400
2020-02-03,2.570000,2.730000,2.570000,2.640000,2.640000,267700
2020-02-04,2.670000,2.760000,2.600000,2.620000,2.620000,269700
2020-02-05,2.620000,2.920000,2.620000,2.820000,2.820000,359100
2020-02-06,2.870000,2.870000,2.770000,2.820000,2.820000,112700
2020-02-07,2.820000,2.820000,2.570000,2.598000,2.598000,304000
2020-02-10,2.590000,2.635000,2.430000,2.490000,2.490000,285700
2020-02-11,2.480000,2.550000,2.310000,2.470000,2.470000,176900
2020-02-12,2.710000,2.840000,2.210000,2.340000,2.340000,1185700
2020-02-13,2.390000,2.490000,2.240000,2.240000,2.240000,258300
2020-02-14,2.280000,2.310000,2.050000,2.110000,2.110000,497600
2020-02-18,2.110000,2.310000,2.110000,2.230000,2.230000,266300
2020-02-19,2.250000,2.260000,2.150000,2.170000,2.170000,322400
2020-02-20,2.160000,2.320000,2.060000,2.300000,2.300000,389100
2020-02-21,2.320000,2.380000,2.090000,2.160000,2.160000,219400
2020-02-24,2.180000,2.200000,2.000000,2.080000,2.080000,177800
2020-02-25,2.100000,2.300000,2.050000,2.080000,2.080000,138200
2020-02-26,2.080000,2.220000,2.050000,2.140000,2.140000,137000
2020-02-27,2.000000,2.080000,1.926000,1.990000,1.990000,309000
2020-02-28,1.970000,2.030000,1.750000,1.970000,1.970000,197700
2020-03-02,1.970000,2.100000,1.920000,2.040000,2.040000,152400
2020-03-03,2.090000,2.150000,2.000000,2.020000,2.020000,117400
2020-03-04,2.050000,2.082000,1.970000,2.010000,2.010000,231900
2020-03-05,1.960000,2.000000,1.880000,1.930000,1.930000,113100
2020-03-06,1.880000,1.980000,1.770000,1.770000,1.770000,171800
2020-03-09,1.620000,1.740000,1.290000,1.390000,1.390000,457400
2020-03-10,1.490000,1.500000,1.120000,1.330000,1.330000,466000
2020-03-11,1.330000,1.380000,1.150000,1.260000,1.260000,176500
2020-03-12,1.060000,1.110000,0.918000,0.942000,0.942000,555900
2020-03-13,1.020000,1.080000,0.900000,0.980000,0.980000,274400
2020-03-16,1.000000,1.000000,0.525000,0.610000,0.610000,482800
2020-03-17,0.658000,0.691000,0.550000,0.585000,0.585000,458700
2020-03-18,0.614000,0.690000,0.599000,0.656000,0.656000,312100
2020-03-19,0.660000,0.946000,0.660000,0.946000,0.946000,805200
2020-03-20,1.480000,1.480000,0.860000,0.900000,0.900000,424100
2020-03-23,0.930000,0.970000,0.820000,0.905000,0.905000,310200
2020-03-24,1.010000,1.010000,0.900000,0.945000,0.945000,135300
2020-03-25,0.990000,1.020000,0.920000,0.967000,0.967000,142100
2020-03-26,1.020000,1.040000,0.950000,0.969000,0.969000,238800
2020-03-27,1.010000,1.070000,0.920000,0.990000,0.990000,317800
2020-03-30,1.050000,1.070000,0.940000,1.000000,1.000000,156800
2020-03-31,1.040000,1.050000,0.940000,0.963000,0.963000,80600
2020-04-01,0.940000,0.940000,0.780000,0.800000,0.800000,354100
2020-04-02,0.830000,0.900000,0.810000,0.870000,0.870000,101300
2020-04-03,0.930000,1.000000,0.930000,0.981000,0.981000,237100
2020-04-06,0.996000,1.300000,0.950000,0.972000,0.972000,672500
2020-04-07,1.000000,1.060000,0.950000,0.960000,0.960000,221500
2020-04-08,0.990000,1.070000,0.962000,1.067000,1.067000,194300
2020-04-09,1.110000,1.180000,1.060000,1.150000,1.150000,290800
2020-04-13,1.250000,1.250000,1.010000,1.070000,1.070000,249200
2020-04-14,1.120000,1.150000,1.000000,1.080000,1.080000,435200
2020-04-15,1.080000,1.190000,1.060000,1.180000,1.180000,362900
2020-04-16,1.180000,1.240000,1.150000,1.240000,1.240000,165300
2020-04-17,1.300000,1.300000,1.200000,1.280000,1.280000,122300
2020-04-20,1.310000,1.590000,1.220000,1.580000,1.580000,507700
2020-04-21,1.840000,2.050000,1.600000,1.740000,1.740000,982900
2020-04-22,1.830000,2.040000,1.800000,1.850000,1.850000,539000
2020-04-23,1.900000,1.930000,1.750000,1.880000,1.880000,393100
2020-04-24,1.900000,1.900000,1.630000,1.740000,1.740000,330400
2020-04-27,1.820000,1.860000,1.650000,1.820000,1.820000,286700
2020-04-28,1.890000,1.890000,1.690000,1.770000,1.770000,237300
2020-04-29,1.790000,1.800000,1.650000,1.690000,1.690000,1181900
2020-04-30,1.680000,1.680000,1.580000,1.610000,1.610000,169600
2020-05-01,1.600000,1.640000,1.370000,1.490000,1.490000,389000
2020-05-04,1.490000,1.600000,1.460000,1.560000,1.560000,119700
2020-05-05,1.650000,1.916000,1.610000,1.840000,1.840000,493300
2020-05-06,1.860000,1.900000,1.750000,1.840000,1.840000,160100
2020-05-07,1.840000,1.910000,1.810000,1.870000,1.870000,123200