Date,Open,High,Low,Close,Adj Close,Volume
2015-06-17,66.000000,71.360001,59.000000,59.680000,59.680000,1267800
2015-06-18,61.520000,61.520000,58.959999,59.000000,59.000000,127000
2015-06-19,57.919998,60.360001,56.279999,59.000000,59.000000,58000
2015-06-22,60.000000,60.000000,58.799999,59.520000,59.520000,33700
2015-06-23,59.279999,60.000000,58.680000,59.480000,59.480000,15100
2015-06-24,60.000000,60.000000,58.959999,59.119999,59.119999,14100
2015-06-25,59.320000,59.639999,57.439999,59.279999,59.279999,13100
2015-06-26,59.799999,60.000000,59.119999,59.959999,59.959999,24100
2015-06-29,59.599998,60.000000,58.119999,60.000000,60.000000,4600
2015-06-30,59.759998,61.180000,59.000000,60.599998,60.599998,54000
2015-07-01,61.480000,63.840000,60.759998,63.759998,63.759998,27100
2015-07-02,63.639999,65.040001,61.400002,64.360001,64.360001,46000
2015-07-06,64.239998,64.239998,62.216000,63.919998,63.919998,28200
2015-07-07,63.160000,64.639999,63.040001,63.919998,63.919998,11600
2015-07-08,63.119999,64.720001,62.480000,63.439999,63.439999,56600
2015-07-09,63.160000,64.000000,63.040001,63.959999,63.959999,14000
2015-07-10,63.520000,67.199997,63.520000,66.400002,66.400002,22600
2015-07-13,67.480003,71.959999,64.599998,65.639999,65.639999,63800
2015-07-14,65.360001,67.519997,64.360001,66.400002,66.400002,7500
2015-07-15,66.400002,67.400002,65.040001,65.959999,65.959999,17700
2015-07-16,66.879997,70.599998,65.552002,69.959999,69.959999,32000
2015-07-17,70.199997,76.800003,70.047997,76.040001,76.040001,66400
2015-07-20,77.320000,78.400002,71.000000,72.480003,72.480003,41700
2015-07-21,73.000000,74.919998,70.120003,72.559998,72.559998,59000
2015-07-22,72.519997,73.800003,72.000000,73.440002,73.440002,28900
2015-07-23,73.720001,74.919998,70.160004,71.000000,71.000000,61600
2015-07-24,71.239998,72.760002,66.096001,72.400002,72.400002,58900
2015-07-27,69.080002,72.879997,69.080002,72.800003,72.800003,25500
2015-07-28,72.879997,72.879997,70.559998,71.440002,71.440002,26100
2015-07-29,71.279999,74.080002,70.559998,71.239998,71.239998,34700
2015-07-30,71.239998,72.720001,68.480003,69.599998,69.599998,20600
2015-07-31,69.360001,71.040001,67.199997,67.879997,67.879997,14400
2015-08-03,67.959999,67.959999,66.519997,66.879997,66.879997,14900
2015-08-04,66.800003,71.120003,66.800003,69.199997,69.199997,32300
2015-08-05,70.559998,71.440002,68.639999,70.760002,70.760002,25500
2015-08-06,71.360001,72.279999,69.320000,70.480003,70.480003,13900
2015-08-07,70.320000,71.360001,68.080002,70.839996,70.839996,22600
2015-08-10,71.440002,71.440002,69.519997,69.959999,69.959999,10000
2015-08-11,70.000000,71.480003,68.639999,71.480003,71.480003,15100
2015-08-12,71.160004,71.199997,69.000000,69.279999,69.279999,9600
2015-08-13,69.199997,70.519997,66.599998,67.320000,67.320000,17100
2015-08-14,68.040001,69.040001,64.480003,68.959999,68.959999,55600
2015-08-17,69.120003,75.239998,66.040001,72.680000,72.680000,7600
2015-08-18,72.360001,74.599998,68.335999,73.040001,73.040001,5700
2015-08-19,72.599998,75.360001,69.480003,74.160004,74.160004,21700
2015-08-20,73.480003,75.959999,70.480003,74.599998,74.599998,23300
2015-08-21,74.040001,81.720001,73.959999,80.639999,80.639999,24700
2015-08-24,78.599998,79.120003,69.608002,70.279999,70.279999,23700
2015-08-25,71.199997,74.160004,65.480003,65.639999,65.639999,7700
2015-08-26,68.120003,68.120003,57.240002,61.599998,61.599998,39300
2015-08-27,62.400002,63.560001,59.959999,61.799999,61.799999,9500
2015-08-28,61.799999,63.160000,60.000000,60.840000,60.840000,30600
2015-08-31,60.799999,72.839996,57.639999,58.160000,58.160000,9300
2015-09-01,57.200001,58.639999,54.799999,57.680000,57.680000,15100
2015-09-02,58.000000,58.680000,56.840000,57.720001,57.720001,11100
2015-09-03,58.360001,58.840000,56.560001,57.279999,57.279999,9300
2015-09-04,56.480000,57.639999,55.840000,57.520000,57.520000,12200
2015-09-08,57.599998,59.080002,56.200001,57.480000,57.480000,26800
2015-09-09,57.439999,60.119999,56.439999,57.439999,57.439999,22100
2015-09-10,56.639999,59.599998,56.639999,58.799999,58.799999,9800
2015-09-11,58.360001,63.720001,58.360001,61.119999,61.119999,16600
2015-09-14,61.279999,64.599998,58.799999,62.880001,62.880001,18000
2015-09-15,62.720001,64.800003,62.279999,64.120003,64.120003,61500
2015-09-16,64.440002,66.239998,60.000000,62.480000,62.480000,20200
2015-09-17,62.400002,74.360001,62.240002,72.040001,72.040001,43600
2015-09-18,71.279999,72.559998,66.320000,69.440002,69.440002,70900
2015-09-21,72.160004,73.919998,66.879997,68.080002,68.080002,30800
2015-09-22,67.080002,69.760002,60.200001,61.000000,61.000000,19800
2015-09-23,61.320000,64.320000,57.119999,57.900002,57.900002,12600
2015-09-24,57.639999,59.639999,54.860001,56.119999,56.119999,36600
2015-09-25,56.840000,60.400002,52.880001,54.720001,54.720001,20800
2015-09-28,54.360001,55.240002,48.439999,50.959999,50.959999,29300
2015-09-29,51.160000,55.080002,49.560001,51.040001,51.040001,27100
2015-09-30,51.400002,55.015999,50.540001,51.880001,51.880001,188600
2015-10-01,52.439999,54.487999,48.040001,49.880001,49.880001,31300
2015-10-02,49.480000,50.919998,46.160000,47.080002,47.080002,41500
2015-10-05,47.560001,48.000000,44.759998,45.759998,45.759998,35300
2015-10-06,45.720001,46.400002,42.080002,45.400002,45.400002,58700
2015-10-07,45.279999,48.320000,44.439999,45.599998,45.599998,29700
2015-10-08,49.080002,50.880001,40.119999,40.200001,40.200001,55600
2015-10-09,42.000000,42.000000,37.000000,37.480000,37.480000,51500
2015-10-12,37.840000,37.840000,32.240002,33.560001,33.560001,59700
2015-10-13,33.240002,34.680000,32.759998,34.119999,34.119999,39400
2015-10-14,37.599998,37.599998,30.760000,32.360001,32.360001,45000
2015-10-15,33.000000,34.759998,31.440001,34.480000,34.480000,49600
2015-10-16,34.799999,35.320000,32.919998,33.200001,33.200001,21500
2015-10-19,33.000000,34.560001,32.119999,33.240002,33.240002,22800
2015-10-20,34.599998,34.599998,31.440001,31.959999,31.959999,11800
2015-10-21,32.320000,34.119999,30.344000,31.080000,31.080000,39800
2015-10-22,30.799999,32.040001,30.600000,31.959999,31.959999,18400
2015-10-23,32.320000,33.000000,31.520000,32.520000,32.520000,5100
2015-10-26,32.480000,32.680000,31.440001,32.040001,32.040001,12700
2015-10-27,31.719999,32.472000,31.000000,32.080002,32.080002,37600
2015-10-28,32.040001,33.360001,30.520000,33.000000,33.000000,16700
2015-10-29,32.080002,33.080002,31.424000,31.959999,31.959999,29100
2015-10-30,31.760000,32.560001,31.600000,32.080002,32.080002,20700
2015-11-02,31.920000,33.639999,31.879999,33.119999,33.119999,10700
2015-11-03,32.959999,36.439999,32.040001,33.040001,33.040001,45300
2015-11-04,33.320000,35.000000,32.792000,34.959999,34.959999,24700
2015-11-05,35.240002,36.720001,33.160000,33.799999,33.799999,15000
2015-11-06,33.759998,35.279999,32.400002,33.599998,33.599998,18900
2015-11-09,33.279999,35.599998,32.480000,34.680000,34.680000,32200
2015-11-10,34.480000,35.400002,33.000000,33.320000,33.320000,16900
2015-11-11,33.799999,34.759998,32.240002,32.400002,32.400002,46700
2015-11-12,32.360001,33.040001,31.799999,32.480000,32.480000,13500
2015-11-13,32.360001,32.680000,31.799999,32.040001,32.040001,17200
2015-11-16,32.200001,32.520000,31.280001,32.160000,32.160000,22000
2015-11-17,32.400002,32.840000,31.639999,32.040001,32.040001,16200
2015-11-18,32.080002,33.200001,31.760000,33.000000,33.000000,9800
2015-11-19,33.000000,34.400002,31.920000,32.360001,32.360001,6800
2015-11-20,32.599998,33.952000,31.840000,32.520000,32.520000,53300
2015-11-23,32.520000,34.080002,32.240002,33.160000,33.160000,18000
2015-11-24,32.799999,35.980000,32.680000,34.400002,34.400002,21700
2015-11-25,34.279999,35.119999,33.080002,34.360001,34.360001,17600
2015-11-27,34.439999,34.759998,33.200001,33.880001,33.880001,4500
2015-11-30,34.040001,34.540001,32.959999,33.200001,33.200001,13600
2015-12-01,32.880001,33.560001,32.240002,32.400002,32.400002,18900
2015-12-02,32.560001,34.164001,32.560001,32.639999,32.639999,8200
2015-12-03,32.680000,33.080002,31.840000,32.000000,32.000000,14000
2015-12-04,31.879999,32.639999,31.879999,32.080002,32.080002,11900
2015-12-07,32.000000,32.639999,31.200001,32.080002,32.080002,18100
2015-12-08,31.600000,32.360001,30.559999,32.240002,32.240002,21500
2015-12-09,31.840000,32.680000,31.240000,31.760000,31.760000,22500
2015-12-10,31.480000,32.792000,30.799999,31.719999,31.719999,13000
2015-12-11,32.480000,32.712002,31.440001,31.840000,31.840000,45600
2015-12-14,31.840000,32.360001,29.120001,31.680000,31.680000,135800
2015-12-15,31.719999,31.840000,30.240000,31.520000,31.520000,30700
2015-12-16,29.000000,32.040001,28.200001,31.280001,31.280001,17700
2015-12-17,31.559999,32.439999,30.000000,32.160000,32.160000,8600
2015-12-18,32.160000,34.119999,31.600000,33.880001,33.880001,29200
2015-12-21,33.919998,36.240002,33.639999,36.000000,36.000000,21300
2015-12-22,36.439999,37.820000,34.680000,35.240002,35.240002,13900
2015-12-23,35.119999,35.560001,34.119999,35.040001,35.040001,11700
2015-12-24,35.080002,36.020000,33.680000,34.000000,34.000000,9900
2015-12-28,33.880001,34.480000,31.840000,32.480000,32.480000,18000
2015-12-29,32.840000,34.000000,32.000000,33.840000,33.840000,32100
2015-12-30,34.000000,34.000000,32.320000,32.520000,32.520000,19200
2015-12-31,32.480000,32.680000,29.719999,30.959999,30.959999,19700
2016-01-04,30.719999,30.719999,28.040001,29.160000,29.160000,21600
2016-01-05,29.280001,29.299999,28.200001,28.520000,28.520000,26900
2016-01-06,29.600000,29.600000,26.600000,27.480000,27.480000,13700
2016-01-07,27.000000,27.320000,25.860001,27.000000,27.000000,28600
2016-01-08,27.000000,27.680000,26.440001,26.600000,26.600000,22500
2016-01-11,26.719999,26.799999,24.920000,25.360001,25.360001,21400
2016-01-12,26.480000,26.480000,22.680000,23.639999,23.639999,31900
2016-01-13,23.559999,23.559999,19.719999,20.240000,20.240000,39500
2016-01-14,20.240000,20.280001,18.080000,19.920000,19.920000,107500
2016-01-15,19.440001,24.480000,16.600000,23.000000,23.000000,63900
2016-01-19,23.680000,23.680000,19.459999,21.400000,21.400000,49400
2016-01-20,21.200001,23.600000,20.480000,22.400000,22.400000,15600
2016-01-21,22.040001,23.600000,22.040001,22.520000,22.520000,8100
2016-01-22,22.799999,23.639999,21.760000,22.639999,22.639999,11100
2016-01-25,22.559999,23.400000,20.719999,21.680000,21.680000,22500
2016-01-26,20.840000,21.799999,20.639999,21.799999,21.799999,24100
2016-01-27,21.639999,21.920000,20.400000,20.600000,20.600000,8000
2016-01-28,20.600000,21.600000,18.400000,18.639999,18.639999,20600
2016-01-29,18.520000,19.879999,18.256001,18.760000,18.760000,22700
2016-02-01,18.799999,19.959999,18.280001,19.400000,19.400000,21700
2016-02-02,19.240000,20.091999,18.639999,20.000000,20.000000,25300
2016-02-03,20.240000,20.400000,18.500000,20.080000,20.080000,9700
2016-02-04,18.927999,20.559999,18.927999,20.200001,20.200001,3800
2016-02-05,20.280001,20.639999,19.160000,19.440001,19.440001,22900
2016-02-08,19.280001,19.639999,17.000000,17.719999,17.719999,25500
2016-02-09,17.480000,18.980000,17.440001,17.879999,17.879999,11400
2016-02-10,18.080000,19.559999,18.059999,18.600000,18.600000,10700
2016-02-11,18.400000,18.879999,17.420000,17.920000,17.920000,9300
2016-02-12,18.080000,19.799999,16.799999,18.879999,18.879999,21800
2016-02-16,19.160000,21.000000,18.160000,19.680000,19.680000,5900
2016-02-17,19.760000,20.240000,18.320000,19.160000,19.160000,57700
2016-02-18,18.920000,19.559999,18.920000,19.160000,19.160000,16100
2016-02-19,19.760000,19.840000,18.559999,19.000000,19.000000,17100
2016-02-22,19.480000,19.480000,18.200001,18.760000,18.760000,14800
2016-02-23,18.799999,19.000000,17.540001,18.000000,18.000000,11000
2016-02-24,17.799999,18.320000,17.440001,18.080000,18.080000,6800
2016-02-25,18.760000,18.760000,17.440001,17.719999,17.719999,6100
2016-02-26,17.680000,19.240000,17.680000,18.520000,18.520000,39800
2016-02-29,18.639999,18.680000,17.480000,18.120001,18.120001,12000
2016-03-01,18.200001,19.115999,17.799999,18.760000,18.760000,13200
2016-03-02,18.520000,20.200001,18.240000,19.200001,19.200001,26900
2016-03-03,19.160000,19.600000,18.200001,19.320000,19.320000,9100
2016-03-04,19.440001,20.719999,18.959999,20.440001,20.440001,35800
2016-03-07,20.440001,22.639999,20.440001,22.600000,22.600000,22200
2016-03-08,22.040001,22.280001,20.000000,20.639999,20.639999,29400
2016-03-09,20.440001,20.440001,18.920000,19.719999,19.719999,14800
2016-03-10,19.760000,20.000000,18.879999,19.240000,19.240000,9100
2016-03-11,19.799999,20.000000,19.200001,19.520000,19.520000,10800
2016-03-14,19.320000,20.139999,18.959999,19.120001,19.120001,9900
2016-03-15,19.320000,19.600000,18.360001,18.440001,18.440001,5600
2016-03-16,19.320000,19.320000,17.719999,17.959999,17.959999,6600
2016-03-17,17.799999,18.440001,17.440001,18.080000,18.080000,8900
2016-03-18,18.240000,19.120001,17.480000,18.080000,18.080000,17100
2016-03-21,17.959999,18.959999,17.440001,17.600000,17.600000,8400
2016-03-22,17.440001,17.879999,17.020000,17.280001,17.280001,9500
2016-03-23,17.440001,19.240000,16.212000,16.280001,16.280001,10300
2016-03-24,16.240000,17.799999,16.240000,16.879999,16.879999,9000
2016-03-28,17.040001,18.320000,16.120001,16.120001,16.120001,5100
2016-03-29,16.160000,16.160000,14.720000,16.000000,16.000000,20700
2016-03-30,16.160000,16.160000,15.160000,15.720000,15.720000,10900
2016-03-31,15.760000,17.360001,14.800000,16.680000,16.680000,9900
2016-04-01,16.559999,18.120001,16.040001,17.400000,17.400000,15200
2016-04-04,17.080000,18.100000,17.080000,17.240000,17.240000,14200
2016-04-05,17.240000,17.440001,16.360001,16.559999,16.559999,14500
2016-04-06,16.559999,18.200001,16.200001,17.920000,17.920000,18600
2016-04-07,17.840000,18.559999,16.680000,17.879999,17.879999,40600
2016-04-08,18.760000,18.760000,16.840000,17.320000,17.320000,4600
2016-04-11,17.360001,17.856001,16.600000,16.680000,16.680000,4600
2016-04-12,16.580000,17.520000,16.160000,17.400000,17.400000,4800
2016-04-13,17.280001,19.056000,17.280001,18.680000,18.680000,10300
2016-04-14,18.620001,19.280001,17.920000,18.680000,18.680000,5600
2016-04-15,18.559999,18.959999,18.000000,18.480000,18.480000,3000
2016-04-18,18.799999,19.080000,18.280001,18.719999,18.719999,12900
2016-04-19,19.080000,19.080000,18.000000,18.320000,18.320000,15900
2016-04-20,18.420000,18.639999,17.587999,18.040001,18.040001,5200
2016-04-21,17.719999,18.639999,17.719999,18.480000,18.480000,7800
2016-04-22,18.480000,19.240000,18.011999,18.920000,18.920000,6800
2016-04-25,18.639999,19.420000,18.600000,19.160000,19.160000,7200
2016-04-26,19.040001,19.120001,17.520000,17.920000,17.920000,6800
2016-04-27,17.799999,17.879999,17.191999,17.400000,17.400000,6600
2016-04-28,17.480000,18.160000,17.400000,17.400000,17.400000,4100
2016-04-29,17.520000,17.559999,16.799999,16.920000,16.920000,3700
2016-05-02,16.799999,16.840000,16.160000,16.760000,16.760000,6500
2016-05-03,16.680000,18.020000,16.360001,18.000000,18.000000,8400
2016-05-04,17.920000,18.200001,17.559999,17.840000,17.840000,12400
2016-05-05,17.799999,18.160000,16.600000,17.719999,17.719999,14600
2016-05-06,17.680000,18.360001,17.600000,17.879999,17.879999,12500
2016-05-09,17.879999,17.879999,16.488001,16.719999,16.719999,9900
2016-05-10,16.840000,17.040001,16.000000,16.920000,16.920000,5400
2016-05-11,16.760000,16.760000,16.000000,16.040001,16.040001,4900
2016-05-12,16.000000,16.080000,15.520000,15.600000,15.600000,12500
2016-05-13,15.680000,17.000000,15.600000,16.639999,16.639999,5700
2016-05-16,16.708000,18.320000,16.708000,18.240000,18.240000,4300
2016-05-17,17.480000,18.160000,16.760000,16.959999,16.959999,6100
2016-05-18,16.959999,17.440001,16.879999,17.360001,17.360001,10100
2016-05-19,17.280001,17.639999,16.200001,16.920000,16.920000,15500
2016-05-20,17.040001,17.799999,16.360001,17.600000,17.600000,4500
2016-05-23,17.480000,18.440001,17.480000,18.000000,18.000000,6500
2016-05-24,17.436001,18.600000,17.436001,18.440001,18.440001,5000
2016-05-25,18.400000,20.360001,18.400000,20.080000,20.080000,33000
2016-05-26,20.160000,20.160000,18.440001,18.680000,18.680000,7700
2016-05-27,18.559999,19.879999,17.639999,19.120001,19.120001,5300
2016-05-31,19.200001,20.940001,19.200001,19.959999,19.959999,13800
2016-06-01,19.959999,20.799999,19.840000,20.559999,20.559999,11600
2016-06-02,19.840000,20.980000,19.840000,20.600000,20.600000,7200
2016-06-03,20.200001,20.200001,18.799999,19.600000,19.600000,3600
2016-06-06,19.959999,20.879999,19.440001,20.200001,20.200001,7400
2016-06-07,20.080000,20.959999,18.639999,19.400000,19.400000,13100
2016-06-08,19.520000,19.520000,18.400000,18.400000,18.400000,5000
2016-06-09,18.400000,18.760000,17.340000,17.760000,17.760000,10300
2016-06-10,17.440001,18.480000,16.920000,17.639999,17.639999,6500
2016-06-13,17.799999,18.219999,16.799999,16.879999,16.879999,14800
2016-06-14,16.799999,18.120001,16.320000,16.520000,16.520000,8300
2016-06-15,16.240000,16.639999,15.240000,16.120001,16.120001,119900
2016-06-16,15.760000,15.880000,15.160000,15.720000,15.720000,10800
2016-06-17,15.800000,17.059999,15.696000,15.920000,15.920000,12000
2016-06-20,15.760000,16.840000,15.760000,15.960000,15.960000,10900
2016-06-21,15.640000,15.960000,15.364000,15.760000,15.760000,11500
2016-06-22,15.800000,17.396000,15.400000,16.680000,16.680000,18500
2016-06-23,16.719999,17.540001,16.040001,17.080000,17.080000,8200
2016-06-24,16.240000,17.799999,16.240000,17.440001,17.440001,108000
2016-06-27,17.200001,18.379999,16.156000,16.520000,16.520000,12000
2016-06-28,16.760000,18.320000,16.719999,17.920000,17.920000,8000
2016-06-29,18.160000,18.680000,16.760000,17.959999,17.959999,11600
2016-06-30,18.000000,18.840000,17.719999,18.400000,18.400000,27600
2016-07-01,18.320000,19.200001,18.320000,19.000000,19.000000,5900
2016-07-05,18.799999,19.100000,17.680000,18.600000,18.600000,10200
2016-07-06,18.400000,19.280001,16.840000,17.520000,17.520000,6900
2016-07-07,18.160000,18.200001,17.200001,17.879999,17.879999,4300
2016-07-08,19.299999,19.299999,17.496000,18.480000,18.480000,3400
2016-07-11,18.559999,20.136000,18.559999,18.920000,18.920000,9900
2016-07-12,18.879999,19.700001,18.840000,19.160000,19.160000,3600
2016-07-13,18.959999,19.840000,17.639999,17.879999,17.879999,10400
2016-07-14,18.200001,18.719999,17.639999,17.920000,17.920000,6900
2016-07-15,18.840000,19.000000,18.000000,18.639999,18.639999,8100
2016-07-18,18.639999,18.639999,18.000000,18.000000,18.000000,2100
2016-07-19,18.360001,18.799999,17.080000,17.680000,17.680000,2600
2016-07-20,17.879999,18.760000,17.799999,18.219999,18.219999,7400
2016-07-21,17.559999,18.959999,17.559999,18.959999,18.959999,2500
2016-07-22,18.799999,19.440001,18.400000,18.639999,18.639999,1700
2016-07-25,18.559999,19.400000,18.000000,18.480000,18.480000,1900
2016-07-26,18.280001,19.400000,18.200001,18.200001,18.200001,2600
2016-07-27,18.400000,19.379999,18.360001,18.639999,18.639999,6200
2016-07-28,18.799999,19.400000,18.400000,19.120001,19.120001,2800
2016-07-29,19.068001,19.356001,18.480000,18.719999,18.719999,5400
2016-08-01,19.320000,19.440001,18.879999,19.040001,19.040001,8600
2016-08-02,18.840000,19.459999,18.840000,19.240000,19.240000,3300
2016-08-03,19.120001,19.520000,18.840000,19.320000,19.320000,3600
2016-08-04,19.120001,20.356001,19.120001,20.000000,20.000000,10300
2016-08-05,20.000000,20.636000,19.879999,20.120001,20.120001,6300
2016-08-08,20.320000,21.920000,20.200001,21.600000,21.600000,15100
2016-08-09,21.600000,22.280001,21.000000,21.600000,21.600000,7900
2016-08-10,21.520000,22.400000,21.040001,21.840000,21.840000,2900
2016-08-11,22.160000,23.600000,21.799999,23.559999,23.559999,19600
2016-08-12,23.799999,23.799999,22.400000,23.040001,23.040001,3800
2016-08-15,23.400000,24.000000,23.040001,23.120001,23.120001,2900
2016-08-16,23.320000,25.000000,23.320000,24.480000,24.480000,7200
2016-08-17,24.980000,25.719999,24.240000,25.200001,25.200001,3500
2016-08-18,25.280001,25.360001,24.440001,24.440001,24.440001,4300
2016-08-19,24.440001,24.440001,23.120001,23.160000,23.160000,2300
2016-08-22,23.320000,24.400000,23.280001,24.360001,24.360001,3300
2016-08-23,24.120001,24.559999,23.559999,24.120001,24.120001,52200
2016-08-24,23.959999,25.000000,23.680000,23.959999,23.959999,4900
2016-08-25,24.072001,24.879999,23.879999,24.799999,24.799999,20700
2016-08-26,24.760000,25.600000,24.719999,25.600000,25.600000,4200
2016-08-29,25.879999,26.280001,23.760000,24.639999,24.639999,19800
2016-08-30,24.719999,25.799999,24.719999,25.240000,25.240000,5200
2016-08-31,25.440001,26.416000,25.440001,25.559999,25.559999,6700
2016-09-01,25.840000,25.840000,25.120001,25.160000,25.160000,4600
2016-09-02,25.520000,26.200001,25.511999,25.520000,25.520000,1600
2016-09-06,26.080000,28.280001,26.080000,27.120001,27.120001,47800
2016-09-07,27.520000,32.320000,27.520000,30.160000,30.160000,75400
2016-09-08,30.280001,31.600000,30.000000,31.600000,31.600000,29700
2016-09-09,31.000000,31.360001,30.280001,30.760000,30.760000,16900
2016-09-12,30.760000,31.600000,30.559999,31.080000,31.080000,12600
2016-09-13,31.200001,34.599998,31.200001,32.880001,32.880001,56200
2016-09-14,33.560001,33.680000,28.920000,29.840000,29.840000,55500
2016-09-15,29.320000,30.556000,29.000000,29.760000,29.760000,16200
2016-09-16,29.520000,32.240002,29.520000,30.480000,30.480000,69600
2016-09-19,30.799999,33.279999,30.799999,32.720001,32.720001,30500
2016-09-20,33.119999,37.400002,33.020000,35.959999,35.959999,43500
2016-09-21,36.000000,36.680000,34.299999,34.959999,34.959999,30500
2016-09-22,35.360001,35.959999,34.240002,34.639999,34.639999,30400
2016-09-23,34.360001,34.532001,32.040001,33.520000,33.520000,39600
2016-09-26,33.240002,34.360001,32.520000,33.439999,33.439999,11700
2016-09-27,33.560001,34.200001,33.119999,33.520000,33.520000,11400
2016-09-28,33.840000,33.840000,32.160000,33.119999,33.119999,9900
2016-09-29,33.320000,34.000000,31.440001,32.840000,32.840000,5100
2016-09-30,32.720001,32.799999,31.520000,32.520000,32.520000,20700
2016-10-03,32.240002,32.240002,30.200001,31.879999,31.879999,20100
2016-10-04,31.680000,32.200001,30.600000,30.920000,30.920000,19100
2016-10-05,30.879999,32.360001,30.000000,31.040001,31.040001,11600
2016-10-06,30.760000,30.760000,28.639999,29.920000,29.920000,11400
2016-10-07,29.760000,29.760000,28.080000,29.320000,29.320000,9900
2016-10-10,29.200001,29.799999,29.160000,29.400000,29.400000,10900
2016-10-11,29.191999,29.680000,28.600000,29.520000,29.520000,3500
2016-10-12,29.520000,30.000000,28.124001,29.840000,29.840000,10400
2016-10-13,29.440001,30.600000,28.648001,30.400000,30.400000,12500
2016-10-14,30.639999,31.120001,29.680000,30.400000,30.400000,18100
2016-10-17,29.600000,30.920000,29.600000,30.760000,30.760000,5700
2016-10-18,32.200001,32.439999,29.271999,30.799999,30.799999,34600
2016-10-19,30.719999,31.080000,29.840000,30.400000,30.400000,17500
2016-10-20,30.284000,30.559999,30.000000,30.520000,30.520000,8800
2016-10-21,30.299999,30.400000,30.040001,30.040001,30.040001,1500
2016-10-24,30.040001,30.040001,27.920000,28.000000,28.000000,12900
2016-10-25,28.000000,28.280001,24.559999,25.920000,25.920000,21000
2016-10-26,25.360001,27.160000,24.120001,24.480000,24.480000,8600
2016-10-27,24.240000,25.600000,22.760000,22.799999,22.799999,16600
2016-10-28,22.360001,23.920000,21.240000,23.680000,23.680000,18000
2016-10-31,23.600000,24.243999,23.200001,23.719999,23.719999,7800
2016-11-01,23.600000,24.280001,23.200001,23.520000,23.520000,4300
2016-11-02,23.600000,24.072001,22.040001,22.480000,22.480000,6300
2016-11-03,21.860001,22.200001,20.400000,20.760000,20.760000,17500
2016-11-04,20.600000,21.200001,20.600000,20.879999,20.879999,5300
2016-11-07,21.000000,21.200001,20.480000,20.639999,20.639999,4100
2016-11-08,20.639999,21.348000,20.160000,20.480000,20.480000,6500
2016-11-09,20.240000,22.600000,19.924000,22.400000,22.400000,123000
2016-11-10,22.799999,25.200001,22.799999,25.160000,25.160000,13800
2016-11-11,25.080000,25.756001,24.788000,25.520000,25.520000,15700
2016-11-14,25.320000,26.000000,24.559999,24.719999,24.719999,6500
2016-11-15,25.120001,25.476000,24.480000,24.760000,24.760000,2700
2016-11-16,24.600000,25.516001,22.299999,25.200001,25.200001,13300
2016-11-17,24.959999,26.480000,23.375999,26.040001,26.040001,7600
2016-11-18,26.040001,26.040001,24.312000,25.680000,25.680000,5100
2016-11-21,26.080000,26.080000,25.240000,25.520000,25.520000,7200
2016-11-22,25.840000,25.840000,24.760000,25.120001,25.120001,3300
2016-11-23,24.799999,25.360001,23.959999,25.000000,25.000000,3900
2016-11-25,24.799999,25.480000,24.400000,25.120001,25.120001,2400
2016-11-28,25.280001,25.480000,24.280001,25.000000,25.000000,124000
2016-11-29,11.480000,12.160000,10.000000,10.280000,10.280000,1226400
2016-11-30,10.280000,10.320000,8.360000,8.680000,8.680000,463100
2016-12-01,8.760000,8.960000,8.280000,8.280000,8.280000,113800
2016-12-02,8.360000,8.480000,8.080000,8.280000,8.280000,83500
2016-12-05,8.200000,8.680000,8.080000,8.160000,8.160000,200500
2016-12-06,8.640000,9.480000,8.240000,9.480000,9.480000,408300
2016-12-07,9.520000,9.520000,8.560000,8.680000,8.680000,226400
2016-12-08,8.760000,8.840000,8.160000,8.440000,8.440000,216600
2016-12-09,8.480000,8.600000,8.280000,8.560000,8.560000,133000
2016-12-12,8.560000,8.640000,8.000000,8.560000,8.560000,189500
2016-12-13,8.600000,9.120000,8.240000,8.680000,8.680000,268300
2016-12-14,8.600000,8.680000,8.200000,8.320000,8.320000,116400
2016-12-15,8.320000,8.480000,8.200000,8.320000,8.320000,113100
2016-12-16,8.320000,8.600000,8.292000,8.540000,8.540000,56100
2016-12-19,8.600000,8.800000,8.440000,8.480000,8.480000,56000
2016-12-20,8.560000,8.560000,8.320000,8.440000,8.440000,49600
2016-12-21,8.480000,8.520000,8.240000,8.280000,8.280000,76800
2016-12-22,8.320000,8.400000,8.120000,8.160000,8.160000,71300
2016-12-23,8.280000,8.520000,8.120000,8.320000,8.320000,78600
2016-12-27,8.400000,8.720000,8.240000,8.640000,8.640000,60800
2016-12-28,8.680000,9.000000,8.480000,8.640000,8.640000,183200
2016-12-29,8.520000,8.812000,8.240000,8.400000,8.400000,141200
2016-12-30,8.480000,9.000000,8.360000,8.960000,8.960000,180600
2017-01-03,9.040000,9.596000,8.600000,8.820000,8.820000,236600
2017-01-04,9.480000,10.120000,9.080000,9.600000,9.600000,427300
2017-01-05,9.600000,9.600000,9.040000,9.320000,9.320000,129900
2017-01-06,9.480000,9.520000,8.960000,8.960000,8.960000,142800
2017-01-09,9.160000,9.356000,8.972000,9.080000,9.080000,86000
2017-01-10,8.960000,9.400000,8.960000,9.240000,9.240000,50200
2017-01-11,9.280000,9.320000,8.920000,9.080000,9.080000,106200
2017-01-12,9.000000,9.116000,8.640000,8.840000,8.840000,84400
2017-01-13,9.120000,9.120000,8.640000,8.880000,8.880000,333800
2017-01-17,8.880000,9.080000,8.760000,9.000000,9.000000,51800
2017-01-18,9.040000,9.160000,8.800000,8.960000,8.960000,59300
2017-01-19,8.960000,9.120000,8.840000,8.840000,8.840000,61200
2017-01-20,8.840000,8.880000,8.240000,8.360000,8.360000,174400
2017-01-23,8.400000,8.880000,8.240000,8.640000,8.640000,260300
2017-01-24,8.680000,8.952000,8.640000,8.680000,8.680000,138500
2017-01-25,8.760000,9.240000,8.640000,9.040000,9.040000,233200
2017-01-26,9.000000,9.000000,8.720000,9.000000,9.000000,31500
2017-01-27,8.960000,9.000000,8.760000,8.840000,8.840000,43200
2017-01-30,8.880000,8.916000,8.400000,8.680000,8.680000,59700
2017-01-31,8.680000,8.880000,8.560000,8.800000,8.800000,17500
2017-02-01,8.800000,9.360000,8.800000,9.260000,9.260000,163100
2017-02-02,9.240000,9.400000,8.960000,9.120000,9.120000,105700
2017-02-03,9.120000,9.920000,9.000000,9.760000,9.760000,319400
2017-02-06,9.800000,9.840000,9.280000,9.360000,9.360000,101300
2017-02-07,9.440000,9.640000,9.240000,9.320000,9.320000,66500
2017-02-08,9.320000,9.640000,9.000000,9.640000,9.640000,69000
2017-02-09,9.600000,9.680000,9.400000,9.560000,9.560000,25500
2017-02-10,9.640000,9.640000,9.440000,9.560000,9.560000,25700
2017-02-13,9.520000,9.648000,9.120000,9.480000,9.480000,118900
2017-02-14,9.680000,10.400000,9.520000,10.000000,10.000000,255900
2017-02-15,10.160000,10.280000,9.920000,10.200000,10.200000,73900
2017-02-16,10.240000,10.600000,10.120000,10.480000,10.480000,84200
2017-02-17,10.400000,10.520000,10.120000,10.520000,10.520000,56800
2017-02-21,10.520000,10.680000,10.000000,10.280000,10.280000,65900
2017-02-22,10.280000,10.480000,9.840000,10.000000,10.000000,36400
2017-02-23,10.040000,10.080000,9.680000,9.960000,9.960000,56600
2017-02-24,9.880000,10.680000,9.832000,10.360000,10.360000,144000
2017-02-27,10.440000,11.360000,10.400000,11.160000,11.160000,133600
2017-02-28,11.280000,11.320000,10.600000,10.920000,10.920000,53200
2017-03-01,11.080000,11.400000,10.680000,11.040000,11.040000,70600
2017-03-02,11.040000,11.360000,10.920000,11.000000,11.000000,27200
2017-03-03,11.000000,11.000000,10.600000,10.780000,10.780000,32900
2017-03-06,10.800000,10.880000,10.560000,10.600000,10.600000,17100
2017-03-07,10.720000,10.920000,10.520000,10.720000,10.720000,22200
2017-03-08,10.680000,11.000000,10.640000,10.840000,10.840000,29800
2017-03-09,10.840000,11.120000,10.760000,10.880000,10.880000,6600
2017-03-10,11.040000,11.200000,10.920000,11.200000,11.200000,33900
2017-03-13,11.400000,12.000000,11.240000,11.680000,11.680000,94000
2017-03-14,11.960000,14.520000,11.680000,11.840000,11.840000,1488700
2017-03-15,12.000000,12.160000,11.280000,11.600000,11.600000,161700
2017-03-16,11.440000,12.000000,11.400000,12.000000,12.000000,85300
2017-03-17,12.000000,12.360000,11.840000,12.080000,12.080000,79300
2017-03-20,12.200000,12.200000,11.640000,11.760000,11.760000,45000
2017-03-21,11.920000,11.920000,10.852000,11.200000,11.200000,72300
2017-03-22,11.200000,11.280000,10.800000,10.960000,10.960000,44300
2017-03-23,11.080000,11.120000,10.760000,10.960000,10.960000,47000
2017-03-24,11.040000,11.400000,10.960000,11.360000,11.360000,34000
2017-03-27,11.440000,11.840000,11.240000,11.800000,11.800000,32300
2017-03-28,11.920000,12.000000,11.480000,11.520000,11.520000,42200
2017-03-29,11.520000,11.640000,11.320000,11.600000,11.600000,23800
2017-03-30,11.456000,11.584000,11.120000,11.320000,11.320000,22000
2017-03-31,11.360000,11.720000,11.200000,11.680000,11.680000,35800
2017-04-03,11.800000,12.160000,11.520000,11.560000,11.560000,70400
2017-04-04,11.600000,11.840000,11.280000,11.480000,11.480000,24100
2017-04-05,11.480000,11.600000,10.880000,11.120000,11.120000,36500
2017-04-06,11.120000,11.400000,11.040000,11.240000,11.240000,35400
2017-04-07,11.240000,11.560000,11.160000,11.360000,11.360000,28600
2017-04-10,11.520000,11.560000,11.280000,11.280000,11.280000,19000
2017-04-11,11.440000,11.440000,11.120000,11.240000,11.240000,18700
2017-04-12,11.160000,11.320000,11.000000,11.080000,11.080000,13200
2017-04-13,11.160000,11.196000,10.960000,11.040000,11.040000,11900
2017-04-17,11.040000,11.188000,10.800000,11.080000,11.080000,6600
2017-04-18,11.080000,11.120000,10.432000,10.560000,10.560000,193900
2017-04-19,10.720000,10.800000,9.240000,9.480000,9.480000,429200
2017-04-20,9.640000,9.880000,8.640000,9.720000,9.720000,97500
2017-04-21,9.640000,9.760000,9.040000,9.040000,9.040000,26500
2017-04-24,8.960000,8.960000,8.200000,8.400000,8.400000,92300
2017-04-25,8.480000,8.720000,8.240000,8.600000,8.600000,41700
2017-04-26,8.600000,9.156000,8.452000,9.040000,9.040000,24600
2017-04-27,9.040000,9.600000,8.800000,8.880000,8.880000,16200
2017-04-28,8.960000,9.080000,8.400000,9.040000,9.040000,56500
2017-05-01,9.000000,9.120000,8.600000,9.000000,9.000000,47700
2017-05-02,8.920000,9.240000,8.760000,9.240000,9.240000,38300
2017-05-03,9.160000,9.200000,8.800000,9.120000,9.120000,31200
2017-05-04,9.080000,9.240000,8.732000,9.240000,9.240000,34900
2017-05-05,9.160000,9.440000,8.856000,9.200000,9.200000,33000
2017-05-08,9.168000,9.400000,8.908000,9.280000,9.280000,68500
2017-05-09,9.200000,9.600000,9.000000,9.440000,9.440000,50300
2017-05-10,9.400000,9.680000,9.200000,9.680000,9.680000,36300
2017-05-11,9.760000,9.760000,9.280000,9.760000,9.760000,18500
2017-05-12,9.720000,9.864000,9.520000,9.600000,9.600000,11000
2017-05-15,9.560000,10.040000,9.520000,9.800000,9.800000,24000
2017-05-16,9.600000,9.948000,9.240000,9.480000,9.480000,20100
2017-05-17,9.400000,9.400000,9.000000,9.200000,9.200000,22500
2017-05-18,9.280000,9.320000,9.140000,9.240000,9.240000,18100
2017-05-19,9.200000,9.560000,9.200000,9.280000,9.280000,15900
2017-05-22,9.320000,9.880000,9.320000,9.600000,9.600000,22700
2017-05-23,9.680000,9.680000,9.360000,9.520000,9.520000,2100
2017-05-24,9.320000,9.600000,9.276000,9.400000,9.400000,14600
2017-05-25,9.400000,9.640000,9.324000,9.520000,9.520000,10200
2017-05-26,9.480000,9.600000,9.240000,9.320000,9.320000,14500
2017-05-30,9.320000,9.400000,9.120000,9.240000,9.240000,20300
2017-05-31,9.120000,9.320000,8.840000,9.200000,9.200000,21900
2017-06-01,9.196000,9.360000,9.120000,9.160000,9.160000,12500
2017-06-02,9.200000,9.440000,9.080000,9.320000,9.320000,22700
2017-06-05,9.320000,9.320000,8.920000,9.160000,9.160000,16900
2017-06-06,8.880000,9.320000,8.680000,9.160000,9.160000,25700
2017-06-07,9.080000,9.200000,8.880000,9.160000,9.160000,11600
2017-06-08,9.040000,9.280000,9.000000,9.080000,9.080000,6200
2017-06-09,9.088000,9.160000,8.920000,9.080000,9.080000,4700
2017-06-12,9.084000,9.200000,8.800000,9.040000,9.040000,22500
2017-06-13,9.120000,9.200000,8.880000,8.920000,8.920000,14900
2017-06-14,9.040000,9.040000,8.840000,8.840000,8.840000,11000
2017-06-15,8.840000,9.160000,8.656000,8.960000,8.960000,20000
2017-06-16,8.920000,8.920000,8.600000,8.800000,8.800000,12100
2017-06-19,8.720000,9.160000,8.640000,9.040000,9.040000,17000
2017-06-20,8.920000,9.040000,8.720000,9.040000,9.040000,9400
2017-06-21,9.040000,9.160000,8.808000,9.160000,9.160000,6300
2017-06-22,9.160000,9.600000,9.160000,9.240000,9.240000,11000
2017-06-23,9.280000,9.400000,9.280000,9.360000,9.360000,6400
2017-06-26,9.400000,9.480000,9.280000,9.400000,9.400000,14000
2017-06-27,9.600000,9.720000,9.448000,9.560000,9.560000,5800
2017-06-28,9.560000,9.720000,9.400000,9.480000,9.480000,6500
2017-06-29,9.560000,9.720000,9.400000,9.560000,9.560000,12400
2017-06-30,9.640000,9.680000,9.420000,9.640000,9.640000,27000
2017-07-03,9.640000,9.804000,9.400000,9.720000,9.720000,6500
2017-07-05,9.680000,9.680000,9.440000,9.560000,9.560000,4400
2017-07-06,9.480000,9.760000,9.452000,9.600000,9.600000,4800
2017-07-07,9.600000,9.760000,9.520000,9.640000,9.640000,3900
2017-07-10,9.680000,9.760000,9.420000,9.560000,9.560000,15300
2017-07-11,9.600000,9.760000,9.560000,9.640000,9.640000,8000
2017-07-12,9.720000,9.760000,9.412000,9.680000,9.680000,1700
2017-07-13,9.760000,9.760000,9.280000,9.560000,9.560000,9800
2017-07-14,9.600000,9.600000,9.316000,9.520000,9.520000,16700
2017-07-17,9.520000,9.680000,9.400000,9.480000,9.480000,10100
2017-07-18,9.520000,9.680000,9.200000,9.400000,9.400000,9600
2017-07-19,9.320000,9.640000,9.200000,9.280000,9.280000,4200
2017-07-20,9.640000,9.640000,9.280000,9.560000,9.560000,18700
2017-07-21,9.600000,9.640000,9.200000,9.400000,9.400000,11200
2017-07-24,9.400000,9.760000,9.332000,9.600000,9.600000,6300
2017-07-25,10.000000,10.238000,8.931000,9.550000,9.550000,7700
2017-07-26,9.700000,9.700000,8.189000,8.780000,8.780000,28900
2017-07-27,8.520000,8.764000,8.500000,8.546000,8.546000,11000
2017-07-28,8.508000,9.140000,8.507000,9.140000,9.140000,7400
2017-07-31,8.858000,8.915000,8.520000,8.790000,8.790000,8600
2017-08-01,8.513000,8.570000,8.110000,8.360000,8.360000,16700
2017-08-02,8.850000,8.850000,8.110000,8.350000,8.350000,28900
2017-08-03,8.820000,8.820000,8.370000,8.800000,8.800000,25300
2017-08-04,8.900000,9.500000,8.380000,9.200000,9.200000,74400
2017-08-07,9.280000,9.730000,8.637000,9.500000,9.500000,133300
2017-08-08,9.750000,9.750000,9.120000,9.480000,9.480000,75300
2017-08-09,9.420000,9.420000,9.170000,9.210000,9.210000,34600
2017-08-10,8.780000,9.170000,8.520000,8.810000,8.810000,36000
2017-08-11,8.550000,8.770000,8.111000,8.770000,8.770000,13000
2017-08-14,8.600000,9.060000,8.274000,8.800000,8.800000,36900
2017-08-15,8.610000,8.850000,8.090000,8.360000,8.360000,55200
2017-08-16,8.870000,8.870000,8.100000,8.290000,8.290000,23500
2017-08-17,8.290000,8.320000,7.500000,8.100000,8.100000,53300
2017-08-18,8.210000,8.210000,7.900000,8.060000,8.060000,34400
2017-08-21,7.700000,8.590000,7.700000,8.040000,8.040000,18500
2017-08-22,7.980000,8.110000,7.203000,8.000000,8.000000,67200
2017-08-23,8.070000,8.100000,7.970000,8.000000,8.000000,13600
2017-08-24,7.920000,8.500000,7.600000,8.465000,8.465000,37000
2017-08-25,8.200000,8.690000,7.927000,8.690000,8.690000,31300
2017-08-28,8.690000,9.190000,8.550000,8.950000,8.950000,14400
2017-08-29,8.960000,9.300000,8.670000,9.300000,9.300000,26200
2017-08-30,9.220000,9.220000,8.967000,9.000000,9.000000,19600
2017-08-31,8.857000,9.010000,8.200000,8.750000,8.750000,27400
2017-09-01,8.960000,8.960000,8.630000,8.630000,8.630000,4800
2017-09-05,8.800000,8.960000,8.250000,8.900000,8.900000,19900
2017-09-06,9.250000,9.250000,8.410000,8.770000,8.770000,25800
2017-09-07,8.710000,9.250000,8.620000,8.900000,8.900000,66700
2017-09-08,9.050000,9.820000,8.850000,9.600000,9.600000,65100
2017-09-11,9.560000,10.190000,9.219000,10.000000,10.000000,31800
2017-09-12,9.810000,10.000000,9.780000,10.000000,10.000000,14600
2017-09-13,9.990000,10.310000,9.740000,9.740000,9.740000,27000
2017-09-14,9.855000,9.870000,9.220000,9.410000,9.410000,56900
2017-09-15,9.470000,9.830000,9.260000,9.760000,9.760000,68100
2017-09-18,9.740000,10.000000,9.600000,9.790000,9.790000,50700
2017-09-19,9.840000,9.990000,9.570000,9.640000,9.640000,24700
2017-09-20,9.510000,9.800000,9.350000,9.800000,9.800000,50700
2017-09-21,9.830000,9.900000,9.550000,9.680000,9.680000,5000
2017-09-22,10.600000,11.710000,9.880000,11.550000,11.550000,286800
2017-09-25,11.540000,11.950000,11.500000,11.590000,11.590000,95100
2017-09-26,11.530000,11.730000,10.650000,11.110000,11.110000,112300
2017-09-27,11.110000,11.690000,11.100000,11.600000,11.600000,57000
2017-09-28,11.660000,11.682000,11.000000,11.580000,11.580000,48100
2017-09-29,11.660000,11.660000,11.190000,11.600000,11.600000,49500
2017-10-02,11.500000,11.750000,11.250000,11.740000,11.740000,65100
2017-10-03,11.600000,12.869000,11.444000,12.650000,12.650000,74400
2017-10-04,12.330000,12.590000,11.618000,11.800000,11.800000,40100
2017-10-05,11.680000,11.882000,11.260000,11.580000,11.580000,63800
2017-10-06,11.430000,12.250000,11.284000,12.170000,12.170000,109600
2017-10-09,12.100000,12.500000,12.010000,12.260000,12.260000,15300
2017-10-10,12.050000,12.230000,11.331000,11.690000,11.690000,23100
2017-10-11,11.410000,11.802000,11.000000,11.480000,11.480000,37800
2017-10-12,11.500000,12.000000,11.324000,11.840000,11.840000,23500
2017-10-13,12.000000,12.070000,11.500000,12.070000,12.070000,17400
2017-10-16,12.150000,12.240000,11.620000,11.740000,11.740000,11900
2017-10-17,11.990000,11.990000,11.490000,11.960000,11.960000,14800
2017-10-18,11.750000,11.890000,11.300000,11.800000,11.800000,5600
2017-10-19,11.130000,11.850000,11.072000,11.850000,11.850000,6800
2017-10-20,11.790000,11.790000,11.000000,11.030000,11.030000,22700
2017-10-23,10.880000,11.200000,10.520000,11.200000,11.200000,49700
2017-10-24,11.330000,11.330000,10.111000,10.600000,10.600000,74000
2017-10-25,10.400000,10.570000,10.000000,10.350000,10.350000,29400
2017-10-26,10.660000,10.660000,10.190000,10.270000,10.270000,19800
2017-10-27,10.420000,10.680000,10.050000,10.050000,10.050000,18200
2017-10-30,10.050000,10.720000,9.950000,9.970000,9.970000,23000
2017-10-31,9.750000,10.400000,9.750000,10.030000,10.030000,77900
2017-11-01,10.160000,10.300000,9.875000,10.300000,10.300000,4900
2017-11-02,10.380000,10.490000,9.940000,10.270000,10.270000,27500
2017-11-03,10.360000,10.450000,9.950000,10.060000,10.060000,8900
2017-11-06,10.200000,10.380000,10.200000,10.380000,10.380000,7200
2017-11-07,10.460000,10.460000,9.881000,9.960000,9.960000,10600
2017-11-08,9.930000,10.070000,9.615000,9.830000,9.830000,22300
2017-11-09,9.810000,10.030000,9.710000,9.870000,9.870000,6100
2017-11-10,9.680000,10.050000,9.620000,9.650000,9.650000,6400
2017-11-13,10.250000,10.600000,10.010000,10.150000,10.150000,37900
2017-11-14,10.310000,11.060000,10.000000,10.010000,10.010000,97200
2017-11-15,9.990000,10.750000,9.830000,9.900000,9.900000,31600
2017-11-16,9.940000,10.790000,9.910000,10.020000,10.020000,10600
2017-11-17,10.197000,10.420000,10.030000,10.250000,10.250000,57000
2017-11-20,10.510000,10.810000,10.260000,10.500000,10.500000,24500
2017-11-21,10.500000,10.830000,10.500000,10.770000,10.770000,4600
2017-11-22,10.850000,10.850000,10.300000,10.360000,10.360000,12800
2017-11-24,10.371000,10.510000,10.280000,10.460000,10.460000,1800
2017-11-27,10.370000,10.470000,9.990000,9.990000,9.990000,21800
2017-11-28,10.110000,10.670000,9.990000,10.670000,10.670000,9200
2017-11-29,10.640000,10.690000,10.150000,10.690000,10.690000,11400
2017-11-30,10.700000,10.720000,10.500000,10.510000,10.510000,35700
2017-12-01,10.582000,11.000000,10.280000,10.970000,10.970000,23700
2017-12-04,11.010000,11.070000,10.510000,10.600000,10.600000,33000
2017-12-05,10.840000,11.000000,10.530000,10.950000,10.950000,30800
2017-12-06,10.560000,10.885000,10.450000,10.520000,10.520000,18900
2017-12-07,10.520000,10.670000,10.252000,10.260000,10.260000,11200
2017-12-08,10.630000,11.750000,10.312000,11.320000,11.320000,88500
2017-12-11,11.180000,11.730000,11.180000,11.380000,11.380000,16300
2017-12-12,11.460000,11.490000,10.978000,11.190000,11.190000,14400
2017-12-13,11.100000,11.320000,10.900000,11.180000,11.180000,9200
2017-12-14,11.280000,11.390000,10.990000,11.190000,11.190000,9500
2017-12-15,11.320000,11.400000,10.980000,11.110000,11.110000,8200
2017-12-18,11.090000,11.240000,10.880000,11.160000,11.160000,24400
2017-12-19,11.250000,11.250000,10.880000,11.160000,11.160000,8300
2017-12-20,11.008000,11.180000,10.890000,11.070000,11.070000,10500
2017-12-21,10.950000,11.240000,10.900000,10.990000,10.990000,4600
2017-12-22,10.970000,11.240000,10.940000,11.190000,11.190000,6600
2017-12-26,11.130000,11.300000,11.000000,11.000000,11.000000,3400
2017-12-27,11.140000,11.290000,11.050000,11.240000,11.240000,10600
2017-12-28,11.180000,11.370000,11.180000,11.240000,11.240000,12500
2017-12-29,11.390000,11.399000,11.200000,11.200000,11.200000,9100
2018-01-02,11.220000,11.500000,11.140000,11.310000,11.310000,8800
2018-01-03,11.250000,11.560000,10.250000,11.210000,11.210000,36400
2018-01-04,11.260000,11.350000,11.090000,11.350000,11.350000,14200
2018-01-05,11.410000,11.740000,11.350000,11.620000,11.620000,13700
2018-01-08,11.570000,11.570000,10.800000,10.830000,10.830000,26600
2018-01-09,10.760000,11.100000,10.760000,10.950000,10.950000,7400
2018-01-10,10.840000,11.020000,10.367000,11.020000,11.020000,10200
2018-01-11,11.020000,11.090000,10.515000,11.040000,11.040000,18900
2018-01-12,10.560000,11.050000,10.421000,11.010000,11.010000,10900
2018-01-16,10.960000,11.050000,10.800000,10.900000,10.900000,12900
2018-01-17,10.920000,10.950000,10.420000,10.900000,10.900000,24500
2018-01-18,10.560000,10.800000,10.510000,10.660000,10.660000,11200
2018-01-19,10.420000,11.100000,10.420000,10.880000,10.880000,16100
2018-01-22,10.950000,11.680000,10.920000,11.540000,11.540000,14300
2018-01-23,11.510000,11.650000,11.090000,11.650000,11.650000,9000
2018-01-24,11.370000,11.615000,10.930000,10.930000,10.930000,13000
2018-01-25,10.940000,11.630000,10.620000,11.630000,11.630000,11800
2018-01-26,11.600000,11.600000,11.180000,11.180000,11.180000,3000
2018-01-29,11.320000,11.670000,11.185000,11.580000,11.580000,12100
2018-01-30,11.370000,11.640000,11.070000,11.090000,11.090000,6700
2018-01-31,11.190000,11.619000,11.070000,11.090000,11.090000,8200
2018-02-01,11.100000,11.550000,10.671000,11.330000,11.330000,3500
2018-02-02,11.220000,11.220000,10.593000,10.950000,10.950000,7800
2018-02-05,10.830000,10.830000,10.370000,10.370000,10.370000,8500
2018-02-06,10.180000,10.828000,9.941000,10.440000,10.440000,10500
2018-02-07,10.350000,11.000000,10.350000,10.640000,10.640000,4500
2018-02-08,10.250000,10.550000,9.750000,10.550000,10.550000,7800
2018-02-09,10.460000,10.460000,9.000000,10.280000,10.280000,15400
2018-02-12,10.000000,10.500000,9.900000,9.960000,9.960000,7500
2018-02-13,9.910000,10.000000,9.600000,9.610000,9.610000,7300
2018-02-14,9.700000,10.140000,9.700000,9.850000,9.850000,14200
2018-02-15,9.750000,9.830000,9.600000,9.700000,9.700000,11900
2018-02-16,9.700000,9.790000,9.478000,9.695000,9.695000,21400
2018-02-20,9.700000,9.900000,9.510000,9.700000,9.700000,21000
2018-02-21,9.940000,9.940000,9.510000,9.700000,9.700000,24100
2018-02-22,9.934000,9.934000,9.285000,9.330000,9.330000,13500
2018-02-23,9.370000,9.510000,9.010000,9.020000,9.020000,28500
2018-02-26,9.360000,9.390000,9.040000,9.040000,9.040000,5500
2018-02-27,9.140000,9.210000,8.520000,8.520000,8.520000,5200
2018-02-28,8.520000,8.900000,8.520000,8.790000,8.790000,11600
2018-03-01,8.285000,8.870000,8.285000,8.870000,8.870000,6200
2018-03-02,8.750000,8.750000,8.450000,8.570000,8.570000,11000
2018-03-05,8.410000,8.650000,8.100000,8.410000,8.410000,35000
2018-03-06,8.500000,8.785000,8.230000,8.600000,8.600000,35000
2018-03-07,8.741000,8.870000,8.561000,8.700000,8.700000,39800
2018-03-08,8.800000,8.850000,8.410000,8.690000,8.690000,35700
2018-03-09,8.700000,8.884000,8.470000,8.630000,8.630000,25900
2018-03-12,8.770000,8.902000,8.580000,8.690000,8.690000,20000
2018-03-13,8.700000,8.910000,8.500000,8.500000,8.500000,53100
2018-03-14,8.730000,8.790000,8.320000,8.700000,8.700000,29300
2018-03-15,8.630000,9.580000,8.310000,8.600000,8.600000,34000
2018-03-16,8.760000,9.220000,8.560000,8.950000,8.950000,127600
2018-03-19,8.900000,9.230000,8.710000,8.990000,8.990000,24100
2018-03-20,8.960000,9.050000,8.540000,8.850000,8.850000,31100
2018-03-21,8.850000,9.310000,8.850000,9.050000,9.050000,14900
2018-03-22,9.050000,9.180000,8.780000,8.980000,8.980000,12800
2018-03-23,8.900000,8.950000,8.200000,8.600000,8.600000,15800
2018-03-26,8.640000,8.640000,8.240000,8.290000,8.290000,13300
2018-03-27,8.460000,8.590000,7.690000,7.950000,7.950000,24500
2018-03-28,7.950000,8.340000,7.540000,8.320000,8.320000,16000
2018-03-29,8.420000,8.580000,8.000000,8.000000,8.000000,6900
2018-04-02,8.060000,8.340000,7.690000,7.900000,7.900000,7300
2018-04-03,7.970000,8.133000,7.623000,7.830000,7.830000,20200
2018-04-04,7.740000,8.230000,7.740000,8.170000,8.170000,15700
2018-04-05,8.145000,8.210000,8.020000,8.170000,8.170000,7100
2018-04-06,8.130000,8.130000,7.940000,8.070000,8.070000,7200
2018-04-09,8.048000,8.140000,7.660000,7.710000,7.710000,9800
2018-04-10,7.966000,7.966000,7.550000,7.710000,7.710000,27500
2018-04-11,8.030000,8.030000,7.710000,7.900000,7.900000,6300
2018-04-12,7.980000,7.980000,7.750000,7.750000,7.750000,4300
2018-04-13,7.760000,8.000000,7.720000,7.870000,7.870000,11400
2018-04-16,7.800000,7.900000,7.740000,7.750000,7.750000,4000
2018-04-17,7.732000,7.732000,7.370000,7.410000,7.410000,9500
2018-04-18,7.540000,8.290000,7.540000,7.710000,7.710000,16700
2018-04-19,7.700000,8.215000,7.700000,8.180000,8.180000,16100
2018-04-20,8.260000,8.260000,7.910000,7.910000,7.910000,11700
2018-04-23,7.950000,7.950000,7.810000,7.810000,7.810000,3100
2018-04-24,7.840000,7.840000,7.580000,7.620000,7.620000,8400
2018-04-25,7.637000,8.146000,7.620000,8.050000,8.050000,11200
2018-04-26,8.300000,8.300000,7.960000,7.970000,7.970000,17900
2018-04-27,7.940000,8.000000,7.685000,7.820000,7.820000,27800
2018-04-30,7.870000,7.990000,7.620000,7.780000,7.780000,27700
2018-05-01,7.719000,7.901000,7.330000,7.480000,7.480000,57800
2018-05-02,7.450000,7.860000,7.450000,7.450000,7.450000,11600
2018-05-03,7.490000,7.570000,6.850000,7.500000,7.500000,48900
2018-05-04,7.490000,7.500000,7.140000,7.160000,7.160000,13400
2018-05-07,7.270000,7.850000,7.270000,7.560000,7.560000,43200
2018-05-08,7.700000,7.700000,7.430000,7.680000,7.680000,10100
2018-05-09,7.430000,7.820000,7.430000,7.430000,7.430000,21500
2018-05-10,7.430000,7.560000,7.370000,7.530000,7.530000,22100
2018-05-11,7.580000,8.440000,7.510000,7.880000,7.880000,35200
2018-05-14,7.940000,8.064000,7.910000,7.980000,7.980000,22200
2018-05-15,7.990000,8.100000,7.970000,8.040000,8.040000,28500
2018-05-16,8.050000,8.210000,8.030000,8.120000,8.120000,11500
2018-05-17,8.170000,9.250000,8.170000,8.810000,8.810000,26800
2018-05-18,9.000000,9.950000,9.000000,9.950000,9.950000,38800
2018-05-21,10.390000,10.570000,9.310000,10.050000,10.050000,90300
2018-05-22,10.000000,10.420000,9.403000,9.670000,9.670000,44100
2018-05-23,9.570000,9.890000,9.320000,9.320000,9.320000,14400
2018-05-24,9.260000,9.300000,9.000000,9.030000,9.030000,52700
2018-05-25,8.900000,9.500000,8.820000,9.270000,9.270000,19500
2018-05-29,9.230000,9.550000,9.000000,9.130000,9.130000,11700
2018-05-30,9.180000,9.180000,9.020000,9.050000,9.050000,9700
2018-05-31,9.080000,9.150000,8.940000,8.980000,8.980000,12400
2018-06-01,9.010000,9.240000,8.940000,8.940000,8.940000,37900
2018-06-04,8.980000,9.370000,8.760000,8.800000,8.800000,14900
2018-06-05,9.150000,9.150000,8.800000,9.080000,9.080000,11400
2018-06-06,9.210000,9.490000,8.611000,9.210000,9.210000,30900
2018-06-07,9.150000,9.200000,9.070000,9.070000,9.070000,26000
2018-06-08,9.080000,9.340000,9.080000,9.130000,9.130000,40900
2018-06-11,9.150000,9.220000,9.040000,9.210000,9.210000,19500
2018-06-12,9.130000,9.200000,9.000000,9.000000,9.000000,24200
2018-06-13,9.070000,9.100000,9.027000,9.100000,9.100000,4300
2018-06-14,9.160000,9.160000,9.000000,9.000000,9.000000,2700
2018-06-15,9.000000,9.000000,8.550000,8.600000,8.600000,16200
2018-06-18,8.560000,8.560000,8.180000,8.250000,8.250000,15800
2018-06-19,8.250000,8.340000,8.101000,8.170000,8.170000,6800
2018-06-20,8.160000,8.200000,7.950000,8.010000,8.010000,11200
2018-06-21,8.140000,8.140000,7.820000,7.900000,7.900000,9900
2018-06-22,7.880000,7.920000,7.600000,7.760000,7.760000,17500
2018-06-25,7.750000,7.840000,7.460000,7.840000,7.840000,19500
2018-06-26,7.980000,8.190000,7.620000,7.620000,7.620000,9500
2018-06-27,7.410000,7.600000,7.410000,7.600000,7.600000,6800
2018-06-28,7.800000,7.800000,7.220000,7.220000,7.220000,3700
2018-06-29,7.370000,8.330000,7.370000,7.570000,7.570000,11400
2018-07-02,7.710000,8.180000,7.650000,8.070000,8.070000,15400
2018-07-03,7.970000,8.000000,7.720000,7.720000,7.720000,3800
2018-07-05,7.750000,7.915000,7.720000,7.915000,7.915000,4500
2018-07-06,7.970000,8.239000,7.951000,8.000000,8.000000,6600
2018-07-09,8.010000,8.120000,8.010000,8.090000,8.090000,10400
2018-07-10,8.070000,8.110000,8.070000,8.080000,8.080000,9400
2018-07-11,8.080000,8.290000,8.080000,8.280000,8.280000,15500
2018-07-12,8.150000,8.150000,8.091000,8.120000,8.120000,2100
2018-07-13,8.150000,8.390000,8.140000,8.200000,8.200000,6600
2018-07-16,8.150000,8.220000,8.150000,8.190000,8.190000,2100
2018-07-17,8.200000,8.500000,8.200000,8.260000,8.260000,8000
2018-07-18,8.350000,8.460000,8.309000,8.410000,8.410000,2600
2018-07-19,8.400000,8.400000,8.138000,8.140000,8.140000,3100
2018-07-20,8.200000,8.400000,8.080000,8.130000,8.130000,7300
2018-07-23,8.250000,8.524000,8.114000,8.350000,8.350000,24300
2018-07-24,8.500000,8.590000,8.280000,8.370000,8.370000,4200
2018-07-25,8.310000,8.510000,8.160000,8.510000,8.510000,5900
2018-07-26,8.132000,8.590000,8.132000,8.590000,8.590000,1900
2018-07-27,8.190000,8.220000,8.080000,8.080000,8.080000,7100
2018-07-30,7.910000,7.910000,7.360000,7.360000,7.360000,18900
2018-07-31,7.260000,7.260000,6.900000,6.975000,6.975000,113400
2018-08-01,6.920000,7.320000,6.770000,6.940000,6.940000,24700
2018-08-02,7.098000,7.500000,7.000000,7.000000,7.000000,15500
2018-08-03,7.040000,7.215000,6.850000,6.930000,6.930000,16800
2018-08-06,6.900000,6.940000,6.780000,6.810000,6.810000,27700
2018-08-07,6.810000,7.083000,6.810000,6.810000,6.810000,5900
2018-08-08,6.950000,7.365000,6.810000,6.810000,6.810000,6400
2018-08-09,6.940000,7.350000,6.820000,6.850000,6.850000,10500
2018-08-10,6.870000,7.270000,6.832000,7.020000,7.020000,1600
2018-08-13,6.900000,6.990000,6.810000,6.990000,6.990000,18300
2018-08-14,7.040000,7.280000,6.835000,6.850000,6.850000,18100
2018-08-15,6.880000,6.880000,6.460000,6.520000,6.520000,27800
2018-08-16,6.530000,6.580000,6.500000,6.500000,6.500000,11300
2018-08-17,6.650000,6.650000,5.700000,5.780000,5.780000,136600
2018-08-20,5.710000,5.790000,5.280000,5.680000,5.680000,19800
2018-08-21,5.650000,5.990000,5.558000,5.700000,5.700000,57600
2018-08-22,5.700000,6.080000,5.700000,6.080000,6.080000,12000
2018-08-23,6.080000,6.250000,5.885000,6.090000,6.090000,12500
2018-08-24,6.170000,6.320000,6.160000,6.320000,6.320000,16300
2018-08-27,6.320000,6.370000,6.150000,6.160000,6.160000,9500
2018-08-28,6.210000,6.350000,6.150000,6.350000,6.350000,3000
2018-08-29,6.350000,6.350000,6.244000,6.330000,6.330000,2300
2018-08-30,6.340000,6.340000,6.210000,6.210000,6.210000,200
2018-08-31,6.200000,6.840000,6.200000,6.720000,6.720000,19800
2018-09-04,6.700000,6.700000,6.250000,6.300000,6.300000,10900
2018-09-05,6.290000,6.550000,6.220000,6.400000,6.400000,8800
2018-09-06,6.440000,6.700000,6.305000,6.700000,6.700000,16800
2018-09-07,6.700000,6.700000,6.420000,6.690000,6.690000,9300
2018-09-10,6.680000,6.695000,6.500000,6.590000,6.590000,8300
2018-09-11,6.580000,6.690000,6.030000,6.060000,6.060000,22200
2018-09-12,6.010000,6.490000,6.010000,6.490000,6.490000,22500
2018-09-13,6.440000,6.535000,6.240000,6.240000,6.240000,4600
2018-09-14,6.290000,6.350000,6.000000,6.200000,6.200000,7100
2018-09-17,6.113000,6.250000,6.100000,6.110000,6.110000,3000
2018-09-18,6.170000,6.480000,6.156000,6.480000,6.480000,23200
2018-09-19,6.500000,6.605000,6.400000,6.450000,6.450000,30400
2018-09-20,6.271000,6.500000,6.271000,6.450000,6.450000,11800
2018-09-21,6.418000,6.500000,6.180000,6.180000,6.180000,28200
2018-09-24,6.180000,6.500000,6.180000,6.500000,6.500000,3000
2018-09-25,6.440000,6.500000,6.360000,6.390000,6.390000,12900
2018-09-26,6.460000,6.460000,6.350000,6.350000,6.350000,5000
2018-09-27,6.500000,6.680000,6.420000,6.450000,6.450000,28600
2018-09-28,6.420000,6.500000,6.300000,6.330000,6.330000,6900
2018-10-01,6.400000,6.790000,5.851000,5.860000,5.860000,16400
2018-10-02,6.020000,6.119000,5.548000,6.070000,6.070000,20300
2018-10-03,5.930000,6.120000,5.930000,5.990000,5.990000,8900
2018-10-04,5.980000,6.071000,5.645000,5.820000,5.820000,19800
2018-10-05,5.844000,6.032000,5.750000,5.930000,5.930000,8500
2018-10-08,5.903000,6.000000,5.750000,5.930000,5.930000,9200
2018-10-09,6.000000,6.000000,4.890000,5.250000,5.250000,70700
2018-10-10,5.331000,5.660000,5.272000,5.310000,5.310000,8100
2018-10-11,5.297000,5.390000,4.960000,5.000000,5.000000,28300
2018-10-12,5.050000,5.350000,4.960000,5.000000,5.000000,43200
2018-10-15,5.060000,5.098000,4.960000,5.090000,5.090000,17200
2018-10-16,5.020000,5.350000,4.960000,5.200000,5.200000,59800
2018-10-17,5.190000,5.338000,5.120000,5.250000,5.250000,7000
2018-10-18,5.210000,5.350000,5.180000,5.196000,5.196000,7100
2018-10-19,5.290000,5.290000,5.010000,5.010000,5.010000,11400
2018-10-22,5.010000,5.880000,5.000000,5.140000,5.140000,4400
2018-10-23,5.020000,5.050000,4.780000,4.915000,4.915000,15800
2018-10-24,4.900000,4.900000,4.800000,4.840000,4.840000,28500
2018-10-25,4.840000,4.980000,4.800000,4.895000,4.895000,12100
2018-10-26,4.942000,4.990000,4.850000,4.970000,4.970000,4500
2018-10-29,4.790000,4.980000,4.790000,4.810000,4.810000,1700
2018-10-30,4.800000,4.940000,4.608000,4.630000,4.630000,9600
2018-10-31,4.720000,4.823000,4.610000,4.630000,4.630000,22800
2018-11-01,4.690000,5.000000,4.690000,5.000000,5.000000,12400
2018-11-02,4.990000,5.120000,4.620000,4.770000,4.770000,3700
2018-11-05,5.210000,5.240000,4.720000,4.720000,4.720000,5900
2018-11-06,4.730000,5.036000,4.730000,4.760000,4.760000,7000
2018-11-07,4.834000,4.930000,4.744000,4.823000,4.823000,6900
2018-11-08,4.955000,4.955000,4.740000,4.810000,4.810000,7100
2018-11-09,4.800000,4.900000,4.800000,4.800000,4.800000,9800
2018-11-12,4.980000,5.270000,4.810000,5.180000,5.180000,17500
2018-11-13,5.190000,5.270000,4.857000,5.140000,5.140000,11400
2018-11-14,5.150000,5.200000,5.150000,5.171000,5.171000,2800
2018-11-15,5.176000,5.200000,5.055000,5.140000,5.140000,8600
2018-11-16,5.210000,5.300000,5.117000,5.261000,5.261000,10700
2018-11-19,5.268000,5.268000,4.960000,5.040000,5.040000,3200
2018-11-20,4.950000,4.950000,4.530000,4.780000,4.780000,19600
2018-11-21,4.760000,5.200000,4.510000,4.900000,4.900000,53900
2018-11-23,4.840000,4.850000,4.765000,4.782000,4.782000,5500
2018-11-26,4.750000,4.967000,4.693000,4.693000,4.693000,3000
2018-11-27,4.750000,4.860000,4.720000,4.860000,4.860000,13400
2018-11-28,4.970000,4.970000,4.800000,4.840000,4.840000,8200
2018-11-29,4.760000,4.845000,4.760000,4.825000,4.825000,2900
2018-11-30,4.800000,4.890000,4.800000,4.800000,4.800000,4600
2018-12-03,4.800000,4.900000,4.760000,4.800000,4.800000,20300
2018-12-04,4.730000,4.810000,4.710000,4.800000,4.800000,28700
2018-12-06,4.750000,4.866000,4.750000,4.800000,4.800000,35700
2018-12-07,4.800000,4.900000,4.790000,4.790000,4.790000,13500
2018-12-10,4.781000,4.880000,4.730000,4.800000,4.800000,18600
2018-12-11,4.810000,5.130000,4.810000,4.910000,4.910000,14800
2018-12-12,5.080000,5.080000,4.750000,4.800000,4.800000,32100
2018-12-13,5.020000,5.026000,4.774000,4.815000,4.815000,10200
2018-12-14,4.750000,5.050000,4.710000,4.800000,4.800000,8700
2018-12-17,4.824000,4.877000,4.630000,4.840000,4.840000,27000
2018-12-18,4.810000,4.820000,4.650000,4.650000,4.650000,5600
2018-12-19,4.650000,4.690000,4.380000,4.590000,4.590000,15500
2018-12-20,4.630000,4.860000,4.400000,4.750000,4.750000,42300
2018-12-21,4.700000,4.950000,4.350000,4.950000,4.950000,34800
2018-12-24,4.300000,4.340000,4.190000,4.190000,4.190000,29800
2018-12-26,4.070000,4.360000,4.070000,4.100000,4.100000,32600
2018-12-27,4.050000,4.160000,3.950000,3.960000,3.960000,14900
2018-12-28,3.960000,4.060000,3.910000,3.910000,3.910000,9900
2018-12-31,3.910000,4.000000,3.660000,3.680000,3.680000,46600
2019-01-02,3.660000,4.090000,3.660000,4.090000,4.090000,9500
2019-01-03,4.090000,4.500000,4.090000,4.400000,4.400000,4800
2019-01-04,4.426000,4.670000,4.331000,4.670000,4.670000,11700
2019-01-07,4.838000,4.960000,4.820000,4.820000,4.820000,13400
2019-01-08,4.940000,4.940000,4.741000,4.890000,4.890000,5700
2019-01-09,4.940000,4.950000,4.780000,4.780000,4.780000,3200
2019-01-10,5.100000,5.100000,4.935000,4.980000,4.980000,3900
2019-01-11,5.090000,5.300000,5.090000,5.250000,5.250000,7000
2019-01-14,5.270000,5.800000,5.270000,5.650000,5.650000,3700
2019-01-15,5.690000,6.000000,5.430000,5.930000,5.930000,25100
2019-01-16,5.990000,6.042000,5.750000,5.750000,5.750000,7800
2019-01-17,5.680000,5.680000,5.104000,5.400000,5.400000,7900
2019-01-18,5.400000,5.905000,5.400000,5.701000,5.701000,1200
2019-01-22,5.700000,5.700000,5.400000,5.400000,5.400000,3500
2019-01-23,6.200000,6.240000,5.970000,6.200000,6.200000,26100
2019-01-24,6.220000,7.234000,6.177000,7.100000,7.100000,44600
2019-01-25,7.280000,7.380000,6.793000,7.020000,7.020000,32700
2019-01-28,6.812000,7.050000,6.750000,6.895000,6.895000,23500
2019-01-29,7.000000,7.159000,6.979000,7.050000,7.050000,46800
2019-01-30,7.020000,7.179000,6.570000,6.650000,6.650000,7100
2019-01-31,6.700000,7.050000,6.090000,6.400000,6.400000,30400
2019-02-01,6.410000,6.550000,6.410000,6.410000,6.410000,14400
2019-02-04,6.400000,6.880000,6.390000,6.390000,6.390000,17200
2019-02-05,6.259000,6.731000,6.201000,6.280000,6.280000,3400
2019-02-06,6.740000,6.740000,6.420000,6.510000,6.510000,2700
2019-02-07,6.480000,6.720000,6.430000,6.480000,6.480000,1400
2019-02-08,6.350000,6.350000,5.410000,5.500000,5.500000,64600
2019-02-11,5.708000,6.000000,5.610000,5.740000,5.740000,26400
2019-02-12,5.890000,6.000000,5.630000,5.645000,5.645000,14900
2019-02-13,5.810000,5.810000,5.550000,5.586000,5.586000,12500
2019-02-14,5.600000,5.778000,5.530000,5.530000,5.530000,13400
2019-02-15,5.762000,5.770000,5.595000,5.770000,5.770000,11100
2019-02-19,5.790000,6.000000,5.641000,5.940000,5.940000,9600
2019-02-20,5.917000,6.000000,5.900000,6.000000,6.000000,8900
2019-02-21,5.950000,6.000000,5.930000,6.000000,6.000000,1700
2019-02-22,6.120000,6.760000,6.010000,6.640000,6.640000,34600
2019-02-25,6.740000,6.826000,6.246000,6.550000,6.550000,16700
2019-02-26,6.580000,6.900000,6.200000,6.360000,6.360000,13300
2019-02-27,6.200000,7.000000,6.192000,6.960000,6.960000,18800
2019-02-28,6.970000,6.970000,6.653000,6.762000,6.762000,11700
2019-03-01,6.910000,6.920000,6.660000,6.680000,6.680000,5800
2019-03-04,7.067000,7.067000,6.650000,6.950000,6.950000,26300
2019-03-05,6.889000,6.920000,6.710000,6.810000,6.810000,10400
2019-03-06,6.760000,7.000000,6.464000,6.750000,6.750000,23800
2019-03-07,6.470000,7.010000,6.410000,6.640000,6.640000,17000
2019-03-08,6.620000,6.760000,6.450000,6.570000,6.570000,5200
2019-03-11,6.590000,7.100000,6.590000,7.100000,7.100000,15700
2019-03-12,7.130000,7.390000,6.824000,6.920000,6.920000,15600
2019-03-13,7.000000,7.200000,6.986000,7.100000,7.100000,22800
2019-03-14,7.030000,7.120000,6.770000,6.770000,6.770000,13100
2019-03-15,6.850000,7.070000,6.670000,6.880000,6.880000,13400
2019-03-18,6.980000,7.449000,6.980000,7.190000,7.190000,29100
2019-03-19,7.290000,7.290000,6.610000,6.840000,6.840000,22400
2019-03-20,7.045000,7.170000,7.010000,7.010000,7.010000,2800
2019-03-21,7.000000,7.250000,6.800000,6.820000,6.820000,13100
2019-03-22,7.170000,7.170000,6.800000,6.850000,6.850000,5000
2019-03-25,6.800000,6.940000,6.640000,6.790000,6.790000,5000
2019-03-26,6.750000,6.940000,6.750000,6.750000,6.750000,9800
2019-03-27,6.960000,6.960000,6.750000,6.890000,6.890000,7000
2019-03-28,6.943000,6.960000,6.895000,6.930000,6.930000,4100
2019-03-29,6.970000,7.104000,6.790000,6.860000,6.860000,8300
2019-04-01,6.990000,7.000000,6.640000,6.790000,6.790000,8400
2019-04-02,6.820000,6.966000,6.769000,6.770000,6.770000,2700
2019-04-03,6.890000,7.350000,6.890000,7.140000,7.140000,94800
2019-04-04,7.250000,7.690000,7.250000,7.640000,7.640000,30700
2019-04-05,7.750000,8.160000,7.560000,7.700000,7.700000,15700
2019-04-08,7.740000,7.750000,7.600000,7.750000,7.750000,16100
2019-04-09,7.750000,7.750000,7.500000,7.550000,7.550000,8100
2019-04-10,8.244000,8.244000,7.273000,7.460000,7.460000,16100
2019-04-11,7.500000,7.640000,7.375000,7.500000,7.500000,9300
2019-04-12,7.500000,7.900000,7.400000,7.450000,7.450000,11200
2019-04-15,7.664000,7.664000,7.410000,7.517000,7.517000,19000
2019-04-16,7.480000,7.630000,7.400000,7.400000,7.400000,35100
2019-04-17,7.250000,7.452000,7.090000,7.270000,7.270000,8700
2019-04-18,6.950000,7.590000,6.900000,7.590000,7.590000,13000
2019-04-22,7.500000,7.500000,7.140000,7.200000,7.200000,13500
2019-04-23,7.110000,7.170000,6.500000,6.750000,6.750000,23600
2019-04-24,6.867000,7.022000,6.500000,6.500000,6.500000,14500
2019-04-25,6.740000,6.750000,6.500000,6.570000,6.570000,7700
2019-04-26,6.810000,6.810000,6.459000,6.485000,6.485000,8100
2019-04-29,6.550000,6.565000,6.360000,6.470000,6.470000,13200
2019-04-30,6.650000,6.650000,6.360000,6.360000,6.360000,3900
2019-05-01,6.360000,6.447000,6.360000,6.395000,6.395000,3900
2019-05-02,6.530000,6.530000,6.110000,6.320000,6.320000,5500
2019-05-03,6.275000,6.350000,6.095000,6.240000,6.240000,7500
2019-05-06,6.300000,6.490000,6.244000,6.430000,6.430000,4500
2019-05-07,6.290000,6.400000,6.290000,6.400000,6.400000,2800
2019-05-08,6.320000,6.400000,6.320000,6.360000,6.360000,3100
2019-05-09,6.120000,6.340000,6.100000,6.230000,6.230000,2700
2019-05-10,6.319000,6.320000,6.075000,6.075000,6.075000,700
2019-05-13,5.940000,6.000000,5.280000,5.900000,5.900000,18600
2019-05-14,5.820000,5.930000,5.440000,5.470000,5.470000,3400
2019-05-15,5.270000,5.890000,5.270000,5.843000,5.843000,12200
2019-05-16,5.800000,5.800000,5.540000,5.540000,5.540000,2300
2019-05-17,5.528000,5.950000,5.528000,5.950000,5.950000,10400
2019-05-20,5.920000,5.930000,5.749000,5.749000,5.749000,1900
2019-05-21,5.662000,5.777000,5.600000,5.650000,5.650000,5000
2019-05-22,5.650000,5.780000,5.610000,5.720000,5.720000,5500
2019-05-23,5.692000,5.729000,5.500000,5.680000,5.680000,2500
2019-05-24,5.620000,5.620000,4.380000,4.800000,4.800000,39200
2019-05-28,4.590000,4.940000,4.390000,4.740000,4.740000,23000
2019-05-29,4.740000,4.980000,4.640000,4.940000,4.940000,1600
2019-05-30,4.870000,5.000000,4.870000,4.990000,4.990000,11200
2019-05-31,4.890000,4.965000,4.501000,4.940000,4.940000,7400
2019-06-03,4.950000,4.950000,4.500000,4.690000,4.690000,3800
2019-06-04,4.835000,4.835000,4.460000,4.528000,4.528000,15700
2019-06-05,4.550000,4.550000,4.375000,4.402000,4.402000,5800
2019-06-06,4.340000,4.510000,4.150000,4.150000,4.150000,1600
2019-06-07,4.210000,4.210000,3.830000,4.080000,4.080000,2500
2019-06-10,4.200000,4.478000,4.200000,4.350000,4.350000,4500
2019-06-11,4.165000,4.440000,4.150000,4.370000,4.370000,5000
2019-06-12,4.324000,4.324000,4.170000,4.260000,4.260000,3200
2019-06-13,4.250000,4.250000,4.090000,4.090000,4.090000,12000
2019-06-14,4.380000,4.440000,4.210000,4.300000,4.300000,12700
2019-06-17,4.270000,4.500000,4.270000,4.500000,4.500000,13700
2019-06-18,4.500000,4.500000,4.270000,4.370000,4.370000,6200
2019-06-19,4.420000,4.500000,4.420000,4.500000,4.500000,6400
2019-06-20,4.425000,4.490000,4.361000,4.490000,4.490000,4000
2019-06-21,4.490000,4.495000,4.360000,4.420000,4.420000,6400
2019-06-24,4.480000,4.500000,4.210000,4.500000,4.500000,53400
2019-06-25,4.500000,4.500000,4.500000,4.500000,4.500000,1400
2019-06-26,4.500000,4.500000,4.423000,4.423000,4.423000,1600
2019-06-27,4.390000,4.500000,4.390000,4.500000,4.500000,1900
2019-06-28,4.460000,4.500000,4.210000,4.210000,4.210000,21300
2019-07-01,4.340000,4.490000,4.050000,4.200000,4.200000,30700
2019-07-02,4.240000,4.450000,4.240000,4.450000,4.450000,1800
2019-07-03,4.400000,4.400000,4.300000,4.300000,4.300000,800
2019-07-05,4.300000,4.408000,4.290000,4.300000,4.300000,19500
2019-07-08,4.223000,4.290000,4.200000,4.265000,4.265000,4500
2019-07-09,4.327000,4.355000,4.200000,4.300000,4.300000,3900
2019-07-10,4.300000,4.300000,4.213000,4.240000,4.240000,4100
2019-07-11,4.200000,4.270000,4.200000,4.270000,4.270000,5300
2019-07-12,4.220000,4.245000,4.200000,4.200000,4.200000,4100
2019-07-15,4.230000,4.230000,4.095000,4.210000,4.210000,9900
2019-07-16,4.230000,4.250000,4.060000,4.100000,4.100000,3400
2019-07-17,4.150000,4.240000,4.050000,4.050000,4.050000,2100
2019-07-18,4.200000,4.600000,4.144000,4.600000,4.600000,19900
2019-07-19,4.600000,5.350000,4.585000,4.720000,4.720000,10300
2019-07-22,4.760000,4.873000,4.500000,4.560000,4.560000,8400
2019-07-23,4.620000,4.957000,4.500000,4.500000,4.500000,6400
2019-07-24,4.375000,4.530000,4.260000,4.530000,4.530000,19900
2019-07-25,4.560000,4.865000,4.010000,4.010000,4.010000,8500
2019-07-26,4.500000,4.685000,4.500000,4.670000,4.670000,14200
2019-07-29,4.550000,4.700000,4.293000,4.390000,4.390000,19200
2019-07-30,4.240000,4.550000,4.190000,4.410000,4.410000,14600
2019-07-31,4.678000,4.678000,4.240000,4.240000,4.240000,6600
2019-08-01,4.389000,4.470000,4.150000,4.150000,4.150000,3600
2019-08-02,4.250000,4.299000,4.010000,4.010000,4.010000,1800
2019-08-05,4.030000,4.270000,3.820000,3.902000,3.902000,10500
2019-08-06,4.054000,4.054000,3.410000,3.605000,3.605000,19600
2019-08-07,3.750000,3.790000,3.450000,3.790000,3.790000,13700
2019-08-08,3.650000,3.850000,3.538000,3.600000,3.600000,8400
2019-08-09,3.568000,3.568000,3.520000,3.520000,3.520000,2900
2019-08-12,3.540000,3.783000,3.520000,3.520000,3.520000,1800
2019-08-13,3.650000,3.783000,3.524000,3.560000,3.560000,3200
2019-08-14,3.673000,3.690000,3.500000,3.500000,3.500000,2700
2019-08-15,3.640000,3.820000,3.510000,3.820000,3.820000,14200
2019-08-16,3.900000,4.947000,3.840000,4.740000,4.740000,60900
2019-08-19,4.610000,5.200000,3.830000,4.790000,4.790000,59900
2019-08-20,4.790000,4.872000,4.694000,4.790000,4.790000,9500
2019-08-21,4.500000,4.900000,4.395000,4.800000,4.800000,16800
2019-08-22,4.860000,4.885000,4.610000,4.610000,4.610000,2200
2019-08-23,5.000000,5.000000,4.500000,5.000000,5.000000,600
2019-08-26,4.750000,4.860000,4.348000,4.500000,4.500000,17100
2019-08-27,3.950000,4.790000,3.910000,4.700000,4.700000,32500
2019-08-28,3.990000,4.640000,3.990000,4.640000,4.640000,2500
2019-08-29,4.600000,4.600000,4.095000,4.120000,4.120000,23100
2019-08-30,4.280000,4.579000,4.175000,4.175000,4.175000,11600
2019-09-03,4.550000,4.900000,4.500000,4.500000,4.500000,2900
2019-09-04,4.570000,4.790000,4.460000,4.600000,4.600000,21200
2019-09-05,4.877000,4.900000,4.320000,4.320000,4.320000,8500
2019-09-06,4.350000,4.900000,4.337000,4.900000,4.900000,33600
2019-09-09,4.860000,4.877000,4.700000,4.700000,4.700000,3100
2019-09-10,4.700000,4.850000,4.472000,4.850000,4.850000,5600
2019-09-11,4.660000,4.880000,4.660000,4.870000,4.870000,4000
2019-09-12,4.700000,5.341000,4.700000,4.770000,4.770000,35100
2019-09-13,4.800000,5.120000,3.700000,3.840000,3.840000,62400
2019-09-16,3.920000,4.288000,3.920000,4.240000,4.240000,22500
2019-09-17,4.210000,4.400000,3.980000,4.160000,4.160000,8200
2019-09-18,4.250000,4.600000,4.250000,4.350000,4.350000,12100
2019-09-19,4.200000,4.488000,4.150000,4.160000,4.160000,30300
2019-09-20,4.300000,4.350000,4.150000,4.350000,4.350000,14400
2019-09-23,4.282000,4.620000,4.240000,4.450000,4.450000,15900
2019-09-24,4.340000,4.560000,4.279000,4.279000,4.279000,9600
2019-09-25,4.250000,4.370000,4.080000,4.080000,4.080000,4600
2019-09-26,4.110000,4.280000,3.920000,3.920000,3.920000,24900
2019-09-27,3.989000,4.099000,3.920000,3.980000,3.980000,10000
2019-09-30,3.950000,4.080000,3.934000,3.960000,3.960000,1000
2019-10-01,3.890000,3.910000,3.690000,3.690000,3.690000,9800
2019-10-02,3.660000,3.940000,3.280000,3.470000,3.470000,25600
2019-10-03,3.330000,3.520000,3.110000,3.310000,3.310000,25800
2019-10-04,3.310000,3.459000,3.020000,3.020000,3.020000,22000
2019-10-07,3.020000,3.188000,2.910000,3.050000,3.050000,5500
2019-10-08,2.900000,2.976000,2.680000,2.850000,2.850000,23400
2019-10-09,2.900000,2.980000,2.730000,2.940000,2.940000,17000
2019-10-10,2.859000,2.906000,2.710000,2.710000,2.710000,1700
2019-10-11,2.740000,2.910000,2.730000,2.910000,2.910000,25600
2019-10-14,2.950000,3.000000,2.900000,3.000000,3.000000,2100
2019-10-15,2.790000,3.070000,2.770000,2.910000,2.910000,15900
2019-10-16,2.836000,2.990000,2.733000,2.790000,2.790000,4200
2019-10-17,2.750000,2.805000,2.510000,2.700000,2.700000,154400
2019-10-18,2.740000,2.850000,2.590000,2.690000,2.690000,120600
2019-10-21,2.700000,2.870000,2.580000,2.700000,2.700000,44000
2019-10-22,2.866000,2.920000,2.820000,2.820000,2.820000,4900
2019-10-23,2.800000,2.990000,2.800000,2.970000,2.970000,10400
2019-10-24,2.960000,2.960000,2.767000,2.865000,2.865000,1200
2019-10-25,2.800000,3.050000,2.700000,2.820000,2.820000,24800
2019-10-28,2.929000,3.418000,2.910000,3.000000,3.000000,36500
2019-10-29,3.050000,3.420000,3.050000,3.240000,3.240000,15600
2019-10-30,3.250000,3.380000,3.250000,3.280000,3.280000,28700
2019-10-31,3.150000,3.380000,3.150000,3.340000,3.340000,10900
2019-11-01,3.370000,3.570000,3.120000,3.170000,3.170000,14100
2019-11-04,3.250000,3.384000,3.240000,3.260000,3.260000,49100
2019-11-05,3.284000,3.300000,3.130000,3.240000,3.240000,79500
2019-11-06,3.200000,3.280000,2.720000,2.830000,2.830000,110400
2019-11-07,2.870000,2.930000,2.810000,2.810000,2.810000,3400
2019-11-08,2.800000,2.900000,2.690000,2.850000,2.850000,3800
2019-11-11,2.800000,2.928000,2.764000,2.870000,2.870000,8500
2019-11-12,2.750000,2.834000,2.449000,2.449000,2.449000,51500
2019-11-13,2.530000,2.780000,2.250000,2.500000,2.500000,34000
2019-11-14,2.550000,2.740000,2.500000,2.720000,2.720000,26700
2019-11-15,2.341000,2.668000,2.330000,2.600000,2.600000,1300
2019-11-18,2.550000,2.670000,2.435000,2.660000,2.660000,3700
2019-11-19,2.620000,2.740000,2.600000,2.600000,2.600000,2700
2019-11-20,2.575000,2.830000,2.575000,2.750000,2.750000,9100
2019-11-21,2.870000,3.100000,2.790000,3.050000,3.050000,22300
2019-11-22,3.000000,3.000000,2.800000,2.800000,2.800000,28700
2019-11-25,3.000000,3.000000,2.800000,2.900000,2.900000,59200
2019-11-26,2.940000,3.000000,2.850000,2.900000,2.900000,35900
2019-11-27,2.910000,3.000000,2.900000,3.000000,3.000000,22800
2019-11-29,3.070000,3.240000,2.949000,3.030000,3.030000,10500
2019-12-02,3.100000,3.100000,2.871000,3.005000,3.005000,11400
2019-12-03,2.880000,3.000000,2.880000,3.000000,3.000000,2900
2019-12-04,2.990000,3.085000,2.900000,2.990000,2.990000,9400
2019-12-05,2.930000,2.970000,2.830000,2.970000,2.970000,12100
2019-12-06,2.880000,3.120000,2.880000,3.070000,3.070000,24600
2019-12-09,3.213000,3.600000,3.190000,3.250000,3.250000,36600
2019-12-10,3.350000,3.820000,3.156000,3.820000,3.820000,22600
2019-12-11,3.900000,3.950000,3.570000,3.610000,3.610000,20500
2019-12-12,3.553000,3.840000,3.550000,3.680000,3.680000,24500
2019-12-13,3.503000,3.723000,3.503000,3.675000,3.675000,1300
2019-12-16,3.590000,3.700000,3.380000,3.630000,3.630000,24800
2019-12-17,3.500000,3.655000,3.200000,3.440000,3.440000,19500
2019-12-18,3.381000,3.640000,3.380000,3.630000,3.630000,13600
2019-12-19,3.526000,3.580000,3.526000,3.550000,3.550000,7300
2019-12-20,3.640000,3.750000,3.632000,3.670000,3.670000,5000
2019-12-23,3.550000,3.810000,3.420000,3.640000,3.640000,26500
2019-12-24,3.634000,3.820000,3.480000,3.680000,3.680000,3200
2019-12-26,3.560000,3.810000,3.444000,3.600000,3.600000,22800
2019-12-27,3.600000,3.870000,3.534000,3.870000,3.870000,18100
2019-12-30,3.930000,3.970000,3.810000,3.820000,3.820000,9200
2019-12-31,3.800000,3.905000,3.800000,3.840000,3.840000,19100
2020-01-02,3.980000,3.980000,3.520000,3.623000,3.623000,4000
2020-01-03,3.800000,3.890000,3.775000,3.890000,3.890000,4000
2020-01-06,3.880000,3.880000,3.475000,3.530000,3.530000,9000
2020-01-07,3.700000,3.800000,3.590000,3.800000,3.800000,7400
2020-01-08,3.700000,3.870000,3.700000,3.760000,3.760000,5600
2020-01-09,3.850000,3.880000,3.731000,3.880000,3.880000,2200
2020-01-10,3.780000,3.800000,3.780000,3.800000,3.800000,600
2020-01-13,3.740000,4.480000,3.720000,4.410000,4.410000,54700
2020-01-14,4.100000,4.300000,4.050000,4.250000,4.250000,34400
2020-01-15,4.260000,4.260000,4.112000,4.150000,4.150000,7600
2020-01-16,4.157000,4.157000,3.730000,3.800000,3.800000,23100
2020-01-17,3.833000,3.855000,3.370000,3.370000,3.370000,22700
2020-01-21,3.565000,3.650000,3.430000,3.630000,3.630000,7400
2020-01-22,3.630000,3.630000,3.100000,3.100000,3.100000,38400
2020-01-23,3.210000,3.483000,3.170000,3.230000,3.230000,42300
2020-01-24,3.500000,3.500000,3.250000,3.280000,3.280000,28500
2020-01-27,3.260000,3.260000,2.900000,2.900000,2.900000,22300
2020-01-28,2.980000,3.010000,2.800000,2.900000,2.900000,23400
2020-01-29,3.000000,3.016000,2.909000,2.980000,2.980000,6500
2020-01-30,3.000000,3.060000,2.850000,2.990000,2.990000,16900
2020-01-31,3.000000,3.040000,2.730000,3.000000,3.000000,13800
2020-02-03,3.000000,3.080000,2.870000,2.940000,2.940000,20000
2020-02-04,3.070000,3.070000,2.990000,3.070000,3.070000,14100
2020-02-05,3.000000,3.050000,2.900000,2.900000,2.900000,14200
2020-02-06,2.990000,3.250000,2.870000,3.050000,3.050000,44600
2020-02-07,3.050000,3.100000,2.970000,3.000000,3.000000,24100
2020-02-10,2.930000,3.090000,2.910000,2.910000,2.910000,2300
2020-02-11,2.910000,3.000000,2.900000,3.000000,3.000000,7400
2020-02-12,3.000000,3.100000,2.894000,3.100000,3.100000,31800
2020-02-13,3.050000,3.090000,2.960000,2.960000,2.960000,17700
2020-02-14,2.970000,3.040000,2.970000,3.000000,3.000000,33900
2020-02-18,3.040000,3.190000,3.000000,3.140000,3.140000,19500
2020-02-19,3.128000,3.400000,3.128000,3.330000,3.330000,53100
2020-02-20,3.330000,3.330000,3.050000,3.110000,3.110000,46700
2020-02-21,3.220000,3.250000,3.188000,3.240000,3.240000,7400
2020-02-24,3.260000,3.470000,3.166000,3.395000,3.395000,16000
2020-02-25,3.410000,3.500000,3.060000,3.060000,3.060000,16600
2020-02-26,3.105000,3.210000,3.000000,3.200000,3.200000,8400
2020-02-27,3.160000,3.200000,3.000000,3.190000,3.190000,36800
2020-02-28,3.063000,3.190000,2.960000,3.120000,3.120000,3600
2020-03-02,3.080000,3.170000,3.000000,3.170000,3.170000,12900
2020-03-03,3.200000,3.240000,3.015000,3.240000,3.240000,12600
2020-03-04,3.250000,3.250000,3.010000,3.250000,3.250000,9000
2020-03-05,3.280000,3.290000,3.020000,3.270000,3.270000,8600
2020-03-06,3.251000,3.400000,3.110000,3.250000,3.250000,11000
2020-03-09,3.010000,3.210000,3.003000,3.150000,3.150000,16700
2020-03-10,3.120000,3.130000,3.000000,3.000000,3.000000,15800
2020-03-11,2.990000,3.050000,2.807000,2.910000,2.910000,23700
2020-03-12,2.900000,2.980000,2.640000,2.980000,2.980000,26100
2020-03-13,2.900000,2.900000,2.690000,2.800000,2.800000,33500
2020-03-16,2.280000,2.810000,2.280000,2.780000,2.780000,13000
2020-03-17,2.600000,2.600000,2.130000,2.151000,2.151000,116800
2020-03-18,2.600000,2.700000,2.335000,2.400000,2.400000,39200
2020-03-19,2.400000,2.410000,2.050000,2.240000,2.240000,37300
2020-03-20,2.215000,2.380000,2.156000,2.370000,2.370000,5900
2020-03-23,2.370000,2.380000,2.100000,2.199000,2.199000,6900
2020-03-24,2.200000,2.390000,2.162000,2.210000,2.210000,8900
2020-03-25,2.290000,2.400000,2.290000,2.400000,2.400000,2500
2020-03-26,2.330000,2.500000,2.330000,2.400000,2.400000,5000
2020-03-27,2.410000,2.600000,2.410000,2.480000,2.480000,12700
2020-03-30,2.570000,2.870000,2.500000,2.500000,2.500000,10600
2020-03-31,3.000000,3.000000,2.600000,2.880000,2.880000,27000
2020-04-01,2.927000,3.000000,2.618000,2.880000,2.880000,10000
2020-04-02,2.890000,2.925000,2.760000,2.800000,2.800000,5400
2020-04-03,2.850000,2.950000,2.690000,2.880000,2.880000,6900
2020-04-06,2.990000,2.990000,2.515000,2.770000,2.770000,11300
2020-04-07,2.960000,2.960000,2.750000,2.780000,2.780000,7000
2020-04-08,2.650000,2.900000,2.650000,2.900000,2.900000,6900
2020-04-09,2.790000,2.950000,2.745000,2.910000,2.910000,11600
2020-04-13,2.840000,3.000000,2.700000,2.850000,2.850000,7300
2020-04-14,2.835000,3.310000,2.835000,3.060000,3.060000,29100
2020-04-15,2.830000,3.200000,2.830000,3.200000,3.200000,5200
2020-04-16,3.110000,3.360000,2.840000,3.230000,3.230000,4000
2020-04-17,3.250000,3.250000,3.201000,3.230000,3.230000,8300
2020-04-20,2.803000,3.400000,2.803000,3.250000,3.250000,11100
2020-04-21,3.300000,3.300000,3.040000,3.040000,3.040000,5100
2020-04-22,3.150000,3.250000,2.875000,3.050000,3.050000,10200
2020-04-23,2.980000,3.140000,2.980000,3.110000,3.110000,7500
2020-04-24,3.150000,3.300000,3.150000,3.300000,3.300000,3900
2020-04-27,3.300000,3.300000,2.970000,3.250000,3.250000,10900
2020-04-28,3.198000,3.198000,2.945000,2.965000,2.965000,16700
2020-04-29,2.970000,3.000000,2.880000,3.000000,3.000000,4700
2020-04-30,3.000000,3.000000,2.950000,2.950000,2.950000,2600
2020-05-01,2.950000,2.950000,2.715000,2.800000,2.800000,6300
2020-05-04,2.880000,2.880000,2.795000,2.795000,2.795000,600
2020-05-05,2.810000,3.000000,2.810000,3.000000,3.000000,12700
2020-05-06,2.900000,3.100000,2.900000,3.100000,3.100000,8200
2020-05-07,3.010000,3.210000,2.800000,2.800000,2.800000,24000