Date,Open,High,Low,Close,Adj Close,Volume
2017-06-29,13.750000,14.000000,10.370000,10.800000,10.800000,2168800
2017-06-30,10.750000,11.480000,10.730000,11.150000,11.150000,243600
2017-07-03,11.950000,12.650000,11.510000,12.600000,12.600000,251300
2017-07-05,12.530000,12.800000,12.000000,12.310000,12.310000,200500
2017-07-06,12.330000,13.300000,12.088000,13.300000,13.300000,125400
2017-07-07,13.450000,14.317000,13.350000,13.800000,13.800000,151700
2017-07-10,13.770000,14.235000,13.270000,13.450000,13.450000,97200
2017-07-11,13.600000,13.680000,13.210000,13.680000,13.680000,43400
2017-07-12,13.630000,13.725000,13.210000,13.430000,13.430000,34700
2017-07-13,13.400000,13.490000,13.210000,13.430000,13.430000,34200
2017-07-14,13.480000,13.590000,12.529000,13.590000,13.590000,45800
2017-07-17,13.640000,13.700000,12.670000,12.950000,12.950000,94200
2017-07-18,12.560000,13.360000,12.520000,13.000000,13.000000,49900
2017-07-19,13.000000,13.080000,12.700000,13.000000,13.000000,42500
2017-07-20,13.000000,13.170000,12.549000,12.920000,12.920000,39300
2017-07-21,12.750000,13.000000,12.620000,12.780000,12.780000,35500
2017-07-24,13.000000,13.230000,12.500000,12.600000,12.600000,194900
2017-07-25,12.620000,13.130000,12.620000,13.000000,13.000000,50600
2017-07-26,13.200000,13.200000,12.600000,12.910000,12.910000,73500
2017-07-27,12.920000,13.760000,12.810000,13.110000,13.110000,51800
2017-07-28,13.230000,13.240000,12.800000,13.190000,13.190000,19100
2017-07-31,13.300000,14.000000,12.800000,12.800000,12.800000,77600
2017-08-01,12.860000,13.414000,12.020000,12.480000,12.480000,71700
2017-08-02,12.360000,12.752000,12.000000,12.730000,12.730000,49100
2017-08-03,12.630000,12.874000,12.000000,12.160000,12.160000,55100
2017-08-04,12.100000,12.196000,11.199000,12.140000,12.140000,85800
2017-08-07,11.940000,12.500000,11.354000,12.160000,12.160000,63400
2017-08-08,12.859000,12.861000,12.050000,12.290000,12.290000,25600
2017-08-09,12.130000,12.980000,11.573000,12.980000,12.980000,26300
2017-08-10,12.880000,12.880000,11.830000,12.580000,12.580000,47000
2017-08-11,12.480000,12.480000,11.910000,12.250000,12.250000,7900
2017-08-14,12.230000,12.776000,12.123000,12.560000,12.560000,8800
2017-08-15,12.340000,12.343000,12.001000,12.110000,12.110000,5700
2017-08-16,12.200000,12.300000,12.000000,12.210000,12.210000,26600
2017-08-17,12.110000,12.355000,11.800000,11.890000,11.890000,30500
2017-08-18,11.780000,12.880000,11.517000,12.200000,12.200000,21300
2017-08-21,12.220000,12.340000,11.690000,12.000000,12.000000,21600
2017-08-22,11.980000,12.245000,11.438000,12.190000,12.190000,13900
2017-08-23,11.705000,12.290000,11.705000,11.980000,11.980000,35400
2017-08-24,11.448000,12.150000,11.430000,12.150000,12.150000,18800
2017-08-25,11.930000,12.344000,11.420000,11.420000,11.420000,33300
2017-08-28,11.420000,12.490000,11.420000,12.000000,12.000000,15600
2017-08-29,11.583000,12.143000,11.583000,12.000000,12.000000,8000
2017-08-30,11.460000,12.320000,11.337000,12.000000,12.000000,19500
2017-08-31,12.000000,12.220000,11.660000,11.660000,11.660000,37700
2017-09-01,11.610000,12.330000,11.610000,11.800000,11.800000,17500
2017-09-05,12.180000,12.700000,11.871000,12.150000,12.150000,74300
2017-09-06,12.260000,13.000000,12.250000,12.820000,12.820000,132000
2017-09-07,12.900000,14.150000,12.830000,14.060000,14.060000,275700
2017-09-08,13.950000,14.656000,13.770000,14.000000,14.000000,95600
2017-09-11,13.900000,14.536000,12.080000,12.380000,12.380000,76900
2017-09-12,12.490000,13.500000,12.490000,13.420000,13.420000,52100
2017-09-13,13.220000,13.410000,11.780000,11.830000,11.830000,116600
2017-09-14,11.830000,12.680000,11.100000,11.640000,11.640000,84100
2017-09-15,11.540000,12.700000,11.420000,11.420000,11.420000,432700
2017-09-18,11.400000,12.130000,11.300000,11.590000,11.590000,80600
2017-09-19,11.720000,11.960000,11.540000,11.750000,11.750000,32000
2017-09-20,11.840000,12.250000,11.750000,12.100000,12.100000,32500
2017-09-21,11.854000,12.200000,11.830000,12.120000,12.120000,22000
2017-09-22,12.070000,13.200000,12.060000,12.790000,12.790000,43000
2017-09-25,12.406000,12.800000,11.800000,11.890000,11.890000,25200
2017-09-26,11.800000,12.175000,11.800000,12.090000,12.090000,18200
2017-09-27,12.340000,12.760000,11.785000,12.690000,12.690000,20200
2017-09-28,12.290000,12.780000,12.010000,12.230000,12.230000,32600
2017-09-29,12.110000,13.490000,12.110000,13.380000,13.380000,37400
2017-10-02,13.450000,14.550000,13.380000,14.430000,14.430000,48100
2017-10-03,14.500000,14.500000,13.890000,14.420000,14.420000,34300
2017-10-04,14.410000,15.060000,13.000000,14.910000,14.910000,76300
2017-10-05,14.490000,15.480000,13.101000,14.560000,14.560000,39900
2017-10-06,14.870000,14.996000,14.400000,14.610000,14.610000,21700
2017-10-09,14.680000,14.960000,14.510000,14.630000,14.630000,12000
2017-10-10,14.650000,14.850000,14.189000,14.800000,14.800000,14100
2017-10-11,14.680000,14.680000,14.030000,14.120000,14.120000,9400
2017-10-12,14.150000,14.520000,14.150000,14.510000,14.510000,7600
2017-10-13,13.530000,14.590000,13.530000,14.180000,14.180000,9500
2017-10-16,14.150000,14.355000,13.650000,14.070000,14.070000,19600
2017-10-17,14.110000,14.200000,13.337000,14.100000,14.100000,14100
2017-10-18,13.900000,14.250000,13.900000,14.170000,14.170000,9500
2017-10-19,14.150000,14.150000,13.530000,13.680000,13.680000,11100
2017-10-20,13.740000,13.740000,13.240000,13.580000,13.580000,10200
2017-10-23,13.370000,13.490000,13.220000,13.380000,13.380000,9900
2017-10-24,13.600000,13.600000,13.160000,13.240000,13.240000,9900
2017-10-25,13.230000,13.345000,13.010000,13.180000,13.180000,7000
2017-10-26,13.250000,13.250000,13.010000,13.220000,13.220000,7900
2017-10-27,13.250000,13.250000,12.060000,12.360000,12.360000,30800
2017-10-30,12.250000,12.250000,11.859000,12.130000,12.130000,18600
2017-10-31,12.350000,12.350000,11.950000,12.040000,12.040000,14900
2017-11-01,12.100000,13.350000,11.680000,13.190000,13.190000,42100
2017-11-02,13.610000,13.610000,12.090000,12.240000,12.240000,17400
2017-11-03,12.360000,12.870000,12.000000,12.670000,12.670000,27900
2017-11-06,12.750000,12.840000,12.540000,12.660000,12.660000,7100
2017-11-07,12.470000,12.532000,11.770000,11.870000,11.870000,31300
2017-11-08,12.080000,12.648000,11.500000,11.880000,11.880000,63900
2017-11-09,11.720000,11.780000,11.500000,11.630000,11.630000,12500
2017-11-10,12.960000,12.960000,9.580000,11.580000,11.580000,19300
2017-11-13,11.460000,12.126000,11.460000,11.780000,11.780000,8100
2017-11-14,11.660000,11.860000,11.440000,11.660000,11.660000,11500
2017-11-15,11.650000,11.915000,10.830000,10.920000,10.920000,17300
2017-11-16,10.860000,11.690000,10.820000,11.310000,11.310000,10600
2017-11-17,11.190000,12.700000,11.020000,12.300000,12.300000,24400
2017-11-20,12.300000,12.350000,12.040000,12.280000,12.280000,7800
2017-11-21,12.280000,12.280000,11.540000,12.000000,12.000000,13300
2017-11-22,12.000000,12.500000,11.670000,11.990000,11.990000,16300
2017-11-24,12.100000,12.380000,11.510000,11.900000,11.900000,23500
2017-11-27,11.900000,12.080000,10.630000,10.940000,10.940000,28500
2017-11-28,11.095000,11.470000,10.900000,11.340000,11.340000,34100
2017-11-29,11.380000,11.530000,11.080000,11.290000,11.290000,11200
2017-11-30,11.250000,11.440000,10.890000,11.220000,11.220000,17600
2017-12-01,10.902000,11.230000,10.780000,11.000000,11.000000,19100
2017-12-04,11.250000,11.250000,10.650000,10.800000,10.800000,20900
2017-12-05,10.930000,10.990000,10.500000,10.550000,10.550000,27200
2017-12-06,10.660000,10.675000,10.100000,10.320000,10.320000,27300
2017-12-07,10.230000,10.320000,10.000000,10.100000,10.100000,18000
2017-12-08,10.100000,10.380000,10.000000,10.150000,10.150000,28400
2017-12-11,10.150000,10.350000,10.010000,10.160000,10.160000,24700
2017-12-12,10.150000,10.415000,9.600000,9.870000,9.870000,26000
2017-12-13,9.529000,9.780000,9.529000,9.730000,9.730000,19200
2017-12-14,9.700000,10.529000,9.660000,10.070000,10.070000,33900
2017-12-15,10.020000,10.350000,9.400000,10.290000,10.290000,79800
2017-12-18,10.120000,10.120000,9.498000,9.810000,9.810000,17700
2017-12-19,9.250000,10.230000,9.250000,10.130000,10.130000,12300
2017-12-20,10.900000,10.900000,9.600000,9.830000,9.830000,25200
2017-12-21,9.850000,9.850000,9.520000,9.620000,9.620000,29800
2017-12-22,9.540000,9.560000,8.950000,9.050000,9.050000,63700
2017-12-26,9.080000,9.720000,8.770000,9.210000,9.210000,39500
2017-12-27,9.060000,11.210000,9.060000,10.380000,10.380000,119800
2017-12-28,9.520000,11.350000,9.520000,10.420000,10.420000,55900
2017-12-29,10.350000,11.080000,9.608000,10.540000,10.540000,28500
2018-01-02,10.590000,11.000000,10.500000,10.520000,10.520000,14300
2018-01-03,10.600000,10.990000,10.600000,10.600000,10.600000,13700
2018-01-04,10.870000,10.870000,10.190000,10.440000,10.440000,17500
2018-01-05,10.420000,10.630000,10.160000,10.390000,10.390000,11500
2018-01-08,10.490000,10.840000,10.410000,10.590000,10.590000,22300
2018-01-09,10.550000,10.652000,9.800000,10.310000,10.310000,162900
2018-01-10,10.190000,10.234000,9.600000,9.650000,9.650000,11600
2018-01-11,9.730000,10.000000,9.650000,9.710000,9.710000,17400
2018-01-12,9.680000,10.000000,9.650000,9.690000,9.690000,15300
2018-01-16,9.840000,9.950000,9.200000,9.390000,9.390000,61700
2018-01-17,9.480000,9.732000,9.450000,9.620000,9.620000,5200
2018-01-18,9.510000,9.870000,9.400000,9.620000,9.620000,41100
2018-01-19,9.520000,9.520000,9.200000,9.210000,9.210000,36400
2018-01-22,9.200000,9.589000,9.200000,9.320000,9.320000,16400
2018-01-23,9.401000,9.550000,9.240000,9.380000,9.380000,15900
2018-01-24,9.490000,9.510000,9.330000,9.420000,9.420000,14500
2018-01-25,9.360000,9.630000,9.240000,9.430000,9.430000,29700
2018-01-26,9.540000,9.880000,9.436000,9.700000,9.700000,6200
2018-01-29,9.760000,9.760000,9.220000,9.220000,9.220000,19100
2018-01-30,9.500000,9.564000,9.200000,9.250000,9.250000,11600
2018-01-31,9.540000,9.570000,9.230000,9.230000,9.230000,5200
2018-02-01,9.270000,9.483000,9.230000,9.250000,9.250000,18600
2018-02-02,9.220000,9.225000,8.750000,9.000000,9.000000,34200
2018-02-05,8.990000,8.990000,8.500000,8.520000,8.520000,20500
2018-02-06,8.290000,9.330000,8.100000,8.370000,8.370000,37300
2018-02-07,8.400000,8.410000,8.125000,8.150000,8.150000,9200
2018-02-08,8.220000,8.374000,7.730000,7.730000,7.730000,13000
2018-02-09,7.880000,8.313000,7.565000,7.880000,7.880000,14600
2018-02-12,7.940000,8.069000,7.376000,7.610000,7.610000,41000
2018-02-13,7.750000,8.350000,7.750000,8.300000,8.300000,13400
2018-02-14,8.180000,8.338000,7.690000,8.020000,8.020000,5300
2018-02-15,8.110000,8.340000,7.900000,7.950000,7.950000,3800
2018-02-16,7.950000,8.183000,7.660000,7.760000,7.760000,24200
2018-02-20,7.740000,7.960000,7.650000,7.690000,7.690000,22300
2018-02-21,7.970000,8.050000,7.810000,7.880000,7.880000,7700
2018-02-22,7.990000,8.187000,7.790000,7.990000,7.990000,35700
2018-02-23,8.030000,8.580000,8.030000,8.400000,8.400000,33100
2018-02-26,8.410000,8.769000,8.290000,8.450000,8.450000,26200
2018-02-27,8.624000,8.710000,8.250000,8.440000,8.440000,24600
2018-02-28,8.500000,8.725000,8.000000,8.210000,8.210000,31700
2018-03-01,8.060000,8.740000,8.060000,8.570000,8.570000,18900
2018-03-02,8.848000,8.848000,8.175000,8.800000,8.800000,8500
2018-03-05,8.830000,9.099000,8.820000,8.940000,8.940000,19800
2018-03-06,9.030000,9.390000,9.020000,9.130000,9.130000,14700
2018-03-07,9.200000,9.240000,9.111000,9.170000,9.170000,6000
2018-03-08,9.150000,9.219000,8.720000,8.800000,8.800000,12800
2018-03-09,8.979000,9.000000,8.900000,8.980000,8.980000,8800
2018-03-12,9.000000,9.470000,8.950000,9.320000,9.320000,19200
2018-03-13,9.380000,9.380000,8.900000,9.040000,9.040000,21200
2018-03-14,9.090000,9.250000,8.900000,9.000000,9.000000,11700
2018-03-15,8.990000,9.220000,8.900000,9.020000,9.020000,23300
2018-03-16,8.950000,9.500000,8.500000,8.500000,8.500000,115600
2018-03-19,8.790000,9.219000,8.510000,9.110000,9.110000,82000
2018-03-20,9.180000,9.340000,8.510000,8.720000,8.720000,88900
2018-03-21,8.780000,9.096000,8.600000,8.950000,8.950000,23500
2018-03-22,8.840000,8.930000,8.760000,8.790000,8.790000,11100
2018-03-23,8.770000,9.180000,8.550000,8.600000,8.600000,22900
2018-03-26,8.830000,8.860000,7.720000,8.050000,8.050000,36600
2018-03-27,7.703000,8.080000,7.530000,7.660000,7.660000,13200
2018-03-28,8.010000,8.040000,7.550000,8.040000,8.040000,22000
2018-03-29,8.040000,8.219000,8.040000,8.130000,8.130000,6500
2018-04-02,7.924000,8.080000,7.770000,7.770000,7.770000,16300
2018-04-03,7.800000,7.800000,6.220000,6.510000,6.510000,48900
2018-04-04,6.540000,6.970000,6.540000,6.730000,6.730000,17800
2018-04-05,6.790000,7.050000,6.620000,6.730000,6.730000,17500
2018-04-06,6.700000,6.790000,6.320000,6.370000,6.370000,33400
2018-04-09,6.480000,8.430000,6.340000,7.180000,7.180000,171000
2018-04-10,7.220000,7.703000,6.410000,6.430000,6.430000,33200
2018-04-11,6.400000,7.500000,6.400000,7.140000,7.140000,255100
2018-04-12,7.500000,7.500000,6.500000,6.580000,6.580000,109400
2018-04-13,6.540000,7.200000,6.120000,6.890000,6.890000,60200
2018-04-16,6.890000,7.080000,6.750000,6.960000,6.960000,15800
2018-04-17,6.980000,7.050000,6.930000,6.990000,6.990000,17200
2018-04-18,7.030000,7.040000,6.770000,6.800000,6.800000,9300
2018-04-19,6.795000,7.050000,5.820000,6.010000,6.010000,263300
2018-04-20,6.100000,6.390000,5.810000,5.840000,5.840000,103000
2018-04-23,5.890000,6.060000,5.820000,6.040000,6.040000,18300
2018-04-24,6.110000,6.198000,5.250000,5.360000,5.360000,38000
2018-04-25,5.500000,5.820000,5.500000,5.670000,5.670000,29600
2018-04-26,5.640000,5.640000,5.060000,5.160000,5.160000,56600
2018-04-27,5.140000,5.299000,5.070000,5.080000,5.080000,25400
2018-04-30,5.260000,5.260000,5.060000,5.080000,5.080000,20300
2018-05-01,5.090000,5.274000,5.030000,5.100000,5.100000,12200
2018-05-02,5.250000,5.250000,5.050000,5.100000,5.100000,18000
2018-05-03,5.125000,5.250000,5.010000,5.190000,5.190000,22700
2018-05-04,5.200000,5.580000,5.020000,5.250000,5.250000,20500
2018-05-07,5.290000,5.370000,5.130000,5.310000,5.310000,23000
2018-05-08,5.270000,5.270000,5.051000,5.140000,5.140000,21000
2018-05-09,5.120000,5.390000,5.120000,5.370000,5.370000,4000
2018-05-10,5.300000,5.740000,5.300000,5.520000,5.520000,15000
2018-05-11,5.490000,5.580000,5.360000,5.450000,5.450000,7100
2018-05-14,5.500000,5.630000,5.330000,5.450000,5.450000,11400
2018-05-15,5.490000,5.740000,5.470000,5.500000,5.500000,17600
2018-05-16,5.510000,5.610000,5.300000,5.390000,5.390000,30800
2018-05-17,5.360000,5.529000,5.180000,5.240000,5.240000,27900
2018-05-18,5.290000,5.310000,5.080000,5.190000,5.190000,21800
2018-05-21,5.152000,5.443000,5.010000,5.100000,5.100000,29800
2018-05-22,5.110000,5.250000,5.100000,5.150000,5.150000,17000
2018-05-23,5.100000,5.166000,5.010000,5.040000,5.040000,17700
2018-05-24,5.010000,5.050000,4.901000,4.980000,4.980000,51900
2018-05-25,4.930000,5.190000,4.930000,5.180000,5.180000,12100
2018-05-29,5.200000,5.200000,5.000000,5.020000,5.020000,8400
2018-05-30,5.010000,5.250000,5.010000,5.230000,5.230000,34100
2018-05-31,5.180000,5.230000,5.120000,5.160000,5.160000,9800
2018-06-01,5.240000,5.590000,5.220000,5.440000,5.440000,31600
2018-06-04,5.400000,5.500000,5.310000,5.450000,5.450000,13300
2018-06-05,5.600000,5.708000,5.420000,5.500000,5.500000,33300
2018-06-06,5.520000,5.690000,5.520000,5.560000,5.560000,23800
2018-06-07,5.590000,5.590000,5.350000,5.410000,5.410000,24600
2018-06-08,5.371000,5.430000,5.360000,5.360000,5.360000,36200
2018-06-11,5.400000,5.480000,5.360000,5.380000,5.380000,39200
2018-06-12,5.400000,5.435000,5.050000,5.080000,5.080000,78500
2018-06-13,5.170000,5.289000,5.130000,5.230000,5.230000,13500
2018-06-14,5.250000,5.280000,5.080000,5.270000,5.270000,14300
2018-06-15,5.230000,5.370000,5.190000,5.350000,5.350000,24900
2018-06-18,5.350000,5.350000,5.200000,5.250000,5.250000,16900
2018-06-19,5.270000,5.300000,5.210000,5.250000,5.250000,12400
2018-06-20,5.300000,5.360000,5.220000,5.280000,5.280000,19500
2018-06-21,5.250000,6.150000,5.230000,6.020000,6.020000,57800
2018-06-22,5.660000,6.180000,5.652000,6.040000,6.040000,565800
2018-06-25,5.900000,6.000000,5.560000,5.730000,5.730000,27000
2018-06-26,5.730000,5.750000,5.200000,5.290000,5.290000,24800
2018-06-27,5.400000,5.460000,5.200000,5.200000,5.200000,25900
2018-06-28,5.230000,5.470000,5.230000,5.370000,5.370000,5800
2018-06-29,5.400000,5.480000,5.260000,5.420000,5.420000,14400
2018-07-02,5.370000,5.490000,5.227000,5.350000,5.350000,10700
2018-07-03,5.390000,5.470000,5.230000,5.450000,5.450000,7800
2018-07-05,5.430000,5.430000,5.140000,5.320000,5.320000,21800
2018-07-06,5.320000,5.570000,5.320000,5.400000,5.400000,7500
2018-07-09,5.460000,5.532000,5.320000,5.400000,5.400000,60500
2018-07-10,5.440000,5.440000,5.110000,5.110000,5.110000,19300
2018-07-11,5.150000,5.421000,4.840000,4.960000,4.960000,40500
2018-07-12,5.010000,5.220000,4.840000,4.925000,4.925000,40000
2018-07-13,4.950000,5.050000,4.850000,5.020000,5.020000,29400
2018-07-16,5.155000,5.390000,4.850000,4.850000,4.850000,27600
2018-07-17,4.880000,4.920000,4.550000,4.640000,4.640000,98600
2018-07-18,4.620000,4.835000,4.560000,4.570000,4.570000,101400
2018-07-19,4.620000,4.700000,4.090000,4.220000,4.220000,185000
2018-07-20,4.240000,4.509000,4.190000,4.280000,4.280000,29200
2018-07-23,4.310000,4.390000,4.155000,4.250000,4.250000,130500
2018-07-24,4.490000,4.490000,3.910000,3.930000,3.930000,94300
2018-07-25,3.990000,3.990000,3.600000,3.700000,3.700000,83400
2018-07-26,3.690000,3.893000,3.440000,3.540000,3.540000,75600
2018-07-27,3.560000,3.560000,3.270000,3.300000,3.300000,83400
2018-07-30,3.320000,3.360000,3.110000,3.190000,3.190000,47600
2018-07-31,3.110000,3.120000,2.930000,3.090000,3.090000,80900
2018-08-01,3.090000,3.337000,3.040000,3.220000,3.220000,77200
2018-08-02,3.230000,3.340000,3.111000,3.330000,3.330000,33900
2018-08-03,3.310000,3.370000,2.871000,3.060000,3.060000,31700
2018-08-06,3.080000,3.080000,2.870000,3.000000,3.000000,35800
2018-08-07,2.920000,2.980000,2.920000,2.920000,2.920000,23900
2018-08-08,2.950000,3.125000,2.440000,2.600000,2.600000,151600
2018-08-09,2.620000,2.620000,2.435000,2.440000,2.440000,86600
2018-08-10,2.620000,2.620000,2.180000,2.440000,2.440000,59900
2018-08-13,2.410000,2.494000,2.250000,2.250000,2.250000,36600
2018-08-14,2.270000,2.340000,2.140000,2.240000,2.240000,46500
2018-08-15,2.310000,2.310000,2.100000,2.130000,2.130000,66800
2018-08-16,2.280000,2.280000,2.000000,2.030000,2.030000,70100
2018-08-17,2.030000,2.240000,1.980000,2.000000,2.000000,67300
2018-08-20,2.020000,2.690000,2.020000,2.600000,2.600000,386900
2018-08-21,2.620000,2.695000,2.300000,2.360000,2.360000,274500
2018-08-22,2.490000,2.500000,2.090000,2.100000,2.100000,157600
2018-08-23,2.120000,2.360000,2.120000,2.330000,2.330000,95700
2018-08-24,2.310000,2.398000,2.120000,2.150000,2.150000,118700
2018-08-27,2.170000,2.420000,2.110000,2.250000,2.250000,147400
2018-08-28,2.250000,2.430000,2.250000,2.330000,2.330000,82200
2018-08-29,2.400000,2.893000,2.350000,2.890000,2.890000,244300
2018-08-30,3.260000,3.500000,2.910000,3.060000,3.060000,539600
2018-08-31,3.000000,3.038000,2.750000,2.920000,2.920000,106700
2018-09-04,3.200000,3.460000,2.950000,3.460000,3.460000,185700
2018-09-05,3.500000,4.100000,3.493000,3.820000,3.820000,242400
2018-09-06,3.990000,3.990000,3.390000,3.390000,3.390000,104600
2018-09-07,3.400000,3.553000,3.060000,3.539000,3.539000,96400
2018-09-10,3.480000,3.480000,3.000000,3.070000,3.070000,62100
2018-09-11,3.070000,3.090000,2.770000,2.850000,2.850000,81900
2018-09-12,2.890000,2.916000,2.786000,2.830000,2.830000,49800
2018-09-13,2.820000,3.000000,2.820000,3.000000,3.000000,38400
2018-09-14,3.000000,3.000000,2.765000,2.790000,2.790000,46100
2018-09-17,2.810000,2.880000,2.590000,2.790000,2.790000,76600
2018-09-18,2.760000,3.350000,2.760000,3.330000,3.330000,204500
2018-09-19,3.390000,3.540000,3.000000,3.390000,3.390000,115400
2018-09-20,3.380000,3.533000,3.144000,3.200000,3.200000,79900
2018-09-21,3.200000,3.360000,2.870000,2.870000,2.870000,68100
2018-09-24,2.870000,2.982000,2.650000,2.750000,2.750000,59700
2018-09-25,2.790000,3.231000,2.744000,3.050000,3.050000,90400
2018-09-26,3.100000,3.210000,2.866000,2.990000,2.990000,92300
2018-09-27,3.090000,3.131000,2.800000,2.900000,2.900000,52300
2018-09-28,2.890000,2.890000,2.710000,2.750000,2.750000,60200
2018-10-01,2.790000,2.910000,2.610000,2.800000,2.800000,73100
2018-10-02,2.780000,2.840000,2.500000,2.570000,2.570000,32800
2018-10-03,2.690000,2.920000,2.523000,2.860000,2.860000,60300
2018-10-04,2.850000,2.960000,2.730000,2.820000,2.820000,57300
2018-10-05,2.700000,2.950000,2.660000,2.700000,2.700000,34200
2018-10-08,2.727000,2.800000,2.546000,2.680000,2.680000,68300
2018-10-09,2.680000,2.727000,2.560000,2.600000,2.600000,21200
2018-10-10,2.600000,2.700000,2.500000,2.600000,2.600000,40900
2018-10-11,2.600000,2.600000,2.380000,2.550000,2.550000,72600
2018-10-12,2.490000,2.530000,2.250000,2.490000,2.490000,32600
2018-10-15,2.470000,2.540000,2.300000,2.360000,2.360000,97500
2018-10-16,2.360000,3.099000,2.340000,2.800000,2.800000,301100
2018-10-17,2.800000,2.880000,2.560000,2.560000,2.560000,47500
2018-10-18,2.560000,2.699000,2.340000,2.390000,2.390000,61400
2018-10-19,2.390000,2.590000,2.300000,2.350000,2.350000,78600
2018-10-22,2.360000,2.440000,2.080000,2.250000,2.250000,66000
2018-10-23,2.210000,2.490000,2.120000,2.430000,2.430000,65800
2018-10-24,2.340000,2.547000,2.150000,2.390000,2.390000,173200
2018-10-25,2.380000,2.390000,2.220000,2.270000,2.270000,28800
2018-10-26,2.249000,2.400000,2.150000,2.290000,2.290000,33000
2018-10-29,2.290000,2.400000,2.220000,2.360000,2.360000,22200
2018-10-30,2.350000,2.390000,2.230000,2.350000,2.350000,13500
2018-10-31,2.320000,2.360000,2.145000,2.350000,2.350000,14300
2018-11-01,2.350000,2.350000,2.100000,2.100000,2.100000,61900
2018-11-02,2.170000,2.250000,2.150000,2.150000,2.150000,26700
2018-11-05,2.160000,2.250000,2.150000,2.160000,2.160000,31800
2018-11-06,2.170000,2.190000,1.750000,2.030000,2.030000,81100
2018-11-07,2.050000,2.122000,1.825000,2.050000,2.050000,49100
2018-11-08,2.050000,2.200000,1.910000,2.130000,2.130000,74700
2018-11-09,2.100000,2.290000,1.751000,2.000000,2.000000,31500
2018-11-12,1.980000,2.070000,1.770000,1.820000,1.820000,49200
2018-11-13,1.780000,2.390000,1.780000,2.200000,2.200000,212100
2018-11-14,2.260000,2.490000,2.050000,2.210000,2.210000,61100
2018-11-15,2.110000,2.250000,1.950000,2.250000,2.250000,29200
2018-11-16,2.200000,2.200000,2.114000,2.170000,2.170000,12700
2018-11-19,2.100000,2.230000,2.100000,2.200000,2.200000,8200
2018-11-20,2.160000,2.165000,1.970000,1.970000,1.970000,15300
2018-11-21,2.000000,2.000000,1.900000,1.980000,1.980000,19000
2018-11-23,1.960000,2.000000,1.900000,1.970000,1.970000,27000
2018-11-26,2.000000,2.060000,1.900000,1.930000,1.930000,25200
2018-11-27,2.200000,2.420000,1.910000,2.120000,2.120000,324800
2018-11-28,2.200000,2.200000,2.060000,2.200000,2.200000,45200
2018-11-29,2.180000,2.220000,2.170000,2.170000,2.170000,14000
2018-11-30,2.190000,2.250000,2.170000,2.170000,2.170000,37400
2018-12-03,2.140000,2.250000,2.120000,2.230000,2.230000,44800
2018-12-04,2.200000,2.200000,2.000000,2.060000,2.060000,53300
2018-12-06,1.960000,2.195000,1.908000,2.050000,2.050000,73700
2018-12-07,2.030000,2.090000,1.800000,1.970000,1.970000,100900
2018-12-10,1.970000,2.090000,1.970000,2.000000,2.000000,12500
2018-12-11,2.020000,2.060000,1.800000,1.940000,1.940000,41700
2018-12-12,1.880000,1.940000,1.680000,1.680000,1.680000,104300
2018-12-13,1.710000,1.790000,1.300000,1.455000,1.455000,233300
2018-12-14,1.350000,1.490000,1.120000,1.200000,1.200000,211600
2018-12-17,1.220000,1.260000,0.926000,1.090000,1.090000,273700
2018-12-18,1.090000,1.100000,0.818000,0.904000,0.904000,686100
2018-12-19,0.870000,0.980000,0.520000,0.768000,0.768000,575500
2018-12-20,0.642000,0.869000,0.631000,0.825000,0.825000,224200
2018-12-21,0.820000,0.907000,0.694000,0.710000,0.710000,131700
2018-12-24,0.720000,0.721000,0.557000,0.714000,0.714000,101700
2018-12-26,0.724000,0.799000,0.690000,0.710000,0.710000,44400
2018-12-27,0.710000,0.800000,0.690000,0.740000,0.740000,86400
2018-12-28,0.740000,0.880000,0.740000,0.863000,0.863000,63700
2018-12-31,0.850000,1.040000,0.790000,0.840000,0.840000,277500
2019-01-02,0.840000,1.041000,0.800000,1.020000,1.020000,140600
2019-01-03,0.976000,1.110000,0.976000,1.070000,1.070000,91600
2019-01-04,1.020000,1.060000,1.010000,1.037000,1.037000,37800
2019-01-07,1.070000,1.200000,1.054000,1.080000,1.080000,39400
2019-01-08,1.100000,1.240000,1.090000,1.240000,1.240000,46400
2019-01-09,1.250000,1.250000,1.130000,1.140000,1.140000,39400
2019-01-10,1.140000,1.170000,1.120000,1.140000,1.140000,25800
2019-01-11,1.140000,1.140000,0.950000,0.963000,0.963000,110300
2019-01-14,1.000000,1.080000,0.963000,1.070000,1.070000,207100
2019-01-15,1.090000,1.160000,1.040000,1.140000,1.140000,170600
2019-01-16,1.130000,1.840000,1.090000,1.469000,1.469000,2290100
2019-01-17,1.410000,1.480000,1.250000,1.480000,1.480000,277400
2019-01-18,1.470000,1.480000,1.190000,1.230000,1.230000,160100
2019-01-22,1.210000,1.224000,1.010000,1.070000,1.070000,153600
2019-01-23,1.050000,1.130000,1.010000,1.060000,1.060000,69800
2019-01-24,1.050000,1.120000,1.030000,1.100000,1.100000,42300
2019-01-25,1.120000,1.140000,1.030000,1.130000,1.130000,67100
2019-01-28,1.120000,1.180000,1.070000,1.100000,1.100000,28500
2019-01-29,1.120000,1.150000,1.020000,1.070000,1.070000,120000
2019-01-30,1.070000,1.140000,1.050000,1.080000,1.080000,80900
2019-01-31,1.110000,1.140000,1.060000,1.100000,1.100000,41200
2019-02-01,1.200000,1.478000,1.120000,1.420000,1.420000,324200
2019-02-04,1.420000,1.740000,1.400000,1.730000,1.730000,627900
2019-02-05,1.920000,2.350000,1.820000,1.960000,1.960000,1542500
2019-02-06,1.900000,1.938000,1.600000,1.620000,1.620000,321700
2019-02-07,1.620000,1.820000,1.620000,1.680000,1.680000,146600
2019-02-08,1.700000,1.780000,1.620000,1.670000,1.670000,136600
2019-02-11,1.660000,1.700000,1.640000,1.690000,1.690000,186400
2019-02-12,1.700000,2.300000,1.644000,2.120000,2.120000,1812100
2019-02-13,2.120000,2.550000,2.016000,2.070000,2.070000,1734400
2019-02-14,2.070000,2.070000,1.782000,1.920000,1.920000,338100
2019-02-15,1.920000,2.100000,1.840000,1.930000,1.930000,225600
2019-02-19,1.930000,1.981000,1.660000,1.770000,1.770000,265000
2019-02-20,1.750000,1.900000,1.710000,1.780000,1.780000,118500
2019-02-21,1.780000,1.780000,1.650000,1.770000,1.770000,122800
2019-02-22,1.760000,1.800000,1.610000,1.610000,1.610000,177500
2019-02-25,1.620000,1.670000,1.420000,1.450000,1.450000,236700
2019-02-26,1.480000,1.770000,1.480000,1.690000,1.690000,184800
2019-02-27,1.730000,1.790000,1.510000,1.580000,1.580000,102300
2019-02-28,1.580000,1.660000,1.520000,1.660000,1.660000,82700
2019-03-01,1.660000,1.700000,1.520000,1.580000,1.580000,72400
2019-03-04,1.590000,1.660000,1.550000,1.620000,1.620000,68000
2019-03-05,1.610000,1.610000,1.540000,1.550000,1.550000,25700
2019-03-06,1.560000,1.560000,1.454000,1.500000,1.500000,72400
2019-03-07,1.590000,1.590000,1.410000,1.490000,1.490000,17400
2019-03-08,1.480000,1.546000,1.407000,1.450000,1.450000,33500
2019-03-11,1.470000,1.549000,1.360000,1.400000,1.400000,136500
2019-03-12,1.450000,2.220000,1.450000,2.120000,2.120000,1388400
2019-03-13,2.080000,2.600000,1.860000,2.000000,2.000000,2788800
2019-03-14,1.850000,1.950000,1.800000,1.920000,1.920000,301200
2019-03-15,1.930000,2.050000,1.850000,1.900000,1.900000,209800
2019-03-18,1.950000,2.100000,1.950000,2.080000,2.080000,287600
2019-03-19,2.080000,2.250000,2.010000,2.200000,2.200000,300500
2019-03-20,2.210000,2.310000,2.010000,2.090000,2.090000,343200
2019-03-21,2.100000,2.100000,1.805000,1.930000,1.930000,185500
2019-03-22,1.930000,1.970000,1.860000,1.940000,1.940000,79900
2019-03-25,1.940000,1.973000,1.820000,1.850000,1.850000,52200
2019-03-26,1.870000,2.050000,1.850000,1.873000,1.873000,61000
2019-03-27,1.889000,1.920000,1.653000,1.790000,1.790000,102700
2019-03-28,1.730000,1.980000,1.730000,1.880000,1.880000,50200
2019-03-29,1.890000,1.960000,1.750000,1.950000,1.950000,527900
2019-04-01,2.000000,2.070000,1.810000,1.830000,1.830000,248700
2019-04-02,1.900000,1.900000,1.730000,1.820000,1.820000,149600
2019-04-03,1.820000,1.891000,1.710000,1.750000,1.750000,65400
2019-04-04,1.800000,1.820000,1.709000,1.780000,1.780000,59900
2019-04-05,1.890000,1.890000,1.761000,1.780000,1.780000,64400
2019-04-08,1.780000,1.810000,1.720000,1.750000,1.750000,46100
2019-04-09,1.750000,1.800000,1.630000,1.730000,1.730000,110600
2019-04-10,1.730000,1.870000,1.700000,1.730000,1.730000,75200
2019-04-11,1.720000,1.760000,1.660000,1.730000,1.730000,47000
2019-04-12,1.740000,1.750000,1.610000,1.680000,1.680000,86700
2019-04-15,1.700000,1.800000,1.658000,1.750000,1.750000,88800
2019-04-16,1.740000,1.800000,1.660000,1.720000,1.720000,42600
2019-04-17,1.740000,1.750000,1.700000,1.731000,1.731000,18400
2019-04-18,1.720000,1.720000,1.680000,1.710000,1.710000,30600
2019-04-22,1.740000,1.750000,1.680000,1.680000,1.680000,50800
2019-04-23,1.690000,1.740000,1.653000,1.725000,1.725000,69500
2019-04-24,1.733000,1.781000,1.700000,1.740000,1.740000,67500
2019-04-25,1.770000,1.770000,1.650000,1.710000,1.710000,36200
2019-04-26,1.700000,1.750000,1.650000,1.670000,1.670000,35200
2019-04-29,1.690000,1.790000,1.690000,1.780000,1.780000,62300
2019-04-30,1.760000,1.800000,1.700000,1.720000,1.720000,20000
2019-05-01,1.730000,1.770000,1.710000,1.730000,1.730000,12800
2019-05-02,1.760000,1.770000,1.660000,1.750000,1.750000,131200
2019-05-03,1.750000,1.800000,1.680000,1.680000,1.680000,88000
2019-05-06,1.680000,1.740000,1.650000,1.650000,1.650000,95500
2019-05-07,1.660000,1.673000,1.510000,1.540000,1.540000,110500
2019-05-08,1.530000,1.580000,1.480000,1.574000,1.574000,65400
2019-05-09,1.570000,1.590000,1.410000,1.430000,1.430000,91500
2019-05-10,1.430000,1.563000,1.430000,1.490000,1.490000,18500
2019-05-13,1.490000,1.523000,1.360000,1.383000,1.383000,74700
2019-05-14,1.380000,1.450000,1.360000,1.380000,1.380000,43900
2019-05-15,1.400000,1.400000,1.220000,1.290000,1.290000,94700
2019-05-16,1.300000,1.430000,1.250000,1.330000,1.330000,276500
2019-05-17,1.290000,1.330000,1.230000,1.240000,1.240000,51800
2019-05-20,1.227000,1.227000,1.040000,1.070000,1.070000,240400
2019-05-21,1.090000,1.196000,1.070000,1.150000,1.150000,125300
2019-05-22,1.151000,1.200000,1.070000,1.070000,1.070000,130300
2019-05-23,1.080000,1.080000,0.980000,1.020000,1.020000,291800
2019-05-24,1.010000,1.075000,0.970000,1.060000,1.060000,107300
2019-05-28,1.060000,1.100000,0.974000,1.020000,1.020000,119700
2019-05-29,0.975000,1.050000,0.975000,1.000000,1.000000,103700
2019-05-30,1.010000,1.050000,0.916000,0.999000,0.999000,148500
2019-05-31,0.970000,1.019000,0.960000,1.000000,1.000000,78300
2019-06-03,0.960000,1.016000,0.920000,0.990000,0.990000,150200
2019-06-04,0.991000,1.100000,0.950000,1.000000,1.000000,1551600
2019-06-05,1.030000,1.030000,0.865000,0.920000,0.920000,526400
2019-06-06,0.947000,0.950000,0.905000,0.917000,0.917000,46900
2019-06-07,0.910000,0.950000,0.800000,0.887000,0.887000,159600
2019-06-10,0.900000,0.960000,0.875000,0.940000,0.940000,66000
2019-06-11,0.940000,0.940000,0.910000,0.912000,0.912000,15800
2019-06-12,0.875000,0.900000,0.870000,0.890000,0.890000,31000
2019-06-13,0.875000,0.911000,0.865000,0.880000,0.880000,46400
2019-06-14,0.880000,0.910000,0.840000,0.865000,0.865000,53200
2019-06-17,0.850000,0.900000,0.850000,0.890000,0.890000,46700
2019-06-18,0.900000,0.940000,0.850000,0.900000,0.900000,45700
2019-06-19,0.900000,0.940000,0.860000,0.860000,0.860000,59300
2019-06-20,0.880000,0.900000,0.835000,0.840000,0.840000,108000
2019-06-21,0.850000,0.865000,0.767000,0.820000,0.820000,100300
2019-06-24,0.820000,0.850000,0.774000,0.784000,0.784000,104200
2019-06-25,0.800000,0.820000,0.750000,0.760000,0.760000,155700
2019-06-26,0.780000,0.800000,0.750000,0.760000,0.760000,122200
2019-06-27,0.830000,0.887000,0.640000,0.720000,0.720000,2593800
2019-06-28,0.725000,0.725000,0.605000,0.720000,0.720000,429400
2019-07-01,0.749000,0.749000,0.650000,0.685000,0.685000,140400
2019-07-02,0.660000,0.692000,0.630000,0.692000,0.692000,161000
2019-07-03,0.695000,0.696000,0.660000,0.690000,0.690000,32200
2019-07-05,0.702000,0.720000,0.660000,0.700000,0.700000,252600
2019-07-08,0.720000,0.830000,0.682000,0.700000,0.700000,724300
2019-07-09,0.709000,0.710000,0.660000,0.680000,0.680000,198400
2019-07-10,0.688000,0.700000,0.611000,0.650000,0.650000,236600
2019-07-11,0.670000,0.687000,0.621000,0.650000,0.650000,958900
2019-07-12,0.659000,0.700000,0.630000,0.646000,0.646000,379000
2019-07-15,0.660000,0.665000,0.522000,0.600000,0.600000,470700
2019-07-16,0.570000,0.600000,0.550000,0.570000,0.570000,244500
2019-07-17,0.550000,0.593000,0.550000,0.550000,0.550000,152400
2019-07-18,0.550000,0.588000,0.520000,0.523000,0.523000,280100
2019-07-19,0.527000,0.570000,0.507000,0.542000,0.542000,1193600
2019-07-22,0.548000,0.575000,0.445000,0.507000,0.507000,603100
2019-07-23,0.560000,0.560000,0.490000,0.500000,0.500000,282800
2019-07-24,0.510000,0.510000,0.455000,0.500000,0.500000,200500
2019-07-25,0.500000,0.500000,0.480000,0.490000,0.490000,126300
2019-07-26,0.490000,0.500000,0.480000,0.485000,0.485000,362200
2019-07-29,0.480000,0.552000,0.480000,0.538000,0.538000,268100
2019-07-30,0.510000,0.545000,0.500000,0.510000,0.510000,194900
2019-07-31,0.523000,0.539000,0.500000,0.500000,0.500000,106600
2019-08-01,0.502000,0.600000,0.502000,0.571000,0.571000,795100
2019-08-02,0.580000,0.580000,0.532000,0.553000,0.553000,129000
2019-08-05,0.553000,0.553000,0.529000,0.533000,0.533000,195600
2019-08-06,0.540000,0.553000,0.520000,0.540000,0.540000,147000
2019-08-07,0.520000,0.553000,0.500000,0.510000,0.510000,231900
2019-08-08,0.553000,0.553000,0.510000,0.510000,0.510000,105300
2019-08-09,0.520000,0.533000,0.506000,0.522000,0.522000,79200
2019-08-12,0.550000,0.650000,0.525000,0.599000,0.599000,621300
2019-08-13,0.645000,0.648000,0.610000,0.610000,0.610000,313900
2019-08-14,0.600000,0.610000,0.577000,0.597000,0.597000,132900
2019-08-15,0.630000,0.630000,0.579000,0.581000,0.581000,187300
2019-08-16,0.620000,0.630000,0.571000,0.590000,0.590000,240800
2019-08-19,0.600000,0.690000,0.595000,0.679000,0.679000,409000
2019-08-20,0.669000,0.720000,0.662000,0.720000,0.720000,313500
2019-08-21,0.730000,0.775000,0.720000,0.769000,0.769000,473700
2019-08-22,0.780000,0.820000,0.686000,0.698000,0.698000,516400
2019-08-23,0.709000,0.750000,0.660000,0.730000,0.730000,241000
2019-08-26,0.736000,0.801000,0.736000,0.801000,0.801000,575700
2019-08-27,0.802000,0.830000,0.780000,0.795000,0.795000,766100
2019-08-28,0.790000,0.830000,0.760000,0.791000,0.791000,457600
2019-08-29,0.807000,0.810000,0.700000,0.795000,0.795000,379100
2019-08-30,0.790000,0.790000,0.700000,0.730000,0.730000,203100
2019-09-03,0.730000,0.750000,0.680000,0.695000,0.695000,160300
2019-09-04,0.688000,0.750000,0.666000,0.750000,0.750000,246300
2019-09-05,0.745000,0.780000,0.702000,0.776000,0.776000,180900
2019-09-06,0.750000,0.840000,0.750000,0.820000,0.820000,264700
2019-09-09,0.840000,0.842000,0.770000,0.802000,0.802000,190400
2019-09-10,0.803000,0.840000,0.800000,0.805000,0.805000,228400
2019-09-11,0.811000,0.879000,0.800000,0.850000,0.850000,377900
2019-09-12,0.850000,1.050000,0.850000,0.965000,0.965000,1486000
2019-09-13,0.965000,1.010000,0.930000,0.960000,0.960000,362900
2019-09-16,0.950000,0.990000,0.853000,0.979000,0.979000,374500
2019-09-17,1.030000,1.050000,0.970000,1.040000,1.040000,530000
2019-09-18,1.040000,1.040000,0.920000,0.950000,0.950000,384000
2019-09-19,0.952000,0.978000,0.920000,0.923000,0.923000,253000
2019-09-20,1.020000,1.020000,0.870000,0.894000,0.894000,352200
2019-09-23,0.935000,0.962000,0.900000,0.932000,0.932000,150600
2019-09-24,0.935000,0.935000,0.800000,0.815000,0.815000,331500
2019-09-25,0.820000,0.861000,0.640000,0.810000,0.810000,600300
2019-09-26,0.802000,0.900000,0.750000,0.873000,0.873000,164500
2019-09-27,0.870000,0.873000,0.780000,0.828000,0.828000,287500
2019-09-30,0.847000,0.850000,0.651000,0.670000,0.670000,692600
2019-10-01,0.688000,0.697000,0.496000,0.496000,0.496000,646700
2019-10-02,0.600000,0.600000,0.480000,0.490000,0.490000,409300
2019-10-03,0.493000,0.530000,0.450000,0.491000,0.491000,344500
2019-10-04,0.492000,0.539000,0.490000,0.496000,0.496000,613600
2019-10-07,0.490000,0.507000,0.450000,0.471000,0.471000,634300
2019-10-08,0.460000,0.475000,0.450000,0.457000,0.457000,316300
2019-10-09,0.460000,0.471000,0.450000,0.470000,0.470000,158300
2019-10-10,0.465000,0.475000,0.440000,0.445000,0.445000,215700
2019-10-11,0.450000,0.460000,0.426000,0.433000,0.433000,344400
2019-10-14,0.426000,0.444000,0.420000,0.430000,0.430000,246400
2019-10-15,0.440000,0.470000,0.420000,0.439000,0.439000,1764100
2019-10-16,0.520000,0.520000,0.412000,0.445000,0.445000,4082700
2019-10-17,0.441000,0.445000,0.405000,0.414000,0.414000,855500
2019-10-18,0.414000,0.425000,0.400000,0.419000,0.419000,524500
2019-10-21,0.425000,0.439000,0.401000,0.410000,0.410000,457500
2019-10-22,0.400000,0.470000,0.400000,0.452000,0.452000,1592700
2019-10-23,0.458000,0.480000,0.453000,0.455000,0.455000,754800
2019-10-24,0.478000,0.478000,0.440000,0.448000,0.448000,283000
2019-10-25,0.447000,0.460000,0.430000,0.454000,0.454000,251600
2019-10-28,0.460000,0.480000,0.442000,0.468000,0.468000,317500
2019-10-29,0.480000,0.500000,0.430000,0.460000,0.460000,645800
2019-10-30,0.444000,0.473000,0.420000,0.447000,0.447000,315700
2019-10-31,0.469000,0.469000,0.430000,0.440000,0.440000,122100
2019-11-01,0.459000,0.480000,0.431000,0.469000,0.469000,233900
2019-11-04,0.480000,0.690000,0.455000,0.610000,0.610000,1843900
2019-11-05,0.607000,0.632000,0.540000,0.564000,0.564000,753900
2019-11-06,0.560000,0.570000,0.500000,0.563000,0.563000,456200
2019-11-07,0.502000,0.560000,0.502000,0.520000,0.520000,226500
2019-11-08,0.530000,0.574000,0.513000,0.565000,0.565000,313300
2019-11-11,0.513000,0.590000,0.510000,0.515000,0.515000,300100
2019-11-12,0.521000,0.570000,0.520000,0.534000,0.534000,188300
2019-11-13,0.530000,0.550000,0.500000,0.500000,0.500000,273400
2019-11-14,0.510000,0.533000,0.510000,0.510000,0.510000,156200
2019-11-15,0.520000,0.542000,0.500000,0.501000,0.501000,340800
2019-11-18,0.505000,0.513000,0.400000,0.428000,0.428000,994500
2019-11-19,0.445000,0.460000,0.428000,0.428000,0.428000,218200
2019-11-20,0.450000,0.453000,0.400000,0.417000,0.417000,406800
2019-11-21,0.420000,0.494000,0.420000,0.450000,0.450000,211100
2019-11-22,0.452000,0.520000,0.440000,0.470000,0.470000,344900
2019-11-25,0.484000,0.510000,0.470000,0.505000,0.505000,230800
2019-11-26,0.505000,0.515000,0.458000,0.470000,0.470000,149700
2019-11-27,0.454000,0.490000,0.435000,0.462000,0.462000,226800
2019-11-29,0.450000,0.495000,0.442000,0.480000,0.480000,137200
2019-12-02,0.480000,0.550000,0.461000,0.500000,0.500000,496900
2019-12-03,0.499000,0.499000,0.470000,0.480000,0.480000,219000
2019-12-04,0.470000,0.479000,0.450000,0.458000,0.458000,224500
2019-12-05,0.457000,0.500000,0.450000,0.480000,0.480000,264600
2019-12-06,0.500000,0.500000,0.485000,0.496000,0.496000,112100
2019-12-09,0.500000,0.510000,0.480000,0.480000,0.480000,136500
2019-12-10,0.520000,0.520000,0.497000,0.510000,0.510000,122900
2019-12-11,0.520000,0.520000,0.500000,0.508000,0.508000,119100
2019-12-12,0.510000,0.519000,0.483000,0.500000,0.500000,150500
2019-12-13,0.483000,0.499000,0.480000,0.493000,0.493000,99900
2019-12-16,0.490000,0.518000,0.490000,0.517000,0.517000,235600
2019-12-17,0.500000,0.518000,0.480000,0.490000,0.490000,134900
2019-12-18,0.490000,0.550000,0.470000,0.530000,0.530000,561500
2019-12-19,0.570000,0.580000,0.513000,0.565000,0.565000,463000
2019-12-20,0.559000,0.650000,0.550000,0.628000,0.628000,592300
2019-12-23,0.619000,0.680000,0.580000,0.606000,0.606000,391400
2019-12-24,0.610000,0.641000,0.550000,0.578000,0.578000,190400
2019-12-26,0.570000,0.620000,0.570000,0.603000,0.603000,183300
2019-12-27,0.630000,0.630000,0.570000,0.620000,0.620000,243100
2019-12-30,0.626000,0.673000,0.555000,0.580000,0.580000,485500
2019-12-31,0.580000,0.595000,0.550000,0.573000,0.573000,371600
2020-01-02,0.580000,0.600000,0.559000,0.595000,0.595000,274700
2020-01-03,0.580000,0.640000,0.566000,0.605000,0.605000,207500
2020-01-06,0.640000,0.670000,0.610000,0.649000,0.649000,533700
2020-01-07,0.638000,0.660000,0.611000,0.650000,0.650000,118000
2020-01-08,0.623000,0.657000,0.576000,0.605000,0.605000,266400
2020-01-09,0.619000,0.660000,0.600000,0.656000,0.656000,269200
2020-01-10,0.660000,0.833000,0.570000,0.820000,0.820000,1793500
2020-01-13,0.794000,0.800000,0.750000,0.778000,0.778000,461100
2020-01-14,0.770000,0.817000,0.760000,0.805000,0.805000,338900
2020-01-15,0.840000,0.870000,0.789000,0.820000,0.820000,672800
2020-01-16,0.819000,0.820000,0.780000,0.798000,0.798000,240700
2020-01-17,0.790000,0.820000,0.790000,0.805000,0.805000,104000
2020-01-21,0.799000,0.815000,0.762000,0.802000,0.802000,493900
2020-01-22,0.791000,0.830000,0.790000,0.803000,0.803000,289400
2020-01-23,0.780000,0.799000,0.768000,0.786000,0.786000,163200
2020-01-24,0.786000,0.830000,0.738000,0.764000,0.764000,264500
2020-01-27,0.728000,0.757000,0.685000,0.720000,0.720000,154100
2020-01-28,0.742000,0.750000,0.720000,0.730000,0.730000,96300
2020-01-29,0.748000,0.748000,0.720000,0.720000,0.720000,138300
2020-01-30,0.730000,0.734000,0.614000,0.715000,0.715000,349500
2020-01-31,0.715000,0.715000,0.650000,0.678000,0.678000,194300
2020-02-03,0.665000,0.705000,0.650000,0.681000,0.681000,120900
2020-02-04,0.690000,0.709000,0.653000,0.663000,0.663000,130300
2020-02-05,0.650000,0.760000,0.620000,0.730000,0.730000,482900
2020-02-06,0.734000,0.750000,0.729000,0.731000,0.731000,89000
2020-02-07,0.730000,0.745000,0.713000,0.741000,0.741000,124400
2020-02-10,0.744000,0.744000,0.701000,0.718000,0.718000,45800
2020-02-11,0.710000,0.712000,0.660000,0.680000,0.680000,501600
2020-02-12,0.681000,0.718000,0.670000,0.694000,0.694000,134900
2020-02-13,0.697000,0.710000,0.682000,0.710000,0.710000,165200
2020-02-14,0.718000,0.720000,0.660000,0.710000,0.710000,129500
2020-02-18,0.670000,0.728000,0.670000,0.685000,0.685000,374700
2020-02-19,0.680000,0.710000,0.680000,0.700000,0.700000,154100
2020-02-20,0.720000,0.720000,0.695000,0.710000,0.710000,170500
2020-02-21,0.702000,0.735000,0.700000,0.718000,0.718000,141900
2020-02-24,0.690000,0.730000,0.681000,0.703000,0.703000,114300
2020-02-25,0.680000,0.720000,0.603000,0.630000,0.630000,405400
2020-02-26,0.670000,0.700000,0.550000,0.590000,0.590000,304400
2020-02-27,0.570000,0.570000,0.520000,0.549000,0.549000,214300
2020-02-28,0.555000,0.600000,0.550000,0.585000,0.585000,167600
2020-03-02,0.604000,0.610000,0.550000,0.600000,0.600000,189100
2020-03-03,0.594000,0.605000,0.580000,0.588000,0.588000,51400
2020-03-04,0.590000,0.635000,0.580000,0.585000,0.585000,105700
2020-03-05,0.583000,0.648000,0.550000,0.581000,0.581000,140800
2020-03-06,0.573000,0.599000,0.540000,0.560000,0.560000,145100
2020-03-09,0.570000,0.570000,0.472000,0.494000,0.494000,215700
2020-03-10,0.505000,0.522000,0.470000,0.470000,0.470000,97600
2020-03-11,0.486000,0.486000,0.382000,0.401000,0.401000,172500
2020-03-12,0.400000,0.400000,0.250000,0.355000,0.355000,271800
2020-03-13,0.350000,0.393000,0.290000,0.310000,0.310000,336400
2020-03-16,0.300000,0.310000,0.270000,0.290000,0.290000,164900
2020-03-17,0.395000,0.395000,0.290000,0.330000,0.330000,114400
2020-03-18,0.424000,0.424000,0.288000,0.322000,0.322000,157500
2020-03-19,0.306000,0.390000,0.290000,0.370000,0.370000,85300
2020-03-20,0.400000,0.410000,0.360000,0.364000,0.364000,119900
2020-03-23,0.330000,0.395000,0.300000,0.320000,0.320000,213500
2020-03-24,0.334000,0.364000,0.334000,0.344000,0.344000,69800
2020-03-25,0.350000,0.400000,0.350000,0.381000,0.381000,84800
2020-03-26,0.400000,0.400000,0.329000,0.380000,0.380000,126900
2020-03-27,0.380000,0.395000,0.322000,0.361000,0.361000,67600
2020-03-30,0.361000,0.383000,0.361000,0.371000,0.371000,62900
2020-03-31,0.376000,0.376000,0.310000,0.332000,0.332000,364000
2020-04-01,0.344000,0.350000,0.310000,0.320000,0.320000,127400
2020-04-02,0.327000,0.366000,0.300000,0.315000,0.315000,357900
2020-04-03,0.380000,0.380000,0.301000,0.313000,0.313000,319900
2020-04-06,0.339000,0.375000,0.320000,0.354000,0.354000,371800
2020-04-07,0.378000,0.380000,0.315000,0.315000,0.315000,300800
2020-04-08,0.344000,0.447000,0.331000,0.380000,0.380000,279800
2020-04-09,0.470000,0.480000,0.400000,0.428000,0.428000,645600
2020-04-13,0.470000,0.640000,0.452000,0.598000,0.598000,1508700
2020-04-14,0.689000,0.750000,0.610000,0.638000,0.638000,1632100
2020-04-15,0.640000,0.710000,0.510000,0.629000,0.629000,1257700
2020-04-16,0.540000,0.630000,0.520000,0.544000,0.544000,470300
2020-04-17,0.600000,0.600000,0.520000,0.545000,0.545000,383800
2020-04-20,0.530000,0.570000,0.500000,0.545000,0.545000,396300
2020-04-21,0.560000,0.562000,0.485000,0.510000,0.510000,327500
2020-04-22,0.530000,0.550000,0.500000,0.530000,0.530000,338700
2020-04-23,0.550000,0.550000,0.520000,0.540000,0.540000,362900
2020-04-24,0.550000,0.550000,0.525000,0.533000,0.533000,313900
2020-04-27,0.560000,0.586000,0.533000,0.560000,0.560000,876900
2020-04-28,0.580000,0.584000,0.560000,0.570000,0.570000,496000
2020-04-29,0.580000,0.590000,0.530000,0.554000,0.554000,421800
2020-04-30,0.575000,0.576000,0.525000,0.546000,0.546000,252300
2020-05-01,0.534000,0.537000,0.497000,0.499000,0.499000,501100
2020-05-04,0.470000,0.500000,0.460000,0.495000,0.495000,408000
2020-05-05,0.540000,0.540000,0.500000,0.520000,0.520000,365500
2020-05-06,0.530000,0.530000,0.460000,0.500000,0.500000,314000
2020-05-07,0.520000,0.520000,0.485000,0.510000,0.510000,179500