Date,Open,High,Low,Close,Adj Close,Volume
2015-07-14,15.140000,15.140000,15.100000,15.140000,10.078888,7800
2015-07-15,15.140000,18.160000,15.130000,18.160000,12.089341,6300
2015-07-16,15.220000,15.290000,15.170000,15.290000,10.178746,1700
2015-07-17,15.380000,15.380000,15.130000,15.160000,10.092206,10100
2015-07-20,15.110000,15.110000,15.060000,15.060000,10.025636,6600
2015-07-21,15.020000,15.020000,14.980000,14.980000,9.972376,3700
2015-07-22,14.980000,14.980000,14.980000,14.980000,9.972376,0
2015-07-23,15.090000,15.090000,14.800000,14.800000,9.852546,3900
2015-07-24,14.670000,14.690000,14.600000,14.690000,9.779318,1100
2015-07-27,14.616000,14.616000,14.608000,14.608000,9.724730,1300
2015-07-28,14.630000,14.630000,14.630000,14.630000,9.739379,300
2015-07-29,14.780000,14.870000,14.400000,14.400000,9.586263,25100
2015-07-30,14.400000,14.400000,14.400000,14.400000,9.586263,0
2015-07-31,14.870000,14.882000,14.840000,14.882000,9.907133,1900
2015-08-03,15.060000,15.060000,14.880000,14.880000,9.905804,900
2015-08-04,14.880000,14.880000,14.880000,14.880000,9.905804,0
2015-08-05,14.810000,14.810000,14.810000,14.810000,9.859207,100
2015-08-06,14.790000,14.790000,14.650000,14.770000,9.832577,1500
2015-08-07,14.770000,14.770000,14.710000,14.710000,9.792635,1800
2015-08-10,14.760000,14.890000,14.710000,14.890000,9.912460,3100
2015-08-11,14.860000,14.860000,14.860000,14.860000,9.892492,200
2015-08-12,14.860000,14.860000,14.860000,14.860000,9.892492,0
2015-08-13,14.910000,14.910000,14.905000,14.905000,9.922450,600
2015-08-14,14.910000,14.910000,14.910000,14.910000,9.925778,300
2015-08-17,14.910000,14.910000,14.910000,14.910000,9.925778,0
2015-08-18,14.910000,14.910000,14.910000,14.910000,9.925778,0
2015-08-19,14.910000,14.910000,14.910000,14.910000,9.925778,0
2015-08-20,14.910000,14.910000,14.910000,14.910000,9.925778,0
2015-08-21,14.660000,14.660000,14.560000,14.587000,9.710750,1300
2015-08-24,14.640000,14.640000,13.390000,14.130000,9.406519,6500
2015-08-25,14.170000,14.170000,14.170000,14.170000,9.433149,100
2015-08-26,14.218000,14.218000,14.218000,14.218000,9.465104,200
2015-08-27,14.350000,14.388000,14.350000,14.388000,9.578273,500
2015-08-28,14.437000,14.450000,14.437000,14.440000,9.612892,600
2015-08-31,14.410000,14.450000,14.180000,14.410000,9.592918,4500
2015-09-01,14.310000,14.310000,14.060000,14.060000,9.425329,1300
2015-09-02,14.112000,14.112000,14.040000,14.040000,9.411920,400
2015-09-03,14.040000,14.040000,14.040000,14.040000,9.411920,0
2015-09-04,14.040000,14.040000,14.040000,14.040000,9.411920,0
2015-09-08,14.310000,14.310000,14.290000,14.295000,9.582868,500
2015-09-09,14.350000,14.350000,14.320000,14.320000,9.599621,200
2015-09-10,14.250000,14.250000,14.250000,14.250000,9.552697,300
2015-09-11,14.180000,14.180000,14.180000,14.180000,9.505774,500
2015-09-14,14.180000,14.180000,14.180000,14.180000,9.505774,0
2015-09-15,14.240000,14.240000,14.240000,14.240000,9.545995,200
2015-09-16,14.240000,14.240000,14.240000,14.240000,9.545995,0
2015-09-17,14.538000,14.538000,14.538000,14.538000,9.745763,400
2015-09-18,14.400000,14.440000,14.400000,14.400000,9.653250,1100
2015-09-21,14.400000,14.400000,14.400000,14.400000,9.653250,0
2015-09-22,14.400000,14.400000,14.400000,14.400000,9.653250,0
2015-09-23,14.320000,14.320000,14.290000,14.290000,9.579515,1300
2015-09-24,14.240000,14.240000,14.232000,14.232000,9.540631,1100
2015-09-25,14.232000,14.232000,14.232000,14.232000,9.540631,0
2015-09-28,14.232000,14.232000,14.232000,14.232000,9.540631,0
2015-09-29,13.950000,13.950000,13.770000,13.770000,9.230922,1700
2015-09-30,13.900000,13.900000,13.890000,13.890000,9.311368,800
2015-10-01,13.890000,13.890000,13.890000,13.890000,9.378890,0
2015-10-02,13.940000,13.940000,13.900000,13.920000,9.399149,900
2015-10-05,14.160000,14.160000,14.152000,14.152000,9.555798,200
2015-10-06,14.152000,14.152000,14.152000,14.152000,9.555798,0
2015-10-07,14.152000,14.152000,14.152000,14.152000,9.555798,0
2015-10-08,14.510000,14.510000,14.510000,14.510000,9.797528,200
2015-10-09,14.538000,14.538000,14.538000,14.538000,9.816436,1000
2015-10-12,14.538000,14.538000,14.538000,14.538000,9.816436,0
2015-10-13,14.458000,14.458000,14.458000,14.458000,9.762415,100
2015-10-14,14.458000,14.458000,14.458000,14.458000,9.762415,0
2015-10-15,14.458000,14.458000,14.458000,14.458000,9.762415,0
2015-10-16,14.600000,14.600000,14.600000,14.600000,9.858300,200
2015-10-19,14.600000,14.600000,14.600000,14.600000,9.858300,0
2015-10-20,14.680000,14.680000,14.680000,14.680000,9.912317,200
2015-10-21,14.670000,14.670000,14.670000,14.670000,9.905563,100
2015-10-22,14.660000,14.670000,14.660000,14.660000,9.898813,1200
2015-10-23,14.660000,14.660000,14.660000,14.660000,9.898813,0
2015-10-26,14.960000,14.960000,14.660000,14.660000,9.898813,1300
2015-10-27,14.500000,14.513000,14.500000,14.513000,9.799556,400
2015-10-28,14.467000,14.477000,14.467000,14.477000,9.775246,300
2015-10-29,14.477000,14.477000,14.477000,14.477000,9.775246,0
2015-10-30,14.477000,14.477000,14.477000,14.477000,9.775246,0
2015-11-02,14.360000,14.430000,14.360000,14.430000,9.811286,300
2015-11-03,14.430000,14.430000,14.430000,14.430000,9.811286,0
2015-11-04,14.890000,14.890000,14.470000,14.480000,9.845281,1400
2015-11-05,14.549000,14.549000,14.549000,14.549000,9.892193,100
2015-11-06,14.450000,14.450000,14.325000,14.325000,9.739890,200
2015-11-09,14.325000,14.325000,14.325000,14.325000,9.739890,0
2015-11-10,14.325000,14.325000,14.325000,14.325000,9.739890,0
2015-11-11,14.282000,14.282000,14.282000,14.282000,9.710652,300
2015-11-12,14.282000,14.282000,14.282000,14.282000,9.710652,0
2015-11-13,14.282000,14.282000,14.282000,14.282000,9.710652,0
2015-11-16,14.110000,14.200000,14.110000,14.200000,9.654902,500
2015-11-17,14.200000,14.200000,14.200000,14.200000,9.654902,0
2015-11-18,14.200000,14.200000,14.200000,14.200000,9.654902,0
2015-11-19,14.200000,14.200000,14.200000,14.200000,9.654902,0
2015-11-20,14.360000,14.360000,14.360000,14.360000,9.763687,100
2015-11-23,14.360000,14.360000,14.360000,14.360000,9.763687,0
2015-11-24,14.360000,14.360000,14.360000,14.360000,9.763687,0
2015-11-25,14.360000,14.360000,14.360000,14.360000,9.763687,0
2015-11-27,14.360000,14.360000,14.360000,14.360000,9.763687,0
2015-11-30,14.360000,14.360000,14.360000,14.360000,9.763687,0
2015-12-01,14.360000,14.360000,14.360000,14.360000,9.835606,0
2015-12-02,14.360000,14.360000,14.360000,14.360000,9.835606,0
2015-12-03,14.150000,14.190000,14.150000,14.190000,9.719165,400
2015-12-04,14.190000,14.190000,14.190000,14.190000,9.719165,0
2015-12-07,13.890000,13.950000,13.890000,13.948000,9.553414,2100
2015-12-08,13.820000,13.890000,13.820000,13.890000,9.513690,400
2015-12-09,13.890000,13.890000,13.890000,13.890000,9.513690,0
2015-12-10,13.890000,13.890000,13.890000,13.890000,9.513690,0
2015-12-11,13.890000,13.890000,13.890000,13.890000,9.513690,0
2015-12-14,13.260000,13.260000,13.260000,13.260000,9.082184,500
2015-12-15,13.260000,13.260000,13.260000,13.260000,9.082184,0
2015-12-16,13.260000,13.260000,13.260000,13.260000,9.082184,0
2015-12-17,13.810000,13.810000,13.741000,13.750000,9.417801,300
2015-12-18,13.750000,13.750000,13.750000,13.750000,9.417801,1500
2015-12-21,13.763000,13.763000,13.763000,13.763000,9.426703,100
2015-12-22,13.763000,13.763000,13.763000,13.763000,9.426703,0
2015-12-23,13.763000,13.763000,13.763000,13.763000,9.426703,0
2015-12-24,13.763000,13.763000,13.763000,13.763000,9.426703,0
2015-12-28,13.763000,13.763000,13.763000,13.763000,9.426703,0
2015-12-29,13.812000,13.850000,13.812000,13.850000,9.612004,1300
2015-12-30,13.850000,13.850000,13.850000,13.850000,9.612004,0
2015-12-31,13.850000,13.850000,13.850000,13.850000,9.612004,0
2016-01-04,14.020000,15.140000,13.380000,13.710000,9.514842,1300
2016-01-05,13.710000,13.710000,13.710000,13.710000,9.514842,0
2016-01-06,13.820000,13.870000,13.760000,13.760000,9.549542,1000
2016-01-07,13.760000,13.760000,13.760000,13.760000,9.549542,0
2016-01-08,13.525000,13.525000,13.525000,13.525000,9.386449,300
2016-01-11,13.525000,13.525000,13.525000,13.525000,9.386449,0
2016-01-12,13.525000,13.525000,13.525000,13.525000,9.386449,0
2016-01-13,13.110000,13.110000,13.110000,13.110000,9.098435,200
2016-01-14,13.010000,13.050000,12.772000,13.032000,9.044309,1600
2016-01-15,12.650000,12.650000,12.650000,12.650000,8.779194,100
2016-01-19,12.590000,12.590000,12.590000,12.590000,8.737555,100
2016-01-20,12.116000,12.116000,12.116000,12.116000,8.408595,300
2016-01-21,12.440000,12.490000,12.440000,12.460000,8.647332,1800
2016-01-22,12.856000,12.856000,12.856000,12.856000,8.922161,300
2016-01-25,12.860000,12.860000,12.860000,12.860000,8.924934,100
2016-01-26,12.878000,12.878000,12.878000,12.878000,8.937428,400
2016-01-27,12.940000,12.940000,12.940000,12.940000,8.980453,100
2016-01-28,12.940000,12.940000,12.940000,12.940000,8.980453,0
2016-01-29,12.940000,12.940000,12.940000,12.940000,8.980453,0
2016-02-01,13.100000,13.180000,13.100000,13.180000,9.221847,300
2016-02-02,12.970000,13.020000,12.970000,13.020000,9.109898,500
2016-02-03,13.020000,13.020000,13.020000,13.020000,9.109898,0
2016-02-04,13.020000,13.020000,13.020000,13.020000,9.109898,0
2016-02-05,13.020000,13.020000,13.020000,13.020000,9.109898,0
2016-02-08,12.910000,13.100000,12.910000,12.940000,9.053921,12200
2016-02-09,12.940000,12.940000,12.940000,12.940000,9.053921,0
2016-02-10,12.940000,12.940000,12.940000,12.940000,9.053921,0
2016-02-11,12.510000,12.550000,12.510000,12.538000,8.772650,1600
2016-02-12,12.480000,12.550000,12.225000,12.500000,8.746062,14100
2016-02-16,12.500000,12.500000,12.500000,12.500000,8.746062,0
2016-02-17,12.500000,12.500000,12.500000,12.500000,8.746062,0
2016-02-18,12.996000,12.996000,12.996000,12.996000,9.093105,100
2016-02-19,13.240000,13.240000,12.880000,12.990000,9.088907,900
2016-02-22,13.158000,13.160000,13.158000,13.160000,9.207853,300
2016-02-23,13.160000,13.160000,13.160000,13.160000,9.207853,0
2016-02-24,13.160000,13.160000,13.160000,13.160000,9.207853,0
2016-02-25,13.090000,13.150000,13.090000,13.150000,9.200859,700
2016-02-26,13.202000,13.202000,13.202000,13.202000,9.237241,500
2016-02-29,13.202000,13.202000,13.202000,13.202000,9.237241,100
2016-03-01,13.202000,13.202000,13.202000,13.202000,9.311298,100
2016-03-02,13.469000,13.500000,13.410000,13.500000,9.521475,1200
2016-03-03,13.500000,13.500000,13.500000,13.500000,9.521475,0
2016-03-04,13.890000,13.890000,13.890000,13.890000,9.796539,200
2016-03-07,13.890000,13.890000,13.890000,13.890000,9.796539,0
2016-03-08,13.890000,13.890000,13.890000,13.890000,9.796539,0
2016-03-09,13.694000,13.694000,13.694000,13.694000,9.658303,100
2016-03-10,13.710000,13.720000,13.700000,13.720000,9.676641,500
2016-03-11,13.720000,13.720000,13.720000,13.720000,9.676641,0
2016-03-14,13.720000,13.720000,13.720000,13.720000,9.676641,0
2016-03-15,13.720000,13.720000,13.720000,13.720000,9.676641,0
2016-03-16,13.720000,13.720000,13.720000,13.720000,9.676641,0
2016-03-17,14.200000,14.200000,14.095000,14.095000,9.941125,500
2016-03-18,14.230000,14.230000,14.130000,14.130000,9.965811,700
2016-03-21,14.130000,14.130000,14.130000,14.130000,9.965811,0
2016-03-22,14.248000,14.283000,14.248000,14.283000,10.073720,500
2016-03-23,14.283000,14.283000,14.283000,14.283000,10.073720,0
2016-03-24,14.100000,14.100000,14.100000,14.100000,9.944652,100
2016-03-28,13.960000,13.960000,13.960000,13.960000,9.845912,1000
2016-03-29,13.960000,13.960000,13.960000,13.960000,9.845912,0
2016-03-30,14.270000,14.270000,14.270000,14.270000,10.064554,100
2016-03-31,14.430000,14.430000,14.430000,14.430000,10.177400,100
2016-04-01,14.188000,14.279000,14.188000,14.279000,10.144720,500
2016-04-04,14.381000,14.381000,14.167000,14.167000,10.065145,1100
2016-04-05,14.124000,14.124000,14.124000,14.124000,10.034595,200
2016-04-06,14.150000,14.150000,14.106000,14.106000,10.021809,600
2016-04-07,14.106000,14.106000,14.106000,14.106000,10.021809,0
2016-04-08,14.246000,14.328000,14.246000,14.311000,10.167451,6000
2016-04-11,14.312000,14.340000,14.312000,14.340000,10.188057,1000
2016-04-12,14.400000,14.440000,14.337000,14.430000,10.251998,1200
2016-04-13,14.489000,14.510000,14.405000,14.440000,10.259098,1600
2016-04-14,14.480000,14.500000,14.480000,14.497000,10.299597,2000
2016-04-15,14.480000,14.520000,14.480000,14.510000,10.308835,3000
2016-04-18,14.500000,14.560000,14.500000,14.559000,10.343646,500
2016-04-19,14.650000,14.670000,14.650000,14.650000,10.408301,800
2016-04-20,14.890000,14.890000,14.618000,14.660000,10.415403,2600
2016-04-21,14.452000,14.540000,14.452000,14.540000,10.330146,300
2016-04-22,14.550000,14.630000,14.497000,14.620000,10.386989,15400
2016-04-25,14.495000,14.600000,14.495000,14.600000,10.372776,2100
2016-04-26,14.580000,14.580000,14.580000,14.580000,10.358566,2100
2016-04-27,14.580000,14.580000,14.580000,14.580000,10.358566,0
2016-04-28,14.710000,14.750000,14.610000,14.690000,10.436719,12400
2016-04-29,14.690000,14.690000,14.690000,14.690000,10.436719,0
2016-05-02,14.550000,14.550000,14.550000,14.550000,10.408818,200
2016-05-03,14.400000,14.400000,14.352000,14.352000,10.338938,1000
2016-05-04,14.318000,14.318000,14.318000,14.318000,10.314448,200
2016-05-05,14.510000,14.510000,14.471000,14.490000,10.438355,2700
2016-05-06,14.520000,14.520000,14.520000,14.520000,10.459967,400
2016-05-09,14.549000,14.562000,14.549000,14.562000,10.490221,500
2016-05-10,14.500000,14.500000,14.500000,14.500000,10.445556,1200
2016-05-11,14.790000,14.790000,14.682000,14.682000,10.576666,300
2016-05-12,14.682000,14.682000,14.682000,14.682000,10.576666,0
2016-05-13,14.682000,14.682000,14.682000,14.682000,10.576666,100
2016-05-16,14.760000,14.760000,14.740000,14.750000,10.625654,400
2016-05-17,14.740000,14.740000,14.680000,14.680000,10.575227,700
2016-05-18,14.492000,14.492000,14.492000,14.492000,10.439798,100
2016-05-19,14.492000,14.492000,14.492000,14.492000,10.439798,200
2016-05-20,14.500000,14.500000,14.500000,14.500000,10.445556,600
2016-05-23,14.548000,14.548000,14.520000,14.520000,10.459967,400
2016-05-24,14.570000,14.570000,14.570000,14.570000,10.495986,200
2016-05-25,14.637000,14.639000,14.520000,14.520000,10.459967,400
2016-05-26,14.570000,14.570000,14.570000,14.570000,10.495986,200
2016-05-27,14.570000,14.570000,14.570000,14.570000,10.495986,0
2016-05-31,14.690000,14.720000,14.670000,14.670000,10.568023,400
2016-06-01,14.560000,14.600000,14.560000,14.600000,10.590510,800
2016-06-02,14.710000,14.730000,14.710000,14.730000,10.684808,700
2016-06-03,14.780000,14.780000,14.779000,14.779000,10.720351,500
2016-06-06,14.710000,14.710000,14.710000,14.710000,10.670300,1300
2016-06-07,14.710000,14.710000,14.710000,14.710000,10.670300,0
2016-06-08,14.900000,14.900000,14.890000,14.890000,10.800867,500
2016-06-09,14.900000,14.930000,14.835000,14.930000,10.829885,1800
2016-06-10,14.830000,14.830000,14.800000,14.800000,10.735583,1400
2016-06-13,14.750000,14.800000,14.710000,14.800000,10.735583,1100
2016-06-14,14.800000,14.800000,14.800000,14.800000,10.735583,0
2016-06-15,14.590000,14.590000,14.590000,14.590000,10.583257,400
2016-06-16,14.640000,14.660000,14.640000,14.660000,10.634033,300
2016-06-17,14.660000,14.660000,14.660000,14.660000,10.634033,0
2016-06-20,14.860000,14.870000,14.819000,14.819000,10.749366,800
2016-06-21,14.826000,14.826000,14.826000,14.826000,10.754446,200
2016-06-22,14.870000,14.890000,14.799000,14.870000,10.786362,14900
2016-06-23,15.070000,15.160000,14.982000,15.109000,10.959726,18900
2016-06-24,14.830000,14.900000,14.720000,14.830000,10.757349,14300
2016-06-27,14.740000,14.740000,14.610000,14.610000,10.597761,4000
2016-06-28,14.790000,14.870000,14.760000,14.870000,10.786362,2300
2016-06-29,15.070000,15.070000,15.070000,15.070000,10.931438,1600
2016-06-30,15.080000,15.150000,15.020000,15.020000,10.895168,4800
2016-07-01,15.140000,15.160000,15.120000,15.140000,11.056561,1300
2016-07-05,15.330000,15.330000,15.330000,15.330000,11.195318,600
2016-07-06,15.030000,15.110000,15.020000,15.020000,10.968927,3400
2016-07-07,15.120000,15.120000,14.970000,14.970000,10.932411,1900
2016-07-08,15.160000,15.160000,15.155000,15.155000,11.067515,400
2016-07-11,16.580000,16.580000,15.110000,15.259000,11.143464,2800
2016-07-12,15.338000,15.360000,15.306000,15.306000,11.177792,1600
2016-07-13,15.260000,15.350000,15.160000,15.320000,11.188010,3100
2016-07-14,15.320000,15.320000,15.320000,15.320000,11.188010,100
2016-07-15,15.310000,15.310000,15.190000,15.190000,11.093077,200
2016-07-18,15.440000,15.460000,15.355000,15.460000,11.290255,5200
2016-07-19,15.398000,15.470000,15.398000,15.470000,11.297558,4200
2016-07-20,15.440000,15.516000,15.440000,15.516000,11.331151,1100
2016-07-21,15.541000,15.541000,15.447000,15.447000,11.280759,500
2016-07-22,15.480000,15.610000,15.480000,15.546000,11.353059,3000
2016-07-25,15.450000,15.580000,15.450000,15.570000,11.370585,2900
2016-07-26,15.600000,15.600000,15.600000,15.600000,11.392496,500
2016-07-27,15.610000,15.610000,15.560000,15.560000,11.363282,3600
2016-07-28,15.560000,15.560000,15.560000,15.560000,11.363282,0
2016-07-29,15.560000,15.680000,15.534000,15.670000,11.443615,7200
2016-08-01,15.520000,15.560000,15.520000,15.540000,11.420833,4800
2016-08-02,15.540000,15.600000,15.500000,15.528000,11.412013,4100
2016-08-03,15.430000,15.490000,15.391000,15.470000,11.369384,1100
2016-08-04,15.610000,15.610000,15.438000,15.438000,11.345866,800
2016-08-05,15.540000,15.590000,15.438000,15.438000,11.345866,4800
2016-08-08,15.380000,15.600000,15.380000,15.550000,11.428183,6500
2016-08-09,15.518000,15.630000,15.518000,15.630000,11.486976,1500
2016-08-10,15.600000,15.607000,15.552000,15.552000,11.429651,1500
2016-08-11,15.900000,15.900000,15.559000,15.559000,11.434796,1800
2016-08-12,15.696000,15.700000,15.667000,15.667000,11.514166,1600
2016-08-15,15.790000,15.790000,15.700000,15.710000,11.545768,2000
2016-08-16,15.660000,15.660000,15.593000,15.650000,11.501673,2100
2016-08-17,15.700000,15.700000,15.538000,15.600000,11.464927,1500
2016-08-18,15.710000,15.770000,15.675000,15.740000,11.567817,3900
2016-08-19,15.780000,15.780000,15.660000,15.698000,11.536951,2300
2016-08-22,15.810000,15.810000,15.665000,15.665000,11.512696,4100
2016-08-23,15.790000,15.820000,15.724000,15.820000,11.626613,4600
2016-08-24,15.721000,15.750000,15.721000,15.750000,11.575164,3600
2016-08-25,15.760000,15.760000,15.650000,15.650000,11.501673,1300
2016-08-26,15.650000,15.650000,15.650000,15.650000,11.501673,0
2016-08-29,15.642000,15.690000,15.642000,15.674000,11.519313,2500
2016-08-30,15.731000,15.760000,15.696000,15.736000,11.564875,5300
2016-08-31,15.770000,15.770000,15.710000,15.720000,11.553121,3400
2016-09-01,15.740000,15.740000,15.580000,15.590000,11.530191,1700
2016-09-02,15.850000,15.850000,15.580000,15.708000,11.617461,1700
2016-09-06,15.800000,15.900000,15.747000,15.900000,11.759467,9600
2016-09-07,15.940000,15.970000,15.886000,15.970000,11.811237,4400
2016-09-08,15.980000,15.980000,15.930000,15.960000,11.803838,1000
2016-09-09,15.710000,15.710000,15.580000,15.580000,11.522796,9300
2016-09-12,15.410000,15.630000,15.320000,15.630000,11.559776,5500
2016-09-13,15.370000,15.370000,15.370000,15.370000,11.367483,600
2016-09-14,15.160000,15.310000,15.160000,15.172000,11.221045,1200
2016-09-15,15.550000,15.550000,15.390000,15.400000,11.389670,400
2016-09-16,15.370000,15.420000,15.253000,15.370000,11.367483,4000
2016-09-19,15.380000,15.510000,15.380000,15.430000,11.411857,1100
2016-09-20,15.570000,15.580000,15.540000,15.540000,11.493213,1000
2016-09-21,15.520000,15.604000,15.453000,15.604000,11.540544,900
2016-09-22,15.755000,15.755000,15.676000,15.680000,11.596754,5100
2016-09-23,15.940000,15.940000,15.715000,15.770000,11.663316,4200
2016-09-26,15.940000,15.940000,15.740000,15.765000,11.659618,26000
2016-09-27,15.690000,15.770000,15.690000,15.750000,11.648526,32200
2016-09-28,15.880000,15.880000,15.642000,15.760000,11.655921,44700
2016-09-29,15.700000,15.700000,15.600000,15.600000,11.537587,1300
2016-09-30,15.750000,15.750000,15.650000,15.660000,11.581963,12100
2016-10-03,15.555000,15.555000,15.378000,15.490000,11.529117,7500
2016-10-04,15.440000,15.440000,15.212000,15.245000,11.346768,5400
2016-10-05,15.370000,15.370000,15.223000,15.270000,11.365376,3200
2016-10-06,15.257000,15.257000,15.195000,15.250000,11.350488,2100
2016-10-07,15.230000,15.230000,15.160000,15.160000,11.283500,2500
2016-10-10,15.231000,15.330000,15.221000,15.320000,11.402586,9900
2016-10-11,15.226000,15.230000,15.052000,15.186000,11.302855,3200
2016-10-12,15.237000,15.261000,15.237000,15.250000,11.350488,1000
2016-10-13,15.150000,15.250000,15.150000,15.235000,11.339323,1600
2016-10-14,15.172000,15.190000,15.093000,15.190000,11.305832,900
2016-10-17,15.340000,15.340000,15.090000,15.150000,11.276055,3800
2016-10-18,15.190000,15.227000,15.115000,15.220000,11.328157,1800
2016-10-19,15.230000,15.300000,15.138000,15.210000,11.320714,8700
2016-10-20,15.410000,15.410000,15.210000,15.280000,11.372815,2900
2016-10-21,15.210000,15.270000,15.198000,15.255000,11.354210,5700
2016-10-24,15.163000,15.306000,15.163000,15.306000,11.392169,2100
2016-10-25,15.311000,15.311000,15.311000,15.311000,11.395891,2100
2016-10-26,15.311000,15.311000,15.311000,15.311000,11.395891,0
2016-10-27,15.120000,15.120000,15.011000,15.083000,11.226192,2900
2016-10-28,15.060000,15.110000,14.940000,14.940000,11.119757,2800
2016-10-31,15.023000,15.023000,15.023000,15.023000,11.181530,300
2016-11-01,14.800000,14.800000,14.734000,14.734000,11.039180,600
2016-11-02,14.580000,14.580000,14.580000,14.580000,10.923800,400
2016-11-03,14.638000,14.638000,14.550000,14.550000,10.901316,1500
2016-11-04,14.550000,14.550000,14.400000,14.550000,10.901316,2500
2016-11-07,14.700000,14.718000,14.644000,14.718000,11.027194,1700
2016-11-08,14.690000,14.700000,14.690000,14.700000,11.013705,500
2016-11-09,14.330000,14.779000,14.330000,14.664000,10.986732,4200
2016-11-10,14.910000,14.910000,14.450000,14.600000,10.938783,22000
2016-11-11,14.600000,14.600000,14.600000,14.600000,10.938783,0
2016-11-14,14.050000,14.478000,14.050000,14.379000,10.773203,9900
2016-11-15,14.483000,14.584000,14.483000,14.584000,10.926790,1900
2016-11-16,14.310000,14.500000,14.310000,14.460000,10.833888,4200
2016-11-17,14.734000,14.734000,14.140000,14.630000,10.961258,22400
2016-11-18,14.430000,14.430000,14.390000,14.425000,10.807664,3700
2016-11-21,14.670000,14.817000,14.650000,14.790000,11.081136,8700
2016-11-22,14.930000,14.930000,14.810000,14.855000,11.129837,2200
2016-11-23,14.750000,14.826000,14.750000,14.825000,11.107360,3000
2016-11-25,14.779000,14.780000,14.742000,14.742000,11.045172,1500
2016-11-28,14.835000,14.835000,14.820000,14.820000,11.103613,400
2016-11-29,14.960000,14.960000,14.878000,14.878000,11.147068,300
2016-11-30,14.795000,14.795000,14.782000,14.782000,11.075142,800
2016-12-01,14.640000,14.640000,14.579000,14.579000,10.996696,2800
2016-12-02,14.636000,14.636000,14.636000,14.636000,11.039693,400
2016-12-05,14.630000,14.705000,14.530000,14.661000,11.058548,22400
2016-12-06,14.777000,14.777000,14.777000,14.777000,11.146043,200
2016-12-07,15.210000,15.210000,14.810000,14.820000,11.178476,3500
2016-12-08,15.060000,15.060000,14.938000,14.940000,11.268991,1200
2016-12-09,14.950000,14.950000,14.950000,14.950000,11.276539,300
2016-12-12,14.950000,15.072000,14.920000,15.072000,11.368557,2200
2016-12-13,15.148000,15.148000,14.900000,14.910000,11.246368,1900
2016-12-14,14.970000,15.030000,14.934000,14.934000,11.264469,1800
2016-12-15,14.930000,14.930000,14.700000,14.700000,11.087966,1400
2016-12-16,14.858000,14.950000,14.858000,14.870000,11.216192,2600
2016-12-19,15.000000,15.000000,14.960000,14.960000,11.284077,1100
2016-12-20,14.973000,15.050000,14.959000,14.959000,11.283325,3300
2016-12-21,14.710000,14.880000,14.710000,14.880000,11.223736,1200
2016-12-22,15.038000,15.116000,15.038000,15.116000,11.401747,700
2016-12-23,15.035000,15.050000,15.026000,15.050000,11.351964,1200
2016-12-27,15.160000,15.160000,15.100000,15.100000,11.389679,500
2016-12-28,14.835000,14.900000,14.780000,14.780000,11.230116,6400
2016-12-29,14.950000,15.020000,14.926000,14.942000,11.353209,2300
2016-12-30,14.950000,14.950000,14.870000,14.870000,11.298498,2900
2017-01-03,15.210000,15.210000,14.940000,14.940000,11.351686,3300
2017-01-04,15.210000,15.210000,15.150000,15.150000,11.511248,4300
2017-01-05,15.254000,15.280000,15.254000,15.263000,11.597109,2000
2017-01-06,15.380000,15.410000,15.260000,15.410000,11.708801,2600
2017-01-09,15.310000,15.311000,15.280000,15.311000,11.633578,2300
2017-01-10,15.273000,15.273000,15.273000,15.273000,11.604706,100
2017-01-11,15.150000,15.350000,15.150000,15.337000,11.653336,800
2017-01-12,15.170000,15.170000,15.170000,15.170000,11.526446,100
2017-01-13,15.170000,15.170000,15.170000,15.170000,11.526446,0
2017-01-17,15.550000,15.550000,15.278000,15.350000,11.663212,5200
2017-01-18,15.400000,15.400000,15.260000,15.380000,11.686009,16100
2017-01-19,15.300000,15.300000,15.208000,15.240000,11.579632,2300
2017-01-20,15.255000,15.290000,15.255000,15.255000,11.591028,1700
2017-01-23,15.300000,15.360000,15.210000,15.360000,11.670812,5900
2017-01-24,15.308000,15.410000,15.308000,15.410000,11.708801,3100
2017-01-25,15.301000,15.369000,15.300000,15.369000,11.677649,1900
2017-01-26,15.260000,15.440000,15.260000,15.440000,11.731595,2200
2017-01-27,15.610000,15.610000,15.250000,15.345000,11.659412,4200
2017-01-30,15.340000,15.340000,15.211000,15.320000,11.640419,7900
2017-01-31,15.236000,15.340000,15.236000,15.340000,11.655619,900
2017-02-01,15.230000,15.230000,15.151000,15.180000,11.608966,4700
2017-02-02,15.400000,15.400000,15.160000,15.180000,11.608966,2100
2017-02-03,15.410000,15.410000,15.280000,15.320000,11.716032,3800
2017-02-06,15.390000,15.405000,15.350000,15.405000,11.781033,2400
2017-02-07,15.570000,15.570000,15.344000,15.416000,11.789449,5600
2017-02-08,15.250000,15.414000,15.245000,15.327000,11.721383,1300
2017-02-09,15.500000,15.500000,15.423000,15.423000,11.794800,400
2017-02-10,15.515000,15.515000,15.515000,15.515000,11.865156,200
2017-02-13,15.520000,15.560000,15.500000,15.500000,11.853685,4000
2017-02-14,15.700000,15.700000,15.420000,15.420000,11.792505,9300
2017-02-15,15.478000,15.580000,15.440000,15.580000,11.914866,12000
2017-02-16,15.750000,15.750000,15.440000,15.560000,11.899571,31100
2017-02-17,15.549000,15.550000,15.440000,15.505000,11.857511,13300
2017-02-21,15.410000,15.620000,15.410000,15.594000,11.925572,32300
2017-02-22,15.512000,15.539000,15.500000,15.510000,11.861334,1600
2017-02-23,15.625000,15.650000,15.510000,15.570000,11.907219,36700
2017-02-24,15.560000,15.595000,15.422000,15.550000,11.891924,30800
2017-02-27,15.610000,15.650000,15.470000,15.630000,11.953105,12700
2017-02-28,15.630000,15.630000,15.545000,15.600000,11.930163,14400
2017-03-01,15.556000,15.590000,15.350000,15.533000,11.953248,5300
2017-03-02,15.385000,15.470000,15.350000,15.444000,11.884758,31100
2017-03-03,15.580000,15.580000,15.375000,15.480000,11.912463,15000
2017-03-06,15.480000,15.480000,15.260000,15.290000,11.766250,9500
2017-03-07,15.550000,15.550000,15.370000,15.370000,11.827811,3900
2017-03-08,15.370000,15.410000,15.210000,15.210000,11.704685,31200
2017-03-09,15.210000,15.222000,15.060000,15.060000,11.589255,5400
2017-03-10,15.160000,15.220000,15.127000,15.160000,11.666210,5500
2017-03-13,15.340000,15.340000,15.130000,15.140000,11.650819,5000
2017-03-14,15.290000,15.290000,15.060000,15.110000,11.627733,16200
2017-03-15,15.270000,15.317000,15.141000,15.260000,11.743162,14900
2017-03-16,15.390000,15.420000,15.295000,15.420000,11.866291,3000
2017-03-17,15.420000,15.420000,14.983000,15.410000,11.858593,6800
2017-03-20,15.380000,15.495000,15.380000,15.477000,11.910151,3700
2017-03-21,15.470000,15.490000,15.300000,15.300000,11.773943,10700
2017-03-22,15.300000,15.436000,15.260000,15.260000,11.743162,7800
2017-03-23,15.353000,15.353000,15.353000,15.353000,11.814734,300
2017-03-24,15.355000,15.425000,15.300000,15.300000,11.773943,1500
2017-03-27,15.292000,15.391000,15.292000,15.391000,11.843973,700
2017-03-28,15.400000,15.476000,15.395000,15.450000,11.889374,2300
2017-03-29,15.460000,15.590000,15.460000,15.574000,11.984798,8400
2017-03-30,15.600000,15.630000,15.540000,15.560000,11.974025,12500
2017-03-31,15.589000,15.589000,15.589000,15.589000,11.996341,1700
2017-04-03,15.230000,15.460000,15.230000,15.460000,11.969246,7400
2017-04-04,15.660000,15.660000,15.500000,15.500000,12.000211,400
2017-04-05,15.550000,15.560000,15.179000,15.422000,11.939828,18800
2017-04-06,15.440000,15.440000,15.421000,15.436000,11.950663,2700
2017-04-07,15.498000,15.498000,15.430000,15.430000,11.946021,1700
2017-04-10,15.499000,15.530000,15.499000,15.530000,12.023441,700
2017-04-11,15.490000,15.500000,15.490000,15.500000,12.000211,400
2017-04-12,15.520000,15.520000,15.495000,15.495000,11.996342,1000
2017-04-13,15.550000,15.560000,15.500000,15.500000,12.000211,11900
2017-04-17,15.720000,15.720000,15.526000,15.535000,12.027311,1800
2017-04-18,15.680000,15.680000,15.571000,15.600000,12.077635,5900
2017-04-19,15.597000,15.597000,15.580000,15.590000,12.069893,1900
2017-04-20,15.580000,15.590000,15.544000,15.561000,12.047440,2800
2017-04-21,15.613000,15.613000,15.520000,15.520000,12.015700,800
2017-04-24,15.950000,15.950000,15.580000,15.580000,12.062151,11800
2017-04-25,15.740000,15.740000,15.655000,15.740000,12.186020,2600
2017-04-26,15.663000,15.790000,15.663000,15.790000,12.224734,3000
2017-04-27,15.749000,15.808000,15.749000,15.805000,12.236347,1400
2017-04-28,15.800000,15.800000,15.646000,15.780000,12.216990,6400
2017-05-01,15.714000,15.714000,15.691000,15.691000,12.220107,700
2017-05-02,15.690000,15.720000,15.690000,15.700000,12.227116,3800
2017-05-03,15.600000,15.650000,15.600000,15.650000,12.188174,1600
2017-05-04,15.390000,15.480000,15.330000,15.480000,12.055779,9800
2017-05-05,15.270000,15.570000,15.270000,15.496000,12.068240,2500
2017-05-08,15.610000,15.610000,15.410000,15.450000,12.032415,15900
2017-05-09,15.392000,15.392000,15.392000,15.392000,11.987247,100
2017-05-10,15.370000,15.397000,15.300000,15.397000,11.991141,4900
2017-05-11,15.320000,15.400000,15.250000,15.334000,11.942077,2700
2017-05-12,15.400000,15.410000,15.390000,15.410000,12.001261,12900
2017-05-15,15.490000,15.495000,15.372000,15.435000,12.020735,1300
2017-05-16,15.420000,15.420000,15.420000,15.420000,12.009050,200
2017-05-17,15.210000,15.385000,15.210000,15.350000,11.954535,8100
2017-05-18,15.230000,15.360000,15.200000,15.360000,11.962324,4600
2017-05-19,15.286000,15.374000,15.286000,15.374000,11.973228,4600
2017-05-22,15.415000,15.421000,15.400000,15.412000,12.002822,2300
2017-05-23,15.500000,15.500000,15.455000,15.455000,12.036311,4700
2017-05-24,15.480000,15.580000,15.440000,15.460000,12.040204,13700
2017-05-25,15.440000,15.620000,15.440000,15.565000,12.121978,12300
2017-05-26,15.510000,15.580000,15.490000,15.503000,12.073691,9300
2017-05-30,15.510000,15.520000,15.510000,15.520000,12.086933,900
2017-05-31,15.350000,15.520000,15.350000,15.464000,12.043319,900
2017-06-01,15.385000,15.500000,15.370000,15.370000,12.042535,2600
2017-06-02,15.520000,15.520000,15.500000,15.510000,12.152229,5200
2017-06-05,15.510000,15.510000,15.510000,15.510000,12.152229,1500
2017-06-06,15.394000,15.419000,15.361000,15.361000,12.035484,2700
2017-06-07,15.380000,15.475000,15.380000,15.435000,12.093465,2300
2017-06-08,15.430000,15.440000,15.403000,15.430000,12.089548,5200
2017-06-09,15.400000,15.475000,15.397000,15.436000,12.094246,3700
2017-06-12,15.520000,15.520000,15.458000,15.458000,12.111484,500
2017-06-13,15.560000,15.580000,15.400000,15.580000,12.207074,4300
2017-06-14,15.600000,15.600000,15.580000,15.580000,12.207074,2000
2017-06-15,15.400000,15.465000,15.400000,15.448000,12.103649,2900
2017-06-16,15.580000,15.580000,15.518000,15.518000,12.158493,1500
2017-06-19,15.680000,15.680000,15.540000,15.581000,12.207858,4700
2017-06-20,15.570000,15.570000,15.535000,15.550000,12.183567,4900
2017-06-21,15.550000,15.550000,15.550000,15.550000,12.183567,0
2017-06-22,15.420000,15.430000,15.420000,15.430000,12.089548,800
2017-06-23,15.459000,15.525000,15.459000,15.525000,12.163980,400
2017-06-26,15.494000,15.620000,15.494000,15.540000,12.175732,1500
2017-06-27,15.610000,15.630000,15.560000,15.560000,12.191401,16900
2017-06-28,15.590000,15.595000,15.503000,15.595000,12.218823,2100
2017-06-29,15.581000,15.581000,15.433000,15.433000,12.091896,6700
2017-06-30,15.500000,15.550000,15.453000,15.453000,12.107567,3100
2017-07-03,15.730000,15.730000,15.421000,15.480000,12.202157,1200
2017-07-05,15.530000,15.530000,15.340000,15.395000,12.135155,2800
2017-07-06,15.429000,15.429000,15.429000,15.429000,12.161957,500
2017-07-07,15.360000,15.390000,15.345000,15.390000,12.131214,2600
2017-07-10,15.430000,15.430000,15.400000,15.400000,12.139098,1000
2017-07-11,15.440000,15.440000,15.440000,15.440000,12.170627,1000
2017-07-12,15.523000,15.523000,15.461000,15.520000,12.233687,5500
2017-07-13,15.520000,15.520000,15.360000,15.440000,12.170627,2600
2017-07-14,15.320000,15.600000,15.320000,15.535000,12.245511,14500
2017-07-17,15.648000,15.650000,15.635000,15.635000,12.324336,7200
2017-07-18,15.610000,15.670000,15.610000,15.620000,12.312511,7600
2017-07-19,15.610000,15.620000,15.610000,15.620000,12.312511,3200
2017-07-20,15.750000,15.750000,15.590000,15.654000,12.339312,1600
2017-07-21,15.682000,15.731000,15.680000,15.720000,12.391337,1700
2017-07-24,15.820000,15.820000,15.712000,15.735000,12.403163,1800
2017-07-25,15.740000,15.765000,15.709000,15.730000,12.399220,2400
2017-07-26,15.784000,15.785000,15.674000,15.744000,12.410255,3800
2017-07-27,15.740000,15.750000,15.667000,15.750000,12.414984,4900
2017-07-28,15.566000,15.740000,15.566000,15.740000,12.407102,11600
2017-07-31,15.720000,15.760000,15.618000,15.720000,12.391337,2000
2017-08-01,15.630000,15.705000,15.613000,15.650000,12.409576,2800
2017-08-02,15.680000,15.697000,15.680000,15.685000,12.437330,3100
2017-08-03,15.700000,15.705000,15.630000,15.645000,12.405612,11100
2017-08-04,15.650000,15.659000,15.610000,15.630000,12.393718,14200
2017-08-07,15.910000,15.910000,15.600000,15.650000,12.409576,2300
2017-08-08,15.650000,15.650000,15.650000,15.650000,12.409576,0
2017-08-09,15.630000,15.659000,15.615000,15.640000,12.401648,4700
2017-08-10,15.490000,15.620000,15.470000,15.470000,12.266847,6700
2017-08-11,15.410000,15.500000,15.400000,15.450000,12.250983,10500
2017-08-14,15.558000,15.590000,15.558000,15.574000,12.349313,2500
2017-08-15,15.575000,15.600000,15.545000,15.600000,12.369929,2300
2017-08-16,15.400000,15.610000,15.150000,15.590000,12.361997,11700
2017-08-17,15.600000,15.610000,15.460000,15.460000,12.258918,5200
2017-08-18,15.500000,15.510000,15.460000,15.460000,12.258918,1300
2017-08-21,15.560000,15.560000,15.444000,15.444000,12.246231,1000
2017-08-22,15.670000,15.670000,15.500000,15.547000,12.327903,2600
2017-08-23,15.670000,15.670000,15.545000,15.580000,12.354072,1800
2017-08-24,15.520000,15.610000,15.520000,15.599000,12.369134,2300
2017-08-25,15.810000,15.810000,15.570000,15.580000,12.354072,13900
2017-08-28,15.850000,15.850000,15.510000,15.580000,12.354072,7400
2017-08-29,15.500000,15.600000,15.500000,15.586000,12.358828,6300
2017-08-30,15.820000,15.820000,15.539000,15.590000,12.361997,4900
2017-08-31,15.860000,15.860000,15.657000,15.700000,12.449225,8700
2017-09-01,15.590000,15.660000,15.567000,15.660000,12.489900,4100
2017-09-05,15.700000,15.700000,15.453000,15.453000,12.324800,15300
2017-09-06,15.700000,15.700000,15.520000,15.570000,12.418116,3400
2017-09-07,15.477000,15.590000,15.450000,15.590000,12.434068,4600
2017-09-08,15.575000,15.590000,15.570000,15.570000,12.418116,12100
2017-09-11,15.570000,15.640000,15.570000,15.640000,12.473949,2900
2017-09-12,15.730000,15.730000,15.625000,15.659000,12.489102,1500
2017-09-13,15.590000,15.630000,15.570000,15.630000,12.465973,3800
2017-09-14,15.630000,15.660000,15.570000,15.593000,12.436462,4900
2017-09-15,15.623000,15.633000,15.623000,15.633000,12.468366,1400
2017-09-18,15.646000,15.660000,15.633000,15.633000,12.468366,1100
2017-09-19,15.450000,15.690000,15.450000,15.670000,12.497874,10600
2017-09-20,15.700000,15.700000,15.610000,15.610000,12.450021,7900
2017-09-21,15.600000,15.610000,15.600000,15.610000,12.450021,900
2017-09-22,15.622000,15.650000,15.622000,15.650000,12.481923,4100
2017-09-25,15.590000,15.690000,15.590000,15.670000,12.497874,1900
2017-09-26,15.760000,15.760000,15.670000,15.710000,12.529778,5200
2017-09-27,15.970000,15.970000,15.645000,15.670000,12.497874,5900
2017-09-28,15.590000,15.720000,15.590000,15.720000,12.537752,2100
2017-09-29,15.910000,15.910000,15.720000,15.780000,12.585604,4800
2017-10-02,15.680000,15.712000,15.680000,15.710000,12.602454,13400
2017-10-03,15.750000,15.750000,15.680000,15.715000,12.606466,8700
2017-10-04,15.726000,15.740000,15.726000,15.740000,12.626517,3200
2017-10-05,15.920000,15.920000,15.756000,15.790000,12.666628,3800
2017-10-06,15.770000,15.770000,15.710000,15.715000,12.606466,10300
2017-10-09,15.780000,15.780000,15.710000,15.710000,12.602454,1300
2017-10-10,15.755000,15.760000,15.752000,15.760000,12.642563,2800
2017-10-11,15.810000,15.810000,15.700000,15.746000,12.631331,4600
2017-10-12,15.800000,15.800000,15.705000,15.754000,12.637750,3200
2017-10-13,15.950000,15.950000,15.730000,15.760000,12.642563,3700
2017-10-16,15.780000,15.800000,15.680000,15.725000,12.614488,36600
2017-10-17,15.739000,15.739000,15.700000,15.700000,12.594432,1700
2017-10-18,15.708000,15.715000,15.700000,15.701000,12.595234,3100
2017-10-19,15.700000,15.720000,15.700000,15.707000,12.600046,2000
2017-10-20,15.710000,15.710000,15.655000,15.655000,12.558332,2000
2017-10-23,15.610000,15.709000,15.605000,15.605000,12.518223,7800
2017-10-24,15.520000,15.730000,15.520000,15.680000,12.578387,4000
2017-10-25,15.540000,15.630000,15.392000,15.436000,12.382654,5500
2017-10-26,15.526000,15.526000,15.414000,15.436000,12.382654,5400
2017-10-27,15.495000,15.550000,15.495000,15.550000,12.474104,3000
2017-10-30,15.560000,15.570000,15.450000,15.498000,12.432389,8500
2017-10-31,15.500000,15.520000,15.490000,15.519000,12.449235,4800
2017-11-01,15.405000,15.450000,15.383000,15.433000,12.453269,2000
2017-11-02,15.750000,15.750000,15.340000,15.340000,12.378225,6300
2017-11-03,15.290000,15.440000,15.280000,15.440000,12.458920,8500
2017-11-06,15.500000,15.500000,15.350000,15.351000,12.387102,4900
2017-11-07,15.390000,15.390000,15.390000,15.390000,12.418573,26700
2017-11-08,15.448000,15.500000,15.448000,15.492000,12.500878,900
2017-11-09,15.560000,15.560000,15.397000,15.397000,12.424219,1000
2017-11-10,15.392000,15.392000,15.340000,15.385000,12.414537,13200
2017-11-13,15.460000,15.460000,15.385000,15.410000,12.434706,4000
2017-11-14,15.375000,15.380000,15.375000,15.375000,12.406469,5100
2017-11-15,15.300000,15.380000,15.191000,15.320000,12.362087,6600
2017-11-16,15.328000,15.328000,15.328000,15.328000,12.368543,400
2017-11-17,15.315000,15.420000,15.315000,15.420000,12.442777,8800
2017-11-20,15.440000,15.460000,15.430000,15.460000,12.475057,1100
2017-11-21,15.466000,15.466000,15.452000,15.455000,12.471021,1500
2017-11-22,15.450000,15.490000,15.450000,15.482000,12.492808,2100
2017-11-24,15.482000,15.482000,15.482000,15.482000,12.492808,0
2017-11-27,15.468000,15.490000,15.400000,15.445000,12.462949,12300
2017-11-28,15.700000,15.700000,15.439000,15.470000,12.483127,6100
2017-11-29,15.450000,15.450000,15.409000,15.409000,12.433905,2300
2017-11-30,15.400000,15.460000,15.370000,15.385000,12.414537,25200
2017-12-01,15.310000,15.310000,15.250000,15.250000,12.378823,6500
2017-12-04,15.280000,15.340000,15.280000,15.340000,12.451878,700
2017-12-05,15.310000,15.310000,15.286000,15.286000,12.408046,600
2017-12-06,15.286000,15.286000,15.286000,15.286000,12.408046,0
2017-12-07,15.308000,15.340000,15.220000,15.340000,12.451878,3900
2017-12-08,15.379000,15.379000,15.300000,15.350000,12.459994,7500
2017-12-11,15.390000,15.390000,15.345000,15.345000,12.455935,8200
2017-12-12,15.450000,15.450000,15.310000,15.320000,12.435640,8000
2017-12-13,15.370000,15.370000,15.360000,15.360000,12.468110,1300
2017-12-14,15.310000,15.380000,15.290000,15.335000,12.447818,14700
2017-12-15,15.380000,15.410000,15.370000,15.390000,12.492465,17700
2017-12-18,15.412000,15.420000,15.342000,15.383000,12.486778,12100
2017-12-19,15.420000,15.420000,15.390000,15.390000,12.492465,1000
2017-12-20,15.286000,15.302000,15.250000,15.270000,12.395055,4000
2017-12-21,15.340000,15.340000,15.270000,15.298000,12.417784,5900
2017-12-22,15.340000,15.340000,15.280000,15.295000,12.415349,2400
2017-12-26,15.306000,15.332000,15.304000,15.329000,12.442949,4500
2017-12-27,15.296000,15.340000,15.296000,15.340000,12.451878,2100
2017-12-28,15.270000,15.318000,15.210000,15.251000,12.482979,4800
2017-12-29,15.280000,15.300000,15.280000,15.300000,12.523086,7800
2018-01-02,15.292000,15.298000,15.270000,15.270000,12.498533,5000
2018-01-03,15.300000,15.370000,15.290000,15.360000,12.572196,2700
2018-01-04,15.359000,15.370000,15.350000,15.370000,12.580380,5900
2018-01-05,15.378000,15.430000,15.360000,15.389000,12.595932,24200
2018-01-08,15.450000,15.450000,15.410000,15.410000,12.613120,1800
2018-01-09,15.490000,15.490000,15.324000,15.324000,12.542728,4000
2018-01-10,15.320000,15.320000,15.230000,15.230000,12.465789,9100
2018-01-11,15.320000,15.364000,15.320000,15.333000,12.550096,2600
2018-01-12,15.450000,15.450000,15.450000,15.450000,12.645860,400
2018-01-16,16.000000,16.000000,15.450000,15.450000,12.645860,14700
2018-01-17,15.680000,15.680000,15.370000,15.440000,12.637677,4300
2018-01-18,15.403000,15.411000,15.350000,15.380000,12.588568,35200
2018-01-19,15.590000,15.590000,15.360000,15.383000,12.591023,1500
2018-01-22,15.489000,15.495000,15.450000,15.470000,12.662232,6600
2018-01-23,15.620000,15.620000,15.500000,15.544000,12.722798,4000
2018-01-24,15.555000,15.590000,15.485000,15.520000,12.703156,39100
2018-01-25,15.500000,15.580000,15.500000,15.551000,12.728530,3300
2018-01-26,15.600000,15.600000,15.565000,15.568000,12.742445,1600
2018-01-29,15.610000,15.610000,15.410000,15.410000,12.613120,6300
2018-01-30,15.360000,15.362000,15.250000,15.270000,12.498533,6100
2018-01-31,15.540000,15.540000,15.310000,15.310000,12.531271,2600
2018-02-01,15.200000,15.301000,15.200000,15.285000,12.510807,2400
2018-02-02,15.210000,15.220000,15.035000,15.050000,12.318461,6000
2018-02-05,14.900000,14.900000,14.513000,14.530000,11.965986,7700
2018-02-06,14.670000,14.710000,14.494000,14.701000,12.106812,14000
2018-02-07,14.780000,14.850000,14.760000,14.790000,12.180107,7900
2018-02-08,14.790000,14.790000,14.639000,14.639000,12.055752,2100
2018-02-09,14.650000,14.650000,14.400000,14.450000,11.900103,4200
2018-02-12,14.510000,14.640000,14.505000,14.640000,12.056577,10500
2018-02-13,14.660000,14.760000,14.660000,14.760000,12.155399,1600
2018-02-14,14.760000,14.760000,14.700000,14.735000,12.134812,19400
2018-02-15,14.735000,14.735000,14.735000,14.735000,12.134812,0
2018-02-16,15.040000,15.040000,14.785000,14.790000,12.180107,4400
2018-02-20,14.970000,14.970000,14.715000,14.733000,12.133163,5100
2018-02-21,14.740000,14.770000,14.740000,14.750000,12.147164,4400
2018-02-22,14.620000,14.635000,14.550000,14.600000,12.023634,4700
2018-02-23,14.880000,14.880000,14.569000,14.680000,12.089518,3900
2018-02-26,14.610000,14.710000,14.610000,14.680000,12.089518,4600
2018-02-27,14.961000,14.961000,14.599000,14.599000,12.022810,1700
2018-02-28,14.580000,14.580000,14.480000,14.480000,11.924809,19400
2018-03-01,14.480000,14.480000,14.350000,14.350000,11.817753,5600
2018-03-02,14.060000,14.387000,14.060000,14.340000,11.809515,8400
2018-03-05,14.320000,14.470000,14.310000,14.470000,11.994362,7600
2018-03-06,14.470000,14.480000,14.400000,14.465000,11.990218,8400
2018-03-07,14.230000,14.435000,14.230000,14.400000,11.936338,10300
2018-03-08,14.430000,14.437000,14.420000,14.437000,11.967006,3100
2018-03-09,14.460000,14.570000,14.460000,14.540000,12.052386,4400
2018-03-12,14.576000,14.640000,14.560000,14.600000,12.102120,5100
2018-03-13,14.590000,14.620000,14.590000,14.620000,12.118698,900
2018-03-14,14.630000,14.630000,14.610000,14.610000,12.110408,5700
2018-03-15,14.605000,14.610000,14.402000,14.402000,11.937998,6500
2018-03-16,14.600000,14.600000,14.529000,14.540000,12.052386,800
2018-03-19,14.610000,14.610000,14.410000,14.427000,11.958720,6500
2018-03-20,14.700000,14.700000,14.415000,14.415000,11.948771,1500
2018-03-21,14.450000,14.450000,14.429000,14.429000,11.960380,1900
2018-03-22,14.500000,14.533000,14.446000,14.446000,11.974469,6200
2018-03-23,14.500000,14.500000,14.330000,14.330000,11.878314,12800
2018-03-26,14.550000,14.550000,14.350000,14.400000,11.936338,3500
2018-03-27,14.436000,14.441000,14.410000,14.410000,11.944625,900
2018-03-28,14.406000,14.412000,14.350000,14.366000,11.908154,4800
2018-03-29,14.530000,14.560000,14.470000,14.470000,11.994362,7700
2018-04-02,14.460000,14.482000,14.410000,14.430000,11.961205,4600
2018-04-03,14.580000,14.580000,14.450000,14.540000,12.052386,11300
2018-04-04,14.370000,14.480000,14.370000,14.480000,12.079916,2500
2018-04-05,14.520000,14.580000,14.470000,14.543000,12.132476,4800
2018-04-06,14.540000,14.540000,14.450000,14.450000,12.054887,5400
2018-04-09,14.290000,14.497000,14.290000,14.495000,12.092428,6400
2018-04-10,14.520000,14.550000,14.507000,14.546000,12.134976,4100
2018-04-11,14.555000,14.572000,14.550000,14.570000,12.154998,2200
2018-04-12,14.600000,14.600000,14.510000,14.510000,12.104943,1100
2018-04-13,14.536000,14.536000,14.510000,14.515000,12.109115,1400
2018-04-16,14.680000,14.680000,14.530000,14.530000,12.121628,2100
2018-04-17,14.580000,14.680000,14.550000,14.677000,12.244262,2500
2018-04-18,14.540000,14.700000,14.540000,14.655000,12.225908,8800
2018-04-19,14.583000,14.616000,14.500000,14.501000,12.097437,6800
2018-04-20,14.480000,14.524000,14.480000,14.490000,12.088258,700
2018-04-23,14.470000,14.523000,14.470000,14.523000,12.115790,800
2018-04-24,14.536000,14.540000,14.495000,14.540000,12.129972,700
2018-04-25,14.410000,14.470000,14.380000,14.470000,12.071573,4400
2018-04-26,14.470000,14.530000,14.470000,14.530000,12.121628,2800
2018-04-27,14.520000,14.530000,14.520000,14.530000,12.121628,1100
2018-04-30,14.700000,14.700000,14.655000,14.655000,12.225908,2200
2018-05-01,14.680000,14.680000,14.621000,14.625000,12.200884,1400
2018-05-02,14.580000,14.580000,14.570000,14.580000,12.163341,1300
2018-05-03,14.660000,14.660000,14.440000,14.480000,12.157463,12000
2018-05-04,14.580000,14.600000,14.470000,14.600000,12.258217,4900
2018-05-07,14.710000,14.719000,14.659000,14.719000,12.358131,2600
2018-05-08,14.670000,14.680000,14.670000,14.674000,12.320348,3800
2018-05-09,14.631000,14.680000,14.620000,14.636000,12.288443,6600
2018-05-10,14.745000,14.770000,14.720000,14.770000,12.400949,3600
2018-05-11,14.779000,14.830000,14.779000,14.830000,12.451324,14400
2018-05-14,14.800000,14.860000,14.800000,14.810000,12.434536,4600
2018-05-15,14.740000,14.760000,14.740000,14.760000,12.392551,8000
2018-05-16,14.700000,14.780000,14.700000,14.780000,12.409346,3400
2018-05-17,14.940000,14.940000,14.753000,14.753000,12.386676,3000
2018-05-18,14.820000,14.820000,14.640000,14.718000,12.357289,8200
2018-05-21,14.820000,14.820000,14.758000,14.758000,12.390877,1600
2018-05-22,14.750000,14.850000,14.750000,14.850000,12.468120,13600
2018-05-23,14.810000,14.875000,14.810000,14.875000,12.489106,5400
2018-05-24,14.810000,14.810000,14.810000,14.810000,12.434536,1100
2018-05-25,14.910000,14.910000,14.821000,14.870000,12.484908,6100
2018-05-29,14.855000,14.855000,14.790000,14.790000,12.417742,1700
2018-05-30,14.910000,14.970000,14.895000,14.910000,12.518493,16000
2018-05-31,14.820000,14.949000,14.820000,14.940000,12.543681,9500
2018-06-01,14.890000,14.960000,14.890000,14.934000,12.538642,6200
2018-06-04,14.980000,15.040000,14.941000,15.010000,12.602451,13100
2018-06-05,14.861000,14.900000,14.830000,14.861000,12.555142,9500
2018-06-06,14.820000,14.820000,14.810000,14.820000,12.520504,5100
2018-06-07,15.100000,15.100000,14.850000,14.860000,12.554298,2200
2018-06-08,15.100000,15.100000,14.830000,14.830000,12.528953,1300
2018-06-11,14.950000,14.950000,14.820000,14.870000,12.562746,8400
2018-06-12,14.870000,14.880000,14.860000,14.880000,12.571195,16700
2018-06-13,14.850000,14.850000,14.820000,14.840000,12.537400,800
2018-06-14,14.840000,14.880000,14.840000,14.850000,12.545852,2500
2018-06-15,14.800000,14.801000,14.800000,14.800000,12.503607,3400
2018-06-18,14.900000,14.900000,14.856000,14.876000,12.567817,2500
2018-06-19,14.880000,14.880000,14.830000,14.854000,12.549228,2200
2018-06-20,14.790000,14.914000,14.790000,14.890000,12.579641,7400
2018-06-21,14.990000,14.990000,14.860000,14.870000,12.562746,7200
2018-06-22,14.958000,14.960000,14.920000,14.920000,12.604989,600
2018-06-25,15.010000,15.010000,14.843000,14.870000,12.562746,7900
2018-06-26,14.900000,14.900000,14.870000,14.870000,12.562746,39400
2018-06-27,14.900000,14.900000,14.900000,14.900000,12.588091,600
2018-06-28,14.690000,14.828000,14.690000,14.783000,12.489244,5100
2018-06-29,14.820000,14.874000,14.820000,14.870000,12.562746,2000
2018-07-02,14.840000,14.860000,14.810000,14.850000,12.545852,4100
2018-07-03,14.850000,14.850000,14.850000,14.850000,12.545852,0
2018-07-05,14.850000,14.930000,14.841000,14.917000,12.681873,9000
2018-07-06,14.990000,15.020000,14.950000,15.020000,12.769443,3300
2018-07-09,15.027000,15.030000,15.025000,15.025000,12.773692,1600
2018-07-10,15.130000,15.130000,14.985000,14.985000,12.739684,1600
2018-07-11,14.700000,15.000000,14.700000,14.990000,12.743936,6600
2018-07-12,14.950000,14.990000,14.950000,14.990000,12.743936,4100
2018-07-13,14.970000,14.970000,14.970000,14.970000,12.726935,300
2018-07-16,15.030000,15.030000,14.971000,15.020000,12.769443,4200
2018-07-17,15.090000,15.090000,15.000000,15.045000,12.790694,12900
2018-07-18,15.030000,15.120000,15.030000,15.115000,12.850208,6100
2018-07-19,15.190000,15.200000,15.150000,15.150000,12.879961,2900
2018-07-20,15.150000,15.150000,15.126000,15.126000,12.859560,2400
2018-07-23,15.250000,15.250000,15.096000,15.117000,12.851908,5700
2018-07-24,15.270000,15.270000,15.050000,15.100000,12.837457,7500
2018-07-25,15.112000,15.150000,15.096000,15.150000,12.879961,5000
2018-07-26,15.175000,15.175000,15.130000,15.130000,12.862961,4000
2018-07-27,15.200000,15.200000,15.143000,15.160000,12.888464,2700
2018-07-30,15.070000,15.180000,15.070000,15.180000,12.905470,2300
2018-07-31,15.290000,15.290000,15.201000,15.222000,12.941175,4100
2018-08-01,15.400000,15.400000,15.222000,15.246000,12.961576,11600
2018-08-02,15.300000,15.380000,15.280000,15.380000,13.075502,13900
2018-08-03,15.350000,15.350000,15.310000,15.340000,13.120835,2000
2018-08-06,15.230000,15.319000,15.230000,15.309000,13.094317,9700
2018-08-07,15.390000,15.390000,15.351000,15.366000,13.143071,3500
2018-08-08,15.540000,15.540000,15.273000,15.347000,13.126821,5000
2018-08-09,15.370000,15.370000,15.359000,15.370000,13.146495,12300
2018-08-10,15.400000,15.400000,15.270000,15.300000,13.086619,13900
2018-08-13,15.320000,15.320000,15.202000,15.245000,13.039577,16500
2018-08-14,15.300000,15.310000,15.230000,15.250000,13.043854,12000
2018-08-15,15.440000,15.440000,15.210000,15.230000,13.026748,6700
2018-08-16,15.550000,15.550000,15.300000,15.333000,13.114846,13600
2018-08-17,15.470000,15.470000,15.310000,15.380000,13.155049,9000
2018-08-20,15.570000,15.570000,15.400000,15.440000,13.206367,12800
2018-08-21,15.680000,15.680000,15.430000,15.430000,13.197815,21900
2018-08-22,15.410000,15.435000,15.386000,15.390000,13.163600,7000
2018-08-23,15.448000,15.448000,15.340000,15.340000,13.120835,7200
2018-08-24,15.680000,15.680000,15.367000,15.370000,13.146495,8600
2018-08-27,15.650000,15.650000,15.372000,15.400000,13.172153,7800
2018-08-28,15.690000,15.690000,15.360000,15.400000,13.172153,3900
2018-08-29,15.490000,15.490000,15.400000,15.460000,13.223474,4500
2018-08-30,15.580000,15.580000,15.378000,15.380000,13.155049,15300
2018-08-31,15.380000,15.380000,15.329000,15.336000,13.117414,7800
2018-09-04,15.300000,15.349000,15.272000,15.310000,13.095174,7700
2018-09-05,15.200000,15.349000,15.200000,15.279000,13.068655,34700
2018-09-06,15.290000,15.290000,15.200000,15.201000,13.081566,40300
2018-09-07,15.230000,15.230000,15.110000,15.120000,13.011858,3900
2018-09-10,15.100000,15.168000,15.100000,15.151000,13.038536,5800
2018-09-11,15.170000,15.180000,15.130000,15.130000,13.020467,3400
2018-09-12,15.120000,15.180000,15.120000,15.180000,13.063495,11500
2018-09-13,15.390000,15.390000,15.180000,15.260000,13.132340,11400
2018-09-14,15.320000,15.320000,15.187000,15.218000,13.096196,5500
2018-09-17,15.220000,15.220000,15.157000,15.170000,13.054887,10200
2018-09-18,15.260000,15.260000,15.150000,15.151000,13.038536,3800
2018-09-19,15.170000,15.175000,15.089000,15.089000,12.985181,11000
2018-09-20,15.180000,15.180000,15.060000,15.153000,13.040257,12600
2018-09-21,15.030000,15.213000,15.030000,15.210000,13.089312,5000
2018-09-24,15.180000,15.180000,15.100000,15.100000,12.994647,6400
2018-09-25,15.100000,15.167000,15.100000,15.105000,12.998951,3500
2018-09-26,15.090000,15.118000,15.040000,15.080000,12.977437,19400
2018-09-27,15.103000,15.150000,15.070000,15.090000,12.986044,4800
2018-09-28,15.120000,15.145000,15.090000,15.115000,13.007557,5200
2018-10-01,15.000000,15.180000,15.000000,15.170000,13.054887,8300
2018-10-02,15.100000,15.170000,15.100000,15.146000,13.034236,15100
2018-10-03,15.150000,15.150000,14.961000,15.000000,12.990932,8300
2018-10-04,14.730000,14.931000,14.730000,14.810000,12.826380,17900
2018-10-05,14.820000,14.890000,14.771000,14.771000,12.792603,17600
2018-10-08,14.700000,14.850000,14.700000,14.790000,12.809060,5000
2018-10-09,14.650000,14.870000,14.650000,14.861000,12.870550,10000
2018-10-10,14.860000,14.860000,14.620000,14.620000,12.661828,7700
2018-10-11,14.570000,14.580000,14.412000,14.470000,12.531919,3500
2018-10-12,14.800000,14.800000,14.400000,14.406000,12.476492,18500
2018-10-15,14.590000,14.590000,14.530000,14.530000,12.583880,2300
2018-10-16,14.595000,14.595000,14.595000,14.595000,12.640178,500
2018-10-17,14.770000,14.820000,14.650000,14.650000,12.687810,3700
2018-10-18,14.680000,14.680000,14.593000,14.593000,12.638444,1200
2018-10-19,14.570000,14.685000,14.570000,14.660000,12.696471,3100
2018-10-22,14.800000,14.800000,14.570000,14.585000,12.631516,4300
2018-10-23,14.444000,14.529000,14.421000,14.505000,12.562232,4300
2018-10-24,14.514000,14.580000,14.460000,14.474000,12.535383,10700
2018-10-25,14.380000,14.490000,14.380000,14.440000,12.505935,6200
2018-10-26,14.400000,14.400000,14.250000,14.287000,12.373428,8600
2018-10-29,14.290000,14.455000,14.290000,14.290000,12.376027,1900
2018-10-30,14.340000,14.350000,14.310000,14.310000,12.393350,4500
2018-10-31,14.300000,14.509000,14.300000,14.390000,12.462634,5400
2018-11-01,14.488000,14.531000,14.462000,14.510000,12.566561,7100
2018-11-02,14.530000,14.530000,14.510000,14.510000,12.566561,1000
2018-11-05,14.416000,14.484000,14.416000,14.452000,12.599690,29800
2018-11-06,14.510000,14.517000,14.510000,14.515000,12.654617,500
2018-11-07,14.640000,14.690000,14.614000,14.690000,12.807185,4000
2018-11-08,14.720000,14.720000,14.700000,14.700000,12.815906,1200
2018-11-09,14.700000,14.700000,14.644000,14.652000,12.774057,2900
2018-11-12,14.620000,14.657000,14.620000,14.630000,12.754876,5400
2018-11-13,14.550000,14.620000,14.535000,14.537000,12.673796,7900
2018-11-14,14.540000,14.582000,14.500000,14.514000,12.653744,6200
2018-11-15,14.427000,14.460000,14.420000,14.451000,12.598819,5400
2018-11-16,14.474000,14.474000,14.453000,14.460000,12.606666,5100
2018-11-19,14.520000,14.520000,14.429000,14.470000,12.615383,4400
2018-11-20,14.420000,14.420000,14.330000,14.355000,12.515122,2500
2018-11-21,14.331000,14.410000,14.331000,14.391000,12.546510,3500
2018-11-23,14.500000,14.500000,14.337000,14.350000,12.510765,2600
2018-11-26,14.500000,14.500000,14.420000,14.420000,12.571793,4100
2018-11-27,14.400000,14.410000,14.384000,14.391000,12.546510,4800
2018-11-28,14.392000,14.510000,14.392000,14.501000,12.642411,1400
2018-11-29,14.512000,14.520000,14.470000,14.520000,12.658978,13400
2018-11-30,14.519000,14.550000,14.490000,14.550000,12.685130,11200
2018-12-03,14.800000,14.800000,14.574000,14.650000,12.772313,10700
2018-12-04,14.652000,14.660000,14.449000,14.449000,12.597075,15900
2018-12-06,14.420000,14.420000,14.080000,14.270000,12.524228,15900
2018-12-07,14.380000,14.390000,14.240000,14.240000,12.497900,2800
2018-12-10,14.140000,14.238000,14.079000,14.176000,12.441728,6600
2018-12-11,14.390000,14.390000,14.120000,14.120000,12.392581,4300
2018-12-12,14.204000,14.239000,14.145000,14.172000,12.438217,2300
2018-12-13,14.130000,14.190000,14.110000,14.110000,12.383805,2800
2018-12-14,14.050000,14.160000,14.050000,14.080000,12.357473,4700
2018-12-17,14.034000,14.034000,13.580000,13.580000,11.918642,16300
2018-12-18,13.570000,13.741000,13.570000,13.610000,11.944972,16000
2018-12-19,13.716000,13.730000,13.675000,13.675000,12.002022,4600
2018-12-20,13.680000,13.680000,13.196000,13.233000,11.614096,22400
2018-12-21,13.300000,13.426000,13.150000,13.150000,11.541247,5400
2018-12-24,13.180000,13.190000,12.930000,12.930000,11.348164,5900
2018-12-26,12.890000,13.325000,12.890000,13.280000,11.655344,5900
2018-12-27,13.176000,13.360000,13.120000,13.360000,11.725557,52000
2018-12-28,13.360000,13.490000,13.346000,13.400000,11.845782,11100
2018-12-31,13.410000,13.426000,13.290000,13.290000,11.748543,3100
2019-01-02,13.080000,13.420000,13.080000,13.410000,11.854624,1100
2019-01-03,13.320000,13.435000,13.320000,13.431000,11.873188,8900
2019-01-04,13.570000,13.630000,13.570000,13.612000,12.033196,6300
2019-01-07,13.860000,13.920000,13.710000,13.890000,12.278951,15200
2019-01-08,13.922000,14.030000,13.922000,14.030000,12.402712,8300
2019-01-09,14.180000,14.180000,13.990000,14.010000,12.385031,7100
2019-01-10,14.033000,14.080000,14.000000,14.080000,12.446913,900
2019-01-11,14.050000,14.085000,14.050000,14.085000,12.451332,3200
2019-01-14,14.100000,14.150000,14.086000,14.090000,12.455752,1900
2019-01-15,14.020000,14.180000,14.020000,14.170000,12.526474,18400
2019-01-16,14.186000,14.300000,14.186000,14.300000,12.641397,11600
2019-01-17,14.320000,14.320000,14.249000,14.320000,12.659076,8100
2019-01-18,14.390000,14.390000,14.300000,14.300000,12.641397,7900
2019-01-22,14.330000,14.360000,14.210000,14.230000,12.579515,9900
2019-01-23,14.340000,14.340000,14.250000,14.290000,12.632554,17300
2019-01-24,14.340000,14.380000,14.310000,14.370000,12.703276,5300
2019-01-25,14.600000,14.600000,14.420000,14.420000,12.747478,6300
2019-01-28,14.420000,14.480000,14.408000,14.440000,12.765159,10700
2019-01-29,14.509000,14.511000,14.450000,14.464000,12.786373,11400
2019-01-30,14.460000,14.600000,14.460000,14.584000,12.892455,3100
2019-01-31,14.810000,14.810000,14.600000,14.660000,12.959642,7300
2019-02-01,14.720000,14.720000,14.677000,14.694000,12.989697,4800
2019-02-04,14.760000,14.760000,14.700000,14.734000,13.025058,4700
2019-02-05,14.600000,14.710000,14.600000,14.670000,13.053531,6800
2019-02-06,14.680000,14.690000,14.659000,14.663000,13.047302,7300
2019-02-07,14.650000,14.650000,14.540000,14.540000,12.937856,10500
2019-02-08,14.640000,14.640000,14.550000,14.566000,12.960993,3200
2019-02-11,14.570000,14.638000,14.570000,14.603000,12.993915,8600
2019-02-12,14.750000,14.750000,14.620000,14.665000,13.049083,3200
2019-02-13,14.687000,14.691000,14.660000,14.680000,13.062430,13600
2019-02-14,14.614000,14.690000,14.614000,14.669000,13.052642,13600
2019-02-15,14.690000,14.690000,14.667000,14.673000,13.056201,1800
2019-02-19,14.960000,14.960000,14.700000,14.720000,13.098023,6200
2019-02-20,14.740000,14.790000,14.740000,14.760000,13.133615,5400
2019-02-21,14.800000,14.800000,14.726000,14.785000,13.155860,9700
2019-02-22,14.837000,14.910000,14.837000,14.900000,13.258188,7200
2019-02-25,14.910000,14.970000,14.900000,14.910000,13.267086,29500
2019-02-26,14.949000,14.969000,14.861000,14.900000,13.258188,12800
2019-02-27,14.820000,14.905000,14.820000,14.860000,13.222595,91700
2019-02-28,14.855000,14.920000,14.790000,14.805000,13.173657,4100
2019-03-01,14.830000,14.830000,14.785000,14.800000,13.169208,14300
2019-03-04,15.000000,15.000000,14.779000,14.779000,13.150521,8600
2019-03-05,14.970000,14.970000,14.667000,14.680000,13.147835,11600
2019-03-06,14.770000,14.770000,14.598000,14.610000,13.085140,13700
2019-03-07,14.530000,14.600000,14.521000,14.550000,13.031402,5000
2019-03-08,14.500000,14.570000,14.500000,14.550000,13.031402,15200
2019-03-11,14.790000,14.790000,14.620000,14.670000,13.138878,8600
2019-03-12,14.890000,15.000000,14.660000,14.660000,13.129922,17700
2019-03-13,14.730000,14.740000,14.700000,14.720000,13.183661,5700
2019-03-14,14.722000,14.730000,14.712000,14.720000,13.183661,2900
2019-03-15,14.740000,14.760000,14.732000,14.750000,13.210528,3400
2019-03-18,14.780000,14.800000,14.774000,14.791000,13.247252,5000
2019-03-19,14.780000,14.850000,14.760000,14.800000,13.255310,17300
2019-03-20,14.730000,14.830000,14.710000,14.766000,13.224858,9500
2019-03-21,14.650000,14.870000,14.650000,14.854000,13.303673,11300
2019-03-22,14.801000,14.830000,14.742000,14.742000,13.203362,13000
2019-03-25,14.690000,14.750000,14.680000,14.750000,13.210528,3100
2019-03-26,14.730000,14.820000,14.730000,14.820000,13.273223,6200
2019-03-27,14.760000,14.920000,14.722000,14.796000,13.251726,11400
2019-03-28,14.850000,15.000000,14.800000,14.946000,13.386071,14000
2019-03-29,14.930000,14.930000,14.852000,14.860000,13.309047,10800
2019-04-01,14.950000,14.980000,14.800000,14.930000,13.371743,23100
2019-04-02,15.120000,15.120000,14.633000,14.970000,13.407567,3800
2019-04-03,14.900000,14.900000,14.800000,14.823000,13.361593,6100
2019-04-04,14.940000,14.940000,14.827000,14.859000,13.394044,6500
2019-04-05,15.120000,15.120000,14.849000,14.900000,13.431005,13300
2019-04-08,14.940000,14.940000,14.880000,14.897000,13.428301,10600
2019-04-09,14.863000,14.890000,14.850000,14.890000,13.421991,7000
2019-04-10,14.826000,14.900000,14.826000,14.850000,13.385933,9500
2019-04-11,14.850000,14.950000,14.814000,14.930000,13.458048,13000
2019-04-12,14.990000,14.990000,14.880000,14.950000,13.476073,6000
2019-04-15,14.950000,14.960000,14.892000,14.940000,13.467061,5400
2019-04-16,14.990000,14.990000,14.930000,14.950000,13.476073,6200
2019-04-17,14.970000,14.970000,14.851000,14.851000,13.386834,6300
2019-04-18,14.980000,14.980000,14.887000,14.900000,13.431005,8400
2019-04-22,14.980000,14.980000,14.907000,14.920000,13.449032,9500
2019-04-23,14.920000,14.980000,14.894000,14.977000,13.500412,4600
2019-04-24,14.979000,14.980000,14.920000,14.941000,13.467961,4200
2019-04-25,14.960000,14.970000,14.910000,14.970000,13.494102,7800
2019-04-26,14.930000,14.994000,14.930000,14.994000,13.515737,4300
2019-04-29,14.991000,15.033000,14.988000,15.033000,13.550889,2700
2019-04-30,15.030000,15.070000,14.946000,15.037000,13.554497,8800
2019-05-01,15.130000,15.130000,14.970000,15.040000,13.557200,7400
2019-05-02,15.018000,15.050000,15.010000,15.030000,13.548185,7800
2019-05-03,15.140000,15.140000,14.900000,14.996000,13.604434,8800
2019-05-06,14.860000,15.010000,14.840000,15.010000,13.617135,6100
2019-05-07,14.980000,14.980000,14.880000,14.940000,13.553631,8300
2019-05-08,14.800000,14.950000,14.800000,14.846000,13.468352,12400
2019-05-09,14.810000,14.810000,14.665000,14.800000,13.426620,16700
2019-05-10,14.790000,14.850000,14.790000,14.830000,13.453835,2200
2019-05-13,14.610000,14.800000,14.610000,14.733000,13.365838,6600
2019-05-14,14.790000,14.867000,14.782000,14.867000,13.487405,3200
2019-05-15,14.860000,14.860000,14.803000,14.835000,13.458373,1800
2019-05-16,14.940000,14.940000,14.840000,14.883000,13.501919,3500
2019-05-17,14.880000,14.890000,14.860000,14.863000,13.483775,7400
2019-05-20,14.880000,14.880000,14.860000,14.870000,13.490126,4000
2019-05-21,14.911000,14.911000,14.830000,14.879000,13.498289,6100
2019-05-22,14.840000,14.907000,14.840000,14.902000,13.519157,6600
2019-05-23,14.820000,14.820000,14.723000,14.810000,13.435694,4500
2019-05-24,14.886000,14.886000,14.810000,14.880000,13.499198,6200
2019-05-28,14.810000,14.810000,14.600000,14.711000,13.345881,6700
2019-05-29,14.500000,14.699000,13.607000,14.620000,13.263325,5600
2019-05-30,14.700000,14.721000,14.630000,14.655000,13.295077,3700
2019-05-31,14.380000,14.550000,13.200000,14.513000,13.166253,9500
2019-06-03,14.470000,14.590000,14.455000,14.480000,13.136316,3200
2019-06-04,14.640000,14.670000,14.619000,14.660000,13.299612,4400
2019-06-05,14.750000,14.750000,14.530000,14.625000,13.355318,5600
2019-06-06,14.675000,14.770000,14.570000,14.695000,13.419240,6200
2019-06-07,14.750000,14.796000,14.696000,14.770000,13.487729,8500
2019-06-10,14.691000,14.810000,14.630000,14.746000,13.465812,10200
2019-06-11,14.730000,14.770000,14.730000,14.738000,13.458507,2100
2019-06-12,14.770000,14.860000,14.736000,14.736000,13.456679,5500
2019-06-13,14.813000,14.850000,14.800000,14.850000,13.560783,1600
2019-06-14,14.900000,14.900000,14.798000,14.800000,13.515124,2700
2019-06-17,14.900000,14.900000,14.800000,14.825000,13.537953,5500
2019-06-18,14.890000,14.900000,14.870000,14.900000,13.606442,4300
2019-06-19,14.900000,14.900000,14.870000,14.900000,13.606442,4600
2019-06-20,14.975000,14.995000,14.920000,14.960000,13.661234,6900
2019-06-21,15.000000,15.000000,14.900000,14.950000,13.652102,3200
2019-06-24,15.000000,15.000000,14.920000,14.965000,13.665800,4800
2019-06-25,15.000000,15.000000,14.900000,14.950000,13.652102,3600
2019-06-26,14.940000,14.960000,14.850000,14.855000,13.565349,7700
2019-06-27,14.770000,14.902000,14.770000,14.902000,13.608269,6600
2019-06-28,14.950000,14.972000,14.925000,14.972000,13.672192,1500
2019-07-01,15.000000,15.050000,14.933000,14.980000,13.679496,13200
2019-07-02,14.991000,15.050000,14.972000,14.990000,13.688628,4700
2019-07-03,15.050000,15.050000,14.898000,14.980000,13.768592,5400
2019-07-05,15.080000,15.080000,14.900000,15.015000,13.800763,12300
2019-07-08,15.000000,15.005000,14.950000,14.960000,13.750212,7900
2019-07-09,15.000000,15.030000,14.940000,14.971000,13.760320,4900
2019-07-10,14.990000,15.110000,14.990000,15.070000,13.851314,4900
2019-07-11,15.070000,15.120000,15.069000,15.069000,13.850396,10800
2019-07-12,15.075000,15.150000,15.042000,15.120000,13.897272,6600
2019-07-15,15.071000,15.150000,15.070000,15.100000,13.878889,4000
2019-07-16,15.063000,15.120000,15.050000,15.050000,13.832932,6300
2019-07-17,15.030000,15.060000,15.000000,15.015000,13.800763,5400
2019-07-18,15.000000,15.080000,15.000000,15.056000,13.838448,15800
2019-07-19,15.040000,15.088000,15.000000,15.000000,13.786974,16400
2019-07-22,14.920000,15.060000,14.920000,14.980000,13.768592,9600
2019-07-23,15.060000,15.060000,15.000000,15.060000,13.842124,4800
2019-07-24,15.140000,15.140000,15.060000,15.140000,13.915655,7300
2019-07-25,15.040000,15.100000,15.040000,15.048000,13.831094,4500
2019-07-26,15.010000,15.090000,15.000000,15.010000,13.796167,4700
2019-07-29,15.070000,15.100000,15.051000,15.100000,13.878889,5700
2019-07-30,15.110000,15.125000,15.110000,15.125000,13.901868,5600
2019-07-31,15.140000,15.200000,15.090000,15.120000,13.897272,7500
2019-08-01,15.040000,15.150000,15.018000,15.150000,13.924846,19200
2019-08-02,15.250000,15.250000,15.000000,15.000000,13.786974,13500
2019-08-05,15.000000,15.000000,14.550000,14.610000,13.516824,30300
2019-08-06,14.710000,14.770000,14.610000,14.685000,13.586214,6600
2019-08-07,14.587000,14.720000,14.570000,14.720000,13.618594,4900
2019-08-08,14.920000,14.920000,14.680000,14.880000,13.766621,478700
2019-08-09,14.660000,14.860000,14.660000,14.830000,13.720363,5100
2019-08-12,14.749000,14.770000,14.650000,14.720000,13.618594,11600
2019-08-13,14.680000,14.790000,14.680000,14.710000,13.609343,44300
2019-08-14,14.820000,14.820000,14.480000,14.480000,13.396552,15800
2019-08-15,14.500000,14.510000,14.430000,14.460000,13.378047,7100
2019-08-16,14.690000,14.690000,14.583000,14.668000,13.570485,4800
2019-08-19,14.740000,14.750000,14.690000,14.720000,13.618594,5800
2019-08-20,14.680000,14.750000,14.680000,14.724000,13.622293,1100
2019-08-21,14.750000,14.780000,14.720000,14.755000,13.650973,19000
2019-08-22,14.760000,14.820000,14.700000,14.730000,13.627844,9400
2019-08-23,14.740000,14.750000,14.628000,14.628000,13.533478,4300
2019-08-26,14.672000,14.685000,14.610000,14.610000,13.516824,6100
2019-08-27,14.580000,14.740000,14.570000,14.570000,13.479817,13000
2019-08-28,14.500000,14.600000,14.500000,14.550000,13.461313,11100
2019-08-29,14.630000,14.675000,14.610000,14.673000,13.575110,4200
2019-08-30,14.670000,14.682000,14.640000,14.664000,13.566783,3500
2019-09-03,14.670000,14.672000,14.579000,14.590000,13.498321,5000
2019-09-04,14.628000,14.760000,14.620000,14.700000,13.600090,8000
2019-09-05,14.720000,14.720000,14.616000,14.660000,13.654111,23700
2019-09-06,14.620000,14.660000,14.620000,14.660000,13.654111,2800
2019-09-09,14.695000,14.750000,14.695000,14.750000,13.737935,9400
2019-09-10,14.750000,14.791000,14.737000,14.780000,13.765877,13400
2019-09-11,14.810000,14.850000,14.810000,14.850000,13.831075,3100
2019-09-12,14.870000,14.880000,14.841000,14.880000,13.859015,3000
2019-09-13,14.930000,14.930000,14.880000,14.900000,13.877642,12200
2019-09-16,14.910000,14.920000,14.853000,14.910000,13.886956,5600
2019-09-17,14.845000,14.872000,14.845000,14.872000,13.851564,1000
2019-09-18,14.910000,14.990000,14.890000,14.990000,13.961467,12500
2019-09-19,15.090000,15.090000,14.930000,14.948000,13.922350,12100
2019-09-20,14.970000,15.000000,14.954000,14.962000,13.935389,5100
2019-09-23,14.940000,15.230000,14.700000,14.980000,13.952155,9600
2019-09-24,14.983000,14.990000,14.890000,14.890000,13.868329,13900
2019-09-25,14.912000,14.939000,14.910000,14.938000,13.913033,4400
2019-09-26,14.940000,14.950000,14.925000,14.940000,13.914898,4200
2019-09-27,14.975000,14.980000,14.880000,14.880000,13.859015,3700
2019-09-30,14.970000,14.970000,14.930000,14.960000,13.933527,5900
2019-10-01,14.962000,14.962000,14.830000,14.830000,13.812447,3900
2019-10-02,14.830000,14.830000,14.600000,14.650000,13.644796,15200
2019-10-03,14.620000,14.620000,14.515000,14.550000,13.642922,15800
2019-10-04,14.620000,14.665000,14.600000,14.636000,13.723560,11800
2019-10-07,14.700000,14.700000,14.647000,14.675000,13.760130,4900
2019-10-08,14.640000,14.640000,14.570000,14.585000,13.675740,3500
2019-10-09,14.620000,14.629000,14.580000,14.590000,13.680429,5900
2019-10-10,14.640000,14.640000,14.590000,14.601000,13.690742,6300
2019-10-11,14.700000,14.780000,14.650000,14.710000,13.792946,17400
2019-10-14,14.640000,14.686000,14.625000,14.647000,13.733875,9500
2019-10-15,14.670000,14.740000,14.670000,14.710000,13.792946,35300
2019-10-16,14.710000,14.760000,14.670000,14.760000,13.839830,30600
2019-10-17,14.730000,14.758000,14.703000,14.730000,13.811699,8400
2019-10-18,14.750000,14.785000,14.742000,14.754000,13.834204,2700
2019-10-21,14.800000,14.850000,14.786000,14.834000,13.909215,6700
2019-10-22,14.880000,14.920000,14.833000,14.879000,13.951410,9900
2019-10-23,14.850000,14.907000,14.850000,14.880000,13.952347,5100
2019-10-24,14.901000,14.910000,14.830000,14.830000,13.905467,8700
2019-10-25,14.862000,14.870000,14.818000,14.850000,13.924218,6600
2019-10-28,14.860000,14.893000,14.813000,14.820000,13.896090,7500
2019-10-29,14.796000,14.830000,14.796000,14.830000,13.905467,1800
2019-10-30,14.850000,14.870000,14.780000,14.860000,13.933596,24400
2019-10-31,14.820000,14.850000,14.802000,14.850000,13.924218,5100
2019-11-01,14.860000,14.960000,14.860000,14.920000,13.989854,17600
2019-11-04,15.020000,15.023000,14.970000,15.000000,14.064868,16100
2019-11-05,14.990000,14.990000,14.840000,14.854000,14.019565,6200
2019-11-06,14.845000,14.872000,14.804000,14.815000,13.982754,5500
2019-11-07,14.829000,14.840000,14.730000,14.760000,13.930845,44400
2019-11-08,14.734000,14.774000,14.712000,14.712000,13.885540,4000
2019-11-11,14.760000,14.760000,14.710000,14.710000,13.883653,5500
2019-11-12,14.760000,14.760000,14.711000,14.731000,13.903473,3800
2019-11-13,14.710000,14.730000,14.670000,14.680000,13.855339,124100
2019-11-14,14.690000,14.770000,14.682000,14.720000,13.893092,9700
2019-11-15,14.720000,14.730000,14.690000,14.720000,13.893092,5800
2019-11-18,14.750000,14.750000,14.690000,14.690000,13.864776,12200
2019-11-19,14.700000,14.719000,14.680000,14.685000,13.860059,6700
2019-11-20,14.690000,14.690000,14.603000,14.650000,13.827024,10800
2019-11-21,14.690000,14.690000,14.570000,14.635000,13.812866,28000
2019-11-22,14.660000,14.680000,14.620000,14.660000,13.836461,10500
2019-11-25,14.680000,14.730000,14.680000,14.700000,13.874214,6300
2019-11-26,14.690000,14.743000,14.670000,14.695000,13.869494,15300
2019-11-27,14.700000,14.730000,14.672000,14.715000,13.888371,4600
2019-11-29,14.765000,14.770000,14.700000,14.725000,13.897811,12500
2019-12-02,14.800000,14.800000,14.654000,14.660000,13.836461,7600
2019-12-03,14.590000,14.650000,14.560000,14.634000,13.811923,4700
2019-12-04,14.622000,14.635000,14.588000,14.630000,13.901240,10500
2019-12-05,14.620000,14.640000,14.600000,14.626000,13.897440,15300
2019-12-06,14.681000,14.700000,14.640000,14.683000,13.951599,11100
2019-12-09,14.680000,14.740000,14.670000,14.695000,13.963001,100900
2019-12-10,14.660000,14.730000,14.660000,14.717000,13.983906,14500
2019-12-11,14.710000,14.710000,14.680000,14.695000,13.963001,11500
2019-12-12,14.660000,14.798000,14.660000,14.721000,13.987708,5400
2019-12-13,14.690000,14.740000,14.690000,14.735000,14.001009,8300
2019-12-16,14.740000,14.876000,14.740000,14.875000,14.134037,19100
2019-12-17,14.860000,14.925000,14.850000,14.910000,14.167294,9200
2019-12-18,14.920000,14.969000,14.900000,14.940000,14.195798,8800
2019-12-19,14.930000,14.990000,14.930000,14.960000,14.214802,3100
2019-12-20,15.000000,15.000000,14.950000,14.970000,14.224304,11300
2019-12-23,14.960000,14.981000,14.940000,14.945000,14.200549,11500
2019-12-24,14.920000,15.000000,14.920000,14.995000,14.248058,3000
2019-12-26,15.080000,15.080000,15.000000,15.039000,14.289866,4200
2019-12-27,15.150000,15.150000,15.040000,15.040000,14.290817,4700
2019-12-30,15.010000,15.010000,14.745000,14.760000,14.239685,16300
2019-12-31,14.720000,14.804000,14.720000,14.790000,14.268627,20700
2020-01-02,14.826000,14.840000,14.740000,14.799000,14.277309,29300
2020-01-03,14.795000,14.859000,14.795000,14.830000,14.307218,8100
2020-01-06,14.840000,14.890000,14.800000,14.870000,14.345806,29200
2020-01-07,14.880000,14.880000,14.827000,14.870000,14.345806,11300
2020-01-08,14.870000,14.894000,14.800000,14.850000,14.326513,21200
2020-01-09,14.847000,14.920000,14.847000,14.900000,14.374749,13400
2020-01-10,14.880000,14.900000,14.840000,14.885000,14.360279,45100
2020-01-13,14.880000,14.979000,14.871000,14.940000,14.413340,27300
2020-01-14,14.965000,14.987000,14.940000,14.975000,14.447106,15200
2020-01-15,14.990000,15.030000,14.975000,15.015000,14.485697,8100
2020-01-16,15.060000,15.070000,15.050000,15.060000,14.529111,8400
2020-01-17,15.060000,15.120000,15.040000,15.075000,14.543582,194800
2020-01-21,15.080000,15.080000,15.010000,15.030000,14.500168,42100
2020-01-22,15.100000,15.100000,15.022000,15.031000,14.501132,9600
2020-01-23,15.040000,15.050000,14.985000,15.040000,14.509814,6300
2020-01-24,15.070000,15.090000,14.916000,14.950000,14.422988,7500
2020-01-27,14.900000,14.900000,14.825000,14.853000,14.329406,27200
2020-01-28,14.840000,14.929000,14.840000,14.925000,14.398869,8500
2020-01-29,14.920000,14.985000,14.920000,14.955000,14.427812,8300
2020-01-30,14.925000,14.933000,14.880000,14.915000,14.389222,8100
2020-01-31,14.890000,14.890000,14.805000,14.805000,14.283100,6200
2020-02-03,14.800000,14.910000,14.800000,14.845000,14.321690,7900
2020-02-04,14.930000,14.950000,14.920000,14.920000,14.394046,5400
2020-02-05,14.770000,14.895000,14.770000,14.895000,14.464938,12200
2020-02-06,14.940000,14.950000,14.900000,14.906000,14.475620,10400
2020-02-07,14.875000,14.910000,14.864000,14.875000,14.445516,9800
2020-02-10,14.860000,14.893000,14.850000,14.885000,14.455226,4900
2020-02-11,14.880000,14.940000,14.880000,14.915000,14.484361,39000
2020-02-12,14.980000,14.990000,14.977000,14.980000,14.547483,3800
2020-02-13,14.995000,15.010000,14.974000,14.990000,14.557195,16400
2020-02-14,15.010000,15.020000,15.000000,15.015000,14.581472,6900
2020-02-18,15.010000,15.046000,15.003000,15.025000,14.591185,10500
2020-02-19,15.100000,15.100000,14.985000,14.985000,14.552340,6100
2020-02-20,15.030000,15.045000,15.000000,15.045000,14.610606,7000
2020-02-21,14.970000,15.014000,14.930000,14.967000,14.534859,16200
2020-02-24,14.840000,14.840000,14.685000,14.730000,14.304702,53000
2020-02-25,14.800000,14.800000,14.200000,14.260000,13.848272,34700
2020-02-26,14.270000,14.433000,14.230000,14.245000,13.833705,13700
2020-02-27,14.170000,14.170000,13.700000,13.725000,13.328719,36200
2020-02-28,13.450000,13.450000,13.060000,13.321000,12.936384,33000
2020-03-02,13.300000,13.835000,13.300000,13.810000,13.411265,32500
2020-03-03,14.050000,14.080000,13.745000,13.775000,13.377275,16300
2020-03-04,13.600000,14.030000,13.600000,13.980000,13.673635,13500
2020-03-05,13.855000,13.855000,13.660000,13.700000,13.399772,13900
2020-03-06,13.260000,13.520000,13.259000,13.330000,13.037879,8200
2020-03-09,12.760000,13.000000,12.030000,12.257000,11.988394,72500
2020-03-10,12.660000,12.660000,12.000000,12.290000,12.020671,15100
2020-03-11,12.290000,12.290000,11.650000,11.650000,11.394695,28000
2020-03-12,11.840000,11.840000,10.190000,10.213000,9.989188,33200
2020-03-13,10.665000,10.665000,10.100000,10.500000,10.269897,22700
2020-03-16,10.110000,10.770000,9.280000,9.280000,9.076633,52600
2020-03-17,9.020000,9.623000,8.750000,8.970000,8.773428,124600
2020-03-18,8.880000,8.880000,6.810000,7.250000,7.091120,48900
2020-03-19,6.980000,8.180000,6.790000,7.879000,7.706336,38700
2020-03-20,8.500000,8.820000,7.920000,8.125000,7.946945,19000
2020-03-23,7.750000,7.789000,6.700000,7.320000,7.159586,32800
2020-03-24,7.780000,8.130000,7.610000,7.892000,7.719051,29300
2020-03-25,8.160000,8.896000,7.730000,8.370000,8.186576,24000
2020-03-26,8.400000,9.449000,8.400000,8.991000,8.793967,8100
2020-03-27,9.100000,9.110000,8.802000,8.980000,8.783208,8100
2020-03-30,9.090000,9.090000,8.270000,8.730000,8.538686,9500
2020-03-31,8.987000,8.987000,8.760000,8.789000,8.596393,17000
2020-04-01,8.600000,8.600000,8.120000,8.122000,7.944011,11500
2020-04-02,8.210000,8.355000,8.130000,8.199000,8.019323,4300
2020-04-03,8.140000,8.140000,7.610000,7.740000,7.661963,8900
2020-04-06,8.000000,8.380000,8.000000,8.180000,8.097528,5800
2020-04-07,8.190000,8.929000,8.190000,8.595000,8.508343,33200
2020-04-08,8.410000,9.180000,8.410000,9.109000,9.017160,10300
2020-04-09,9.150000,10.060000,9.150000,9.700000,9.602201,23500
2020-04-13,9.710000,9.750000,9.426000,9.670000,9.572504,11000
2020-04-14,10.080000,10.080000,9.800000,9.930000,9.829883,8900
2020-04-15,9.420000,9.587000,9.330000,9.390000,9.295327,11800
2020-04-16,9.560000,9.560000,9.210000,9.224000,9.131001,8200
2020-04-17,9.553000,9.653000,9.490000,9.561000,9.464603,2900
2020-04-20,9.410000,9.584000,9.270000,9.270000,9.176538,10300
2020-04-21,9.240000,9.297000,9.131000,9.245000,9.151789,4400
2020-04-22,9.300000,9.420000,9.270000,9.319000,9.225043,5600
2020-04-23,9.320000,9.543000,9.320000,9.397000,9.302257,2100
2020-04-24,9.460000,9.510000,9.353000,9.510000,9.414118,2500
2020-04-27,9.470000,9.750000,9.465000,9.715000,9.617050,6400
2020-04-28,9.840000,9.960000,9.780000,9.850000,9.750690,4100
2020-04-29,10.090000,10.410000,10.036000,10.330000,10.225850,10800
2020-04-30,10.340000,10.340000,10.072000,10.155000,10.052614,14800
2020-05-01,10.050000,10.050000,9.740000,9.770000,9.671496,6900
2020-05-04,9.620000,9.780000,9.548000,9.720000,9.622001,11200
2020-05-05,9.760000,9.970000,9.653000,9.715000,9.715000,9300
2020-05-06,9.640000,9.699000,9.630000,9.674000,9.674000,5300
2020-05-07,9.680000,9.965000,9.680000,9.798000,9.798000,3600