Date,Open,High,Low,Close,Adj Close,Volume
2017-05-04,22.150000,22.680000,21.559999,22.000000,16.951036,13740800
2017-05-05,22.000000,22.430000,22.000000,22.280001,17.166779,1925700
2017-05-08,22.190001,22.340000,21.740000,22.030001,16.974155,1312200
2017-05-09,22.000000,22.073999,21.650000,22.000000,16.951036,818400
2017-05-10,21.910000,21.959999,21.309999,21.540001,16.596609,1154600
2017-05-11,21.650000,21.760000,21.219999,21.250000,16.373161,853300
2017-05-12,21.250000,21.559999,20.969999,21.500000,16.565788,671200
2017-05-15,21.700001,21.750000,21.219999,21.290001,16.403982,852700
2017-05-16,21.299999,21.709999,21.160000,21.350000,16.450214,1420300
2017-05-17,21.430000,21.430000,21.000000,21.000000,16.180536,929600
2017-05-18,21.040001,21.100000,20.830000,21.010000,16.188242,480800
2017-05-19,20.889999,21.120001,20.680000,21.000000,16.180536,916100
2017-05-22,21.150000,21.910000,21.100000,21.910000,16.881691,484300
2017-05-23,21.520000,22.209999,21.520000,22.030001,16.974155,873700
2017-05-24,21.940001,22.090000,21.500000,21.680000,16.704479,911300
2017-05-25,21.469999,22.230000,21.410000,22.059999,16.997267,656600
2017-05-26,22.049999,22.250000,21.860001,21.969999,16.927921,598000
2017-05-30,22.260000,22.700001,21.959999,22.110001,17.035795,1104800
2017-05-31,22.110001,22.209999,21.850000,22.080000,17.012678,1081300
2017-06-01,22.110001,22.600000,21.820000,22.570000,17.390226,856300
2017-06-02,22.510000,22.870001,22.020000,22.280001,17.166779,1167100
2017-06-05,22.129999,22.410000,21.879999,22.299999,17.182188,718600
2017-06-06,22.209999,22.570000,21.910000,22.549999,17.374811,694900
2017-06-07,22.410000,22.549999,22.170000,22.240000,17.135958,649700
2017-06-08,22.180000,22.480000,21.900000,22.010000,16.958746,598500
2017-06-09,21.980000,22.150000,21.430000,21.980000,16.935625,732100
2017-06-12,22.040001,22.045000,21.629999,21.629999,16.665953,352400
2017-06-13,21.750000,22.190001,21.459999,22.070000,17.004971,374000
2017-06-14,22.120001,22.180000,21.889999,22.040001,16.981859,351500
2017-06-15,21.959999,22.500000,20.799999,20.980000,16.165127,967900
2017-06-16,20.660000,21.580000,20.559999,21.379999,16.473326,368600
2017-06-19,21.280001,21.590000,21.170000,21.280001,16.396276,169700
2017-06-20,21.200001,21.295000,20.500000,20.549999,15.833809,342600
2017-06-21,20.629999,20.629999,19.990000,20.450001,15.756762,332100
2017-06-22,20.480000,20.969999,20.110001,20.620001,15.887748,658900
2017-06-23,20.639999,20.969999,20.059999,20.879999,16.088076,966400
2017-06-26,20.840000,21.430000,20.510000,21.320000,16.427097,750000
2017-06-27,21.260000,21.594999,20.820000,21.469999,16.542671,896100
2017-06-28,21.480000,22.110001,21.150000,22.020000,16.966450,632000
2017-06-29,22.100000,22.139999,21.639999,21.650000,16.681360,353400
2017-06-30,21.530001,22.440001,21.209999,21.980000,16.935625,475800
2017-07-03,21.920000,22.160000,21.670000,21.910000,16.881691,171100
2017-07-05,21.870001,21.870001,20.840000,21.120001,16.272999,220900
2017-07-06,21.059999,21.600000,20.990000,21.320000,16.427097,414100
2017-07-07,21.320000,21.410000,20.610001,21.180000,16.319227,242100
2017-07-10,21.100000,21.430000,20.790001,21.049999,16.219059,256000
2017-07-11,20.980000,21.490000,20.860001,21.350000,16.450214,282500
2017-07-12,21.320000,21.570000,21.129999,21.490000,16.558079,83700
2017-07-13,21.370001,21.875000,21.049999,21.700001,16.719889,260100
2017-07-14,21.530001,21.940001,21.350000,21.510000,16.573494,377800
2017-07-17,21.379999,21.840000,21.350000,21.760000,16.766117,77200
2017-07-18,21.650000,21.709999,21.350000,21.570000,16.619720,145900
2017-07-19,21.660000,21.674999,21.299999,21.379999,16.473326,211100
2017-07-20,21.400000,21.549999,20.799999,21.299999,16.411688,292000
2017-07-21,21.190001,21.719999,21.049999,21.120001,16.272999,208400
2017-07-24,21.170000,21.299999,21.000000,21.020000,16.195948,123300
2017-07-25,21.180000,21.340000,20.799999,21.010000,16.188242,307500
2017-07-26,21.010000,21.469999,20.840000,21.010000,16.188242,173800
2017-07-27,21.100000,21.180000,20.840000,21.020000,16.195948,78300
2017-07-28,20.969999,21.209999,20.959999,21.090000,16.249882,110100
2017-07-31,21.120001,21.360001,21.000000,21.230000,16.357754,224900
2017-08-01,21.129999,21.590000,21.129999,21.530001,16.610027,613900
2017-08-02,21.389999,21.410000,20.330000,20.959999,16.170282,266200
2017-08-03,20.799999,21.219999,20.110001,20.290001,15.653389,625600
2017-08-04,20.190001,20.400000,20.135000,20.330000,15.684244,316200
2017-08-07,20.160000,20.160000,19.879999,20.010000,15.437373,262200
2017-08-08,19.910000,19.910000,19.350000,19.500000,15.043917,564800
2017-08-09,19.420000,19.549999,19.180000,19.370001,14.943624,676600
2017-08-10,19.299999,19.379999,18.910000,18.940001,14.611887,481300
2017-08-11,18.780001,19.100000,18.549999,18.969999,14.635031,494000
2017-08-14,19.469999,19.469999,19.010000,19.070000,14.712179,376500
2017-08-15,19.010000,19.010000,18.540001,18.709999,14.434446,222500
2017-08-16,18.680000,18.950001,18.549999,18.629999,14.372726,195400
2017-08-17,18.590000,18.885000,18.410000,18.480000,14.257002,143700
2017-08-18,18.440001,18.615000,18.125000,18.370001,14.172140,240600
2017-08-21,18.350000,18.440001,18.049999,18.139999,13.994700,191300
2017-08-22,18.240000,18.256001,17.980000,18.160000,14.010128,333300
2017-08-23,18.150000,18.650000,18.000000,18.430000,14.218429,188700
2017-08-24,18.400000,18.580000,18.200001,18.480000,14.257002,133400
2017-08-25,18.580000,18.580000,18.330000,18.379999,14.179853,129300
2017-08-28,18.389999,18.480000,18.000000,18.070000,13.940695,277800
2017-08-29,17.920000,18.020000,17.660000,17.940001,13.840405,344500
2017-08-30,18.090000,18.719999,17.840000,18.450001,14.233862,1256800
2017-08-31,18.459999,19.100000,18.370001,19.059999,14.704464,293300
2017-09-01,19.150000,19.410000,18.860001,19.299999,14.889619,310800
2017-09-05,19.299999,19.709999,19.219999,19.600000,15.121063,243800
2017-09-06,19.770000,19.940001,19.600000,19.850000,15.313934,681600
2017-09-07,19.930000,19.955000,19.650999,19.790001,15.267645,532800
2017-09-08,19.450001,19.500000,19.100000,19.230000,14.835616,580400
2017-09-11,19.350000,19.420000,19.000000,19.160000,14.781610,346800
2017-09-12,19.110001,19.540001,19.110001,19.340000,14.920481,180900
2017-09-13,19.240000,19.520000,19.139999,19.430000,14.989912,190200
2017-09-14,19.389999,19.540001,19.170000,19.420000,14.982197,237700
2017-09-15,19.500000,19.530001,19.150000,19.500000,15.043917,392500
2017-09-18,19.540001,19.559999,19.270000,19.459999,15.013059,122200
2017-09-19,19.450001,19.500000,19.180000,19.389999,14.959056,333000
2017-09-20,19.320000,19.660000,19.190001,19.620001,15.136495,169800
2017-09-21,19.670000,19.670000,19.355000,19.540001,15.074777,182400
2017-09-22,19.549999,19.660000,19.459000,19.590000,15.113351,99500
2017-09-25,19.490000,20.239000,19.370001,20.090000,15.499090,315800
2017-09-26,19.980000,20.420000,19.844999,20.350000,15.699678,443200
2017-09-27,20.280001,20.280001,19.910000,20.100000,15.506805,246500
2017-09-28,20.020000,20.160000,19.530001,20.139999,15.537664,260100
2017-09-29,20.150000,20.469999,20.100000,20.469999,15.792254,381200
2017-10-02,20.320000,20.580000,20.040001,20.389999,15.730537,178500
2017-10-03,20.420000,20.687000,19.975000,20.230000,15.607100,102500
2017-10-04,20.170000,20.170000,19.799999,20.020000,15.445088,147700
2017-10-05,20.090000,20.219999,19.940001,20.190001,15.576240,77200
2017-10-06,20.049999,20.160000,19.969999,20.070000,15.483663,116700
2017-10-09,20.120001,20.330000,20.070000,20.120001,15.522235,62100
2017-10-10,20.370001,20.840000,20.230000,20.459999,15.784537,163400
2017-10-11,20.510000,20.520000,20.360001,20.459999,15.784537,72000
2017-10-12,20.280001,20.395000,20.100000,20.270000,15.637959,137400
2017-10-13,20.320000,20.320000,19.860001,20.090000,15.499090,248800
2017-10-16,20.110001,20.195000,19.690001,19.750000,15.236788,325400
2017-10-17,19.690001,19.900000,19.600000,19.670000,15.175069,163300
2017-10-18,19.709999,19.709999,19.230000,19.360001,14.935910,135100
2017-10-19,19.320000,19.350000,18.870001,19.020000,14.673606,90700
2017-10-20,19.030001,19.129999,18.790001,19.100000,14.735325,225600
2017-10-23,19.080000,19.270000,18.200001,18.410000,14.203000,432400
2017-10-24,18.430000,18.650000,18.139999,18.410000,14.203000,153100
2017-10-25,18.379999,18.540001,17.940001,18.389999,14.187571,171300
2017-10-26,18.430000,18.510000,18.059999,18.410000,14.203000,94300
2017-10-27,18.340000,18.629999,18.209999,18.299999,14.118137,185000
2017-10-30,18.200001,18.650000,18.190001,18.330000,14.141282,328200
2017-10-31,18.350000,18.740000,18.320000,18.709999,14.481055,178000
2017-11-01,18.750000,19.245001,18.750000,19.150000,14.821605,383100
2017-11-02,18.670000,19.059999,17.594999,18.180000,14.070849,508300
2017-11-03,18.129999,18.350000,18.070000,18.320000,14.179206,160600
2017-11-06,18.500000,19.000000,18.070000,18.230000,14.109550,884400
2017-11-07,18.200001,18.340000,17.940001,18.070000,13.985713,553800
2017-11-08,18.120001,18.160000,17.870001,17.900000,13.854136,1674900
2017-11-09,17.889999,18.020000,17.690001,17.840000,13.807700,531700
2017-11-10,17.830000,17.959999,17.580000,17.700001,13.699342,410500
2017-11-13,17.610001,17.629999,17.201000,17.290001,13.382013,507300
2017-11-14,17.190001,17.190001,16.840000,16.879999,13.064683,258400
2017-11-15,16.780001,17.290001,16.620001,17.230000,13.335574,313500
2017-11-16,17.309999,17.330000,16.719999,17.000000,13.157561,314100
2017-11-17,17.070000,17.290001,16.959999,17.240000,13.343314,278500
2017-11-20,17.250000,17.309999,16.799999,17.040001,13.188519,215200
2017-11-21,17.040001,17.040001,16.639999,16.780001,12.987287,446900
2017-11-22,16.830000,16.955000,16.820000,16.930000,13.103383,529700
2017-11-24,17.110001,17.750000,17.059999,17.420000,13.482628,293300
2017-11-27,17.430000,17.430000,17.100000,17.309999,13.397491,620100
2017-11-28,17.240000,17.440001,16.910000,17.379999,13.451670,549000
2017-11-29,17.350000,17.959999,17.290001,17.410000,13.474890,738800
2017-11-30,17.420000,18.240000,17.370001,17.750000,13.738040,1858700
2017-12-01,17.889999,18.120001,17.750000,18.010000,13.939277,481400
2017-12-04,17.900000,18.139999,17.820000,17.950001,13.892838,417200
2017-12-05,18.049999,18.080000,17.799999,17.879999,13.838659,263900
2017-12-06,18.049999,18.049999,17.610001,17.930000,13.877357,334500
2017-12-07,17.959999,18.799999,17.760000,18.410000,14.248864,416800
2017-12-08,18.500000,18.670000,18.190001,18.600000,14.395922,425600
2017-12-11,18.680000,19.150000,18.680000,18.820000,14.566193,411600
2017-12-12,18.879999,19.270000,18.639999,18.959999,14.674549,415400
2017-12-13,18.959999,19.100000,18.809999,18.889999,14.620371,505500
2017-12-14,18.920000,19.090000,18.889999,19.000000,14.705508,1154300
2017-12-15,19.170000,19.639999,19.049999,19.320000,14.953180,2442500
2017-12-18,19.379999,19.490000,19.150000,19.330000,14.960918,979300
2017-12-19,19.360001,19.670000,19.059999,19.209999,14.868042,2856300
2017-12-20,19.250000,19.250000,18.360001,18.809999,14.558453,2082500
2017-12-21,18.820000,18.930000,18.490000,18.549999,14.357220,2570300
2017-12-22,18.629999,18.670000,18.450001,18.549999,14.357220,1643800
2017-12-26,18.660000,18.920000,18.530001,18.790001,14.542974,1703200
2017-12-27,18.799999,18.832001,18.150000,18.400000,14.241124,960200
2017-12-28,18.400000,19.010000,18.290001,18.940001,14.659069,1246200
2017-12-29,18.930000,19.900000,18.730000,19.719999,15.262771,2315400
2018-01-02,19.750000,20.805000,19.750000,20.709999,16.029005,2259800
2018-01-03,20.820000,21.309999,20.790001,21.000000,16.253460,2194500
2018-01-04,21.049999,21.049999,20.620001,20.930000,16.199280,1456100
2018-01-05,21.299999,21.559999,20.480000,20.809999,16.106400,1162300
2018-01-08,20.750000,20.840000,20.430000,20.600000,15.943869,1289500
2018-01-09,20.570000,20.799999,20.389999,20.719999,16.036743,1179400
2018-01-10,20.700001,21.260000,20.549999,20.959999,16.222496,568800
2018-01-11,20.879999,21.180000,20.830000,20.950001,16.214760,818900
2018-01-12,20.969999,21.200001,20.870001,21.040001,16.284418,798500
2018-01-16,21.100000,21.430000,20.980000,21.000000,16.253460,1625700
2018-01-17,20.770000,20.990000,20.500000,20.889999,16.168320,729900
2018-01-18,20.809999,21.290001,20.760000,20.910000,16.183800,1244800
2018-01-19,20.820000,21.010000,20.580000,20.709999,16.029005,702000
2018-01-22,20.799999,21.590000,20.799999,21.469999,16.617226,839900
2018-01-23,21.450001,22.389999,21.209000,22.000000,17.027431,627400
2018-01-24,22.090000,22.139999,21.756001,22.010000,17.035173,597200
2018-01-25,22.120001,22.330000,21.889999,22.010000,17.035173,407600
2018-01-26,22.080000,22.090000,21.780001,22.020000,17.042912,307300
2018-01-29,21.950001,22.120001,21.559999,21.830000,16.895857,685300
2018-01-30,21.600000,21.670000,21.129999,21.290001,16.477909,694600
2018-01-31,21.219999,21.325001,20.778000,21.059999,16.357521,460300
2018-02-01,20.940001,21.150000,20.590000,20.740000,16.108971,1228300
2018-02-02,20.580000,20.655001,20.360001,20.610001,16.007998,607400
2018-02-05,20.410000,20.660000,20.110001,20.250000,15.728384,377200
2018-02-06,20.000000,20.709999,19.980000,20.709999,16.085667,699100
2018-02-07,20.600000,20.850000,20.379999,20.610001,16.007998,493600
2018-02-08,20.680000,20.680000,19.570000,19.570000,15.200219,331500
2018-02-09,19.770000,19.969999,18.350000,19.270000,14.967207,561500
2018-02-12,19.500000,19.820000,19.120001,19.610001,15.231289,202500
2018-02-13,19.559999,19.830000,19.389999,19.809999,15.386633,585500
2018-02-14,19.660000,20.570000,19.520000,20.500000,15.922561,893900
2018-02-15,20.580000,20.830000,20.350000,20.629999,16.023533,893300
2018-02-16,20.650000,20.650000,19.980000,20.520000,15.938095,781300
2018-02-20,20.620001,20.631001,19.670000,19.690001,15.293426,806200
2018-02-21,19.719999,19.719999,19.040001,19.219999,14.928371,774100
2018-02-22,19.379999,19.379999,18.740000,18.840000,14.633223,487200
2018-02-23,18.969999,19.270000,18.750000,19.190001,14.905072,245900
2018-02-26,19.230000,19.299999,18.830000,18.860001,14.648759,705000
2018-02-27,18.900000,18.990000,18.459999,18.510000,14.376908,956200
2018-02-28,18.570000,18.690001,18.370001,18.500000,14.369142,1217900
2018-03-01,18.459999,18.750000,18.410000,18.559999,14.415743,647300
2018-03-02,18.440001,18.570000,18.330000,18.480000,14.353607,455200
2018-03-05,18.410000,18.594999,18.280001,18.299999,14.213799,601700
2018-03-06,18.379999,18.459999,18.270000,18.299999,14.213799,200000
2018-03-07,18.290001,18.370001,18.030001,18.080000,14.042921,285100
2018-03-08,18.160000,18.160000,17.850000,18.010000,13.988553,167300
2018-03-09,18.090000,18.250000,17.990000,18.150000,14.097291,387200
2018-03-12,18.120001,18.420000,18.120001,18.350000,14.252635,271000
2018-03-13,18.420000,18.420000,17.879999,17.910000,13.910880,219600
2018-03-14,17.930000,18.000000,17.139999,17.230000,13.382718,370100
2018-03-15,17.230000,17.340000,16.520000,16.980000,13.188541,665700
2018-03-16,16.920000,17.070000,16.680000,16.799999,13.048733,509200
2018-03-19,16.700001,16.735001,15.900000,16.219999,12.598240,645200
2018-03-20,16.280001,16.540001,16.035000,16.090000,12.497269,466700
2018-03-21,16.150000,16.379999,16.020000,16.360001,12.706981,363200
2018-03-22,16.190001,16.410000,16.090000,16.260000,12.629309,1008000
2018-03-23,16.350000,16.350000,16.030001,16.120001,12.520571,438400
2018-03-26,16.309999,16.330000,15.750000,16.150000,12.543872,519600
2018-03-27,16.219999,16.280001,15.800000,15.950000,12.388529,601500
2018-03-28,15.900000,16.000000,15.620000,15.830000,12.295323,618500
2018-03-29,15.860000,16.150000,15.690000,15.990000,12.419598,719800
2018-04-02,15.960000,16.040001,15.480000,15.690000,12.186584,382900
2018-04-03,15.710000,15.710000,15.150000,15.290000,11.875900,482000
2018-04-04,15.110000,15.550000,14.850000,15.490000,12.031241,458800
2018-04-05,15.540000,16.040001,15.460000,15.960000,12.396296,638900
2018-04-06,15.890000,15.980000,15.430000,15.680000,12.178817,475000
2018-04-09,14.930000,15.830000,14.930000,15.560000,12.085612,602100
2018-04-10,15.680000,15.860000,15.440000,15.720000,12.209887,357600
2018-04-11,15.630000,15.930000,15.610000,15.900000,12.349693,541500
2018-04-12,15.910000,16.059999,15.680000,16.010000,12.435133,494400
2018-04-13,16.040001,16.120001,15.880000,16.090000,12.497269,368300
2018-04-16,16.160000,16.570000,16.000000,16.570000,12.870089,536400
2018-04-17,16.690001,17.209999,16.535000,17.150000,13.320582,627000
2018-04-18,17.170000,17.309999,16.870001,17.139999,13.312815,425800
2018-04-19,17.160000,17.160000,16.770000,16.790001,13.040966,192700
2018-04-20,16.760000,16.760000,16.309999,16.540001,12.846789,311200
2018-04-23,16.559999,17.059999,16.520000,17.020000,13.219610,467400
2018-04-24,17.000000,17.080000,16.620001,16.670000,12.947762,519700
2018-04-25,16.530001,16.959999,16.469999,16.920000,13.141938,279500
2018-04-26,16.900000,17.389999,16.760000,17.379999,13.499225,442300
2018-04-27,17.200001,17.340000,16.780001,17.309999,13.444854,410400
2018-04-30,17.230000,17.450001,17.090000,17.219999,13.374951,315200
2018-05-01,17.139999,17.549999,16.910000,17.440001,13.545826,258900
2018-05-02,17.280001,17.870001,17.219999,17.580000,13.739651,419100
2018-05-03,17.530001,17.559999,16.940001,17.049999,13.325430,364400
2018-05-04,16.950001,17.110001,16.860001,16.910000,13.216014,376600
2018-05-07,16.969999,17.520000,16.879999,17.330000,13.544265,263400
2018-05-08,17.280001,17.459999,16.809999,17.360001,13.567714,252700
2018-05-09,17.410000,17.598000,17.139999,17.160000,13.411402,280200
2018-05-10,17.290001,17.549999,17.200001,17.270000,13.497373,191500
2018-05-11,17.379999,17.420000,17.264999,17.350000,13.559896,433900
2018-05-14,17.379999,17.719999,17.350000,17.709999,13.841254,342100
2018-05-15,17.690001,17.830000,17.500000,17.760000,13.880332,240800
2018-05-16,17.740000,17.860001,17.440001,17.840000,13.942856,413600
2018-05-17,17.870001,18.100000,17.660000,17.930000,14.013195,478900
2018-05-18,17.940001,18.280001,17.930000,18.280001,14.286738,435700
2018-05-21,18.450001,18.740000,18.160000,18.590000,14.529018,613400
2018-05-22,18.590000,18.760000,18.299999,18.610001,14.544649,825300
2018-05-23,18.350000,18.709999,18.340000,18.629999,14.560278,428400
2018-05-24,18.480000,18.541000,18.209999,18.219999,14.239844,281900
2018-05-25,18.059999,18.225000,17.931000,18.209999,14.232029,295500
2018-05-29,18.129999,18.270000,17.930000,18.160000,14.192951,259500
2018-05-30,18.309999,19.000000,18.309999,18.889999,14.763482,629700
2018-05-31,18.910000,19.410000,18.865000,19.250000,15.044841,746900
2018-06-01,19.320000,19.700001,19.309999,19.570000,15.294937,372800
2018-06-04,19.730000,19.905001,19.370001,19.510000,15.248045,585800
2018-06-05,19.540001,19.680000,19.209999,19.309999,15.091733,243900
2018-06-06,19.370001,19.420000,18.990000,19.010000,14.857268,218800
2018-06-07,19.040001,19.260000,18.950001,19.240000,15.037026,384400
2018-06-08,19.270000,19.270000,18.832001,19.080000,14.911979,221600
2018-06-11,19.030001,19.250000,18.940001,19.250000,15.044841,424000
2018-06-12,19.250000,19.334999,18.980000,19.010000,14.857268,306000
2018-06-13,19.000000,19.090000,18.600000,18.799999,14.693143,434700
2018-06-14,18.900000,19.260000,18.830000,18.990000,14.841640,280200
2018-06-15,18.910000,19.070000,18.350000,18.350000,14.341447,1346100
2018-06-18,18.309999,18.760000,18.100000,18.469999,14.435233,212900
2018-06-19,18.360001,19.059999,18.360001,18.980000,14.833824,262800
2018-06-20,19.160000,19.230000,18.950001,19.120001,14.943239,317100
2018-06-21,19.129999,19.209999,18.920000,19.110001,14.935425,250300
2018-06-22,19.450001,19.500000,18.980000,19.200001,15.005764,456200
2018-06-25,19.040001,19.139999,18.910000,18.969999,14.826007,427200
2018-06-26,19.030001,19.299999,18.850000,18.940001,14.802560,286400
2018-06-27,18.990000,19.010000,18.195000,18.320000,14.317999,601000
2018-06-28,18.360001,18.629999,18.150000,18.610001,14.544649,361500
2018-06-29,18.709999,18.879999,18.240000,18.860001,14.740039,214300
2018-07-02,18.750000,19.049999,18.549999,18.870001,14.747853,212200
2018-07-03,19.160000,19.379999,18.959999,19.010000,14.857268,73700
2018-07-05,19.049999,19.440001,19.030001,19.040001,14.880716,292900
2018-07-06,18.959999,19.420000,18.833000,19.309999,15.091733,153500
2018-07-09,19.360001,19.650000,18.990000,19.520000,15.255860,627600
2018-07-10,19.520000,19.820000,19.150000,19.200001,15.005764,513300
2018-07-11,19.040001,19.410000,18.930000,19.129999,14.951053,214600
2018-07-12,19.110001,19.610001,18.980000,19.480000,15.224598,258800
2018-07-13,19.400000,19.489000,18.450001,19.000000,14.849453,1350900
2018-07-16,18.879999,19.010000,18.290001,18.350000,14.341447,941600
2018-07-17,18.290001,18.840000,18.200001,18.660000,14.583724,568300
2018-07-18,18.690001,19.040001,18.510000,18.680000,14.599359,334400
2018-07-19,18.700001,19.420000,18.700001,19.270000,15.060472,528400
2018-07-20,19.260000,19.540001,19.219999,19.240000,15.037026,306300
2018-07-23,19.290001,19.320000,18.850000,19.219999,15.021395,359500
2018-07-24,19.280001,19.379999,18.969999,19.059999,14.896348,170700
2018-07-25,19.059999,19.520000,18.930000,19.400000,15.162073,877100
2018-07-26,19.379999,19.670000,19.260000,19.500000,15.240229,264400
2018-07-27,19.549999,19.650000,19.059999,19.110001,14.935425,317200
2018-07-30,19.160000,19.360001,19.070000,19.260000,15.052655,263700
2018-07-31,19.200001,19.395000,19.170000,19.219999,15.021395,188500
2018-08-01,19.080000,19.420000,18.980000,19.219999,15.119727,420200
2018-08-02,19.020000,19.430000,18.910000,19.040001,14.978128,813400
2018-08-03,19.010000,19.049999,18.421000,18.500000,14.553329,417800
2018-08-06,18.410000,19.110001,18.410000,18.889999,14.860127,380800
2018-08-07,18.980000,19.174999,18.629999,18.850000,14.828662,252300
2018-08-08,18.850000,19.040001,18.635000,19.010000,14.954528,412000
2018-08-09,19.080000,19.610001,19.080000,19.190001,15.096128,403100
2018-08-10,18.250000,19.410000,18.150000,19.340000,15.214128,639500
2018-08-13,19.350000,19.424999,18.850000,19.010000,14.954528,333900
2018-08-14,19.110001,19.379999,19.020000,19.100000,15.025329,394800
2018-08-15,19.100000,19.100000,18.600000,18.610001,14.639861,356400
2018-08-16,18.760000,18.790001,18.580000,18.719999,14.726396,302700
2018-08-17,18.680000,19.020000,18.620001,18.879999,14.852261,541700
2018-08-20,18.830000,19.110001,18.700001,19.090000,15.017463,1111800
2018-08-21,19.100000,19.469999,18.995001,19.360001,15.229861,1570500
2018-08-22,19.570000,19.570000,19.090000,19.469999,15.316396,687000
2018-08-23,19.459999,19.459999,18.620001,18.750000,14.749993,776400
2018-08-24,18.940001,18.940001,18.155001,18.350000,14.435329,590100
2018-08-27,18.309999,18.309999,17.980000,18.049999,14.199327,618500
2018-08-28,18.100000,18.190001,17.559999,17.670000,13.900395,1223700
2018-08-29,17.610001,17.620001,17.139999,17.260000,13.577863,1016200
2018-08-30,17.260000,17.469999,17.129999,17.280001,13.593597,690900
2018-08-31,17.250000,17.250000,16.690001,16.889999,13.286795,800000
2018-09-04,16.760000,17.285000,16.760000,17.049999,13.412661,489400
2018-09-05,17.040001,17.070000,16.459999,16.879999,13.278928,670500
2018-09-06,16.840000,16.860001,16.350000,16.520000,12.995730,346000
2018-09-07,16.400000,16.730000,16.209999,16.730000,13.160928,386700
2018-09-10,16.809999,16.889000,16.465000,16.750000,13.176662,380200
2018-09-11,16.680000,17.209999,16.680000,17.139999,13.483462,670200
2018-09-12,17.240000,17.650000,17.120001,17.580000,13.829594,808200
2018-09-13,17.570000,17.650000,17.440001,17.610001,13.853197,546400
2018-09-14,17.660000,17.670000,17.190001,17.219999,13.546395,871600
2018-09-17,17.250000,17.389999,16.570000,16.639999,13.090128,442400
2018-09-18,16.889999,17.273001,16.740000,17.080000,13.436262,1439300
2018-09-19,17.139999,17.200001,16.980000,16.980000,13.357594,209200
2018-09-20,17.100000,17.160000,16.879999,17.120001,13.467730,249900
2018-09-21,17.230000,17.370001,17.059999,17.350000,13.648663,1176900
2018-09-24,17.400000,17.540001,17.160000,17.250000,13.569996,552800
2018-09-25,17.320000,17.320000,17.000000,17.170000,13.507062,314700
2018-09-26,17.080000,17.100000,16.850000,16.870001,13.271063,635500
2018-09-27,16.969999,17.080000,16.920000,16.950001,13.333997,366600
2018-09-28,16.950001,17.070000,16.830000,16.920000,13.310395,418400
2018-10-01,17.020000,17.770000,16.921000,17.500000,13.766662,497000
2018-10-02,17.500000,17.889999,17.500000,17.799999,14.002661,617500
2018-10-03,17.780001,18.049999,17.570000,17.580000,13.829594,794100
2018-10-04,17.520000,17.735001,17.379999,17.459999,13.735194,177400
2018-10-05,17.360001,17.730000,17.360001,17.510000,13.774529,372000
2018-10-08,17.340000,17.500000,17.090000,17.120001,13.467730,298500
2018-10-09,16.790001,18.690001,16.750000,18.690001,14.702797,4461200
2018-10-10,18.650000,18.770000,18.070000,18.559999,14.600528,2458100
2018-10-11,18.400000,18.820000,17.990000,18.040001,14.191462,1271800
2018-10-12,18.100000,18.490000,17.459999,17.889999,14.073462,1470800
2018-10-15,17.889999,18.250000,17.837000,17.930000,14.104928,499100
2018-10-16,17.840000,18.490000,17.830000,18.440001,14.506129,663400
2018-10-17,18.410000,18.450001,18.010000,18.100000,14.238661,619600
2018-10-18,17.980000,18.230000,17.930000,18.020000,14.175728,438600
2018-10-19,18.000000,18.200001,17.879999,18.010000,14.167863,768000
2018-10-22,18.049999,18.100000,17.660000,17.790001,13.994796,417700
2018-10-23,17.530001,17.530001,17.040001,17.370001,13.664396,771900
2018-10-24,17.309999,17.530001,16.860001,16.900000,13.294662,469600
2018-10-25,17.110001,17.150000,16.799999,16.860001,13.263196,609100
2018-10-26,16.719999,16.719999,16.139999,16.200001,12.743996,831600
2018-10-29,16.370001,16.430000,15.720000,15.800000,12.429329,1013300
2018-10-30,15.760000,16.139999,15.600000,15.760000,12.397862,892200
2018-10-31,15.920000,16.230000,15.920000,16.110001,12.673197,1355700
2018-11-01,16.080000,16.450001,15.590000,15.700000,12.462055,1198500
2018-11-02,15.780000,15.860000,15.140000,15.280000,12.128675,993600
2018-11-05,15.520000,15.645000,15.140000,15.150000,12.025487,1335400
2018-11-06,15.190000,15.540000,15.090000,15.320000,12.160426,1892600
2018-11-07,15.470000,15.500000,15.050000,15.140000,12.017550,1800100
2018-11-08,15.130000,15.610000,15.000000,15.220000,12.081050,981800
2018-11-09,15.060000,15.270000,14.670000,15.170000,12.041362,902000
2018-11-12,15.230000,15.325000,14.960000,15.190000,12.057236,350100
2018-11-13,15.250000,15.310000,14.670000,14.920000,11.842921,432400
2018-11-14,15.010000,15.140000,14.730000,14.920000,11.842921,774000
2018-11-15,14.900000,15.000000,14.270000,14.630000,11.612731,739200
2018-11-16,14.590000,14.960000,14.100000,14.840000,11.779420,985000
2018-11-19,14.750000,15.380000,14.470000,14.860000,11.795295,958000
2018-11-20,14.650000,14.690000,14.250000,14.320000,11.366664,854800
2018-11-21,14.420000,14.750000,14.200000,14.570000,11.565104,395800
2018-11-23,14.340000,14.460000,14.070000,14.100000,11.192037,394100
2018-11-26,14.230000,14.630000,14.200000,14.510000,11.517479,831200
2018-11-27,14.450000,14.650000,14.405000,14.480000,11.493667,913900
2018-11-28,14.480000,15.090000,14.350000,15.090000,11.977861,1139300
2018-11-29,15.060000,15.340000,14.810000,14.960000,11.874671,504200
2018-11-30,14.870000,14.910000,14.410000,14.810000,11.755609,784800
2018-12-03,15.180000,15.450000,15.010000,15.140000,12.017550,621200
2018-12-04,15.090000,15.209000,14.700000,14.790000,11.739733,479000
2018-12-06,14.560000,14.560000,14.100000,14.510000,11.517479,552500
2018-12-07,14.760000,14.860000,14.337000,14.460000,11.477791,400900
2018-12-10,14.400000,14.430000,14.120000,14.340000,11.382539,548100
2018-12-11,14.500000,14.530000,14.100000,14.230000,11.295225,653500
2018-12-12,14.380000,14.410000,14.180000,14.240000,11.303164,608200
2018-12-13,14.230000,14.510000,14.100000,14.240000,11.303164,556800
2018-12-14,14.130000,14.655000,14.000000,14.120000,11.207912,1120800
2018-12-17,14.100000,14.260000,13.260000,13.420000,10.652280,734700
2018-12-18,13.390000,13.500000,12.550000,12.790000,10.152209,1030700
2018-12-19,12.760000,12.870000,12.350000,12.780000,10.144271,1400300
2018-12-20,12.570000,12.850000,11.720000,11.790000,9.358448,1392800
2018-12-21,11.720000,11.760000,11.020000,11.150000,8.850440,5597800
2018-12-24,11.090000,11.110000,10.500000,10.530000,8.358309,674200
2018-12-26,10.570000,11.190000,10.120000,11.190000,8.882191,2237300
2018-12-27,11.000000,11.090000,10.410000,10.920000,8.667875,1260400
2018-12-28,10.880000,11.110000,10.620000,11.060000,8.779003,1475900
2018-12-31,11.120000,11.270000,10.835000,11.180000,8.874253,2031600
2019-01-02,11.020000,11.790000,10.870000,11.390000,9.040943,1513900
2019-01-03,11.420000,11.870000,11.300000,11.700000,9.287008,945900
2019-01-04,11.830000,12.810000,11.820000,12.600000,10.001395,1019000
2019-01-07,12.690000,13.300000,12.590000,13.010000,10.326838,883100
2019-01-08,13.180000,13.550000,13.118000,13.340000,10.588778,913700
2019-01-09,13.500000,13.510000,12.410000,12.910000,10.247460,3199300
2019-01-10,12.900000,12.900000,12.120000,12.580000,9.985518,1538000
2019-01-11,12.440000,12.480000,12.180000,12.250000,9.723577,1153900
2019-01-14,12.130000,12.220000,11.950000,12.040000,9.556888,1189700
2019-01-15,12.040000,12.380000,12.040000,12.180000,9.668015,795600
2019-01-16,12.180000,12.450000,12.140000,12.330000,9.787079,818800
2019-01-17,12.330000,12.640000,12.276000,12.590000,9.993458,897500
2019-01-18,12.590000,12.880000,12.590000,12.740000,10.112520,1075900
2019-01-22,12.710000,12.950000,12.430000,12.520000,9.937894,1245600
2019-01-23,12.580000,12.599000,12.240000,12.500000,9.922018,1340200
2019-01-24,12.500000,12.880000,12.380000,12.810000,10.168084,1337300
2019-01-25,12.960000,13.320000,12.860000,13.120000,10.414150,1355200
2019-01-28,12.970000,13.410000,12.670000,13.370000,10.612591,1471100
2019-01-29,13.460000,13.890000,13.350000,13.550000,10.755468,1435900
2019-01-30,13.640000,14.000000,13.560000,13.850000,10.993597,1171800
2019-01-31,13.680000,13.820000,13.120000,13.420000,10.779925,1344700
2019-02-01,13.370000,13.510000,12.970000,13.410000,10.771893,1076000
2019-02-04,13.380000,13.730000,13.100000,13.660000,10.972712,887800
2019-02-05,13.710000,13.780000,13.470000,13.760000,11.053040,790000
2019-02-06,13.640000,13.680000,13.340000,13.650000,10.964678,724000
2019-02-07,13.500000,13.530000,12.910000,13.000000,10.442552,1184200
2019-02-08,13.000000,13.010000,12.530000,12.850000,10.322060,2112100
2019-02-11,12.840000,13.150000,12.750000,12.940000,10.394355,1126100
2019-02-12,13.140000,13.730000,13.030000,13.340000,10.715664,939000
2019-02-13,13.400000,13.450000,13.050000,13.220000,10.619270,1193200
2019-02-14,13.250000,13.710000,13.170000,13.540000,10.876319,1796900
2019-02-15,13.670000,14.180000,13.630000,13.930000,11.189595,1051100
2019-02-19,13.890000,14.485000,13.890000,14.310000,11.494839,678600
2019-02-20,14.330000,14.560000,14.040000,14.070000,11.302052,656300
2019-02-21,14.050000,14.070000,13.660000,13.880000,11.149431,538800
2019-02-22,13.990000,14.060000,13.540000,13.560000,10.892384,409400
2019-02-25,13.480000,13.590000,13.310000,13.500000,10.844188,902200
2019-02-26,13.480000,13.790000,13.250000,13.280000,10.667467,1058600
2019-02-27,13.280000,13.368000,12.960000,13.050000,10.482716,1065900
2019-02-28,13.110000,13.110000,12.520000,12.770000,10.257798,1738200
2019-03-01,12.800000,12.900000,12.475000,12.750000,10.241734,1205200
2019-03-04,12.760000,12.876000,12.430000,12.650000,10.161405,2258900
2019-03-05,12.690000,12.870000,12.470000,12.620000,10.137308,1780000
2019-03-06,12.590000,12.610000,12.350000,12.530000,10.065013,1271800
2019-03-07,12.530000,12.570000,12.230000,12.490000,10.032882,1965000
2019-03-08,12.350000,12.490000,11.920000,12.110000,9.727638,3937400
2019-03-11,12.200000,12.630000,12.200000,12.350000,9.920424,9482200
2019-03-12,12.360000,12.900000,12.360000,12.540000,10.073046,4904200
2019-03-13,12.170000,12.960000,11.030000,12.230000,9.824031,4831100
2019-03-14,12.520000,13.190000,12.400000,13.090000,10.514846,4206800
2019-03-15,13.080000,13.290000,12.910000,13.140000,10.555009,4257400
2019-03-18,13.180000,13.660000,13.120000,13.650000,10.964678,3890400
2019-03-19,13.700000,14.030000,13.470000,13.800000,11.085170,4080700
2019-03-20,13.870000,13.950000,13.530000,13.670000,10.980744,3022000
2019-03-21,13.640000,13.770000,13.450000,13.500000,10.844188,3320900
2019-03-22,13.450000,13.530000,13.175000,13.300000,10.683533,3682900
2019-03-25,13.270000,13.440000,13.060000,13.310000,10.691566,2205800
2019-03-26,13.490000,13.710000,13.200000,13.250000,10.643370,3954100
2019-03-27,13.250000,13.510000,13.045000,13.330000,10.707631,12259000
2019-03-28,13.290000,13.555000,13.250000,13.480000,10.828121,2284500
2019-03-29,13.550000,13.830000,13.460000,13.780000,11.069104,3432700
2019-04-01,13.900000,14.360000,13.850000,14.310000,11.494839,6430000
2019-04-02,14.350000,14.370000,13.860000,14.080000,11.310086,2460900
2019-04-03,14.060000,14.200000,13.960000,14.060000,11.294022,1876000
2019-04-04,14.100000,14.130000,13.850000,13.920000,11.181562,2359900
2019-04-05,13.920000,14.190000,13.920000,14.170000,11.382381,1966600
2019-04-08,14.170000,14.290000,14.060000,14.250000,11.446642,1634400
2019-04-09,14.150000,14.190000,13.870000,13.930000,11.189595,1005400
2019-04-10,14.000000,14.045000,13.605000,13.740000,11.036972,1613400
2019-04-11,13.720000,14.095000,13.520000,14.030000,11.269923,3869900
2019-04-12,14.260000,14.500000,14.080000,14.270000,11.462708,2351600
2019-04-15,14.270000,14.355000,13.980000,14.160000,11.374348,1959300
2019-04-16,14.110000,14.210000,14.020000,14.130000,11.350249,1446900
2019-04-17,14.120000,14.150000,13.760000,13.780000,11.069104,2150700
2019-04-18,13.750000,13.815000,13.610000,13.650000,10.964678,1392100
2019-04-22,13.700000,13.770000,13.510000,13.520000,10.860254,1525600
2019-04-23,13.600000,13.688000,13.460000,13.500000,10.844188,2745800
2019-04-24,13.550000,13.580000,13.350000,13.360000,10.731730,2706500
2019-04-25,12.940000,13.020000,12.735000,12.770000,10.495438,3614600
2019-04-26,12.710000,12.710000,12.538000,12.660000,10.405030,2622300
2019-04-29,12.660000,12.773000,12.540000,12.580000,10.339280,10106200
2019-04-30,12.580000,12.630000,12.160000,12.210000,10.035183,4446900
2019-05-01,12.100000,12.230000,11.990000,12.030000,9.887245,2464400
2019-05-02,11.900000,12.465000,11.210000,12.290000,10.100935,8956800
2019-05-03,12.350000,12.385000,12.010000,12.200000,10.026964,5805000
2019-05-06,12.050000,12.290000,12.010000,12.070000,9.920121,4496200
2019-05-07,12.010000,12.330000,11.900000,12.330000,10.133809,3861600
2019-05-08,12.320000,12.610000,12.230000,12.260000,10.076279,3604300
2019-05-09,12.260000,12.410000,12.050000,12.240000,10.059840,2703800
2019-05-10,12.300000,12.990000,12.280000,12.990000,10.676252,4785600
2019-05-13,12.840000,12.970000,12.620000,12.810000,10.528315,3218900
2019-05-14,12.900000,13.240000,12.820000,12.970000,10.659814,2960400
2019-05-15,12.850000,13.370000,12.840000,13.340000,10.963911,2149800
2019-05-16,13.350000,13.640000,13.340000,13.580000,11.161163,1663000
2019-05-17,13.580000,13.720000,13.305000,13.330000,10.955692,3137200
2019-05-20,13.330000,13.480000,13.180000,13.310000,10.939255,2536500
2019-05-21,13.320000,13.510000,13.230000,13.270000,10.906381,3969400
2019-05-22,13.310000,13.496000,13.200000,13.440000,11.046099,12108900
2019-05-23,13.230000,13.320000,12.820000,13.040000,10.717346,5751200
2019-05-24,13.090000,13.145000,12.685000,12.910000,10.610501,2871700
2019-05-28,13.000000,13.000000,12.550000,12.610000,10.363937,4656900
2019-05-29,12.470000,12.480000,12.060000,12.410000,10.199561,4616200
2019-05-30,12.430000,12.455000,12.245000,12.280000,10.092716,2619100
2019-05-31,12.120000,12.420000,12.020000,12.220000,10.043403,3565000
2019-06-03,12.270000,12.440000,12.190000,12.400000,10.191341,2214000
2019-06-04,12.440000,12.720000,12.370000,12.710000,10.446125,2372700
2019-06-05,12.690000,13.068000,12.480000,12.710000,10.446125,5126700
2019-06-06,12.940000,13.120000,12.690000,12.770000,10.495438,3461300
2019-06-07,12.790000,13.110000,12.770000,12.810000,10.528315,3100400
2019-06-10,12.830000,13.060000,12.680000,12.760000,10.487219,4355200
2019-06-11,12.800000,12.865000,12.385000,12.710000,10.446125,3944400
2019-06-12,12.640000,12.655000,12.120000,12.120000,9.961214,4534900
2019-06-13,12.230000,12.330000,12.120000,12.210000,10.035183,3879600
2019-06-14,12.210000,12.270000,11.510000,11.570000,9.509179,6519900
2019-06-17,11.530000,11.790000,11.410000,11.750000,9.657117,4944600
2019-06-18,11.800000,12.060000,11.780000,11.930000,9.805058,3466700
2019-06-19,11.930000,11.930000,11.660000,11.670000,9.591367,5936500
2019-06-20,11.810000,12.030000,11.750000,11.760000,9.665336,6317400
2019-06-21,11.760000,11.890000,11.670000,11.710000,9.624244,16810400
2019-06-24,11.750000,11.790000,11.220000,11.310000,9.295489,7219600
2019-06-25,11.250000,11.280000,10.780000,11.000000,9.040707,9693700
2019-06-26,11.050000,11.170000,11.030000,11.130000,9.147552,6075300
2019-06-27,11.150000,11.470000,11.100000,11.300000,9.287271,3787400
2019-06-28,11.350000,11.660000,11.330000,11.460000,9.418773,18079900
2019-07-01,11.510000,11.770000,11.500000,11.710000,9.624244,5074400
2019-07-02,11.710000,11.725000,11.460000,11.590000,9.525618,2724900
2019-07-03,11.590000,11.820000,11.570000,11.810000,9.706431,2397000
2019-07-05,11.800000,11.990000,11.760000,11.920000,9.796839,2105400
2019-07-08,11.890000,11.920000,11.785000,11.840000,9.731089,3256400
2019-07-09,11.780000,11.970000,11.750000,11.970000,9.837932,5992500
2019-07-10,12.000000,12.170000,11.948000,12.090000,9.936558,6807000
2019-07-11,12.200000,12.460000,11.970000,12.040000,9.895465,11520800
2019-07-12,12.020000,12.050000,11.650000,11.690000,9.607804,5508400
2019-07-15,11.730000,11.840000,11.485000,11.540000,9.484522,3574700
2019-07-16,11.520000,11.640000,11.270000,11.360000,9.336583,5868300
2019-07-17,11.390000,11.430000,11.160000,11.210000,9.213301,3829900
2019-07-18,11.140000,11.150000,10.845000,11.020000,9.057144,4900100
2019-07-19,11.010000,11.020000,10.785000,10.980000,9.024268,6401800
2019-07-22,11.000000,11.200000,10.920000,11.150000,9.163988,4208600
2019-07-23,11.200000,11.268000,10.970000,10.980000,9.024268,3665600
2019-07-24,10.930000,11.215000,10.930000,11.120000,9.139331,3065500
2019-07-25,10.800000,10.830000,10.360000,10.420000,8.807569,3711800
2019-07-26,10.450000,10.510000,9.390000,9.450000,7.987670,8128800
2019-07-29,9.440000,9.450000,8.695000,8.800000,7.438254,11195500
2019-07-30,8.830000,9.215000,8.740000,9.040000,7.641115,8526500
2019-07-31,9.080000,9.320000,9.070000,9.120000,7.708735,7050800
2019-08-01,8.910000,8.940000,8.200000,8.430000,7.125510,10325400
2019-08-02,8.400000,8.670000,8.110000,8.330000,7.040984,5925700
2019-08-05,8.150000,8.175000,7.910000,7.910000,6.685976,5278900
2019-08-06,7.980000,8.120000,7.620000,7.800000,6.592998,7595800
2019-08-07,7.670000,7.910000,7.520000,7.810000,6.601451,7451100
2019-08-08,7.890000,7.970000,7.530000,7.670000,6.483114,5045100
2019-08-09,7.670000,7.670000,7.160000,7.250000,6.128107,8236500
2019-08-12,7.370000,7.455000,7.040000,7.050000,5.959056,5674500
2019-08-13,7.030000,7.290000,7.020000,7.220000,6.102749,9398000
2019-08-14,7.190000,7.200000,6.545000,6.900000,5.832267,13111200
2019-08-15,6.890000,7.380000,6.720000,7.340000,6.204180,8325700
2019-08-16,7.380000,7.840000,7.370000,7.520000,6.356327,8754500
2019-08-19,7.570000,7.870000,7.530000,7.740000,6.542282,6923400
2019-08-20,7.720000,7.840000,7.590000,7.750000,6.550735,4990500
2019-08-21,7.750000,7.990000,7.580000,7.630000,6.449305,4573900
2019-08-22,7.690000,7.700000,7.420000,7.460000,6.305611,2673300
2019-08-23,7.620000,7.650000,7.090000,7.200000,6.085845,2965600
2019-08-26,7.280000,7.330000,7.080000,7.090000,5.992866,2340100
2019-08-27,7.100000,7.140000,6.660000,6.800000,5.747742,4649000
2019-08-28,6.850000,7.030000,6.750000,6.950000,5.874530,4104600
2019-08-29,7.000000,7.270000,7.000000,7.200000,6.085845,3593800
2019-08-30,7.240000,7.310000,7.010000,7.110000,6.009771,4250800
2019-09-03,7.040000,7.055000,6.870000,6.950000,5.874530,4561900
2019-09-04,7.010000,7.280000,7.000000,7.210000,6.094296,4302000
2019-09-05,7.290000,7.500000,7.135000,7.150000,6.043581,7016600
2019-09-06,7.010000,7.050000,6.580000,6.680000,5.646311,12231200
2019-09-09,6.850000,7.410000,6.850000,7.240000,6.119654,15839700
2019-09-10,7.240000,7.650000,7.200000,7.210000,6.094296,7461300
2019-09-11,7.280000,7.520000,7.100000,7.450000,6.297158,8800400
2019-09-12,7.400000,7.510000,7.080000,7.100000,6.001318,6836100
2019-09-13,7.140000,7.360000,7.140000,7.210000,6.094296,8751400
2019-09-16,7.650000,7.900000,7.470000,7.750000,6.550735,11141100
2019-09-17,7.700000,7.875000,7.420000,7.560000,6.390136,8807300
2019-09-18,7.510000,7.835000,7.465000,7.700000,6.508472,6077400
2019-09-19,7.720000,7.800000,7.158000,7.200000,6.085845,8637400
2019-09-20,7.220000,7.470000,7.110000,7.350000,6.212633,44385300
2019-09-23,7.290000,7.395000,7.170000,7.300000,6.170370,9038200
2019-09-24,7.310000,7.330000,7.000000,7.040000,5.950603,8774800
2019-09-25,7.040000,7.280000,7.001000,7.260000,6.136560,5329000
2019-09-26,7.170000,7.470000,7.050000,7.420000,6.271801,6461000
2019-09-27,7.380000,7.630000,7.280000,7.420000,6.271801,5020100
2019-09-30,7.420000,7.580000,7.330000,7.400000,6.254896,5581700
2019-10-01,7.410000,7.470000,7.150000,7.160000,6.052033,5815700
2019-10-02,7.130000,7.170000,6.950000,7.160000,6.052033,4016100
2019-10-03,7.130000,7.290000,6.960000,7.040000,5.950603,4403200
2019-10-04,7.050000,7.180000,6.950000,7.080000,5.984414,5566200
2019-10-07,7.070000,7.200000,6.985000,7.120000,6.018223,3361700
2019-10-08,7.020000,7.130000,6.780000,6.780000,5.730836,3507400
2019-10-09,6.860000,7.040000,6.760000,6.890000,5.823814,4110400
2019-10-10,6.940000,7.200000,6.910000,7.200000,6.085845,3607900
2019-10-11,7.240000,7.430000,7.200000,7.320000,6.187275,3431000
2019-10-14,7.300000,7.440000,7.130000,7.410000,6.263348,3509500
2019-10-15,7.400000,7.680000,7.070000,7.450000,6.297158,4180700
2019-10-16,7.410000,7.550000,7.220000,7.240000,6.119654,3018900
2019-10-17,7.290000,7.520000,7.240000,7.510000,6.347874,3000400
2019-10-18,7.510000,7.630000,7.230000,7.290000,6.161917,6056200
2019-10-21,7.360000,7.450000,7.190000,7.250000,6.128107,4861800
2019-10-22,7.310000,7.440000,7.010000,7.390000,6.246443,3961500
2019-10-23,7.360000,7.645000,7.320000,7.570000,6.398589,4641700
2019-10-24,7.590000,7.660000,7.240000,7.320000,6.187275,5767400
2019-10-25,7.280000,7.470000,7.205000,7.430000,6.280253,5773300
2019-10-28,7.490000,7.650000,7.310000,7.340000,6.204180,3751100
2019-10-29,7.350000,7.480000,7.090000,7.460000,6.305611,8404300
2019-10-30,7.660000,8.450000,7.130000,7.200000,6.085845,14313500
2019-10-31,6.990000,7.010000,6.340000,6.440000,5.686715,12235900
2019-11-01,6.440000,6.730000,6.430000,6.690000,5.907472,6764500
2019-11-04,6.740000,7.230000,6.715000,7.200000,6.357818,7082500
2019-11-05,7.220000,7.250000,6.930000,7.040000,6.216533,4697500
2019-11-06,7.010000,7.100000,6.820000,6.840000,6.039927,3789800
2019-11-07,6.670000,6.770000,6.150000,6.420000,5.669054,21866500
2019-11-08,6.390000,6.390000,6.100000,6.160000,5.439466,5847300
2019-11-11,6.110000,6.120000,5.560000,5.640000,4.980290,8550400
2019-11-12,5.650000,5.820000,5.470000,5.800000,5.121575,10248900
2019-11-13,5.800000,5.840000,5.515000,5.630000,4.971460,7661400
2019-11-14,5.640000,5.740000,5.340000,5.380000,4.750703,7982000
2019-11-15,5.400000,5.500000,5.285000,5.350000,4.724212,6147600
2019-11-18,5.310000,5.340000,4.970000,5.010000,4.423982,5561200
2019-11-19,5.000000,5.080000,4.770000,4.800000,4.238545,5797900
2019-11-20,4.820000,4.890000,4.690000,4.800000,4.238545,12588500
2019-11-21,4.820000,4.950000,4.730000,4.870000,4.300357,10689400
2019-11-22,4.910000,4.965000,4.775000,4.830000,4.265036,7224400
2019-11-25,4.840000,5.090000,4.800000,5.000000,4.415151,6313000
2019-11-26,5.020000,5.045000,4.800000,4.830000,4.265036,3710600
2019-11-27,4.850000,4.860000,4.575000,4.660000,4.114921,4864000
2019-11-29,4.670000,4.730000,4.570000,4.580000,4.044278,2652900
2019-12-02,4.620000,4.710000,4.390000,4.430000,3.911824,5180400
2019-12-03,4.390000,4.565000,4.260000,4.410000,3.894163,6299600
2019-12-04,4.450000,4.650000,4.430000,4.590000,4.053109,6890500
2019-12-05,4.600000,4.630000,4.460000,4.510000,3.982466,4483000
2019-12-06,4.520000,4.620000,4.450000,4.490000,3.964806,5404800
2019-12-09,4.650000,5.630000,4.610000,5.140000,4.538775,15019800
2019-12-10,5.160000,5.590000,5.135000,5.550000,4.900818,10972000
2019-12-11,5.550000,5.610000,5.410000,5.470000,4.830175,6687600
2019-12-12,5.490000,6.040000,5.410000,5.920000,5.227539,10251600
2019-12-13,5.930000,6.040000,5.750000,5.850000,5.165727,6790300
2019-12-16,5.920000,6.125000,5.870000,5.980000,5.280521,5969900
2019-12-17,6.040000,6.520000,6.020000,6.320000,5.580751,10009800
2019-12-18,6.330000,6.700000,6.330000,6.670000,5.889812,8169400
2019-12-19,6.700000,6.950000,6.560000,6.820000,6.022266,12293400
2019-12-20,6.850000,6.990000,6.750000,6.930000,6.119399,15764000
2019-12-23,6.930000,7.260000,6.840000,7.220000,6.375478,7390100
2019-12-24,7.250000,7.280000,7.065000,7.180000,6.340157,2736200
2019-12-26,7.200000,7.560000,7.170000,7.460000,6.587406,6309800
2019-12-27,7.470000,7.580000,7.185000,7.390000,6.525593,9037100
2019-12-30,7.390000,7.440000,7.020000,7.340000,6.481442,8266300
2019-12-31,7.280000,7.620000,7.080000,7.590000,6.702199,5609100
2020-01-02,7.620000,7.653000,7.030000,7.090000,6.260684,4330100
2020-01-03,7.190000,7.250000,6.850000,7.140000,6.304836,5405100
2020-01-06,7.170000,7.480000,7.100000,7.400000,6.534424,5627300
2020-01-07,7.420000,7.425000,7.210000,7.310000,6.454951,4326100
2020-01-08,7.320000,7.370000,6.950000,6.950000,6.137060,3916900
2020-01-09,6.990000,7.070000,6.760000,7.040000,6.216533,4216500
2020-01-10,7.020000,7.060000,6.895000,7.030000,6.207703,3959100
2020-01-13,7.050000,7.280000,6.925000,7.190000,6.348987,2873200
2020-01-14,7.190000,7.440000,7.100000,7.410000,6.543253,2279600
2020-01-15,7.400000,7.600000,7.357000,7.590000,6.702199,3513900
2020-01-16,7.610000,7.870000,7.530000,7.570000,6.684539,4626500
2020-01-17,7.630000,7.670000,7.230000,7.240000,6.393138,7330800
2020-01-21,7.310000,7.330000,6.690000,6.770000,5.978115,10056700
2020-01-22,6.820000,6.830000,6.450000,6.570000,5.801508,6062500
2020-01-23,6.550000,6.615000,6.320000,6.520000,5.757357,5744300
2020-01-24,6.570000,6.610000,6.110000,6.190000,5.465957,6000000
2020-01-27,6.100000,6.300000,5.950000,6.160000,5.439466,8677700
2020-01-28,6.240000,6.270000,6.020000,6.060000,5.351163,5767800
2020-01-29,6.160000,6.180000,5.650000,5.690000,5.024442,8964800
2020-01-30,5.270000,5.370000,5.035000,5.190000,4.844748,8812400
2020-01-31,5.100000,5.200000,4.920000,5.040000,4.704726,10978600
2020-02-03,4.990000,5.250000,4.960000,5.150000,4.807408,5387300
2020-02-04,5.250000,5.300000,4.920000,4.950000,4.620713,6248700
2020-02-05,5.050000,5.330000,5.010000,5.300000,4.947430,6908400
2020-02-06,5.310000,5.370000,4.960000,4.960000,4.630048,5814400
2020-02-07,4.950000,5.030000,4.870000,4.930000,4.602043,4962200
2020-02-10,4.920000,4.990000,4.630000,4.760000,4.443352,7008700
2020-02-11,4.830000,4.940000,4.590000,4.630000,4.322000,12436000
2020-02-12,4.790000,4.900000,4.520000,4.760000,4.443352,13872200
2020-02-13,4.500000,4.870000,4.450000,4.600000,4.293996,8382800
2020-02-14,4.650000,4.710000,4.370000,4.410000,4.116635,6156100
2020-02-18,4.390000,4.480000,4.330000,4.420000,4.125970,8027100
2020-02-19,4.480000,4.920000,4.440000,4.880000,4.555369,8177300
2020-02-20,4.920000,5.100000,4.870000,5.050000,4.714061,8328100
2020-02-21,5.010000,5.050000,4.720000,4.760000,4.443352,7055100
2020-02-24,4.530000,4.710000,4.295000,4.590000,4.284661,14751600
2020-02-25,4.600000,4.710000,4.340000,4.410000,4.116635,11322700
2020-02-26,4.410000,4.550000,4.290000,4.350000,4.060627,6381400
2020-02-27,4.260000,4.320000,3.910000,4.120000,3.845927,7911700
2020-02-28,3.990000,4.500000,3.970000,4.360000,4.069962,7936100
2020-03-02,4.450000,4.500000,4.015000,4.440000,4.144639,7996200
2020-03-03,4.500000,4.670000,4.135000,4.200000,3.920605,5219500
2020-03-04,4.300000,4.420000,4.150000,4.240000,3.957944,3672300
2020-03-05,4.200000,4.250000,4.010000,4.140000,3.864596,4634200
2020-03-06,3.990000,4.190000,3.775000,4.180000,3.901935,8577300
2020-03-09,3.250000,4.020000,3.030000,3.290000,3.071141,9991200
2020-03-10,3.610000,3.640000,2.910000,3.540000,3.304510,7532200
2020-03-11,3.380000,3.710000,3.173000,3.210000,2.996462,5394600
2020-03-12,2.970000,3.140000,2.680000,2.990000,2.791097,8571900
2020-03-13,3.290000,3.290000,2.630000,3.160000,2.949789,9789900
2020-03-16,2.650000,3.430000,2.630000,3.050000,2.847106,6348600
2020-03-17,3.080000,3.310000,2.620000,2.630000,2.455045,8932100
2020-03-18,2.570000,2.850000,1.980000,1.980000,1.848285,15692700
2020-03-19,2.020000,2.380000,1.690000,2.090000,1.950968,21428700
2020-03-20,2.280000,2.700000,2.190000,2.300000,2.146998,14380300
2020-03-23,2.290000,2.580000,2.190000,2.410000,2.249681,7975900
2020-03-24,2.650000,2.810000,2.330000,2.460000,2.296354,8880000
2020-03-25,2.500000,2.770000,2.214000,2.250000,2.100324,12883800
2020-03-26,2.260000,2.440000,2.250000,2.300000,2.146998,7801300
2020-03-27,2.260000,2.330000,2.070000,2.220000,2.072320,3978600
2020-03-30,2.190000,2.400000,2.070000,2.180000,2.034981,7738600
2020-03-31,2.220000,2.390000,2.020000,2.100000,1.960302,11272400
2020-04-01,2.050000,2.265000,1.980000,2.050000,1.913628,7389900
2020-04-02,2.160000,2.640000,2.150000,2.280000,2.128328,10298800
2020-04-03,2.320000,2.570000,2.200000,2.490000,2.324359,7901200
2020-04-06,2.470000,2.790000,2.420000,2.450000,2.287019,6592000
2020-04-07,2.520000,2.750000,2.420000,2.500000,2.333693,15347800
2020-04-08,2.570000,2.700000,2.460000,2.520000,2.352363,10139200
2020-04-09,2.650000,2.850000,2.480000,2.520000,2.352363,18636600
2020-04-13,2.630000,3.080000,2.530000,2.780000,2.595067,15818900
2020-04-14,2.830000,2.930000,2.730000,2.780000,2.595067,12549900
2020-04-15,2.620000,2.820000,2.510000,2.740000,2.557728,6307100
2020-04-16,3.240000,3.260000,2.830000,2.850000,2.660410,12106800
2020-04-17,2.950000,3.560000,2.910000,3.520000,3.285840,10065500
2020-04-20,3.360000,4.270000,3.220000,4.160000,3.883265,13623000
2020-04-21,3.980000,4.450000,3.940000,4.350000,4.060627,10572700
2020-04-22,4.660000,4.880000,4.440000,4.710000,4.396678,10612200
2020-04-23,4.700000,4.970000,4.600000,4.910000,4.583374,8627400
2020-04-24,4.930000,5.150000,4.625000,4.750000,4.434017,8703800
2020-04-27,4.740000,4.980000,4.065000,4.850000,4.527365,16677000
2020-04-28,4.800000,4.890000,4.563000,4.630000,4.322000,8676100
2020-04-29,4.590000,4.590000,4.260000,4.500000,4.500000,8853200
2020-04-30,4.310000,4.940000,4.160000,4.750000,4.750000,11225500
2020-05-01,4.550000,4.890000,4.550000,4.760000,4.760000,8173500
2020-05-04,4.650000,5.075000,4.540000,4.710000,4.710000,9216600
2020-05-05,4.850000,4.950000,4.510000,4.550000,4.550000,11763100
2020-05-06,4.190000,4.345000,3.960000,4.100000,4.100000,10329400
2020-05-07,4.200000,4.210000,3.980000,3.990000,3.990000,9417500