Date,Open,High,Low,Close,Adj Close,Volume
2018-08-09,16.000000,16.639999,16.000000,16.500000,16.139446,3584100
2018-08-10,16.389999,16.480000,16.010000,16.400000,16.041632,337800
2018-08-13,16.450001,16.520000,16.200001,16.500000,16.139446,212100
2018-08-14,16.490000,16.520000,16.350000,16.500000,16.139446,199800
2018-08-15,16.510000,16.530001,16.200001,16.430000,16.070976,82100
2018-08-16,16.400000,16.530001,16.340000,16.430000,16.070976,227800
2018-08-17,16.420000,16.530001,16.400000,16.420000,16.061193,107300
2018-08-20,16.490000,16.549999,16.330000,16.490000,16.129663,69400
2018-08-21,16.520000,16.680000,16.440001,16.639999,16.276388,66700
2018-08-22,16.639999,17.049999,16.600000,17.040001,16.667648,86400
2018-08-23,16.990000,17.860001,16.990000,17.690001,17.303444,229200
2018-08-24,17.650000,18.000000,17.600000,17.700001,17.313225,70800
2018-08-27,17.850000,17.850000,16.870001,17.299999,16.921965,71600
2018-08-28,17.400000,17.980000,17.049999,17.700001,17.313225,56500
2018-08-29,17.790001,17.879999,17.290001,17.590000,17.205627,42700
2018-08-30,17.430000,17.719999,16.850000,17.400000,17.019779,81900
2018-08-31,17.200001,17.469999,16.879999,17.440001,17.058908,82100
2018-09-04,17.440001,17.879999,17.370001,17.750000,17.362133,154700
2018-09-05,17.879999,17.980000,17.690001,17.959999,17.567543,56600
2018-09-06,17.980000,19.620001,17.959999,19.100000,18.682634,318200
2018-09-07,19.129999,19.129999,18.280001,18.980000,18.565254,511900
2018-09-10,18.990000,19.000000,18.139999,18.950001,18.535913,325900
2018-09-11,18.889999,18.990000,17.350000,18.900000,18.487003,393000
2018-09-12,18.950001,18.969999,18.590000,18.850000,18.438097,93300
2018-09-13,18.870001,18.950001,18.389999,18.910000,18.496784,342000
2018-09-14,18.900000,18.950001,18.520000,18.760000,18.350060,90700
2018-09-17,18.830000,18.950001,18.440001,18.889999,18.477221,73200
2018-09-18,18.889999,18.889999,18.260000,18.660000,18.252245,122300
2018-09-19,18.709999,18.830000,18.150000,18.639999,18.232683,305700
2018-09-20,18.760000,18.799999,17.700001,18.100000,17.704485,206600
2018-09-21,18.110001,19.150000,17.900000,18.590000,18.183779,1482300
2018-09-24,19.080000,19.080000,18.600000,18.750000,18.340281,242500
2018-09-25,18.930000,19.000000,18.559999,18.860001,18.447878,202000
2018-09-26,18.860001,19.350000,18.770000,19.139999,18.721756,274000
2018-09-27,19.170000,19.410000,18.840000,19.400000,18.976076,100800
2018-09-28,19.309999,19.340000,19.000000,19.290001,18.868483,120100
2018-10-01,19.370001,19.700001,19.150000,19.459999,19.034767,144200
2018-10-02,19.520000,19.750000,18.950001,19.000000,18.584818,134400
2018-10-03,19.110001,19.870001,19.020000,19.700001,19.269522,66200
2018-10-04,19.660000,19.809999,19.280001,19.510000,19.083673,42800
2018-10-05,19.580000,19.860001,19.230000,19.410000,18.985859,41900
2018-10-08,19.410000,19.780001,19.389999,19.719999,19.289083,57200
2018-10-09,19.719999,19.809999,19.490000,19.660000,19.230394,26700
2018-10-10,19.660000,19.750000,19.510000,19.600000,19.171709,70000
2018-10-11,19.549999,19.770000,19.500000,19.510000,19.083673,52300
2018-10-12,19.610001,19.700001,19.500000,19.680000,19.249958,77300
2018-10-15,19.670000,19.990000,19.500000,19.990000,19.553185,71400
2018-10-16,20.000000,20.219999,19.959999,20.059999,19.621653,237900
2018-10-17,20.020000,20.230000,19.920000,20.230000,19.787941,38100
2018-10-18,20.040001,20.480000,20.040001,20.280001,19.836849,34100
2018-10-19,20.280001,20.280001,19.520000,19.790001,19.357555,48100
2018-10-22,19.879999,19.879999,19.590000,19.610001,19.181488,61800
2018-10-23,19.549999,19.600000,18.950001,19.190001,18.770668,58200
2018-10-24,19.150000,19.629999,18.830000,18.920000,18.506565,171200
2018-10-25,19.030001,19.370001,18.780001,19.370001,18.946733,29200
2018-10-26,19.230000,19.490000,19.090000,19.200001,18.780451,41300
2018-10-29,19.350000,19.430000,18.520000,18.770000,18.359844,21200
2018-10-30,18.719999,19.400000,18.719999,19.250000,18.829353,60300
2018-10-31,19.400000,19.490000,18.530001,19.400000,18.976076,74100
2018-11-01,19.420000,19.650000,19.280001,19.629999,19.201050,28000
2018-11-02,19.650000,19.879999,19.590000,19.750000,19.318428,225900
2018-11-05,19.799999,20.000000,19.520000,19.969999,19.533621,97100
2018-11-06,19.990000,21.360001,19.990000,21.209999,20.746523,48700
2018-11-07,21.230000,21.370001,19.770000,20.160000,19.719469,54000
2018-11-08,20.080000,21.150000,20.080000,21.020000,20.560677,39900
2018-11-09,20.940001,21.250000,20.719999,20.969999,20.511770,25000
2018-11-12,20.930000,22.139999,20.520000,21.680000,21.206255,37500
2018-11-13,21.809999,22.969999,21.809999,22.420000,21.930084,26500
2018-11-14,19.510000,20.150000,19.350000,19.820000,19.386898,776100
2018-11-15,19.700001,19.830000,19.270000,19.820000,19.445765,53000
2018-11-16,19.700001,20.020000,19.250000,19.930000,19.553690,75900
2018-11-19,19.950001,20.180000,19.840000,19.910000,19.534065,99400
2018-11-20,19.889999,20.010000,19.500000,19.889999,19.514442,143700
2018-11-21,19.980000,20.170000,19.559999,19.879999,19.504631,139600
2018-11-23,19.850000,21.080000,19.840000,20.150000,19.769535,90000
2018-11-26,19.950001,20.730000,19.950001,20.650000,20.260094,69400
2018-11-27,20.400000,20.549999,20.299999,20.400000,20.014816,53300
2018-11-28,20.459999,20.620001,19.840000,20.549999,20.161982,128000
2018-11-29,20.590000,21.309999,20.280001,20.830000,20.436697,74400
2018-11-30,20.900000,21.490000,20.520000,21.360001,20.956692,95900
2018-12-03,21.600000,21.600000,20.320000,20.719999,20.328773,46500
2018-12-04,20.740000,20.740000,19.469999,20.020000,19.641991,75800
2018-12-06,19.799999,20.570000,19.709999,20.170000,19.789158,103400
2018-12-07,20.059999,20.330000,19.290001,19.740000,19.367277,78100
2018-12-10,19.629999,20.000000,19.590000,19.840000,19.465389,85000
2018-12-11,19.910000,20.030001,19.760000,19.840000,19.465389,56500
2018-12-12,20.030001,20.030001,19.740000,19.809999,19.435953,75300
2018-12-13,19.840000,19.840000,18.350000,18.590000,18.238993,75000
2018-12-14,18.330000,18.889999,18.330000,18.500000,18.150690,84800
2018-12-17,18.410000,18.799999,18.180000,18.549999,18.199747,82600
2018-12-18,18.620001,18.910000,18.110001,18.219999,17.875978,29700
2018-12-19,18.150000,18.389999,17.250000,17.410000,17.081272,39400
2018-12-20,17.100000,17.340000,16.600000,16.969999,16.649578,101100
2018-12-21,17.020000,17.190001,16.299999,16.840000,16.522036,349800
2018-12-24,17.000000,17.000000,16.129999,16.590000,16.276752,32700
2018-12-26,16.719999,18.389999,16.719999,17.459999,17.130327,37600
2018-12-27,17.280001,18.940001,17.040001,18.750000,18.395971,80000
2018-12-28,18.790001,19.990000,18.330000,19.469999,19.102375,65200
2018-12-31,19.500000,19.610001,18.549999,19.500000,19.131809,102600
2019-01-02,19.430000,19.490000,17.950001,19.480000,19.112186,68200
2019-01-03,19.340000,19.430000,17.930000,19.290001,18.925774,41300
2019-01-04,19.500000,19.500000,18.799999,19.139999,18.778606,71500
2019-01-07,18.990000,19.740000,18.090000,19.709999,19.337845,81200
2019-01-08,19.750000,19.750000,18.270000,19.360001,18.994455,38300
2019-01-09,19.580000,19.650000,18.930000,19.230000,18.866907,153200
2019-01-10,19.070000,19.400000,18.820000,19.200001,18.837477,63800
2019-01-11,18.940001,19.350000,18.629999,18.860001,18.503895,35900
2019-01-14,18.639999,19.180000,18.379999,18.809999,18.454840,47200
2019-01-15,18.860001,18.860001,18.330000,18.660000,18.307667,53400
2019-01-16,18.670000,19.240000,18.650000,19.150000,18.788418,97200
2019-01-17,19.090000,19.400000,19.090000,19.280001,18.915964,27800
2019-01-18,19.350000,19.500000,19.129999,19.450001,19.082754,58100
2019-01-22,19.379999,19.629999,19.040001,19.260000,18.896341,32000
2019-01-23,19.299999,20.500000,18.670000,19.730000,19.357466,86400
2019-01-24,19.700001,19.959999,19.549999,19.790001,19.416334,11300
2019-01-25,19.959999,19.959999,18.760000,19.870001,19.494823,73700
2019-01-28,19.870001,20.080000,19.309999,19.450001,19.082754,24800
2019-01-29,19.530001,19.750000,18.770000,19.370001,19.004265,40800
2019-01-30,19.260000,19.260000,18.150000,18.910000,18.552950,90000
2019-01-31,18.559999,18.620001,17.540001,17.940001,17.601267,107000
2019-02-01,18.150000,19.059999,17.950001,18.799999,18.445024,97800
2019-02-04,18.790001,19.180000,18.160000,18.530001,18.180124,47200
2019-02-05,18.440001,18.790001,18.320000,18.660000,18.307667,23400
2019-02-06,18.610001,18.750000,18.469999,18.590000,18.238993,8500
2019-02-07,18.650000,18.750000,17.990000,18.209999,17.866165,28500
2019-02-08,18.030001,18.680000,17.969999,18.430000,18.082014,41600
2019-02-11,18.170000,18.420000,18.020000,18.110001,17.768053,20000
2019-02-12,18.209999,18.650000,18.070000,18.360001,18.013334,40700
2019-02-13,18.590000,18.750000,18.260000,18.590000,18.238993,54900
2019-02-14,18.400000,18.920000,18.360001,18.389999,18.101189,65900
2019-02-15,18.540001,18.950001,18.129999,18.250000,17.963388,56800
2019-02-19,18.240000,18.760000,18.240000,18.500000,18.209461,21000
2019-02-20,18.490000,18.700001,18.209999,18.309999,18.022446,42700
2019-02-21,18.309999,18.459999,18.200001,18.299999,18.012604,12700
2019-02-22,18.299999,18.450001,18.100000,18.379999,18.091345,15600
2019-02-25,18.440001,18.450001,18.129999,18.129999,17.845270,81500
2019-02-26,18.139999,18.309999,17.639999,17.879999,17.599197,35400
2019-02-27,17.879999,18.299999,17.650000,17.940001,17.658258,24800
2019-02-28,17.540001,18.100000,17.540001,17.709999,17.431870,33200
2019-03-01,17.750000,17.980000,17.639999,17.850000,17.569670,33300
2019-03-04,17.799999,18.180000,17.600000,17.610001,17.333441,47800
2019-03-05,17.580000,17.680000,16.730000,17.010000,16.742861,27400
2019-03-06,17.510000,17.510000,16.740000,16.990000,16.723177,61000
2019-03-07,16.980000,17.219999,16.690001,16.990000,16.723177,35600
2019-03-08,16.940001,16.940001,16.440001,16.650000,16.388517,45400
2019-03-11,16.670000,16.950001,16.520000,16.830000,16.565689,95100
2019-03-12,16.799999,16.799999,16.500000,16.590000,16.329458,44000
2019-03-13,16.590000,16.969999,16.510000,16.780001,16.516476,18500
2019-03-14,16.780001,16.930000,16.620001,16.799999,16.536158,41700
2019-03-15,16.690001,16.820000,16.590000,16.600000,16.339302,104700
2019-03-18,16.590000,16.780001,16.570000,16.600000,16.339302,6200
2019-03-19,16.650000,17.010000,16.420000,16.500000,16.240871,21500
2019-03-20,16.450001,17.100000,16.350000,16.620001,16.358990,34900
2019-03-21,16.480000,16.820000,16.459999,16.459999,16.201500,14500
2019-03-22,16.410000,16.530001,14.580000,15.000000,14.764428,90300
2019-03-25,14.750000,15.140000,14.750000,14.990000,14.754585,32800
2019-03-26,15.060000,15.580000,15.060000,15.340000,15.099090,34900
2019-03-27,15.300000,15.310000,15.000000,15.200000,14.961287,35400
2019-03-28,15.190000,15.450000,14.970000,15.410000,15.167990,64100
2019-03-29,15.400000,15.660000,15.200000,15.650000,15.404221,85100
2019-04-01,15.700000,15.940000,15.320000,15.390000,15.148304,47600
2019-04-02,15.400000,15.700000,15.370000,15.520000,15.276263,41200
2019-04-03,15.590000,16.030001,15.490000,15.570000,15.325478,25100
2019-04-04,15.570000,15.870000,15.540000,15.640000,15.394379,9200
2019-04-05,15.650000,15.810000,15.370000,15.510000,15.266419,33800
2019-04-08,15.880000,15.900000,15.440000,15.520000,15.276263,153900
2019-04-09,15.500000,15.740000,15.220000,15.560000,15.315635,110000
2019-04-10,15.700000,15.760000,15.500000,15.740000,15.492806,67300
2019-04-11,15.760000,16.420000,15.730000,16.070000,15.817626,59600
2019-04-12,16.190001,16.330000,16.000000,16.000000,15.748724,44500
2019-04-15,16.030001,16.440001,15.670000,15.740000,15.492806,26500
2019-04-16,15.840000,16.160000,15.740000,15.760000,15.512493,29000
2019-04-17,15.800000,16.000000,15.740000,15.860000,15.610922,26000
2019-04-18,15.830000,15.970000,15.500000,15.700000,15.453436,53300
2019-04-22,15.780000,15.890000,15.520000,15.690000,15.443592,27500
2019-04-23,15.710000,15.950000,15.580000,15.820000,15.571550,44400
2019-04-24,15.830000,15.950000,15.620000,15.750000,15.502650,18000
2019-04-25,15.730000,15.920000,15.530000,15.620000,15.374692,13500
2019-04-26,15.640000,15.990000,15.530000,15.840000,15.591236,17500
2019-04-29,15.870000,16.740000,15.660000,16.709999,16.447571,35300
2019-04-30,16.990000,17.299999,16.000000,16.950001,16.683807,90300
2019-05-01,16.879999,17.500000,16.780001,17.129999,16.860977,67800
2019-05-02,17.290001,17.850000,16.930000,17.209999,16.939722,53100
2019-05-03,17.360001,17.850000,17.360001,17.500000,17.225166,42300
2019-05-06,17.260000,18.219999,17.139999,17.780001,17.500771,42400
2019-05-07,18.240000,18.350000,17.549999,17.950001,17.668102,39800
2019-05-08,18.070000,18.299999,17.690001,17.860001,17.579514,20300
2019-05-09,17.670000,18.270000,17.670000,17.790001,17.510614,32800
2019-05-10,17.780001,18.350000,17.780001,18.139999,17.855116,24600
2019-05-13,17.969999,17.980000,17.250000,17.450001,17.175955,24000
2019-05-14,17.299999,17.930000,17.139999,17.910000,17.628729,38600
2019-05-15,17.719999,17.830000,17.260000,17.799999,17.579348,34300
2019-05-16,17.820000,17.889999,17.600000,17.680000,17.460836,17500
2019-05-17,17.590000,17.780001,17.270000,17.670000,17.450960,30200
2019-05-20,17.540001,17.840000,17.520000,17.750000,17.529966,47200
2019-05-21,17.750000,18.299999,17.530001,17.830000,17.608974,38000
2019-05-22,17.790001,18.290001,17.559999,17.730000,17.510214,25100
2019-05-23,17.610001,17.680000,16.850000,17.150000,16.937405,29300
2019-05-24,17.230000,17.830000,17.230000,17.709999,17.490463,31000
2019-05-28,17.709999,17.809999,17.450001,17.680000,17.460836,99900
2019-05-29,17.440001,17.820000,16.969999,17.190001,16.976910,61000
2019-05-30,17.219999,17.219999,16.059999,16.750000,16.542364,65300
2019-05-31,16.480000,17.820000,16.030001,16.500000,16.295462,56500
2019-06-03,16.530001,16.799999,16.059999,16.600000,16.394222,36900
2019-06-04,16.530001,17.059999,16.469999,16.940001,16.730009,36600
2019-06-05,16.969999,16.969999,16.320000,16.500000,16.295462,32100
2019-06-06,17.150000,17.150000,16.080000,16.420000,16.216454,34900
2019-06-07,16.459999,16.840000,16.090000,16.420000,16.216454,84200
2019-06-10,16.520000,16.940001,16.190001,16.540001,16.334969,45800
2019-06-11,16.410000,16.480000,16.120001,16.420000,16.216454,35500
2019-06-12,16.750000,17.000000,16.320000,16.900000,16.690504,18600
2019-06-13,16.950001,17.530001,16.950001,17.139999,16.927528,35900
2019-06-14,17.000000,17.299999,16.549999,17.000000,16.789263,26300
2019-06-17,17.000000,17.299999,16.580000,16.799999,16.591743,20000
2019-06-18,16.940001,17.450001,16.809999,17.180000,16.967033,28500
2019-06-19,17.200001,17.520000,16.750000,17.230000,17.016413,43500
2019-06-20,17.320000,17.330000,16.730000,17.010000,16.799141,28900
2019-06-21,16.830000,17.090000,16.340000,16.830000,16.621372,82500
2019-06-24,17.160000,17.160000,16.410000,16.500000,16.295462,27200
2019-06-25,16.549999,17.059999,16.320000,16.600000,16.394222,43000
2019-06-26,16.559999,16.900000,16.510000,16.680000,16.473230,17700
2019-06-27,16.700001,17.330000,16.700001,17.330000,17.115173,41300
2019-06-28,17.209999,17.670000,17.209999,17.450001,17.233688,325100
2019-07-01,17.600000,17.719999,17.410000,17.660000,17.441082,32200
2019-07-02,17.620001,17.799999,17.410000,17.770000,17.549721,21200
2019-07-03,17.770000,17.879999,17.660000,17.700001,17.480587,8300
2019-07-05,17.770000,17.879999,17.549999,17.820000,17.599098,17200
2019-07-08,17.809999,17.850000,17.420000,17.559999,17.342321,19900
2019-07-09,17.629999,17.830000,17.430000,17.750000,17.529966,31800
2019-07-10,17.790001,17.830000,17.370001,17.620001,17.401581,18600
2019-07-11,17.600000,17.740000,17.490000,17.680000,17.460836,26700
2019-07-12,17.660000,17.680000,17.480000,17.530001,17.312696,17400
2019-07-15,17.540001,17.570000,17.080000,17.340000,17.125050,21700
2019-07-16,17.309999,17.350000,17.160000,17.200001,16.986786,25700
2019-07-17,17.250000,17.260000,16.920000,16.930000,16.720133,8000
2019-07-18,16.900000,17.219999,16.820000,17.160000,16.947281,7100
2019-07-19,17.049999,17.260000,16.940001,17.200001,16.986786,7800
2019-07-22,17.090000,17.219999,16.920000,17.129999,16.917652,7000
2019-07-23,17.170000,17.170000,16.730000,16.850000,16.641125,9400
2019-07-24,17.030001,17.330000,17.030001,17.270000,17.055918,20800
2019-07-25,16.600000,17.209999,16.600000,17.120001,16.907778,6100
2019-07-26,17.240000,17.280001,16.870001,16.910000,16.700378,33300
2019-07-29,16.750000,17.190001,16.750000,17.010000,16.799141,33000
2019-07-30,16.930000,17.280001,16.870001,17.100000,16.888025,25800
2019-07-31,17.180000,17.700001,17.040001,17.160000,16.947281,39800
2019-08-01,17.250000,17.730000,17.070000,17.070000,16.858397,23300
2019-08-02,16.990000,17.090000,16.610001,16.620001,16.413977,12200
2019-08-05,16.379999,16.590000,15.970000,15.970000,15.772033,14800
2019-08-06,16.270000,16.299999,15.810000,16.059999,15.860916,18700
2019-08-07,15.860000,16.290001,15.820000,16.020000,15.821414,22100
2019-08-08,16.040001,16.680000,15.790000,16.100000,15.900420,29500
2019-08-09,15.920000,16.150000,15.680000,15.890000,15.693025,26600
2019-08-12,15.760000,15.860000,15.660000,15.660000,15.465876,6500
2019-08-13,15.640000,15.870000,15.390000,15.510000,15.317735,43100
2019-08-14,15.420000,15.480000,15.000000,15.300000,15.169019,26000
2019-08-15,15.260000,15.320000,15.000000,15.000000,14.871587,18000
2019-08-16,15.080000,15.630000,14.940000,15.490000,15.357392,52100
2019-08-19,15.550000,15.890000,15.480000,15.800000,15.664739,23000
2019-08-20,15.930000,16.129999,15.360000,15.570000,15.436707,19300
2019-08-21,15.730000,16.090000,15.460000,15.700000,15.565595,51200
2019-08-22,15.720000,16.200001,15.440000,15.780000,15.644910,23100
2019-08-23,15.670000,16.270000,15.110000,15.210000,15.079789,16500
2019-08-26,15.420000,15.850000,15.150000,15.600000,15.466451,19800
2019-08-27,15.670000,15.750000,15.210000,15.370000,15.238420,27200
2019-08-28,15.480000,16.090000,15.430000,15.920000,15.783711,25500
2019-08-29,16.170000,16.290001,15.880000,16.150000,16.011742,20100
2019-08-30,16.170000,16.240000,15.770000,16.049999,15.912598,17400
2019-09-03,15.880000,16.049999,15.460000,15.670000,15.535851,17200
2019-09-04,15.800000,16.170000,15.520000,15.570000,15.436707,19000
2019-09-05,15.880000,16.290001,15.670000,15.750000,15.615167,28300
2019-09-06,15.880000,16.590000,15.880000,16.010000,15.872941,33300
2019-09-09,16.219999,16.219999,15.820000,16.030001,15.892770,48800
2019-09-10,16.590000,16.590000,15.350000,15.830000,15.694482,56000
2019-09-11,15.850000,15.850000,15.450000,15.660000,15.525937,47400
2019-09-12,15.660000,15.790000,15.070000,15.680000,15.545766,59300
2019-09-13,15.790000,15.790000,15.160000,15.290000,15.159104,93300
2019-09-16,15.230000,15.760000,15.050000,15.650000,15.516023,97400
2019-09-17,15.540000,15.690000,15.450000,15.610000,15.476365,83100
2019-09-18,15.660000,15.800000,15.340000,15.760000,15.625081,114400
2019-09-19,15.840000,15.960000,15.560000,15.650000,15.516023,135600
2019-09-20,15.600000,16.059999,15.560000,15.570000,15.436707,320600
2019-09-23,15.650000,15.800000,15.390000,15.710000,15.575508,142300
2019-09-24,15.930000,15.970000,15.400000,15.570000,15.436707,139400
2019-09-25,15.680000,16.270000,15.610000,16.160000,16.021656,53800
2019-09-26,16.080000,16.620001,16.049999,16.100000,15.962170,65000
2019-09-27,16.180000,16.400000,16.100000,16.170000,16.031572,51300
2019-09-30,16.090000,16.480000,15.960000,16.020000,15.882856,93300
2019-10-01,16.190001,16.430000,15.970000,16.030001,15.892770,77600
2019-10-02,15.970000,16.350000,15.930000,16.150000,16.011742,44700
2019-10-03,16.059999,16.410000,15.930000,16.230000,16.091057,59600
2019-10-04,16.160000,16.309999,15.920000,16.280001,16.140629,45100
2019-10-07,16.200001,16.540001,16.200001,16.309999,16.170372,50600
2019-10-08,16.150000,16.170000,16.030001,16.090000,15.952257,362400
2019-10-09,16.180000,16.290001,15.990000,16.090000,15.952257,102600
2019-10-10,16.129999,16.440001,16.129999,16.299999,16.160458,131200
2019-10-11,16.520000,17.250000,16.350000,17.110001,16.963524,144500
2019-10-14,17.010000,17.200001,16.500000,16.990000,16.844551,95300
2019-10-15,17.040001,17.400000,16.700001,17.219999,17.072580,92300
2019-10-16,17.090000,17.219999,16.879999,17.170000,17.023010,60500
2019-10-17,17.150000,17.500000,17.120001,17.400000,17.251041,110400
2019-10-18,17.350000,17.590000,17.240000,17.389999,17.241125,62900
2019-10-21,17.459999,17.570000,17.260000,17.360001,17.211384,43300
2019-10-22,17.500000,17.500000,17.110001,17.330000,17.181641,29500
2019-10-23,17.330000,17.330000,16.990000,17.250000,17.102325,24300
2019-10-24,17.320000,17.440001,17.049999,17.150000,17.003181,65500
2019-10-25,17.110001,17.440001,17.110001,17.290001,17.141983,41700
2019-10-28,17.600000,17.680000,16.809999,17.010000,16.864380,140000
2019-10-29,17.150000,17.400000,16.930000,17.340000,17.191555,519900
2019-10-30,17.350000,17.730000,17.250000,17.709999,17.558388,249700
2019-10-31,17.700001,18.230000,17.650000,18.209999,18.054106,200000
2019-11-01,18.209999,18.600000,18.049999,18.590000,18.430855,158500
2019-11-04,18.850000,18.850000,18.469999,18.580000,18.420938,114200
2019-11-05,18.719999,18.770000,18.370001,18.540001,18.381281,136700
2019-11-06,18.549999,18.709999,18.299999,18.549999,18.391195,85900
2019-11-07,18.660000,18.750000,18.549999,18.600000,18.440769,53100
2019-11-08,18.540001,18.639999,18.320000,18.450001,18.292051,46500
2019-11-11,18.370001,18.750000,18.230000,18.740000,18.579569,69500
2019-11-12,18.750000,19.049999,18.680000,18.959999,18.797686,70500
2019-11-13,18.889999,19.080000,18.650000,18.969999,18.807600,63000
2019-11-14,18.910000,19.040001,18.730000,18.840000,18.757820,46300
2019-11-15,18.969999,19.170000,18.770000,19.030001,18.946991,85800
2019-11-18,18.980000,19.200001,18.820000,19.100000,19.016685,33300
2019-11-19,19.240000,19.270000,19.000000,19.080000,18.996773,64100
2019-11-20,19.030001,19.260000,18.799999,18.969999,18.887251,125100
2019-11-21,19.049999,19.049999,18.790001,18.930000,18.847427,31700
2019-11-22,18.990000,19.139999,18.910000,19.000000,18.917122,87100
2019-11-25,19.070000,19.360001,18.950001,19.340000,19.255638,36600
2019-11-26,19.280001,19.440001,19.150000,19.320000,19.235725,50800
2019-11-27,19.459999,19.480000,19.230000,19.270000,19.185944,31700
2019-11-29,19.170000,19.190001,18.990000,19.120001,19.036598,18700
2019-12-02,19.170000,19.170000,18.860001,19.049999,18.966902,79700
2019-12-03,18.950001,18.980000,18.740000,18.920000,18.837471,49900
2019-12-04,19.040001,19.230000,19.040001,19.100000,19.016685,83200
2019-12-05,19.230000,19.330000,19.120001,19.309999,19.225769,43100
2019-12-06,19.469999,19.770000,19.469999,19.650000,19.564285,72100
2019-12-09,19.660000,19.809999,19.520000,19.629999,19.544373,65600
2019-12-10,19.610001,19.910000,19.480000,19.790001,19.703676,40100
2019-12-11,19.799999,19.799999,19.490000,19.670000,19.584198,36800
2019-12-12,19.700001,19.950001,19.680000,19.850000,19.763414,87900
2019-12-13,19.799999,19.910000,19.600000,19.750000,19.663849,66900
2019-12-16,19.930000,20.000000,19.790001,19.850000,19.763414,49000
2019-12-17,19.969999,19.980000,19.700001,19.840000,19.753458,44400
2019-12-18,19.959999,19.959999,19.719999,19.879999,19.793282,50900
2019-12-19,19.889999,19.889999,19.700001,19.850000,19.763414,41500
2019-12-20,19.870001,19.980000,19.570000,19.940001,19.853022,318300
2019-12-23,19.830000,19.959999,19.580000,19.709999,19.624023,117200
2019-12-24,19.709999,19.760000,19.480000,19.760000,19.673805,23900
2019-12-26,19.610001,19.799999,19.549999,19.690001,19.604113,39000
2019-12-27,19.650000,19.799999,19.430000,19.590000,19.504547,52100
2019-12-30,19.600000,19.719999,19.370001,19.570000,19.484634,58900
2019-12-31,19.559999,19.700001,19.400000,19.450001,19.365158,37900
2020-01-02,19.420000,19.540001,19.030001,19.250000,19.166031,50200
2020-01-03,19.070000,19.240000,18.719999,19.180000,19.096336,72900
2020-01-06,19.090000,19.100000,18.110001,18.889999,18.807600,73300
2020-01-07,18.959999,18.959999,18.500000,18.639999,18.558691,55000
2020-01-08,18.730000,19.110001,18.730000,19.000000,18.917122,49100
2020-01-09,19.000000,19.080000,18.750000,19.020000,18.937035,27700
2020-01-10,19.000000,19.070000,18.850000,19.040001,18.956947,37200
2020-01-13,18.990000,19.290001,18.959999,19.180000,19.096336,35100
2020-01-14,19.150000,19.250000,19.010000,19.150000,19.066467,36300
2020-01-15,19.100000,19.290001,19.049999,19.110001,19.026642,39400
2020-01-16,19.290001,19.430000,18.910000,19.100000,19.016685,29300
2020-01-17,19.260000,19.260000,18.850000,18.950001,18.867340,32700
2020-01-21,18.900000,18.930000,18.670000,18.740000,18.658255,113700
2020-01-22,18.799999,18.799999,18.330000,18.540001,18.459129,39000
2020-01-23,18.360001,18.610001,18.240000,18.500000,18.419302,58600
2020-01-24,18.660000,18.660000,18.000000,18.219999,18.140522,30400
2020-01-27,17.900000,18.260000,17.900000,17.969999,17.891613,28400
2020-01-28,18.040001,18.219999,17.520000,17.549999,17.473446,105800
2020-01-29,17.580000,17.580000,17.170000,17.250000,17.174755,76100
2020-01-30,17.049999,17.400000,17.040001,17.370001,17.294231,64300
2020-01-31,17.799999,19.280001,16.760000,17.240000,17.164799,61600
2020-02-03,17.530001,18.100000,17.330000,17.900000,17.821918,126000
2020-02-04,19.350000,19.430000,18.299999,18.719999,18.638342,74800
2020-02-05,19.120001,19.400000,18.730000,18.840000,18.757820,25800
2020-02-06,18.959999,18.959999,18.350000,18.420000,18.339651,36400
2020-02-07,18.360001,18.520000,18.290001,18.480000,18.399389,34400
2020-02-10,18.420000,19.100000,18.389999,18.760000,18.678167,61800
2020-02-11,18.850000,19.400000,18.510000,18.690001,18.608475,41800
2020-02-12,18.719999,18.900000,18.480000,18.590000,18.508909,36000
2020-02-13,19.270000,19.270000,18.520000,18.750000,18.668211,26400
2020-02-14,18.690001,18.790001,18.070000,18.139999,18.060871,31500
2020-02-18,18.139999,18.250000,18.010000,18.129999,18.050915,25400
2020-02-19,18.200001,18.440001,18.080000,18.340000,18.260000,158600
2020-02-20,18.150000,18.559999,18.150000,18.420000,18.420000,31900
2020-02-21,18.430000,18.549999,18.049999,18.200001,18.200001,28700
2020-02-24,17.680000,18.180000,17.530001,17.639999,17.639999,59000
2020-02-25,17.740000,17.830000,17.160000,17.389999,17.389999,133200
2020-02-26,17.490000,17.750000,17.280001,17.570000,17.570000,54600
2020-02-27,17.190001,17.500000,16.100000,16.120001,16.120001,88400
2020-02-28,15.740000,16.549999,15.350000,16.010000,16.010000,106500
2020-03-02,16.129999,17.190001,15.970000,17.020000,17.020000,116000
2020-03-03,16.990000,16.990000,15.860000,16.110001,16.110001,93600
2020-03-04,16.370001,16.500000,15.920000,16.500000,16.500000,72300
2020-03-05,16.010000,16.010000,15.560000,15.800000,15.800000,76900
2020-03-06,15.200000,15.780000,15.070000,15.640000,15.640000,131000
2020-03-09,14.690000,15.690000,13.730000,14.450000,14.450000,104300
2020-03-10,14.760000,14.970000,14.070000,14.230000,14.230000,160500
2020-03-11,13.880000,13.890000,12.990000,13.020000,13.020000,256100
2020-03-12,12.420000,12.670000,11.530000,11.670000,11.670000,238800
2020-03-13,12.200000,12.780000,11.250000,11.770000,11.770000,225400
2020-03-16,10.670000,10.950000,10.180000,10.390000,10.390000,167700
2020-03-17,10.550000,10.570000,9.180000,9.710000,9.710000,460400
2020-03-18,9.120000,9.550000,8.880000,8.890000,8.890000,307500
2020-03-19,8.850000,10.330000,8.470000,10.110000,10.110000,283400
2020-03-20,10.070000,11.750000,8.860000,9.080000,9.080000,249900
2020-03-23,9.230000,9.370000,7.900000,8.130000,8.130000,143700
2020-03-24,8.730000,9.550000,8.430000,9.000000,9.000000,191000
2020-03-25,9.020000,9.330000,8.550000,9.000000,9.000000,118500
2020-03-26,9.170000,10.000000,9.010000,9.780000,9.780000,107800
2020-03-27,9.700000,10.440000,8.470000,9.220000,9.220000,187900
2020-03-30,9.140000,10.530000,8.740000,10.320000,10.320000,152700
2020-03-31,10.170000,10.880000,9.590000,10.820000,10.820000,178000
2020-04-01,10.770000,11.160000,9.190000,9.260000,9.260000,95700
2020-04-02,9.150000,9.530000,8.650000,8.890000,8.890000,240100
2020-04-03,8.670000,9.370000,8.500000,8.840000,8.840000,57500
2020-04-06,9.280000,10.160000,8.450000,9.000000,9.000000,117900
2020-04-07,9.180000,9.590000,8.780000,9.030000,9.030000,118500
2020-04-08,9.250000,9.810000,9.130000,9.610000,9.610000,120000
2020-04-09,9.840000,10.130000,9.430000,9.700000,9.700000,143400
2020-04-13,9.740000,10.100000,9.120000,9.660000,9.660000,97000
2020-04-14,9.950000,10.030000,9.120000,9.320000,9.320000,116300
2020-04-15,9.170000,9.700000,8.620000,9.230000,9.230000,99800
2020-04-16,9.250000,9.250000,8.270000,8.540000,8.540000,109100
2020-04-17,8.940000,9.400000,8.940000,9.310000,9.310000,116000
2020-04-20,9.220000,9.670000,8.710000,9.170000,9.170000,86700
2020-04-21,8.860000,10.070000,8.830000,9.420000,9.420000,82800
2020-04-22,9.570000,9.620000,8.860000,9.320000,9.320000,52600
2020-04-23,9.320000,10.020000,9.090000,9.640000,9.640000,95600
2020-04-24,9.650000,10.330000,9.400000,10.270000,10.270000,56400
2020-04-27,10.430000,11.340000,10.270000,11.010000,11.010000,191500
2020-04-28,11.330000,11.840000,10.670000,10.710000,10.710000,53500
2020-04-29,11.010000,11.930000,10.900000,11.750000,11.750000,57600
2020-04-30,10.910000,11.990000,9.550000,10.700000,10.700000,105800
2020-05-01,11.280000,11.280000,10.190000,10.850000,10.850000,76600
2020-05-04,10.650000,10.750000,10.070000,10.350000,10.350000,99100
2020-05-05,10.050000,10.710000,9.960000,10.020000,10.020000,69000
2020-05-06,10.180000,10.180000,9.540000,9.740000,9.740000,95700
2020-05-07,9.900000,10.190000,9.680000,10.000000,10.000000,58600