Date,Open,High,Low,Close,Adj Close,Volume
2017-08-11,24.690001,24.700001,24.664000,24.674999,23.179867,6500
2017-08-14,24.899000,24.899000,24.899000,24.899000,23.390295,200
2017-08-15,24.840000,24.840000,24.827000,24.827999,23.323595,800
2017-08-16,24.830000,24.830000,24.830000,24.830000,23.325476,0
2017-08-17,24.660000,24.660000,24.569000,24.569000,23.080292,1900
2017-08-18,24.400000,24.537001,24.400000,24.537001,23.050226,2500
2017-08-21,24.490000,24.549999,24.450001,24.549999,23.062441,2800
2017-08-22,24.549999,24.549999,24.549999,24.549999,23.062441,0
2017-08-23,24.694000,24.694000,24.694000,24.694000,23.197714,200
2017-08-24,24.694000,24.694000,24.694000,24.694000,23.197714,0
2017-08-25,24.700001,24.770000,24.700001,24.740000,23.240927,1000
2017-08-28,24.639999,24.639999,24.639999,24.639999,23.146988,800
2017-08-29,24.639999,24.639999,24.639999,24.639999,23.146988,0
2017-08-30,24.730000,24.730000,24.730000,24.730000,23.231531,100
2017-08-31,24.730000,24.730000,24.730000,24.730000,23.231531,0
2017-09-01,24.730000,24.730000,24.730000,24.730000,23.231531,0
2017-09-05,24.730000,24.730000,24.730000,24.730000,23.231531,0
2017-09-06,24.730000,24.730000,24.730000,24.730000,23.231531,0
2017-09-07,24.730000,24.730000,24.730000,24.730000,23.231531,0
2017-09-08,24.730000,24.730000,24.730000,24.730000,23.231531,0
2017-09-11,24.730000,24.730000,24.730000,24.730000,23.231531,0
2017-09-12,24.825001,24.825001,24.825001,24.825001,23.320780,500
2017-09-13,24.900000,24.900000,24.900000,24.900000,23.391233,2000
2017-09-14,24.930000,24.950001,24.930000,24.934999,23.424114,28400
2017-09-15,24.940001,24.940001,24.940001,24.940001,23.428810,1100
2017-09-18,24.950001,25.000000,24.950001,25.000000,23.485172,900
2017-09-19,25.000000,25.000000,25.000000,25.000000,23.485172,0
2017-09-20,25.000000,25.000000,25.000000,25.000000,23.485172,0
2017-09-21,25.000000,25.000000,25.000000,25.000000,23.485172,0
2017-09-22,25.049999,25.049999,25.010000,25.010000,23.494566,400
2017-09-25,25.010000,25.010000,25.010000,25.010000,23.494566,0
2017-09-26,25.010000,25.010000,25.010000,25.010000,23.560511,0
2017-09-27,25.219999,25.230000,25.219999,25.230000,23.767761,4000
2017-09-28,25.240000,25.240000,25.240000,25.240000,23.777180,100
2017-09-29,25.240000,25.240000,25.240000,25.240000,23.777180,0
2017-10-02,25.389999,25.409000,25.389999,25.389999,23.918488,800
2017-10-03,25.389999,25.389999,25.389999,25.389999,23.918488,0
2017-10-04,25.389999,25.389999,25.389999,25.389999,23.918488,0
2017-10-05,25.520000,25.629999,25.520000,25.629999,24.144577,4300
2017-10-06,25.549999,25.549999,25.547001,25.549999,24.069216,1100
2017-10-09,25.549999,25.549999,25.549999,25.549999,24.069216,500
2017-10-10,25.570000,25.570000,25.510000,25.510000,24.031532,1300
2017-10-11,25.510000,25.510000,25.510000,25.510000,24.031532,2000
2017-10-12,25.510000,25.510000,25.510000,25.510000,24.031532,0
2017-10-13,25.410000,25.410000,25.280001,25.365000,23.894934,3100
2017-10-16,25.348000,25.348000,25.348000,25.348000,23.878920,200
2017-10-17,25.349001,25.349001,25.349001,25.349001,23.879864,100
2017-10-18,25.450001,25.450001,25.450001,25.450001,23.975014,2000
2017-10-19,25.450001,25.450001,25.450001,25.450001,23.975014,0
2017-10-20,25.450001,25.450001,25.450001,25.450001,23.975014,0
2017-10-23,25.760000,25.760000,25.670000,25.670000,24.182261,1300
2017-10-24,25.670000,25.670000,25.670000,25.670000,24.182261,1800
2017-10-25,25.459999,25.459999,25.459999,25.459999,23.984430,1000
2017-10-26,25.459999,25.459999,25.459999,25.459999,23.984430,0
2017-10-27,25.489000,25.489000,25.469999,25.469999,23.993849,200
2017-10-30,25.469999,25.469999,25.469999,25.469999,23.993849,0
2017-10-31,25.520000,25.600000,25.520000,25.580000,24.097473,1400
2017-11-01,25.580000,25.580000,25.580000,25.580000,24.097473,0
2017-11-02,25.580000,25.580000,25.580000,25.580000,24.097473,100
2017-11-03,25.680000,25.680000,25.680000,25.680000,24.191681,1100
2017-11-06,25.680000,25.680000,25.680000,25.680000,24.191681,0
2017-11-07,25.680000,25.680000,25.680000,25.680000,24.191681,0
2017-11-08,25.500000,25.500000,25.500000,25.500000,24.022112,200
2017-11-09,25.500000,25.500000,25.500000,25.500000,24.022112,0
2017-11-10,25.500000,25.500000,25.500000,25.500000,24.022112,5000
2017-11-13,25.559999,25.559999,25.559999,25.559999,24.078634,700
2017-11-14,25.559999,25.559999,25.559999,25.559999,24.078634,0
2017-11-15,25.900000,25.900000,25.740000,25.740000,24.248203,1200
2017-11-16,25.740000,25.740000,25.740000,25.740000,24.248203,0
2017-11-17,25.690001,25.690001,25.690001,25.690001,24.201101,100
2017-11-20,25.690001,25.690001,25.690001,25.690001,24.201101,0
2017-11-21,25.690001,25.690001,25.690001,25.690001,24.201101,0
2017-11-22,25.690001,25.690001,25.690001,25.690001,24.201101,0
2017-11-24,25.690001,25.690001,25.690001,25.690001,24.201101,0
2017-11-27,25.690001,25.690001,25.690001,25.690001,24.201101,0
2017-11-28,25.849001,25.849001,25.820000,25.840000,24.342403,5500
2017-11-29,26.180000,26.180000,26.180000,26.180000,24.662699,200
2017-11-30,26.650000,26.650000,26.600000,26.600000,25.058357,8700
2017-12-01,26.670000,26.670000,26.410000,26.410000,24.879370,600
2017-12-04,27.020000,27.129999,27.020000,27.110001,25.538801,34100
2017-12-05,26.920000,26.930000,26.920000,26.930000,25.369234,3800
2017-12-06,26.719999,26.760000,26.719999,26.760000,25.209085,7500
2017-12-07,26.820000,26.820000,26.820000,26.820000,25.265608,11300
2017-12-08,27.000000,27.000000,27.000000,27.000000,25.435177,200
2017-12-11,27.000000,27.000000,27.000000,27.000000,25.435177,0
2017-12-12,27.100000,27.129999,27.100000,27.129999,25.557642,129500
2017-12-13,27.129000,27.139999,27.129000,27.139999,25.567062,15900
2017-12-14,27.139999,27.139999,26.884001,26.884001,25.325901,18200
2017-12-15,27.020000,27.030001,27.020000,27.030001,25.463438,1400
2017-12-18,27.219999,27.280001,27.219999,27.230000,25.651848,51500
2017-12-19,27.340000,27.340000,27.340000,27.340000,25.755472,1000
2017-12-20,27.180000,27.184999,27.180000,27.184999,25.609455,1600
2017-12-21,27.105000,27.240000,27.105000,27.240000,25.722771,900
2017-12-22,27.250000,27.250000,27.240000,27.240000,25.722771,2800
2017-12-26,27.309999,27.309999,27.240000,27.285999,25.766212,900
2017-12-27,27.240000,27.240000,27.240000,27.240000,25.722771,600
2017-12-28,27.240000,27.240000,27.240000,27.240000,25.722771,0
2017-12-29,27.370001,27.370001,27.360001,27.360001,25.836088,500
2018-01-02,27.400000,27.400000,27.290001,27.309999,25.788876,11600
2018-01-03,27.600000,27.600000,27.340000,27.340000,25.817202,3400
2018-01-04,27.360001,27.490000,27.360001,27.420000,25.892746,1200
2018-01-05,27.448000,27.448000,27.448000,27.448000,25.919186,400
2018-01-08,27.600000,27.600000,27.600000,27.600000,26.062719,200
2018-01-09,27.510000,27.660000,27.510000,27.650000,26.109938,11200
2018-01-10,27.650000,27.650000,27.650000,27.650000,26.109938,0
2018-01-11,27.719999,27.730000,27.650000,27.730000,26.185476,23700
2018-01-12,27.790001,27.870001,27.790001,27.820999,26.271410,4100
2018-01-16,28.070000,28.070000,27.889999,27.889999,26.336567,11600
2018-01-17,27.790001,28.025000,27.790001,27.990000,26.430998,1000
2018-01-18,28.020000,28.020000,28.020000,28.020000,26.459328,20100
2018-01-19,28.080000,28.110001,28.018999,28.080000,26.515985,16000
2018-01-22,28.059999,28.318001,28.059999,28.318001,26.740730,2900
2018-01-23,28.410000,28.410000,28.385000,28.385000,26.803997,1000
2018-01-24,28.400000,28.490000,28.299999,28.299999,26.723730,3600
2018-01-25,28.351000,28.355000,28.340000,28.355000,26.775667,1200
2018-01-26,28.370001,28.400000,28.340000,28.340000,26.761505,900
2018-01-29,28.459999,28.530001,28.459999,28.530001,26.940918,300
2018-01-30,28.180000,28.190001,28.180000,28.180000,26.610415,900
2018-01-31,28.170000,28.190001,28.000999,28.059999,26.497103,1800
2018-02-01,28.129999,28.129999,28.030001,28.030001,26.468771,16800
2018-02-02,27.899000,27.899000,27.570000,27.570000,26.034391,800
2018-02-05,27.370001,27.450001,26.690001,26.864000,25.367716,17200
2018-02-06,26.516001,26.516001,26.250000,26.340000,24.872902,1100
2018-02-07,26.600000,27.030001,26.600000,26.870001,25.373379,3700
2018-02-08,26.600000,27.323000,25.950001,25.950001,24.504623,6900
2018-02-09,25.830000,25.969999,25.490000,25.730000,24.296877,6600
2018-02-12,26.219999,26.350000,26.129999,26.270000,24.806799,2100
2018-02-13,26.295000,26.295000,26.295000,26.295000,24.830408,100
2018-02-14,26.771000,26.795000,26.771000,26.795000,25.302559,600
2018-02-15,26.910000,26.990000,26.750000,26.990000,25.486696,2600
2018-02-16,27.261000,27.261000,27.090000,27.090000,25.581125,1000
2018-02-20,26.900000,26.900000,26.900000,26.900000,25.401711,400
2018-02-21,26.976999,26.976999,26.976999,26.976999,25.474419,300
2018-02-22,26.976999,26.976999,26.976999,26.976999,25.474419,0
2018-02-23,26.840000,26.889999,26.840000,26.889999,25.392269,2200
2018-02-26,27.200001,27.200001,27.170000,27.170000,25.656672,3100
2018-02-27,27.360001,27.360001,27.330000,27.330000,25.807758,800
2018-02-28,26.920000,26.920000,26.920000,26.920000,25.420593,300
2018-03-01,26.450001,26.450001,26.450001,26.450001,24.976778,400
2018-03-02,26.450001,26.450001,26.450001,26.450001,24.976778,0
2018-03-05,26.450001,26.450001,26.450001,26.450001,24.976778,0
2018-03-06,26.790001,26.875000,26.680000,26.875000,25.378101,2800
2018-03-07,26.660000,26.679001,26.660000,26.679001,25.193020,300
2018-03-08,26.679001,26.679001,26.679001,26.679001,25.193020,0
2018-03-09,26.879999,27.160000,26.879999,27.160000,25.647228,6300
2018-03-12,27.190001,27.190001,27.152000,27.152000,25.639675,1000
2018-03-13,27.270000,27.280001,27.083000,27.083000,25.574518,9900
2018-03-14,27.129999,27.129999,27.030001,27.030001,25.524467,500
2018-03-15,27.000000,27.000000,26.940001,26.950001,25.448923,3500
2018-03-16,26.950001,26.950001,26.950001,26.950001,25.448923,0
2018-03-19,26.629999,26.629999,26.629999,26.629999,25.146748,200
2018-03-20,26.629999,26.680000,26.629999,26.680000,25.193964,3600
2018-03-21,26.680000,26.680000,26.680000,26.680000,25.193964,0
2018-03-22,26.680000,26.680000,26.680000,26.680000,25.315416,0
2018-03-23,26.080000,26.100000,25.940001,25.945000,24.618008,2500
2018-03-26,25.698000,25.698000,25.698000,25.698000,24.383642,400
2018-03-27,26.150000,26.150000,25.969999,25.969999,24.641731,700
2018-03-28,25.969999,25.969999,25.969999,25.969999,24.641731,0
2018-03-29,26.000000,26.000000,26.000000,26.000000,24.670195,300
2018-04-02,26.000000,26.000000,26.000000,26.000000,24.670195,0
2018-04-03,26.000000,26.000000,26.000000,26.000000,24.670195,0
2018-04-04,25.750000,26.105000,25.590000,26.100000,24.765081,4800
2018-04-05,26.260000,26.260000,26.260000,26.260000,24.916895,400
2018-04-06,26.260000,26.260000,26.260000,26.260000,24.916895,0
2018-04-09,26.040001,26.040001,25.879999,25.920000,24.594288,2700
2018-04-10,26.040001,26.219999,26.040001,26.150000,24.812523,2100
2018-04-11,25.969999,25.969999,25.969999,25.969999,24.641731,600
2018-04-12,25.969999,25.969999,25.969999,25.969999,24.641731,0
2018-04-13,25.969999,25.969999,25.969999,25.969999,24.641731,0
2018-04-16,26.090000,26.200001,26.090000,26.200001,24.859968,9000
2018-04-17,26.450001,26.459999,26.384001,26.384001,25.034555,300
2018-04-18,26.549999,26.549999,26.400000,26.540001,25.182577,37200
2018-04-19,26.480000,26.480000,25.280001,26.370001,25.021273,1400
2018-04-20,26.459999,26.459999,26.230000,26.230000,24.888432,300
2018-04-23,26.230000,26.240000,26.230000,26.240000,24.897921,2100
2018-04-24,26.459999,26.459999,26.459999,26.459999,25.106668,500
2018-04-25,26.240000,26.240000,26.240000,26.240000,24.897921,200
2018-04-26,26.240000,26.240000,26.240000,26.240000,24.897921,0
2018-04-27,26.450001,26.580000,26.410000,26.580000,25.220530,3200
2018-04-30,26.650000,26.650000,26.299999,26.299999,24.954851,1500
2018-05-01,26.219999,26.219999,26.219999,26.219999,24.878942,100
2018-05-02,26.180000,26.299999,26.180000,26.219999,24.878942,1900
2018-05-03,25.840000,25.980000,25.840000,25.980000,24.651218,1600
2018-05-04,26.180000,26.180000,26.180000,26.180000,24.840986,300
2018-05-07,26.459999,26.459999,26.309999,26.360001,25.011782,2400
2018-05-08,26.360001,26.360001,26.360001,26.360001,25.011782,0
2018-05-09,26.299999,26.299999,26.299999,26.299999,24.954851,700
2018-05-10,26.299999,26.299999,26.299999,26.299999,24.954851,0
2018-05-11,26.700001,26.700001,26.700001,26.700001,25.334393,500
2018-05-14,26.740000,26.840000,26.740000,26.840000,25.467232,500
2018-05-15,26.840000,26.840000,26.840000,26.840000,25.467232,0
2018-05-16,26.840000,26.840000,26.840000,26.840000,25.467232,0
2018-05-17,26.840000,26.840000,26.840000,26.840000,25.467232,0
2018-05-18,26.760000,26.760000,26.750000,26.750000,25.381836,400
2018-05-21,26.820000,26.820000,26.780001,26.780001,25.410301,700
2018-05-22,26.889999,26.889999,26.860001,26.860001,25.486210,400
2018-05-23,26.639999,26.700001,26.639999,26.700001,25.334393,3000
2018-05-24,26.760000,26.760000,26.760000,26.760000,25.391323,100
2018-05-25,26.760000,26.760000,26.760000,26.760000,25.391323,0
2018-05-29,26.530001,26.549999,26.520000,26.549999,25.192064,600
2018-05-30,26.549999,26.900000,26.549999,26.900000,25.524166,1100
2018-05-31,26.760000,26.889999,26.580000,26.580000,25.220530,900
2018-06-01,26.580000,26.580000,26.580000,26.580000,25.220530,0
2018-06-04,26.889999,26.889999,26.889999,26.889999,25.514677,800
2018-06-05,26.799999,26.799999,26.799999,26.799999,25.429279,800
2018-06-06,26.920000,26.990000,26.844999,26.990000,25.609560,2700
2018-06-07,26.990000,26.990000,26.990000,26.990000,25.609560,0
2018-06-08,26.990000,26.990000,26.990000,26.990000,25.609560,0
2018-06-11,27.270000,27.360001,27.260000,27.320000,25.922680,2600
2018-06-12,27.260000,27.389999,27.260000,27.330000,25.932171,800
2018-06-13,27.330000,27.330000,27.330000,27.330000,25.932171,0
2018-06-14,27.240000,27.260000,27.180000,27.250000,25.856260,9700
2018-06-15,27.219999,27.219999,27.170000,27.209999,25.818310,2000
2018-06-18,27.209999,27.209999,27.209999,27.209999,25.818310,0
2018-06-19,27.139999,27.190001,27.100000,27.180000,25.789841,4000
2018-06-20,27.230000,27.274000,27.230000,27.274000,25.879036,400
2018-06-21,27.219999,27.290001,27.209999,27.250000,25.856260,49900
2018-06-22,27.374001,27.400000,27.374001,27.400000,25.998592,6100
2018-06-25,27.379999,27.379999,27.090000,27.094999,25.709192,3100
2018-06-26,27.230000,27.230000,27.020000,27.110001,25.723423,1700
2018-06-27,27.139999,27.209999,27.139999,27.139999,25.751888,2200
2018-06-28,26.870001,26.870001,26.830000,26.843000,25.470079,500
2018-06-29,27.184999,27.184999,27.184999,27.184999,25.794586,500
2018-07-02,26.940001,27.025000,26.924999,27.025000,25.642769,600
2018-07-03,27.080000,27.080000,27.020000,27.080000,25.841257,6100
2018-07-05,27.040001,27.040001,27.040001,27.040001,25.803085,500
2018-07-06,27.202999,27.319000,27.184999,27.290001,26.041649,2900
2018-07-09,27.420000,27.469999,27.410000,27.469999,26.213415,1000
2018-07-10,27.469999,27.520000,27.469999,27.500000,26.242041,1600
2018-07-11,27.414000,27.414000,27.389999,27.389999,26.137075,600
2018-07-12,27.360001,27.476000,27.360001,27.440001,26.184790,7100
2018-07-13,27.520000,27.520000,27.520000,27.520000,26.261129,100
2018-07-16,27.520000,27.520000,27.520000,27.520000,26.261129,0
2018-07-17,27.549999,27.549999,27.497999,27.497999,26.240133,1300
2018-07-18,27.420000,27.420000,27.420000,27.420000,26.165701,200
2018-07-19,27.650000,27.650000,27.650000,27.650000,26.385183,400
2018-07-20,27.580000,27.580000,27.520000,27.520000,26.261129,1000
2018-07-23,27.629000,27.629999,27.629000,27.629999,26.366096,700
2018-07-24,27.570000,27.570000,27.559999,27.559999,26.299297,500
2018-07-25,27.610001,27.610001,27.549999,27.559999,26.299297,1300
2018-07-26,27.750000,27.771999,27.750000,27.771999,26.501598,600
2018-07-27,27.889999,27.889999,27.660000,27.660000,26.394724,600
2018-07-30,27.709999,27.723000,27.674999,27.674999,26.409039,2400
2018-07-31,27.750000,27.750000,27.750000,27.750000,26.480608,1000
2018-08-01,27.840000,27.840000,27.650000,27.650000,26.385183,600
2018-08-02,27.620001,27.754999,27.620001,27.754999,26.485378,200
2018-08-03,27.855000,27.895000,27.855000,27.895000,26.618975,300
2018-08-06,27.895000,27.895000,27.895000,27.895000,26.618975,0
2018-08-07,28.070000,28.131001,28.070000,28.131001,26.844179,300
2018-08-08,28.131001,28.131001,28.131001,28.131001,26.844179,100
2018-08-09,28.209999,28.230000,28.209999,28.230000,26.938652,700
2018-08-10,28.230000,28.230000,28.230000,28.230000,26.938652,100
2018-08-13,28.230000,28.230000,28.230000,28.230000,26.938652,200
2018-08-14,28.020000,28.150000,28.020000,28.139000,26.851812,1800
2018-08-15,28.000000,28.010000,27.980000,28.010000,26.728712,600
2018-08-16,28.219999,28.219999,28.219999,28.219999,26.929108,200
2018-08-17,28.219999,28.219999,28.219999,28.219999,26.929108,0
2018-08-20,28.570000,28.570000,28.570000,28.570000,27.263098,100
2018-08-21,28.620001,28.620001,28.580000,28.580000,27.272642,1000
2018-08-22,28.490000,28.490000,28.469999,28.469999,27.167667,600
2018-08-23,28.520000,28.520000,28.480000,28.480000,27.177214,800
2018-08-24,28.450001,28.450001,28.450001,28.450001,27.148588,200
2018-08-27,28.660000,28.709999,28.660000,28.695000,27.382378,600
2018-08-28,28.730000,28.730000,28.684999,28.686001,27.373791,1800
2018-08-29,28.686001,28.686001,28.686001,28.686001,27.373791,0
2018-08-30,28.709999,28.709999,28.709999,28.709999,27.396690,1400
2018-08-31,28.709999,28.709999,28.709999,28.709999,27.396690,0
2018-09-04,28.709999,28.709999,28.709999,28.709999,27.396690,0
2018-09-05,28.715000,28.715000,28.662001,28.662001,27.350887,800
2018-09-06,28.809999,28.809999,28.805000,28.805000,27.487349,1400
2018-09-07,28.735001,28.747000,28.709999,28.709999,27.396690,2900
2018-09-10,28.719999,28.830000,28.719999,28.770000,27.453947,3300
2018-09-11,28.610001,28.610001,28.610001,28.610001,27.301268,800
2018-09-12,28.910000,28.910000,28.740000,28.790001,27.473036,9100
2018-09-13,28.750000,28.830000,28.750000,28.790001,27.473036,14900
2018-09-14,28.770000,28.799999,28.700001,28.700001,27.387148,17400
2018-09-17,28.910000,28.910000,28.910000,28.910000,27.587545,200
2018-09-18,28.730000,28.930000,28.730000,28.930000,27.606630,2000
2018-09-19,28.910000,28.930000,28.840000,28.840000,27.520746,6100
2018-09-20,28.860001,29.020000,28.860001,28.969999,27.644798,9000
2018-09-21,28.969999,28.969999,28.969999,28.969999,27.644798,0
2018-09-24,28.860001,28.860001,28.691999,28.740000,27.425322,1700
2018-09-25,28.719999,28.719999,28.719999,28.719999,27.406235,100
2018-09-26,28.629999,28.629999,28.459999,28.459999,27.336117,1200
2018-09-27,28.420000,28.420000,28.420000,28.420000,27.297699,100
2018-09-28,28.400000,28.400000,28.350000,28.360001,27.240068,1800
2018-10-01,28.360001,28.360001,28.360001,28.360001,27.240068,0
2018-10-02,28.360001,28.360001,28.360001,28.360001,27.240068,0
2018-10-03,28.469999,28.490000,28.379999,28.379999,27.259275,1500
2018-10-04,28.320000,28.370001,28.250000,28.340000,27.220856,5900
2018-10-05,28.330000,28.469999,28.235001,28.309999,27.192041,4100
2018-10-08,28.240000,28.240000,28.240000,28.240000,27.124805,200
2018-10-09,28.459999,28.549999,28.440001,28.469999,27.345722,2200
2018-10-10,28.590000,28.590000,28.190001,28.190001,27.076782,600
2018-10-11,27.850000,27.850000,27.139999,27.323000,26.244020,12200
2018-10-12,27.365000,27.370001,27.017000,27.200001,26.125875,5100
2018-10-15,27.190001,27.381001,27.190001,27.370001,26.289164,6100
2018-10-16,27.393000,27.709999,27.393000,27.643000,26.551380,1900
2018-10-17,27.709999,27.719999,27.629999,27.629999,26.538895,1300
2018-10-18,27.520000,27.520000,27.379999,27.379999,26.298767,700
2018-10-19,27.405001,27.405001,27.405001,27.405001,26.322783,200
2018-10-22,27.400000,27.469999,27.400000,27.469999,26.385214,800
2018-10-23,26.790001,27.120001,26.790001,27.020000,25.952984,1500
2018-10-24,26.709999,26.709999,26.709999,26.709999,25.655226,200
2018-10-25,26.490000,26.700001,26.490000,26.700001,25.645622,13100
2018-10-26,26.650000,26.650000,26.389999,26.389999,25.347862,1200
2018-10-29,26.799999,26.820000,26.259001,26.259001,25.222034,7400
2018-10-30,26.680000,26.712000,26.600000,26.709999,25.655226,1000
2018-10-31,27.070000,27.139999,27.070000,27.139999,26.068243,9000
2018-11-01,27.177999,27.177999,27.177999,27.177999,26.104742,100
2018-11-02,27.035999,27.042000,27.035999,27.042000,25.974115,500
2018-11-05,27.249001,27.249001,27.249001,27.249001,26.172941,300
2018-11-06,27.249001,27.249001,27.249001,27.249001,26.172941,300
2018-11-07,27.676001,27.957001,27.676001,27.920000,26.817444,8600
2018-11-08,27.907000,27.950001,27.860001,27.860001,26.759815,7300
2018-11-09,27.930000,27.930000,27.646000,27.646000,26.554264,500
2018-11-12,27.680000,27.680000,27.680000,27.680000,26.586924,500
2018-11-13,27.559999,27.570000,27.479000,27.480000,26.394819,1800
2018-11-14,27.459999,27.459999,27.459999,27.459999,26.375608,1100
2018-11-15,26.950001,26.950001,26.889999,26.889999,25.828115,1300
2018-11-16,27.400000,27.400000,27.400000,27.400000,26.317980,600
2018-11-19,27.410000,27.410000,27.299999,27.299999,26.221928,600
2018-11-20,27.150000,27.150000,26.809999,26.809999,25.751274,900
2018-11-21,26.865000,26.865000,26.865000,26.865000,25.804106,800
2018-11-23,26.540001,26.580000,26.540001,26.580000,25.530359,800
2018-11-26,26.950001,26.980000,26.950001,26.980000,25.914566,1300
2018-11-27,26.900000,27.042000,26.900000,27.042000,25.974115,600
2018-11-28,27.170000,27.570000,27.080000,27.570000,26.481262,900
2018-11-29,27.389999,27.504999,27.389999,27.504999,26.418831,1100
2018-11-30,27.600000,27.680000,27.530001,27.665001,26.572514,7200
2018-12-03,28.080000,28.080000,27.750000,27.788000,26.690657,1300
2018-12-04,27.719999,27.719999,27.150000,27.183001,26.109547,1900
2018-12-06,26.920000,26.920000,26.590000,26.667999,25.614883,600
2018-12-07,26.889999,26.889999,26.500000,26.549999,25.501545,800
2018-12-10,26.629999,26.629999,26.270000,26.270000,25.232603,600
2018-12-11,26.780001,26.780001,26.280001,26.299999,25.261415,28400
2018-12-12,26.549999,26.700001,26.549999,26.700001,25.645622,600
2018-12-13,26.350000,26.430000,26.350000,26.360001,25.319048,600
2018-12-14,26.219999,26.240000,26.180000,26.240000,25.203789,1400
2018-12-17,25.590000,25.590000,25.350000,25.362000,24.526836,1100
2018-12-18,25.330000,25.330000,25.090000,25.090000,24.263794,600
2018-12-19,25.100000,25.329000,24.840000,24.920000,24.099392,3800
2018-12-20,24.719999,24.837999,24.360001,24.469999,23.664209,4800
2018-12-21,24.500000,24.709999,24.500000,24.709999,23.896307,1100
2018-12-24,23.629999,23.650000,23.629999,23.650000,22.871212,400
2018-12-26,23.450001,23.450001,23.450001,23.450001,22.677801,500
2018-12-27,24.110001,24.110001,23.990999,23.990999,23.200983,1300
2018-12-28,24.660000,24.804001,24.551001,24.552999,23.744478,11500
2018-12-31,24.719999,24.750000,24.629999,24.750000,23.934988,700
2019-01-02,24.549999,24.820000,24.530001,24.770000,23.954334,44700
2019-01-03,24.679001,24.679001,24.559999,24.559999,23.751247,2400
2019-01-04,24.940001,25.080000,24.940001,25.080000,24.254124,1100
2019-01-07,25.139999,25.490000,25.139999,25.350000,24.515234,1800
2019-01-08,25.660000,25.660000,25.399000,25.448000,24.610006,4700
2019-01-09,25.590000,25.730000,25.590000,25.684999,24.839201,10800
2019-01-10,25.670000,25.730000,25.510000,25.730000,24.882717,2400
2019-01-11,25.670000,25.670000,25.670000,25.670000,24.824694,100
2019-01-14,25.750000,25.750000,25.740000,25.740000,24.892391,200
2019-01-15,25.719999,25.830000,25.719999,25.830000,24.979427,500
2019-01-16,26.100000,26.100000,26.020000,26.070000,25.211521,11100
2019-01-17,26.049999,26.049999,26.049999,26.049999,25.192181,200
2019-01-18,26.280001,26.410000,26.280001,26.410000,25.540327,3000
2019-01-22,26.440001,26.440001,26.299999,26.299999,25.433949,1100
2019-01-23,26.520000,26.520000,26.291000,26.291000,25.425247,13600
2019-01-24,26.291000,26.291000,26.291000,26.291000,25.425247,100
2019-01-25,26.709999,26.709999,26.570000,26.620001,25.743412,10300
2019-01-28,26.430000,26.497000,26.430000,26.497000,25.624462,900
2019-01-29,26.559999,26.559999,26.559999,26.559999,25.685387,100
2019-01-30,26.570000,26.719999,26.570000,26.719999,25.840117,500
2019-01-31,26.780001,26.920000,26.780001,26.920000,26.033531,1400
2019-02-01,26.940001,26.940001,26.879999,26.879999,25.994850,600
2019-02-04,27.040001,27.070000,26.879999,26.930000,26.043203,4800
2019-02-05,27.080000,27.090000,27.030001,27.070000,26.178595,3700
2019-02-06,26.980000,27.000000,26.980000,27.000000,26.110897,600
2019-02-07,26.959999,26.959999,26.830000,26.830000,25.946495,600
2019-02-08,26.840000,26.840000,26.840000,26.840000,25.956167,300
2019-02-11,27.090000,27.090000,26.950001,26.959999,26.072214,1300
2019-02-12,27.330000,27.330000,27.290001,27.290001,26.391350,1800
2019-02-13,27.299999,27.379999,27.299999,27.350000,26.449373,2200
2019-02-14,27.190001,27.389999,27.180000,27.379999,26.478384,3900
2019-02-15,27.625000,27.629999,27.625000,27.629999,26.720152,600
2019-02-19,27.750000,27.790001,27.627001,27.790001,26.874886,3300
2019-02-20,27.650000,27.709999,27.650000,27.709999,26.797520,800
2019-02-21,27.580000,27.580000,27.565001,27.565001,26.657293,500
2019-02-22,27.620001,27.740000,27.620001,27.740000,26.826529,700
2019-02-25,27.740000,27.740000,27.740000,27.740000,26.826529,100
2019-02-26,27.770000,27.770000,27.620001,27.650000,26.739492,800
2019-02-27,27.540001,27.549999,27.540001,27.549999,26.642786,500
2019-02-28,27.559999,27.639999,27.559999,27.639999,26.729824,1800
2019-03-01,27.650000,27.650000,27.540001,27.580000,26.671801,1000
2019-03-04,27.580000,27.580000,27.230000,27.230000,26.333324,1400
2019-03-05,27.400000,27.400000,27.379999,27.379999,26.478384,1400
2019-03-06,27.360001,27.360001,27.360001,27.360001,26.459044,200
2019-03-07,27.110001,27.110001,27.110001,27.110001,26.217276,600
2019-03-08,26.850000,26.990000,26.850000,26.989000,26.100260,1300
2019-03-11,27.049999,27.049999,27.049999,27.049999,26.159250,400
2019-03-12,27.299999,27.490000,27.299999,27.469000,26.564453,8000
2019-03-13,27.420000,27.639999,27.420000,27.610001,26.700811,2500
2019-03-14,27.540001,27.650000,27.530001,27.650000,26.739492,2400
2019-03-15,27.650000,27.730000,27.639999,27.660000,26.749165,12600
2019-03-18,27.850000,27.850000,27.770000,27.799999,26.884554,7400
2019-03-19,27.870001,27.920000,27.684000,27.684000,26.772373,5800
2019-03-20,27.469999,27.520000,27.370001,27.500000,26.718935,4300
2019-03-21,27.422001,27.572001,27.422001,27.572001,26.788891,400
2019-03-22,27.572001,27.572001,27.572001,27.572001,26.788891,0
2019-03-25,27.330000,27.330000,27.200001,27.200001,26.427456,1000
2019-03-26,27.360001,27.360001,27.240000,27.240000,26.466320,1400
2019-03-27,27.389999,27.389999,27.219999,27.219999,26.446888,700
2019-03-28,27.219999,27.219999,27.219999,27.219999,26.446888,100
2019-03-29,27.639999,27.639999,27.639999,27.639999,26.854958,700
2019-04-01,27.610001,27.680000,27.610001,27.670000,26.884108,3300
2019-04-02,27.690001,27.690001,27.690001,27.690001,26.903540,1000
2019-04-03,27.760000,27.760000,27.760000,27.760000,26.971552,200
2019-04-04,27.760000,27.760000,27.760000,27.760000,26.971552,100
2019-04-05,27.870001,28.014999,27.870001,28.014999,27.219309,1700
2019-04-08,28.170000,28.170000,27.969999,27.993000,27.197933,1000
2019-04-09,27.910000,27.910000,27.910000,27.910000,27.117290,800
2019-04-10,27.900000,27.920000,27.900000,27.900000,27.107576,1200
2019-04-11,27.950001,28.030001,27.950001,28.010000,27.214451,3200
2019-04-12,27.969999,27.980000,27.969999,27.980000,27.185301,900
2019-04-15,28.049999,28.124001,28.049999,28.124001,27.325212,400
2019-04-16,28.160000,28.190001,27.959999,27.959999,27.165869,3400
2019-04-17,28.139999,28.139999,27.888000,27.888000,27.095919,2700
2019-04-18,27.888000,27.888000,27.888000,27.888000,27.095919,300
2019-04-22,28.010000,28.010000,27.868999,27.868999,27.077454,1300
2019-04-23,27.902000,28.070000,27.902000,28.070000,27.272747,3200
2019-04-24,28.049999,28.049999,28.049999,28.049999,27.253315,100
2019-04-25,28.100000,28.110001,27.990000,28.094999,27.297035,800
2019-04-26,28.148001,28.160999,28.148001,28.160999,27.361162,400
2019-04-29,28.160000,28.230000,28.160000,28.230000,27.428204,800
2019-04-30,28.129999,28.129999,28.129999,28.129999,27.331043,500
2019-05-01,28.340000,28.340000,28.340000,28.340000,27.535078,600
2019-05-02,28.340000,28.340000,28.340000,28.340000,27.535078,100
2019-05-03,28.240000,28.250000,28.240000,28.250000,27.447634,600
2019-05-06,28.170000,28.209999,28.170000,28.209999,27.408768,600
2019-05-07,27.990000,27.990000,27.990000,27.990000,27.195021,1400
2019-05-08,27.990000,27.990000,27.990000,27.990000,27.195021,100
2019-05-09,27.990000,27.990000,27.990000,27.990000,27.195021,100
2019-05-10,27.639999,27.950001,27.639999,27.950001,27.156155,6800
2019-05-13,27.950001,27.950001,27.950001,27.950001,27.156155,100
2019-05-14,27.950001,27.950001,27.950001,27.950001,27.156155,0
2019-05-15,27.440001,27.709999,27.440001,27.709999,26.922972,900
2019-05-16,27.944000,27.969999,27.944000,27.969999,27.175587,1500
2019-05-17,27.920000,28.020000,27.920000,27.980000,27.185301,3500
2019-05-20,27.940001,27.940001,27.940001,27.940001,27.146441,100
2019-05-21,28.040001,28.040001,28.040001,28.040001,27.243599,100
2019-05-22,28.030001,28.049999,28.030001,28.030001,27.233885,3300
2019-05-23,27.750000,27.750000,27.700001,27.700001,26.913256,4200
2019-05-24,27.900000,27.900000,27.680000,27.820000,27.029848,9100
2019-05-28,27.900000,27.940001,27.520000,27.520000,26.738369,57300
2019-05-29,27.490000,27.490000,27.260000,27.275000,26.500326,1200
2019-05-30,27.290001,27.306999,27.290001,27.306999,26.531416,600
2019-05-31,27.306999,27.306999,27.306999,27.306999,26.531416,100
2019-06-03,27.090000,27.176001,27.059999,27.170000,26.398312,2800
2019-06-04,27.580000,27.580000,27.580000,27.580000,26.796665,600
2019-06-05,27.670000,27.879999,27.670000,27.850000,27.058996,7600
2019-06-06,27.879999,27.889000,27.879999,27.889000,27.096888,800
2019-06-07,28.200001,28.200001,28.100000,28.100000,27.301895,200
2019-06-10,28.200001,28.200001,28.200001,28.200001,27.399055,200
2019-06-11,28.139999,28.139999,28.100000,28.100000,27.301895,800
2019-06-12,28.000000,28.000000,27.993999,27.993999,27.198904,200
2019-06-13,28.059999,28.110001,28.055000,28.055000,27.258173,700
2019-06-14,28.040001,28.120001,28.040001,28.120001,27.321327,900
2019-06-17,28.049999,28.049999,28.049999,28.049999,27.392616,100
2019-06-18,28.230000,28.240000,28.230000,28.240000,27.578161,500
2019-06-19,28.200001,28.200001,28.160000,28.160000,27.500038,300
2019-06-20,28.520000,28.520000,28.190001,28.190001,27.529337,1700
2019-06-21,28.434999,28.434999,28.379999,28.379999,27.714882,700
2019-06-24,28.322001,28.322001,28.170000,28.170000,27.509804,700
2019-06-25,28.120001,28.120001,28.049999,28.051001,27.393595,700
2019-06-26,27.969999,27.969999,27.879999,27.879999,27.226599,3000
2019-06-27,27.969999,28.070000,27.930000,28.070000,27.412148,600
2019-06-28,28.139999,28.240000,28.139999,28.240000,27.578161,200
2019-07-01,28.370001,28.480000,28.370001,28.379999,27.714882,400
2019-07-02,28.440001,28.440001,28.379999,28.400000,27.734413,900
2019-07-03,28.680000,28.680000,28.680000,28.680000,28.007851,100
2019-07-05,28.570000,28.629999,28.570000,28.629999,27.959023,1100
2019-07-08,28.740000,28.740000,28.610001,28.610001,27.939491,300
2019-07-09,28.600000,28.670000,28.600000,28.615999,27.945351,600
2019-07-10,28.709999,28.709999,28.709999,28.709999,28.037146,100
2019-07-11,28.820000,28.820000,28.820000,28.820000,28.144569,100
2019-07-12,28.900000,28.969999,28.900000,28.969999,28.291056,400
2019-07-15,29.230000,29.230000,29.040001,29.040001,28.359415,400
2019-07-16,29.110001,29.110001,28.934000,28.934000,28.255899,700
2019-07-17,28.790001,28.799999,28.750000,28.750000,28.076210,600
2019-07-18,28.730000,28.780001,28.730000,28.780001,28.105509,500
2019-07-19,28.780001,28.780001,28.750999,28.750999,28.077187,300
2019-07-22,28.750000,28.750000,28.540001,28.540001,27.871134,400
2019-07-23,28.540001,28.665001,28.540001,28.665001,27.993204,1200
2019-07-24,28.559999,28.690001,28.559999,28.690001,28.017618,500
2019-07-25,28.690001,28.690001,28.690001,28.690001,28.017618,0
2019-07-26,28.924999,28.924999,28.924999,28.924999,28.247108,100
2019-07-29,28.900000,29.000000,28.900000,28.941999,28.263708,1200
2019-07-30,28.900000,29.000000,28.900000,28.941999,28.263708,100
2019-07-31,29.070000,29.070000,28.690001,28.690001,28.017618,1500
2019-08-01,28.719999,28.719999,28.459999,28.459999,27.793007,2900
2019-08-02,28.160000,28.160000,28.160000,28.160000,27.500038,300
2019-08-05,27.820000,27.820000,27.482000,27.482000,26.837929,2300
2019-08-06,27.600000,27.900000,27.584999,27.900000,27.246132,34600
2019-08-07,27.420000,27.870001,27.420000,27.870001,27.216833,174800
2019-08-08,28.040001,28.290001,28.040001,28.290001,27.626991,1600
2019-08-09,28.139999,28.190001,28.049999,28.190001,27.529337,12500
2019-08-12,27.980000,27.990000,27.969999,27.990000,27.334023,42700
2019-08-13,27.940001,28.295000,27.940001,28.170000,27.509804,500
2019-08-14,27.750000,27.780001,27.440001,27.440001,26.796913,600
2019-08-15,27.480000,27.570000,27.440001,27.530001,26.884804,3000
2019-08-16,27.809999,27.959999,27.809999,27.910000,27.255898,6900
2019-08-19,28.290001,28.290001,28.139999,28.236000,27.574257,8000
2019-08-20,28.170000,28.170000,28.059999,28.059999,27.402380,300
2019-08-21,28.195000,28.195000,28.195000,28.195000,27.534218,100
2019-08-22,28.290001,28.290001,28.209999,28.209999,27.548864,600
2019-08-23,28.215000,28.215000,27.809999,27.809999,27.158241,6900
2019-08-26,27.955000,27.955000,27.750000,27.860001,27.207069,10400
2019-08-27,28.020000,28.020000,27.719999,27.820000,27.168007,1300
2019-08-28,27.809999,27.850000,27.809999,27.850000,27.197304,400
2019-08-29,28.200001,28.330000,28.200001,28.290001,27.626991,3800
2019-08-30,28.290001,28.370001,28.290001,28.299999,27.636757,1000
2019-09-03,28.090000,28.219999,28.090000,28.219999,27.558630,900
2019-09-04,28.370001,28.490000,28.370001,28.490000,27.822304,900
2019-09-05,28.780001,28.780001,28.700001,28.700001,28.027382,4100
2019-09-06,28.770000,28.770000,28.770000,28.770000,28.095743,800
2019-09-09,28.893000,28.893000,28.893000,28.893000,28.215860,100
2019-09-10,28.893000,28.893000,28.893000,28.893000,28.215860,0
2019-09-11,29.090000,29.090000,29.090000,29.090000,28.408243,1100
2019-09-12,29.090000,29.090000,29.090000,29.090000,28.408243,0
2019-09-13,29.090000,29.090000,29.090000,29.090000,28.408243,0
2019-09-16,29.110001,29.110001,29.110001,29.110001,28.427774,100
2019-09-17,29.110001,29.110001,29.110001,29.110001,28.427774,0
2019-09-18,29.110001,29.110001,29.110001,29.110001,28.427774,100
2019-09-19,29.110001,29.110001,29.110001,29.110001,28.427774,100
2019-09-20,29.110001,29.110001,29.110001,29.110001,28.427774,100
2019-09-23,29.110001,29.110001,29.110001,29.110001,28.427774,100
2019-09-24,29.110001,29.110001,29.110001,29.110001,28.665092,100
2019-09-25,29.110001,29.110001,29.110001,29.110001,28.665092,100
2019-09-26,28.730000,28.730000,28.730000,28.730000,28.290899,400
2019-09-27,28.780001,28.780001,28.780001,28.780001,28.340136,800
2019-09-30,28.780001,28.780001,28.780001,28.780001,28.340136,100
2019-10-01,28.780001,28.780001,28.780001,28.780001,28.340136,100
2019-10-02,27.981001,27.981001,27.969999,27.969999,27.542513,2000
2019-10-03,27.860001,28.080000,27.709999,28.080000,27.650833,3500
2019-10-04,28.260000,28.459999,28.260000,28.459999,28.025024,3100
2019-10-07,28.400000,28.400000,28.379999,28.379999,27.946247,1100
2019-10-08,28.080000,28.219999,28.010000,28.020000,27.591751,2100
2019-10-09,28.020000,28.020000,28.020000,28.020000,27.591751,100
2019-10-10,28.370001,28.370001,28.370001,28.370001,27.936403,1800
2019-10-11,28.740000,28.740000,28.740000,28.740000,28.300747,100
2019-10-14,28.730000,28.730000,28.730000,28.730000,28.290899,100
2019-10-15,28.730000,28.730000,28.730000,28.730000,28.290899,0
2019-10-16,28.730000,28.730000,28.730000,28.730000,28.290899,100
2019-10-17,28.950001,28.959999,28.950001,28.959999,28.517384,400
2019-10-18,29.112000,29.112000,29.112000,29.112000,28.667061,200
2019-10-21,29.112000,29.112000,29.112000,29.112000,28.667061,100
2019-10-22,29.030001,29.344000,29.030001,29.344000,28.895514,2400
2019-10-23,29.271999,29.271999,29.271999,29.271999,28.824614,400
2019-10-24,29.240000,29.240000,29.170000,29.170000,28.724173,300
2019-10-25,29.340000,29.340000,29.290001,29.290001,28.842340,200
2019-10-28,29.451000,29.451000,29.400000,29.400000,28.950657,600
2019-10-29,29.280001,29.420000,29.280001,29.420000,28.970354,400
2019-10-30,29.299999,29.340000,29.299999,29.340000,28.891577,1800
2019-10-31,29.190001,29.190001,29.190001,29.190001,28.743870,200
2019-11-01,29.190001,29.190001,29.190001,29.190001,28.743870,0
2019-11-04,29.580000,29.580000,29.580000,29.580000,29.127907,100
2019-11-05,29.600000,29.600000,29.600000,29.600000,29.147602,100
2019-11-06,29.549999,29.549999,29.459999,29.469999,29.019588,600
2019-11-07,29.760000,29.760000,29.680000,29.680000,29.226379,1400
2019-11-08,29.631001,29.642000,29.629999,29.642000,29.188959,600
2019-11-11,29.642000,29.642000,29.642000,29.642000,29.188959,100
2019-11-12,29.709999,29.709999,29.629999,29.629999,29.177141,200
2019-11-13,29.620001,29.690001,29.620001,29.690001,29.236227,1800
2019-11-14,29.730000,29.730000,29.670000,29.670000,29.216532,300
2019-11-15,29.670000,29.670000,29.670000,29.670000,29.216532,1300
2019-11-18,30.014999,30.023001,30.014999,30.023001,29.564137,400
2019-11-19,29.921000,29.921000,29.905001,29.905001,29.447941,33700
2019-11-20,29.840000,29.840000,29.760000,29.760000,29.305157,700
2019-11-21,29.760000,29.760000,29.760000,29.760000,29.305157,0
2019-11-22,29.850000,29.850000,29.840000,29.840000,29.383934,1300
2019-11-25,29.840000,29.840000,29.840000,29.840000,29.383934,100
2019-11-26,30.077000,30.120001,30.077000,30.120001,29.659657,800
2019-11-27,30.190001,30.230000,30.190001,30.226999,29.765018,2000
2019-11-29,30.180000,30.180000,30.100000,30.111000,29.650791,3100
2019-12-02,30.139999,30.139999,29.870001,29.885000,29.428246,8200
2019-12-03,29.850000,29.850000,29.590000,29.719000,29.264782,6300
2019-12-04,29.920000,29.943001,29.920000,29.930000,29.472559,3700
2019-12-05,29.870001,29.940001,29.870001,29.940001,29.482407,2300
2019-12-06,30.190001,30.190001,30.150000,30.153999,29.693132,2700
2019-12-09,30.350000,30.350000,30.096001,30.096001,29.636023,7000
2019-12-10,30.049999,30.059999,30.010000,30.010000,29.551336,3600
2019-12-11,30.010000,30.010000,29.940001,29.989000,29.530657,5100
2019-12-12,30.219999,30.219999,30.202999,30.202999,29.741385,100
2019-12-13,30.100000,30.214001,30.100000,30.214001,29.752218,500
2019-12-16,30.214001,30.214001,30.214001,30.214001,29.976440,0
2019-12-17,30.214001,30.214001,30.214001,30.214001,29.976440,0
2019-12-18,30.214001,30.214001,30.214001,30.214001,29.976440,0
2019-12-19,30.330000,30.350000,30.323000,30.323000,30.084583,1100
2019-12-20,30.480000,30.532000,30.480000,30.532000,30.291939,100
2019-12-23,30.509001,30.509001,30.437000,30.437000,30.197687,300
2019-12-24,30.469999,30.485001,30.469999,30.485001,30.245310,300
2019-12-26,30.510000,30.523001,30.510000,30.523001,30.283012,1200
2019-12-27,30.523001,30.523001,30.523001,30.523001,30.283012,0
2019-12-30,30.523001,30.523001,30.523001,30.523001,30.283012,0
2019-12-31,30.410000,30.500000,30.410000,30.459999,30.220505,900
2020-01-02,30.570000,30.580000,30.455999,30.499001,30.259199,3000
2020-01-03,30.499001,30.499001,30.499001,30.499001,30.259199,0
2020-01-06,30.389000,30.455999,30.389000,30.455999,30.216537,600
2020-01-07,30.333000,30.365000,30.333000,30.365000,30.126253,300
2020-01-08,30.590000,30.590000,30.590000,30.590000,30.349483,100
2020-01-09,30.590000,30.590000,30.590000,30.590000,30.349483,0
2020-01-10,30.613001,30.613001,30.527000,30.527000,30.286980,500
2020-01-13,30.527000,30.527000,30.527000,30.527000,30.286980,0
2020-01-14,30.527000,30.527000,30.527000,30.527000,30.286980,0
2020-01-15,30.527000,30.527000,30.527000,30.527000,30.286980,0
2020-01-16,30.858999,30.944000,30.858999,30.944000,30.700701,300
2020-01-17,30.944000,30.944000,30.944000,30.944000,30.700701,0
2020-01-21,31.031000,31.048000,31.002001,31.002001,30.758245,700
2020-01-22,31.155001,31.164000,31.048000,31.048000,30.803883,700
2020-01-23,31.110001,31.110001,31.110001,31.110001,30.865396,400
2020-01-24,30.700001,30.700001,30.700001,30.700001,30.458620,200
2020-01-27,30.570000,30.570000,30.415001,30.415001,30.175861,3600
2020-01-28,30.379999,30.730000,30.379999,30.683001,30.441753,2400
2020-01-29,30.670000,30.670000,30.670000,30.670000,30.428856,100
2020-01-30,30.280001,30.614000,30.280001,30.614000,30.373295,400
2020-01-31,30.230000,30.230000,30.160000,30.176001,29.938740,900
2020-02-03,30.421000,30.421000,30.290001,30.290001,30.051844,400
2020-02-04,30.660000,30.660000,30.660000,30.660000,30.418934,100
2020-02-05,30.948999,31.030001,30.948999,31.011000,30.767174,1000
2020-02-06,31.299999,31.299999,31.040001,31.040001,30.795946,300
2020-02-07,31.040001,31.040001,31.040001,31.040001,30.795946,0
2020-02-10,30.959999,31.028000,30.959999,31.028000,30.784040,600
2020-02-11,31.160000,31.163000,31.160000,31.163000,30.917978,300
2020-02-12,31.163000,31.163000,31.163000,31.163000,30.917978,0
2020-02-13,31.163000,31.163000,31.163000,31.163000,30.917978,0
2020-02-14,31.441999,31.492001,31.436001,31.492001,31.244392,1300
2020-02-18,31.430000,31.448999,31.430000,31.448999,31.201729,700
2020-02-19,31.448999,31.448999,31.448999,31.448999,31.201729,0
2020-02-20,31.448999,31.448999,31.448999,31.448999,31.201729,100
2020-02-21,31.483999,31.485001,31.433001,31.433001,31.185856,600
2020-02-24,30.733999,30.802000,30.621000,30.621000,30.380241,1900
2020-02-25,30.250000,30.275000,29.650000,29.698000,29.464497,3500
2020-02-26,29.966999,29.966999,29.379000,29.379000,29.148005,1700
2020-02-27,28.646000,28.900000,28.174999,28.174999,27.953472,1000
2020-02-28,27.650000,27.650000,26.989000,27.200001,26.986139,3400
2020-03-02,28.169001,28.809999,28.169001,28.809999,28.583479,1400
2020-03-03,28.980000,29.049999,27.530001,28.170000,27.948511,2400
2020-03-04,28.170000,28.170000,28.170000,28.170000,27.948511,0
2020-03-05,28.370001,28.480000,28.370001,28.480000,28.256073,400
2020-03-06,27.379999,27.962999,27.379999,27.962999,27.743139,4200
2020-03-09,25.854000,25.854000,25.768999,25.768999,25.566389,500
2020-03-10,26.219999,26.742001,25.556999,26.742001,26.531740,1600
2020-03-11,25.750000,25.750000,25.500000,25.500000,25.299505,4100
2020-03-12,24.090000,24.090000,23.000000,23.000000,22.819160,1400
2020-03-13,24.000000,24.750999,23.180000,24.750999,24.556393,2500
2020-03-16,22.566000,22.566000,21.601000,21.601000,21.431160,300
2020-03-17,21.980000,22.813000,21.980000,22.813000,22.633631,2000
2020-03-18,21.410999,21.500000,19.809999,21.098000,20.932116,4300
2020-03-19,20.639999,21.420000,20.639999,21.420000,21.251583,1700
2020-03-20,21.299999,21.299999,20.349001,20.349001,20.189005,2400
2020-03-23,19.530001,19.530001,19.459999,19.500000,19.346680,2200
2020-03-24,20.882000,21.367001,20.882000,21.367001,21.199001,1500
2020-03-25,21.600000,21.746000,21.084999,21.746000,21.746000,4800
2020-03-26,21.746000,21.746000,21.746000,21.746000,21.746000,0
2020-03-27,22.809999,22.809999,22.809999,22.809999,22.809999,600
2020-03-30,22.750000,23.204000,22.650000,23.204000,23.204000,8700
2020-03-31,22.639999,22.705999,22.639999,22.705999,22.705999,100
2020-04-01,22.705999,22.705999,22.705999,22.705999,22.705999,0
2020-04-02,21.809999,21.809999,21.809999,21.809999,21.809999,200
2020-04-03,21.770000,21.770000,21.351000,21.468000,21.468000,6100
2020-04-06,22.830000,23.049000,22.809999,23.049000,23.049000,1700
2020-04-07,23.469999,23.886999,23.231001,23.231001,23.231001,7300
2020-04-08,23.420000,24.202000,23.420000,24.202000,24.202000,2000
2020-04-09,25.129999,25.129999,24.933001,24.933001,24.933001,500
2020-04-13,24.930000,24.930000,24.150000,24.351999,24.351999,2200
2020-04-14,24.809999,24.909000,24.809999,24.909000,24.909000,100
2020-04-15,24.340000,24.340000,23.969999,24.181000,24.181000,4800
2020-04-16,24.181000,24.181000,24.181000,24.181000,24.181000,0
2020-04-17,24.690001,25.110001,24.690001,25.110001,25.110001,1100
2020-04-20,24.889999,24.940001,24.568001,24.568001,24.568001,2500
2020-04-21,24.568001,24.568001,24.568001,24.568001,24.568001,0
2020-04-22,24.568001,24.568001,24.568001,24.568001,24.568001,0
2020-04-23,24.568001,24.568001,24.568001,24.568001,24.568001,0
2020-04-24,24.568001,24.568001,24.568001,24.568001,24.568001,0
2020-04-27,24.700001,25.284000,24.700001,25.284000,25.284000,700
2020-04-28,25.570000,25.570000,25.393999,25.393999,25.393999,1900
2020-04-29,26.090000,26.090000,25.740000,25.889000,25.889000,800
2020-04-30,25.889000,25.889000,25.889000,25.889000,25.889000,0
2020-05-01,25.889000,25.889000,25.889000,25.889000,25.889000,0
2020-05-04,24.410000,24.743999,24.410000,24.743999,24.743999,500
2020-05-05,25.190001,25.224001,24.870001,24.902000,24.902000,5100
2020-05-06,24.969999,24.969999,24.492001,24.492001,24.492001,1800
2020-05-07,24.492001,24.492001,24.492001,24.492001,24.492001,0