Date,Open,High,Low,Close,Adj Close,Volume
2018-10-18,30.000000,30.000000,30.000000,30.000000,30.000000,200
2018-10-19,26.250000,26.250000,26.250000,26.250000,26.250000,200
2018-10-22,26.250000,26.250000,26.250000,26.250000,26.250000,0
2018-10-23,26.250000,26.250000,26.250000,26.250000,26.250000,0
2018-10-24,29.700001,29.700001,29.700001,29.700001,29.700001,100
2018-10-25,27.100000,27.100000,27.100000,27.100000,27.100000,300
2018-10-26,27.100000,27.100000,25.000000,25.000000,25.000000,2600
2018-10-29,24.379999,24.379999,24.379999,24.379999,24.379999,200
2018-10-30,22.799999,23.010000,21.000000,21.000000,21.000000,4600
2018-10-31,21.000000,23.000000,20.250000,21.389999,21.389999,6700
2018-11-01,21.600000,21.600000,19.000000,19.510000,19.510000,2400
2018-11-02,20.500000,21.209999,20.500000,20.920000,20.920000,1100
2018-11-05,21.000000,21.000000,21.000000,21.000000,21.000000,100
2018-11-06,21.490000,21.490000,20.059999,20.340000,20.340000,800
2018-11-07,20.540001,20.540001,16.750000,17.200001,17.200001,5000
2018-11-08,16.950001,19.000000,16.950001,19.000000,19.000000,4400
2018-11-09,19.000000,19.000000,19.000000,19.000000,19.000000,100
2018-11-12,19.000000,19.000000,19.000000,19.000000,19.000000,0
2018-11-13,17.000000,17.000000,17.000000,17.000000,17.000000,700
2018-11-14,16.879999,16.879999,16.879999,16.879999,16.879999,300
2018-11-15,16.750000,16.750000,15.800000,16.750000,16.750000,3800
2018-11-16,16.750000,16.750000,16.750000,16.750000,16.750000,100
2018-11-19,16.000000,16.000000,15.630000,16.000000,16.000000,2300
2018-11-20,16.000000,16.000000,16.000000,16.000000,16.000000,0
2018-11-21,15.910000,15.930000,15.910000,15.930000,15.930000,600
2018-11-23,16.000000,16.000000,15.270000,15.270000,15.270000,1200
2018-11-26,15.100000,15.140000,11.940000,12.900000,12.900000,16900
2018-11-27,13.100000,15.430000,13.100000,14.840000,14.840000,13700
2018-11-28,15.010000,16.719999,15.000000,16.719999,16.719999,2400
2018-11-29,16.000000,16.230000,15.770000,16.230000,16.230000,2000
2018-11-30,16.000000,16.000000,15.990000,16.000000,16.000000,2100
2018-12-03,15.840000,16.719999,15.840000,16.000000,16.000000,900
2018-12-04,15.250000,15.250000,15.100000,15.100000,15.100000,900
2018-12-06,15.100000,15.270000,13.500000,14.000000,14.000000,2600
2018-12-07,14.050000,14.050000,14.050000,14.050000,14.050000,200
2018-12-10,14.120000,16.700001,14.120000,14.460000,14.460000,600
2018-12-11,19.000000,19.950001,14.250000,14.340000,14.340000,29300
2018-12-12,14.440000,14.500000,13.000000,13.040000,13.040000,1900
2018-12-13,13.040000,13.040000,13.040000,13.040000,13.040000,100
2018-12-14,13.170000,13.170000,11.750000,11.750000,11.750000,1300
2018-12-17,11.830000,11.830000,10.650000,10.650000,10.650000,500
2018-12-18,10.880000,12.000000,10.660000,12.000000,12.000000,2100
2018-12-19,13.200000,13.250000,13.000000,13.000000,13.000000,552900
2018-12-20,13.020000,13.080000,13.000000,13.000000,13.000000,60700
2018-12-21,13.060000,13.500000,13.000000,13.450000,13.450000,28800
2018-12-24,13.750000,13.750000,13.000000,13.150000,13.150000,9500
2018-12-26,13.250000,13.250000,12.950000,13.000000,13.000000,8500
2018-12-27,13.000000,13.240000,13.000000,13.130000,13.130000,6100
2018-12-28,13.100000,13.250000,13.010000,13.010000,13.010000,9600
2018-12-31,13.250000,13.500000,13.010000,13.010000,13.010000,12100
2019-01-02,13.040000,13.370000,13.000000,13.340000,13.340000,3000
2019-01-03,13.130000,13.500000,13.000000,13.000000,13.000000,22900
2019-01-04,13.060000,13.360000,13.000000,13.210000,13.210000,11400
2019-01-07,13.040000,13.350000,13.040000,13.100000,13.100000,11000
2019-01-08,13.120000,13.300000,13.100000,13.180000,13.180000,39100
2019-01-09,13.500000,14.090000,13.140000,13.970000,13.970000,50000
2019-01-10,13.980000,13.990000,13.440000,13.690000,13.690000,23400
2019-01-11,13.600000,13.990000,13.550000,13.990000,13.990000,15100
2019-01-14,13.700000,13.950000,13.540000,13.940000,13.940000,8100
2019-01-15,13.980000,13.980000,13.250000,13.500000,13.500000,44800
2019-01-16,13.460000,13.500000,13.050000,13.200000,13.200000,30300
2019-01-17,13.170000,13.250000,12.980000,13.250000,13.250000,60900
2019-01-18,13.290000,13.800000,13.020000,13.500000,13.500000,162200
2019-01-22,13.140000,13.770000,13.030000,13.580000,13.580000,27700
2019-01-23,13.550000,13.550000,11.830000,13.550000,13.550000,78500
2019-01-24,13.600000,13.600000,13.220000,13.400000,13.400000,28400
2019-01-25,13.420000,13.490000,13.150000,13.470000,13.470000,13700
2019-01-28,13.180000,13.430000,13.180000,13.250000,13.250000,2600
2019-01-29,13.350000,13.500000,13.350000,13.480000,13.480000,34100
2019-01-30,13.550000,14.400000,13.550000,13.990000,13.990000,125100
2019-01-31,13.760000,14.100000,13.500000,13.910000,13.910000,31400
2019-02-01,14.010000,14.100000,13.910000,13.950000,13.950000,15700
2019-02-04,13.940000,14.090000,13.900000,14.020000,14.020000,24700
2019-02-05,14.130000,14.250000,14.000000,14.000000,14.000000,18800
2019-02-06,14.000000,14.650000,13.870000,14.640000,14.640000,64700
2019-02-07,14.500000,14.700000,14.210000,14.440000,14.440000,19100
2019-02-08,14.210000,15.500000,14.210000,15.000000,15.000000,44600
2019-02-11,15.000000,16.250000,14.660000,15.450000,15.450000,31900
2019-02-12,15.600000,15.800000,15.040000,15.270000,15.270000,28900
2019-02-13,15.150000,15.980000,14.700000,15.390000,15.390000,46800
2019-02-14,15.400000,15.750000,15.050000,15.500000,15.500000,14400
2019-02-15,15.300000,15.850000,15.180000,15.550000,15.550000,41300
2019-02-19,15.650000,15.990000,15.350000,15.690000,15.690000,48500
2019-02-20,15.810000,15.990000,15.010000,15.380000,15.380000,56500
2019-02-21,15.370000,15.980000,15.300000,15.980000,15.980000,24900
2019-02-22,16.000000,16.500000,15.310000,15.990000,15.990000,38900
2019-02-25,15.830000,15.830000,15.000000,15.400000,15.400000,38500
2019-02-26,15.350000,15.750000,15.200000,15.750000,15.750000,14900
2019-02-27,15.740000,15.750000,15.300000,15.700000,15.700000,22200
2019-02-28,15.900000,15.900000,15.310000,15.750000,15.750000,11700
2019-03-01,15.360000,15.840000,15.270000,15.610000,15.610000,35800
2019-03-04,15.270000,15.480000,15.210000,15.450000,15.450000,27900
2019-03-05,15.530000,15.530000,15.010000,15.170000,15.170000,26400
2019-03-06,15.130000,15.300000,14.700000,14.850000,14.850000,21500
2019-03-07,14.860000,14.990000,14.750000,14.750000,14.750000,17300
2019-03-08,14.540000,15.000000,14.300000,14.750000,14.750000,37600
2019-03-11,14.960000,14.960000,13.500000,14.050000,14.050000,59500
2019-03-12,14.090000,14.200000,13.950000,13.950000,13.950000,14100
2019-03-13,13.950000,14.400000,13.950000,14.280000,14.280000,32500
2019-03-14,14.280000,14.700000,14.150000,14.390000,14.390000,12900
2019-03-15,14.250000,14.350000,13.540000,13.990000,13.990000,73200
2019-03-18,14.180000,14.900000,14.170000,14.700000,14.700000,18300
2019-03-19,14.600000,14.600000,14.310000,14.500000,14.500000,11800
2019-03-20,14.680000,14.680000,14.150000,14.480000,14.480000,11500
2019-03-21,14.210000,14.390000,13.900000,14.390000,14.390000,37000
2019-03-22,14.370000,14.370000,13.800000,14.180000,14.180000,12100
2019-03-25,14.170000,14.170000,13.800000,14.000000,14.000000,10400
2019-03-26,14.180000,14.180000,13.700000,13.720000,13.720000,21800
2019-03-27,13.850000,14.000000,13.600000,13.860000,13.860000,21600
2019-03-28,14.010000,14.190000,13.720000,13.850000,13.850000,9800
2019-03-29,13.970000,14.060000,13.850000,13.930000,13.930000,18500
2019-04-01,13.960000,14.850000,13.730000,14.730000,14.730000,14900
2019-04-02,14.750000,15.450000,14.360000,15.450000,15.450000,12700
2019-04-03,15.440000,15.610000,14.250000,14.910000,14.910000,12400
2019-04-04,14.920000,15.980000,14.920000,15.500000,15.500000,11500
2019-04-05,15.500000,16.110001,15.060000,16.000000,16.000000,12200
2019-04-08,15.600000,16.000000,15.600000,15.950000,15.950000,10400
2019-04-09,15.090000,15.870000,15.090000,15.870000,15.870000,16100
2019-04-10,15.610000,15.850000,15.060000,15.850000,15.850000,10500
2019-04-11,15.050000,15.750000,14.770000,15.680000,15.680000,30600
2019-04-12,15.650000,15.900000,15.060000,15.900000,15.900000,18900
2019-04-15,15.900000,16.299999,15.450000,16.299999,16.299999,23000
2019-04-16,16.500000,16.500000,15.820000,16.090000,16.090000,25700
2019-04-17,16.020000,16.500000,15.750000,15.750000,15.750000,19400
2019-04-18,15.800000,15.990000,15.350000,15.980000,15.980000,22300
2019-04-22,15.710000,16.400000,15.700000,16.360001,16.360001,9100
2019-04-23,16.320000,16.320000,15.550000,15.700000,15.700000,20500
2019-04-24,15.840000,16.350000,15.010000,15.350000,15.350000,35100
2019-04-25,15.280000,15.450000,15.080000,15.300000,15.300000,14000
2019-04-26,16.299999,16.299999,15.270000,15.800000,15.800000,26000
2019-04-29,15.920000,16.469999,15.600000,16.400000,16.400000,11900
2019-04-30,16.400000,17.650000,16.340000,17.510000,17.510000,40200
2019-05-01,17.389999,17.950001,16.580000,17.950001,17.950001,114300
2019-05-02,17.889999,17.889999,17.260000,17.850000,17.850000,23800
2019-05-03,17.820000,18.000000,17.240000,17.809999,17.809999,24900
2019-05-06,17.379999,17.900000,17.379999,17.830000,17.830000,18500
2019-05-07,17.660000,17.660000,16.150000,16.870001,16.870001,58900
2019-05-08,16.459999,17.129999,16.459999,16.910000,16.910000,44000
2019-05-09,16.580000,17.950001,16.580000,17.740000,17.740000,85000
2019-05-10,17.709999,17.750000,17.000000,17.750000,17.750000,37000
2019-05-13,17.309999,17.889999,17.070000,17.889999,17.889999,25400
2019-05-14,17.780001,18.000000,17.780001,17.879999,17.879999,50700
2019-05-15,17.750000,17.950001,17.170000,17.590000,17.590000,30700
2019-05-16,17.540001,18.000000,17.469999,17.969999,17.969999,67000
2019-05-17,17.700001,18.190001,17.559999,18.100000,18.100000,32100
2019-05-20,17.389999,18.150000,16.000000,18.090000,18.090000,61400
2019-05-21,18.100000,18.900000,17.910000,18.680000,18.680000,55100
2019-05-22,18.629999,18.930000,18.070000,18.660000,18.660000,31600
2019-05-23,17.879999,18.900000,17.879999,18.730000,18.730000,35200
2019-05-24,18.879999,19.049999,18.320000,19.000000,19.000000,40100
2019-05-28,18.990000,19.049999,18.620001,19.000000,19.000000,92700
2019-05-29,18.750000,19.000000,18.180000,18.900000,18.900000,72200
2019-05-30,18.500000,18.740000,18.100000,18.709999,18.709999,49800
2019-05-31,18.590000,18.700001,18.500000,18.620001,18.620001,55400
2019-06-03,18.680000,18.690001,17.950001,18.270000,18.270000,31700
2019-06-04,18.320000,18.320000,17.020000,18.170000,18.170000,56800
2019-06-05,18.059999,18.330000,17.500000,18.150000,18.150000,38900
2019-06-06,18.129999,18.350000,17.230000,18.350000,18.350000,41100
2019-06-07,18.049999,18.410000,17.870001,18.340000,18.340000,35300
2019-06-10,18.400000,18.700001,18.100000,18.570000,18.570000,140900
2019-06-11,18.549999,18.690001,17.600000,18.540001,18.540001,157400
2019-06-12,18.480000,19.639999,18.320000,19.350000,19.350000,186300
2019-06-13,19.129999,19.480000,18.490000,19.170000,19.170000,122100
2019-06-14,18.900000,19.780001,18.309999,19.500000,19.500000,112700
2019-06-17,19.660000,19.660000,19.090000,19.330000,19.330000,114200
2019-06-18,19.430000,20.070000,19.430000,20.000000,20.000000,66700
2019-06-19,20.000000,20.100000,19.670000,19.860001,19.860001,148000
2019-06-20,19.930000,20.000000,19.629999,19.700001,19.700001,90400
2019-06-21,19.700001,19.980000,19.559999,19.559999,19.559999,142000
2019-06-24,19.559999,19.559999,18.559999,18.600000,18.600000,148800
2019-06-25,18.680000,18.870001,17.730000,18.100000,18.100000,182600
2019-06-26,18.180000,18.410000,17.500000,18.270000,18.270000,83000
2019-06-27,18.500000,19.250000,18.219999,18.820000,18.820000,118000
2019-06-28,19.070000,19.990000,18.740000,19.709999,19.709999,2472300
2019-07-01,19.719999,21.879999,19.639999,21.840000,21.840000,221300
2019-07-02,21.709999,21.820000,20.010000,20.040001,20.040001,157600
2019-07-03,20.180000,20.180000,19.260000,19.459999,19.459999,46500
2019-07-05,19.469999,19.969999,18.860001,19.389999,19.389999,43800
2019-07-08,19.209999,19.360001,18.690001,18.950001,18.950001,50600
2019-07-09,19.120001,19.120001,17.510000,17.940001,17.940001,75300
2019-07-10,18.010000,18.160000,17.639999,17.660000,17.660000,59100
2019-07-11,17.750000,18.070000,17.600000,17.940001,17.940001,41200
2019-07-12,17.820000,18.270000,17.750000,18.160000,18.160000,52500
2019-07-15,18.400000,18.400000,17.600000,18.030001,18.030001,45300
2019-07-16,17.900000,18.600000,17.580000,17.590000,17.590000,87300
2019-07-17,17.600000,18.490000,17.600000,18.170000,18.170000,118200
2019-07-18,18.170000,18.219999,17.600000,17.760000,17.760000,50100
2019-07-19,17.590000,18.070000,17.590000,17.650000,17.650000,50400
2019-07-22,17.650000,17.840000,17.500000,17.719999,17.719999,40600
2019-07-23,17.700001,17.740000,17.650000,17.719999,17.719999,24300
2019-07-24,17.709999,18.070000,17.650000,17.940001,17.940001,69800
2019-07-25,17.900000,17.900000,17.549999,17.850000,17.850000,43100
2019-07-26,17.950001,18.230000,17.760000,17.980000,17.980000,79400
2019-07-29,17.900000,18.059999,17.250000,17.559999,17.559999,71700
2019-07-30,17.430000,18.719999,17.430000,18.709999,18.709999,66600
2019-07-31,18.629999,18.900000,18.299999,18.379999,18.379999,58100
2019-08-01,18.370001,19.070000,18.370001,18.799999,18.799999,38600
2019-08-02,18.750000,18.750000,17.459999,17.700001,17.700001,40700
2019-08-05,17.610001,18.230000,17.330000,17.870001,17.870001,64800
2019-08-06,17.959999,18.440001,17.370001,17.820000,17.820000,49300
2019-08-07,17.660000,18.000000,17.430000,17.850000,17.850000,36000
2019-08-08,18.000000,18.049999,17.559999,17.639999,17.639999,51700
2019-08-09,17.740000,17.740000,17.250000,17.250000,17.250000,27800
2019-08-12,17.309999,17.690001,17.250000,17.379999,17.379999,54000
2019-08-13,17.400000,17.840000,17.270000,17.270000,17.270000,50400
2019-08-14,17.219999,17.370001,16.750000,16.920000,16.920000,90500
2019-08-15,16.920000,16.990000,16.500000,16.600000,16.600000,43800
2019-08-16,16.670000,16.990000,16.610001,16.650000,16.650000,43700
2019-08-19,16.809999,17.450001,16.809999,17.379999,17.379999,36400
2019-08-20,17.299999,17.299999,16.629999,17.020000,17.020000,31700
2019-08-21,17.180000,17.469999,17.020000,17.059999,17.059999,32900
2019-08-22,17.040001,17.309999,16.940001,17.139999,17.139999,54400
2019-08-23,17.049999,17.070000,16.530001,16.639999,16.639999,63600
2019-08-26,16.780001,16.809999,16.139999,16.450001,16.450001,41100
2019-08-27,16.600000,16.600000,15.910000,16.080000,16.080000,28600
2019-08-28,16.049999,16.530001,16.049999,16.490000,16.490000,22900
2019-08-29,16.559999,16.900000,16.410000,16.580000,16.580000,12200
2019-08-30,16.610001,16.980000,16.370001,16.559999,16.559999,23000
2019-09-03,16.420000,17.719999,16.150000,17.570000,17.570000,92900
2019-09-04,17.490000,17.889999,16.430000,16.830000,16.830000,37000
2019-09-05,17.049999,17.670000,16.379999,16.690001,16.690001,43600
2019-09-06,16.790001,16.990000,16.590000,16.660000,16.660000,34500
2019-09-09,16.950001,19.320000,16.900000,19.200001,19.200001,207900
2019-09-10,19.070000,20.250000,19.070000,19.969999,19.969999,177700
2019-09-11,20.090000,20.600000,19.760000,20.440001,20.440001,127200
2019-09-12,20.500000,21.490000,19.920000,20.450001,20.450001,172000
2019-09-13,19.750000,20.100000,19.180000,20.070000,20.070000,125700
2019-09-16,19.920000,20.549999,19.680000,20.410000,20.410000,134400
2019-09-17,20.370001,20.490000,19.920000,20.150000,20.150000,113700
2019-09-18,20.260000,20.650000,20.000000,20.490000,20.490000,156400
2019-09-19,20.500000,20.690001,20.240000,20.440001,20.440001,118400
2019-09-20,20.360001,20.549999,19.790001,20.090000,20.090000,944800
2019-09-23,19.920000,20.040001,19.700001,19.990000,19.990000,81400
2019-09-24,20.000000,20.160000,19.549999,19.820000,19.820000,136900
2019-09-25,19.850000,20.200001,19.639999,20.129999,20.129999,81500
2019-09-26,20.059999,20.170000,19.670000,19.910000,19.910000,151000
2019-09-27,19.879999,20.959999,19.879999,20.680000,20.680000,175100
2019-09-30,20.680000,21.180000,20.520000,20.969999,20.969999,177400
2019-10-01,21.180000,21.200001,18.870001,19.000000,19.000000,228800
2019-10-02,18.879999,19.049999,18.520000,18.910000,18.910000,74500
2019-10-03,18.870001,19.330000,18.680000,18.930000,18.930000,75800
2019-10-04,19.100000,19.790001,18.860001,19.670000,19.670000,112500
2019-10-07,19.670000,19.889999,18.790001,19.350000,19.350000,260500
2019-10-08,19.250000,19.500000,18.900000,18.990000,18.990000,55700
2019-10-09,18.930000,19.389999,18.809999,19.309999,19.309999,59400
2019-10-10,19.309999,19.480000,19.150000,19.240000,19.240000,59100
2019-10-11,19.360001,19.440001,19.150000,19.190001,19.190001,43500
2019-10-14,18.969999,19.400000,18.389999,19.270000,19.270000,38700
2019-10-15,19.320000,19.400000,19.080000,19.219999,19.219999,35000
2019-10-16,19.190001,19.400000,18.879999,19.230000,19.230000,43700
2019-10-17,19.280001,19.420000,18.930000,19.299999,19.299999,22100
2019-10-18,19.150000,19.480000,18.910000,19.120001,19.120001,81000
2019-10-21,19.250000,19.309999,19.100000,19.270000,19.270000,59300
2019-10-22,19.270000,19.430000,19.139999,19.270000,19.270000,79500
2019-10-23,19.270000,19.320000,18.950001,19.260000,19.260000,25200
2019-10-24,19.260000,19.350000,19.049999,19.190001,19.190001,28600
2019-10-25,19.209999,19.219999,19.040001,19.040001,19.040001,31700
2019-10-28,19.180000,20.120001,19.180000,19.840000,19.840000,37900
2019-10-29,19.540001,20.500000,19.400000,19.740000,19.740000,64100
2019-10-30,19.900000,20.320000,19.410000,19.900000,19.900000,40600
2019-10-31,19.990000,19.990000,19.370001,19.650000,19.650000,75100
2019-11-01,19.750000,20.350000,19.040001,20.270000,20.270000,31700
2019-11-04,20.520000,21.070000,20.270000,20.780001,20.780001,45100
2019-11-05,20.920000,21.719999,20.850000,21.620001,21.620001,58700
2019-11-06,21.620001,21.719999,21.309999,21.330000,21.330000,38000
2019-11-07,21.650000,21.889999,21.180000,21.469999,21.469999,48900
2019-11-08,21.219999,21.660000,20.799999,21.080000,21.080000,36100
2019-11-11,21.150000,21.219999,20.600000,21.209999,21.209999,30000
2019-11-12,21.240000,21.760000,21.209999,21.670000,21.670000,22600
2019-11-13,21.559999,21.639999,21.129999,21.480000,21.480000,12300
2019-11-14,21.480000,21.490000,20.780001,20.889999,20.889999,26900
2019-11-15,21.070000,21.150000,20.400000,20.700001,20.700001,39900
2019-11-18,20.690001,21.170000,20.190001,21.070000,21.070000,46700
2019-11-19,21.160000,21.440001,20.870001,21.100000,21.100000,58800
2019-11-20,21.049999,21.400000,20.830000,21.120001,21.120001,78200
2019-11-21,21.290001,21.290001,20.780001,21.180000,21.180000,51900
2019-11-22,21.250000,21.549999,20.820000,21.410000,21.410000,52500
2019-11-25,21.500000,22.240000,21.270000,22.090000,22.090000,64800
2019-11-26,21.910000,22.700001,21.910000,22.070000,22.070000,47700
2019-11-27,22.209999,22.629999,22.049999,22.139999,22.139999,31600
2019-11-29,22.290001,22.520000,20.900000,22.040001,22.040001,18300
2019-12-02,22.100000,22.150000,21.730000,21.760000,21.760000,72100
2019-12-03,21.540001,21.820000,21.230000,21.309999,21.309999,41900
2019-12-04,21.520000,21.660000,21.209999,21.450001,21.450001,67300
2019-12-05,21.490000,21.700001,21.290001,21.290001,21.290001,38100
2019-12-06,21.559999,21.760000,21.330000,21.580000,21.580000,39800
2019-12-09,21.520000,22.010000,21.520000,21.889999,21.889999,37100
2019-12-10,21.920000,22.000000,21.570000,21.700001,21.700001,48700
2019-12-11,21.750000,22.000000,21.459999,22.000000,22.000000,24300
2019-12-12,22.000000,22.580000,21.900000,22.389999,22.389999,51300
2019-12-13,22.360001,22.540001,22.160000,22.500000,22.500000,38800
2019-12-16,22.809999,23.590000,22.549999,23.020000,23.020000,70800
2019-12-17,23.030001,23.049999,22.559999,22.570000,22.570000,28200
2019-12-18,22.620001,22.809999,22.020000,22.150000,22.150000,139500
2019-12-19,22.200001,22.600000,21.650000,22.360001,22.360001,58600
2019-12-20,22.250000,22.250000,21.639999,22.000000,22.000000,137400
2019-12-23,21.830000,21.980000,21.410000,21.830000,21.830000,41400
2019-12-24,21.830000,21.959999,21.500000,21.690001,21.690001,33300
2019-12-26,21.799999,22.000000,21.690001,21.950001,21.950001,52900
2019-12-27,22.000000,22.000000,21.389999,21.750000,21.750000,96400
2019-12-30,21.799999,21.959999,21.610001,21.940001,21.940001,79400
2019-12-31,21.690001,21.950001,21.690001,21.790001,21.790001,38600
2020-01-02,21.900000,21.900000,21.240000,21.600000,21.600000,78200
2020-01-03,21.389999,21.530001,21.299999,21.320000,21.320000,72400
2020-01-06,21.260000,21.260000,20.780001,20.959999,20.959999,40300
2020-01-07,20.870001,21.240000,20.110001,20.620001,20.620001,87900
2020-01-08,20.650000,20.959999,20.469999,20.670000,20.670000,47900
2020-01-09,20.670000,20.990000,20.490000,20.910000,20.910000,62200
2020-01-10,20.850000,21.040001,20.500000,20.629999,20.629999,54200
2020-01-13,20.650000,21.000000,20.570000,20.980000,20.980000,83400
2020-01-14,20.910000,20.910000,20.570000,20.600000,20.600000,103200
2020-01-15,20.520000,20.620001,20.160000,20.559999,20.559999,32200
2020-01-16,20.629999,20.860001,20.320000,20.389999,20.389999,41100
2020-01-17,20.590000,20.700001,20.200001,20.260000,20.260000,43400
2020-01-21,20.250000,20.490000,20.180000,20.330000,20.330000,27700
2020-01-22,20.350000,20.389999,20.250000,20.330000,20.330000,21400
2020-01-23,20.200001,20.580000,20.200001,20.360001,20.360001,63100
2020-01-24,20.600000,20.600000,19.940001,20.150000,20.150000,44300
2020-01-27,20.000000,20.150000,19.580000,19.610001,19.610001,27500
2020-01-28,19.740000,19.850000,19.600000,19.790001,19.790001,32700
2020-01-29,19.760000,19.889999,19.660000,19.700001,19.700001,28600
2020-01-30,20.160000,20.549999,19.620001,20.450001,20.450001,71300
2020-01-31,20.360001,20.549999,18.629999,18.629999,18.629999,29100
2020-02-03,18.900000,19.750000,18.629999,18.639999,18.639999,22400
2020-02-04,18.930000,19.270000,18.840000,19.000000,19.000000,18900
2020-02-05,19.320000,19.740000,19.150000,19.590000,19.590000,22500
2020-02-06,19.650000,20.030001,19.240000,19.270000,19.270000,27100
2020-02-07,19.170000,19.170000,18.480000,18.520000,18.520000,28900
2020-02-10,18.500000,19.270000,18.500000,19.270000,19.270000,13000
2020-02-11,19.360001,19.660000,19.139999,19.209999,19.209999,9800
2020-02-12,19.440001,19.680000,18.490000,19.469999,19.469999,19000
2020-02-13,19.250000,19.780001,19.250000,19.490000,19.490000,13700
2020-02-14,19.480000,19.920000,18.990000,19.299999,19.299999,17800
2020-02-18,19.270000,19.629999,18.959999,19.440001,19.440001,14900
2020-02-19,19.440001,19.959999,19.309999,19.520000,19.520000,32900
2020-02-20,19.500000,19.940001,19.350000,19.440001,19.440001,21300
2020-02-21,19.459999,19.790001,19.190001,19.660000,19.660000,29700
2020-02-24,18.889999,19.889999,18.799999,18.910000,18.910000,21000
2020-02-25,19.080000,19.320000,18.250000,18.370001,18.370001,40000
2020-02-26,18.639999,18.840000,18.030001,18.480000,18.480000,23100
2020-02-27,18.020000,18.400000,17.750000,17.770000,17.770000,26900
2020-02-28,17.500000,18.459999,17.250000,18.459999,18.459999,71300
2020-03-02,18.500000,18.969999,17.920000,18.820000,18.820000,23900
2020-03-03,18.719999,18.730000,18.250000,18.340000,18.340000,34700
2020-03-04,18.500000,18.540001,18.270000,18.500000,18.500000,47800
2020-03-05,17.920000,18.170000,17.750000,17.980000,17.980000,52800
2020-03-06,17.260000,17.350000,16.129999,16.309999,16.309999,33700
2020-03-09,15.360000,15.930000,14.010000,14.140000,14.140000,30600
2020-03-10,14.560000,15.360000,13.520000,15.360000,15.360000,42200
2020-03-11,14.690000,14.860000,14.100000,14.500000,14.500000,59300
2020-03-12,14.000000,14.290000,13.500000,13.550000,13.550000,100000
2020-03-13,14.400000,15.680000,13.630000,14.720000,14.720000,36800
2020-03-16,13.500000,14.290000,10.950000,11.830000,11.830000,91500
2020-03-17,12.420000,14.120000,11.830000,14.120000,14.120000,72200
2020-03-18,12.950000,13.240000,12.000000,12.160000,12.160000,46000
2020-03-19,12.000000,14.650000,11.980000,14.470000,14.470000,69800
2020-03-20,14.490000,14.710000,13.340000,14.710000,14.710000,119800
2020-03-23,14.270000,16.440001,14.100000,15.100000,15.100000,49000
2020-03-24,15.820000,15.840000,15.030000,15.520000,15.520000,67100
2020-03-25,16.260000,16.500000,14.640000,15.170000,15.170000,46000
2020-03-26,15.340000,15.700000,14.760000,15.700000,15.700000,51300
2020-03-27,14.900000,15.660000,14.480000,14.480000,14.480000,65800
2020-03-30,14.810000,15.470000,14.730000,15.300000,15.300000,37200
2020-03-31,15.220000,15.390000,14.560000,15.390000,15.390000,51900
2020-04-01,14.700000,14.740000,13.120000,13.230000,13.230000,49300
2020-04-02,13.020000,15.310000,13.020000,13.660000,13.660000,41300
2020-04-03,13.370000,14.150000,13.040000,13.620000,13.620000,28100
2020-04-06,14.430000,14.700000,13.530000,14.230000,14.230000,95000
2020-04-07,14.410000,14.660000,13.340000,14.170000,14.170000,33600
2020-04-08,14.440000,14.600000,14.140000,14.450000,14.450000,57800
2020-04-09,14.450000,15.010000,14.310000,14.750000,14.750000,51200
2020-04-13,14.580000,15.080000,14.100000,14.290000,14.290000,19500
2020-04-14,14.780000,14.780000,13.280000,14.040000,14.040000,24900
2020-04-15,13.320000,13.320000,12.250000,12.360000,12.360000,161000
2020-04-16,12.090000,12.780000,12.020000,12.340000,12.340000,57000
2020-04-17,12.640000,12.870000,12.150000,12.490000,12.490000,63300
2020-04-20,12.040000,12.590000,11.920000,12.150000,12.150000,16200
2020-04-21,11.610000,12.260000,11.610000,11.910000,11.910000,21600
2020-04-22,12.320000,12.630000,11.860000,12.180000,12.180000,24200
2020-04-23,12.060000,12.420000,11.980000,12.420000,12.420000,24300
2020-04-24,12.420000,12.590000,12.250000,12.420000,12.420000,24000
2020-04-27,12.420000,12.680000,12.200000,12.440000,12.440000,47100
2020-04-28,12.740000,13.660000,12.460000,13.600000,13.600000,35600
2020-04-29,14.250000,14.730000,13.050000,14.490000,14.490000,81900
2020-04-30,13.920000,13.940000,13.160000,13.520000,13.520000,52400
2020-05-01,13.480000,14.380000,12.410000,13.270000,13.270000,46700
2020-05-04,13.000000,13.750000,12.630000,13.320000,13.320000,37100
2020-05-05,13.110000,13.880000,12.300000,12.400000,12.400000,29700
2020-05-06,12.460000,12.460000,11.430000,11.550000,11.550000,31000
2020-05-07,11.770000,11.950000,11.220000,11.430000,11.430000,31200