Date,Open,High,Low,Close,Adj Close,Volume
2014-05-15,5.720000,6.000000,5.720000,5.720000,5.720000,8600
2014-05-16,5.720000,6.400000,5.000000,5.825000,5.825000,16400
2014-05-19,5.820000,5.990000,5.010000,5.500000,5.500000,10100
2014-05-20,5.020000,5.240000,5.000000,5.240000,5.240000,3800
2014-05-21,5.000000,5.000000,5.000000,5.000000,5.000000,3100
2014-05-22,4.980000,5.400000,4.980000,5.250000,5.250000,36600
2014-05-23,5.250000,5.350000,5.100000,5.350000,5.350000,6600
2014-05-27,5.400000,5.750000,5.310000,5.750000,5.750000,24600
2014-05-28,5.750000,5.800000,5.750000,5.800000,5.800000,14300
2014-05-29,5.800000,6.190000,5.800000,6.190000,6.190000,38900
2014-05-30,6.190000,6.440000,5.940000,6.050000,6.050000,19700
2014-06-02,6.050000,6.350000,6.000000,6.210000,6.210000,17900
2014-06-03,6.350000,7.490000,6.350000,6.900000,6.900000,81800
2014-06-04,7.100000,7.150000,5.660000,6.600000,6.600000,75700
2014-06-05,6.590000,7.450000,6.230000,7.010000,7.010000,48000
2014-06-06,7.115000,7.200000,6.850000,7.100000,7.100000,33300
2014-06-09,7.490000,7.490000,7.000000,7.300000,7.300000,90600
2014-06-10,7.380000,8.290000,7.200000,7.760000,7.760000,98600
2014-06-11,8.330000,8.330000,7.710000,7.980000,7.980000,61400
2014-06-12,8.060000,8.470000,8.040000,8.470000,8.470000,39200
2014-06-13,8.450000,8.450000,7.740000,7.750000,7.750000,76400
2014-06-16,7.800000,8.500000,7.770000,8.500000,8.500000,93200
2014-06-17,8.300000,8.310000,7.990000,8.080000,8.080000,125500
2014-06-18,8.360000,9.400000,8.300000,9.380000,9.380000,271200
2014-06-19,9.450000,10.440000,9.400000,10.380000,10.380000,384200
2014-06-20,10.310000,10.900000,10.050000,10.800000,10.800000,234100
2014-06-23,10.840000,11.200000,10.000000,10.170000,10.170000,205400
2014-06-24,10.210000,10.210000,8.750000,8.900000,8.900000,270100
2014-06-25,8.960000,9.930000,8.960000,9.150000,9.150000,76100
2014-06-26,9.470000,9.680000,9.100000,9.200000,9.200000,44500
2014-06-27,9.390000,9.390000,8.810000,8.976000,8.976000,52100
2014-06-30,9.370000,9.550000,9.030000,9.540000,9.540000,61900
2014-07-01,9.590000,10.550000,9.590000,10.200000,10.200000,98900
2014-07-02,10.680000,10.680000,10.040000,10.190000,10.190000,49200
2014-07-03,10.040000,10.506000,10.040000,10.200000,10.200000,30800
2014-07-07,10.220000,10.300000,9.750000,10.020000,10.020000,73300
2014-07-08,10.120000,10.120000,9.750000,9.770000,9.770000,20700
2014-07-09,9.750000,9.752000,9.300000,9.610000,9.610000,35700
2014-07-10,9.640000,9.640000,9.320000,9.500000,9.500000,14400
2014-07-11,9.310000,9.800000,9.221000,9.740000,9.740000,29800
2014-07-14,9.730000,9.860000,9.500000,9.800000,9.800000,57200
2014-07-15,9.860000,11.000000,9.725000,10.510000,10.510000,124100
2014-07-16,10.550000,12.790000,10.540000,12.160000,12.160000,799200
2014-07-17,11.680000,12.870000,11.680000,12.400000,12.400000,192000
2014-07-18,13.030000,13.030000,12.210000,12.350000,12.350000,53300
2014-07-21,12.250000,13.290000,12.250000,12.780000,12.780000,96700
2014-07-22,12.970000,13.090000,12.380000,12.640000,12.640000,89000
2014-07-23,13.100000,13.100000,12.350000,12.750000,12.750000,65300
2014-07-24,12.850000,12.900000,12.510000,12.750000,12.750000,31700
2014-07-25,12.800000,12.800000,11.750000,11.780000,11.780000,93300
2014-07-28,11.200000,11.290000,10.010000,10.010000,10.010000,129600
2014-07-29,10.170000,11.480000,10.170000,10.630000,10.630000,58100
2014-07-30,10.830000,11.160000,10.030000,10.710000,10.710000,35800
2014-07-31,10.510000,10.610000,9.920000,9.970000,9.970000,56300
2014-08-01,9.800000,10.769000,9.800000,10.570000,10.570000,81400
2014-08-04,10.730000,11.250000,10.440000,10.900000,10.900000,171700
2014-08-05,10.650000,11.650000,10.400000,10.400000,10.400000,87800
2014-08-06,10.550000,11.180000,9.600000,10.340000,10.340000,212100
2014-08-07,10.250000,10.940000,9.350000,9.370000,9.370000,337100
2014-08-08,9.560000,9.970000,8.770000,8.830000,8.830000,318400
2014-08-11,8.760000,8.880000,6.570000,6.710000,6.710000,885700
2014-08-12,6.090000,8.080000,6.050000,7.690000,7.690000,466600
2014-08-13,7.610000,9.570000,7.500000,9.360000,9.360000,411800
2014-08-14,9.500000,9.860000,9.000000,9.080000,9.080000,214100
2014-08-15,9.030000,9.450000,8.820000,9.450000,9.450000,100800
2014-08-18,9.250000,9.810000,9.000000,9.310000,9.310000,65800
2014-08-19,9.300000,9.750000,9.300000,9.700000,9.700000,41100
2014-08-20,9.910000,10.420000,9.770000,10.330000,10.330000,112100
2014-08-21,10.420000,10.700000,10.185000,10.240000,10.240000,83700
2014-08-22,10.100000,10.650000,9.510000,9.800000,9.800000,156600
2014-08-25,10.100000,10.600000,9.350000,9.350000,9.350000,47900
2014-08-26,9.200000,9.740000,9.120000,9.590000,9.590000,64200
2014-08-27,9.500000,9.900000,9.313000,9.390000,9.390000,58300
2014-08-28,9.410000,9.749000,9.250000,9.490000,9.490000,73900
2014-08-29,9.360000,9.710000,9.270000,9.460000,9.460000,19600
2014-09-02,9.240000,9.580000,9.140000,9.290000,9.290000,85200
2014-09-03,9.400000,9.470000,9.150000,9.160000,9.160000,31000
2014-09-04,9.360000,9.750000,9.150000,9.280000,9.280000,55100
2014-09-05,9.490000,10.100000,9.230000,9.640000,9.640000,82200
2014-09-08,9.610000,10.250000,9.560000,10.230000,10.230000,107200
2014-09-09,10.230000,10.750000,9.790000,10.240000,10.240000,136000
2014-09-10,10.500000,10.690000,9.972000,10.420000,10.420000,94100
2014-09-11,10.550000,10.550000,9.340000,9.750000,9.750000,89300
2014-09-12,9.750000,10.230000,9.750000,9.850000,9.850000,77000
2014-09-15,9.900000,9.960000,8.750000,8.870000,8.870000,124300
2014-09-16,8.930000,9.350000,8.760000,8.960000,8.960000,80500
2014-09-17,8.990000,9.420000,8.410000,8.540000,8.540000,89900
2014-09-18,8.500000,9.310000,8.320000,8.520000,8.520000,194300
2014-09-19,8.470000,9.090000,8.010000,8.010000,8.010000,311800
2014-09-22,8.180000,8.420000,7.930000,8.180000,8.180000,122200
2014-09-23,8.100000,8.770000,8.000000,8.590000,8.590000,82800
2014-09-24,8.530000,9.050000,8.325000,8.350000,8.350000,60200
2014-09-25,8.300000,8.500000,8.200000,8.290000,8.290000,50500
2014-09-26,8.250000,8.510000,7.880000,8.400000,8.400000,75000
2014-09-29,8.450000,8.730000,8.300000,8.710000,8.710000,39900
2014-09-30,8.650000,8.800000,8.465000,8.680000,8.680000,90900
2014-10-01,8.580000,8.890000,8.388000,8.770000,8.770000,48100
2014-10-02,8.680000,8.840000,8.300000,8.570000,8.570000,51800
2014-10-03,8.530000,8.660000,8.350000,8.480000,8.480000,38800
2014-10-06,8.480000,8.540000,8.067000,8.260000,8.260000,56600
2014-10-07,8.050000,8.430000,8.010000,8.100000,8.100000,65300
2014-10-08,8.050000,8.250000,7.810000,8.140000,8.140000,81100
2014-10-09,8.050000,8.050000,7.800000,7.900000,7.900000,36700
2014-10-10,7.800000,7.950000,7.530000,7.770000,7.770000,124700
2014-10-13,7.770000,8.010000,7.520000,7.560000,7.560000,92000
2014-10-14,7.570000,7.750000,7.450000,7.700000,7.700000,86500
2014-10-15,7.530000,7.700000,7.400000,7.670000,7.670000,111600
2014-10-16,7.550000,8.300000,7.500000,8.100000,8.100000,53500
2014-10-17,8.210000,8.990000,8.120000,8.980000,8.980000,105000
2014-10-20,8.860000,8.900000,8.320000,8.560000,8.560000,175700
2014-10-21,8.620000,8.630000,7.691000,7.970000,7.970000,75400
2014-10-22,7.890000,8.250000,7.850000,7.910000,7.910000,60300
2014-10-23,7.970000,8.000000,7.580000,7.690000,7.690000,103200
2014-10-24,7.630000,7.929000,7.510000,7.660000,7.660000,88900
2014-10-27,7.660000,7.910000,7.470000,7.730000,7.730000,88600
2014-10-28,7.750000,7.850000,7.400000,7.550000,7.550000,40100
2014-10-29,7.510000,7.730000,7.440000,7.580000,7.580000,29200
2014-10-30,7.540000,7.750000,7.390000,7.700000,7.700000,30400
2014-10-31,7.800000,7.920000,7.600000,7.820000,7.820000,44600
2014-11-03,7.760000,7.900000,7.720000,7.730000,7.730000,31300
2014-11-04,7.680000,7.680000,7.250000,7.550000,7.550000,29000
2014-11-05,7.560000,7.660000,7.434000,7.480000,7.480000,22800
2014-11-06,7.540000,7.670000,7.390000,7.595000,7.595000,21600
2014-11-07,7.570000,7.600000,7.000000,7.220000,7.220000,91800
2014-11-10,7.160000,7.250000,6.730000,7.160000,7.160000,51400
2014-11-11,7.100000,7.150000,6.850000,6.980000,6.980000,59400
2014-11-12,6.860000,7.050000,6.860000,6.990000,6.990000,47200
2014-11-13,7.040000,7.110000,5.610000,5.990000,5.990000,168000
2014-11-14,6.230000,7.000000,5.650000,5.950000,5.950000,75100
2014-11-17,5.880000,6.920000,5.860000,6.000000,6.000000,60700
2014-11-18,6.000000,6.130000,5.870000,6.000000,6.000000,75000
2014-11-19,6.000000,6.060000,5.910000,5.970000,5.970000,47700
2014-11-20,5.980000,6.000000,5.834000,5.910000,5.910000,164300
2014-11-21,6.000000,6.010000,5.890000,6.000000,6.000000,53000
2014-11-24,5.990000,5.990000,5.550000,5.810000,5.810000,52200
2014-11-25,5.880000,5.980000,5.780000,5.850000,5.850000,39100
2014-11-26,5.850000,5.860000,5.735000,5.800000,5.800000,24300
2014-11-28,5.720000,5.740000,5.550000,5.580000,5.580000,23500
2014-12-01,5.530000,5.690000,4.530000,4.620000,4.620000,184700
2014-12-02,4.600000,4.619000,4.190000,4.590000,4.590000,134100
2014-12-03,4.610000,4.840000,4.510000,4.590000,4.590000,73200
2014-12-04,4.610000,4.610000,4.300000,4.360000,4.360000,24400
2014-12-05,4.430000,4.590000,4.320000,4.350000,4.350000,45800
2014-12-08,4.320000,4.470000,4.000000,4.050000,4.050000,142500
2014-12-09,4.010000,4.370000,3.990000,4.250000,4.250000,58900
2014-12-10,4.160000,4.230000,4.020000,4.120000,4.120000,43800
2014-12-11,4.150000,4.330000,4.060000,4.290000,4.290000,38600
2014-12-12,4.240000,4.330000,4.130000,4.330000,4.330000,15300
2014-12-15,4.410000,4.660000,4.340000,4.660000,4.660000,35600
2014-12-16,4.550000,5.080000,4.550000,4.980000,4.980000,63100
2014-12-17,5.010000,5.540000,4.910000,5.480000,5.480000,45000
2014-12-18,5.480000,5.710000,5.190000,5.500000,5.500000,55900
2014-12-19,5.480000,6.280000,5.470000,6.280000,6.280000,86300
2014-12-22,6.500000,6.893000,5.750000,6.660000,6.660000,65200
2014-12-23,6.630000,6.820000,6.300000,6.500000,6.500000,45700
2014-12-24,6.390000,6.410000,6.010000,6.250000,6.250000,21300
2014-12-26,6.340000,6.440000,6.280000,6.340000,6.340000,5200
2014-12-29,6.350000,6.350000,5.300000,5.510000,5.510000,66100
2014-12-30,5.500000,5.610000,5.040000,5.530000,5.530000,42000
2014-12-31,5.550000,5.790000,5.270000,5.790000,5.790000,75000
2015-01-02,5.750000,6.000000,5.210000,6.000000,6.000000,21400
2015-01-05,6.010000,6.180000,5.510000,5.510000,5.510000,36900
2015-01-06,5.800000,5.800000,5.200000,5.260000,5.260000,39300
2015-01-07,5.250000,5.260000,4.870000,4.900000,4.900000,25100
2015-01-08,5.000000,5.000000,4.610000,4.780000,4.780000,38800
2015-01-09,4.770000,4.770000,4.480000,4.740000,4.740000,19900
2015-01-12,4.740000,4.780000,4.490000,4.600000,4.600000,48500
2015-01-13,4.560000,4.560000,4.300000,4.350000,4.350000,24600
2015-01-14,4.300000,4.314000,4.041000,4.160000,4.160000,30400
2015-01-15,4.250000,4.250000,4.080000,4.130000,4.130000,3300
2015-01-16,4.150000,4.220000,4.070000,4.180000,4.180000,16400
2015-01-20,4.090000,4.150000,3.910000,4.000000,4.000000,40400
2015-01-21,4.000000,4.060000,3.560000,3.900000,3.900000,61100
2015-01-22,3.922000,3.990000,3.650000,3.790000,3.790000,43400
2015-01-23,3.870000,3.950000,3.700000,3.700000,3.700000,93200
2015-01-26,3.600000,3.700000,3.390000,3.610000,3.610000,52000
2015-01-27,3.600000,4.320000,3.600000,4.020000,4.020000,45600
2015-01-28,4.130000,4.450000,3.900000,3.950000,3.950000,27100
2015-01-29,3.960000,4.090000,3.790000,3.810000,3.810000,42600
2015-01-30,3.910000,3.930000,3.630000,3.890000,3.890000,52400
2015-02-02,3.800000,3.961000,3.650000,3.850000,3.850000,41000
2015-02-03,4.000000,4.110000,3.680000,3.880000,3.880000,62200
2015-02-04,3.900000,3.900000,3.530000,3.600000,3.600000,28600
2015-02-05,3.640000,3.950000,3.600000,3.810000,3.810000,37500
2015-02-06,3.840000,4.080000,3.670000,4.030000,4.030000,76700
2015-02-09,4.050000,4.790000,4.050000,4.700000,4.700000,78500
2015-02-10,4.690000,5.060000,4.400000,4.530000,4.530000,100000
2015-02-11,4.630000,4.890000,4.250000,4.473000,4.473000,37000
2015-02-12,4.530000,4.600000,4.300000,4.390000,4.390000,32000
2015-02-13,4.340000,4.670000,4.300000,4.520000,4.520000,25800
2015-02-17,4.660000,4.880000,4.500000,4.850000,4.850000,44400
2015-02-18,4.890000,4.890000,4.610000,4.770000,4.770000,10800
2015-02-19,4.770000,4.770000,4.210000,4.270000,4.270000,58700
2015-02-20,4.370000,4.710000,4.290000,4.420000,4.420000,23900
2015-02-23,4.300000,4.550000,4.300000,4.390000,4.390000,25200
2015-02-24,4.430000,4.580000,4.330000,4.440000,4.440000,9000
2015-02-25,4.367000,4.429000,4.350000,4.360000,4.360000,9500
2015-02-26,4.390000,4.390000,4.050000,4.180000,4.180000,12900
2015-02-27,4.150000,4.470000,4.150000,4.420000,4.420000,23500
2015-03-02,4.470000,4.650000,4.160000,4.300000,4.300000,35500
2015-03-03,4.200000,4.390000,4.200000,4.350000,4.350000,17900
2015-03-04,4.340000,4.550000,4.200000,4.490000,4.490000,17100
2015-03-05,4.510000,4.770000,4.380000,4.770000,4.770000,53800
2015-03-06,4.770000,5.000000,4.550000,4.962000,4.962000,32500
2015-03-09,4.970000,5.590000,4.709000,5.134000,5.134000,60300
2015-03-10,5.130000,5.200000,4.690000,5.060000,5.060000,43100
2015-03-11,5.130000,5.130000,4.420000,4.660000,4.660000,83700
2015-03-12,4.820000,5.040000,4.380000,4.890000,4.890000,35200
2015-03-13,4.850000,4.970000,3.900000,4.250000,4.250000,69500
2015-03-16,4.230000,4.230000,3.701000,3.920000,3.920000,50200
2015-03-17,3.930000,3.970000,3.850000,3.930000,3.930000,14800
2015-03-18,3.980000,3.980000,3.800000,3.930000,3.930000,28800
2015-03-19,3.810000,3.900000,3.510000,3.840000,3.840000,30500
2015-03-20,3.810000,4.000000,3.780000,3.880000,3.880000,15700
2015-03-23,3.850000,3.892000,3.610000,3.790000,3.790000,38400
2015-03-24,3.770000,3.940000,3.650000,3.840000,3.840000,85300
2015-03-25,3.920000,4.210000,3.890000,4.030000,4.030000,27200
2015-03-26,4.090000,4.420000,3.930000,4.320000,4.320000,57700
2015-03-27,4.350000,4.540000,4.220000,4.320000,4.320000,22200
2015-03-30,4.300000,4.440000,3.962000,4.270000,4.270000,37500
2015-03-31,4.170000,4.370000,4.040000,4.220000,4.220000,20500
2015-04-01,4.190000,4.330000,4.000000,4.210000,4.210000,34100
2015-04-02,4.190000,4.230000,4.060000,4.090000,4.090000,15800
2015-04-06,4.080000,4.210000,4.000000,4.120000,4.120000,11500
2015-04-07,4.000000,4.310000,4.000000,4.290000,4.290000,12100
2015-04-08,4.320000,4.320000,4.090000,4.200000,4.200000,15800
2015-04-09,4.220000,4.300000,4.150000,4.200000,4.200000,11800
2015-04-10,4.220000,4.240000,4.100000,4.190000,4.190000,8400
2015-04-13,4.230000,4.230000,4.000000,4.030000,4.030000,25900
2015-04-14,4.050000,4.090000,4.010000,4.090000,4.090000,10300
2015-04-15,4.110000,4.280000,4.100000,4.265000,4.265000,12700
2015-04-16,4.210000,4.370000,4.170000,4.370000,4.370000,18600
2015-04-17,4.300000,4.989000,4.230000,4.720000,4.720000,69000
2015-04-20,4.800000,4.810000,4.500000,4.530000,4.530000,38100
2015-04-21,4.520000,4.640000,4.270000,4.360000,4.360000,10100
2015-04-22,4.310000,4.440000,4.310000,4.400000,4.400000,32300
2015-04-23,4.380000,4.450000,4.170000,4.300000,4.300000,23900
2015-04-24,4.240000,4.300000,4.190000,4.250000,4.250000,15400
2015-04-27,4.230000,4.340000,4.230000,4.230000,4.230000,6300
2015-04-28,4.210000,4.230000,4.150000,4.170000,4.170000,3600
2015-04-29,4.120000,4.550000,4.120000,4.405000,4.405000,10900
2015-04-30,4.380000,4.629000,4.380000,4.590000,4.590000,7200
2015-05-01,4.550000,4.770000,4.450000,4.570000,4.570000,23100
2015-05-04,4.580000,5.000000,4.580000,4.900000,4.900000,37100
2015-05-05,4.820000,5.050000,4.820000,4.970000,4.970000,44000
2015-05-06,4.910000,5.050000,4.900000,4.980000,4.980000,22200
2015-05-07,4.890000,5.050000,4.480000,4.670000,4.670000,25300
2015-05-08,4.560000,4.670000,4.330000,4.590000,4.590000,14100
2015-05-11,4.530000,4.830000,4.530000,4.750000,4.750000,22800
2015-05-12,4.660000,4.950000,4.530000,4.950000,4.950000,8200
2015-05-13,4.930000,4.950000,4.760000,4.850000,4.850000,11600
2015-05-14,4.800000,5.010000,4.520000,4.800000,4.800000,50200
2015-05-15,4.780000,4.840000,4.660000,4.780000,4.780000,18600
2015-05-18,4.730000,4.950000,4.420000,4.530000,4.530000,26200
2015-05-19,4.460000,4.750000,4.460000,4.695000,4.695000,35900
2015-05-20,4.650000,4.930000,4.500000,4.520000,4.520000,14000
2015-05-21,4.470000,4.640000,4.340000,4.350000,4.350000,19400
2015-05-22,4.330000,4.505000,4.330000,4.330000,4.330000,5300
2015-05-26,4.360000,4.360000,4.065000,4.180000,4.180000,25600
2015-05-27,4.150000,4.370000,4.070000,4.300000,4.300000,15800
2015-05-28,4.270000,4.510000,4.270000,4.430000,4.430000,10300
2015-05-29,4.380000,4.650000,4.340000,4.380000,4.380000,28900
2015-06-01,4.340000,4.510000,4.150000,4.430000,4.430000,23400
2015-06-02,4.370000,4.490000,4.220000,4.400000,4.400000,19600
2015-06-03,4.370000,4.700000,4.370000,4.630000,4.630000,52800
2015-06-04,4.570000,4.690000,4.380000,4.450000,4.450000,48600
2015-06-05,4.390000,4.489000,4.300000,4.400000,4.400000,11900
2015-06-08,4.350000,4.410000,3.900000,4.320000,4.320000,99300
2015-06-09,4.190000,4.409000,4.080000,4.150000,4.150000,12900
2015-06-10,4.360000,4.390000,4.110000,4.130000,4.130000,21400
2015-06-11,4.090000,4.230000,4.050000,4.060000,4.060000,14700
2015-06-12,4.000000,4.500000,4.000000,4.040000,4.040000,39700
2015-06-15,4.000000,4.230000,4.000000,4.200000,4.200000,20000
2015-06-16,4.170000,4.270000,4.040000,4.100000,4.100000,14800
2015-06-17,4.080000,4.290000,4.040000,4.170000,4.170000,8400
2015-06-18,4.130000,4.400000,4.000000,4.310000,4.310000,113200
2015-06-19,4.130000,4.400000,4.094000,4.400000,4.400000,246600
2015-06-22,4.340000,4.350000,4.205000,4.250000,4.250000,12700
2015-06-23,4.220000,4.450000,4.220000,4.240000,4.240000,30900
2015-06-24,4.190000,4.300000,4.062000,4.110000,4.110000,176200
2015-06-25,4.070000,4.150000,4.000000,4.000000,4.000000,15600
2015-06-26,4.000000,4.220000,4.000000,4.120000,4.120000,85800
2015-06-29,4.050000,4.090000,3.800000,3.800000,3.800000,52100
2015-06-30,3.800000,4.060000,3.600000,3.600000,3.600000,49500
2015-07-01,3.600000,3.890000,3.550000,3.710000,3.710000,17900
2015-07-02,3.750000,3.790000,3.650000,3.650000,3.650000,17000
2015-07-06,3.660000,3.790000,3.550000,3.560000,3.560000,10600
2015-07-07,3.600000,3.699000,3.460000,3.480000,3.480000,44600
2015-07-08,3.460000,3.500000,3.028000,3.160000,3.160000,49300
2015-07-09,3.180000,3.501000,3.180000,3.340000,3.340000,19100
2015-07-10,3.400000,3.650000,3.191000,3.570000,3.570000,30500
2015-07-13,3.500000,3.500000,3.310000,3.490000,3.490000,18200
2015-07-14,3.360000,3.780000,3.350000,3.671000,3.671000,84700
2015-07-15,3.580000,3.790000,3.540000,3.740000,3.740000,10300
2015-07-16,3.690000,3.770000,3.610000,3.740000,3.740000,7700
2015-07-17,3.690000,3.860000,3.600000,3.620000,3.620000,24600
2015-07-20,3.800000,3.800000,3.250000,3.300000,3.300000,28500
2015-07-21,3.410000,3.420000,3.020000,3.080000,3.080000,33300
2015-07-22,3.100000,3.250000,2.870000,2.960000,2.960000,41800
2015-07-23,3.000000,3.160000,2.900000,2.980000,2.980000,15400
2015-07-24,3.020000,3.429000,2.950000,3.280000,3.280000,48500
2015-07-27,3.360000,3.570000,3.310000,3.330000,3.330000,10800
2015-07-28,3.300000,3.480000,3.010000,3.130000,3.130000,11600
2015-07-29,3.300000,3.500000,3.180000,3.500000,3.500000,60200
2015-07-30,3.580000,3.800000,3.470000,3.800000,3.800000,31300
2015-07-31,3.800000,3.800000,3.530000,3.568000,3.568000,16300
2015-08-03,3.800000,3.800000,3.260000,3.340000,3.340000,11000
2015-08-04,3.470000,3.470000,3.270000,3.310000,3.310000,16300
2015-08-05,3.350000,3.350000,3.100000,3.330000,3.330000,14800
2015-08-06,3.220000,3.220000,2.460000,2.970000,2.970000,59400
2015-08-07,2.980000,3.280000,2.980000,3.280000,3.280000,21800
2015-08-10,3.300000,3.350000,3.020000,3.270000,3.270000,21800
2015-08-11,3.270000,3.270000,3.100000,3.252000,3.252000,13200
2015-08-12,3.320000,3.340000,3.110000,3.310000,3.310000,15400
2015-08-13,3.340000,3.350000,3.220000,3.250000,3.250000,15500
2015-08-14,3.220000,3.810000,3.220000,3.810000,3.810000,30700
2015-08-17,3.700000,3.700000,3.210000,3.400000,3.400000,5900
2015-08-18,3.281000,3.450000,3.270000,3.440000,3.440000,9600
2015-08-19,3.430000,3.550000,3.300000,3.515000,3.515000,16700
2015-08-20,3.550000,3.550000,3.360000,3.530000,3.530000,14300
2015-08-21,3.311000,3.311000,3.050000,3.090000,3.090000,20900
2015-08-24,3.000000,3.000000,2.610000,2.610000,2.610000,43000
2015-08-25,2.750000,2.800000,2.590000,2.595000,2.595000,38200
2015-08-26,2.750000,2.920000,2.450000,2.536000,2.536000,42500
2015-08-27,2.580000,2.740000,2.350000,2.730000,2.730000,36000
2015-08-28,2.720000,3.170000,2.714000,3.110000,3.110000,39200
2015-08-31,3.120000,3.120000,2.990000,3.070000,3.070000,9800
2015-09-01,3.050000,3.350000,2.710000,2.760000,2.760000,18200
2015-09-02,2.800000,2.810000,2.635000,2.650000,2.650000,29300
2015-09-03,2.650000,3.050000,2.610000,3.034000,3.034000,39500
2015-09-04,2.940000,3.050000,2.900000,3.020000,3.020000,41000
2015-09-08,3.020000,3.100000,2.870000,3.050000,3.050000,18000
2015-09-09,3.050000,3.060000,3.000000,3.050000,3.050000,7800
2015-09-10,3.040000,3.090000,3.000000,3.090000,3.090000,13200
2015-09-11,3.010000,3.140000,3.000000,3.110000,3.110000,3500
2015-09-14,3.180000,3.660000,3.110000,3.410000,3.410000,36400
2015-09-15,3.300000,3.430000,3.300000,3.420000,3.420000,12100
2015-09-16,3.410000,3.700000,3.324000,3.700000,3.700000,20000
2015-09-17,3.650000,3.790000,3.430000,3.720000,3.720000,28700
2015-09-18,3.720000,3.854000,3.520000,3.630000,3.630000,22100
2015-09-21,3.710000,3.710000,3.520000,3.675000,3.675000,13000
2015-09-22,3.640000,3.640000,3.366000,3.420000,3.420000,20800
2015-09-23,3.350000,3.420000,3.160000,3.170000,3.170000,13700
2015-09-24,3.160000,3.160000,3.020000,3.030000,3.030000,8500
2015-09-25,3.140000,3.140000,2.980000,2.990000,2.990000,27100
2015-09-28,2.960000,2.960000,2.730000,2.730000,2.730000,18400
2015-09-29,2.810000,2.810000,2.670000,2.700000,2.700000,15700
2015-09-30,2.730000,2.760000,2.700000,2.750000,2.750000,11100
2015-10-01,2.750000,2.750000,2.500000,2.500000,2.500000,12900
2015-10-02,2.570000,2.620000,2.500000,2.580000,2.580000,13700
2015-10-05,2.560000,2.750000,2.500000,2.500000,2.500000,14900
2015-10-06,2.570000,2.707000,2.500000,2.550000,2.550000,12300
2015-10-07,2.620000,2.690000,2.510000,2.510000,2.510000,12300
2015-10-08,2.645000,2.690000,2.530000,2.540000,2.540000,3300
2015-10-09,2.600000,2.750000,2.600000,2.690000,2.690000,17200
2015-10-12,2.690000,2.698000,2.600000,2.640000,2.640000,10900
2015-10-13,2.630000,2.680000,2.518000,2.550000,2.550000,3100
2015-10-14,2.590000,2.670000,2.500000,2.580000,2.580000,5900
2015-10-15,2.720000,2.750000,2.582000,2.750000,2.750000,18300
2015-10-16,2.730000,2.750000,2.580000,2.650000,2.650000,18300
2015-10-19,2.640000,2.640000,2.500000,2.500000,2.500000,10200
2015-10-20,2.500000,2.540000,2.220000,2.230000,2.230000,15700
2015-10-21,2.210000,2.250000,2.150000,2.190000,2.190000,23500
2015-10-22,2.230000,2.390000,2.230000,2.260000,2.260000,21200
2015-10-23,2.580000,2.740000,2.320000,2.630000,2.630000,41400
2015-10-26,2.570000,2.710000,2.390000,2.530000,2.530000,60600
2015-10-27,2.520000,2.650000,2.470000,2.650000,2.650000,14800
2015-10-28,2.740000,2.740000,2.510000,2.600000,2.600000,7700
2015-10-29,2.600000,2.730000,2.600000,2.600000,2.600000,19200
2015-10-30,2.580000,2.610000,2.460000,2.460000,2.460000,14600
2015-11-02,2.460000,2.590000,2.460000,2.590000,2.590000,9700
2015-11-03,2.460000,2.640000,2.460000,2.500000,2.500000,22600
2015-11-04,2.580000,2.640000,2.350000,2.560000,2.560000,47200
2015-11-05,2.560000,2.600000,2.390000,2.450000,2.450000,17000
2015-11-06,2.460000,2.660000,2.460000,2.620000,2.620000,36300
2015-11-09,2.590000,2.660000,2.500000,2.506000,2.506000,22300
2015-11-10,2.420000,2.450000,2.020000,2.020000,2.020000,59200
2015-11-11,2.050000,2.200000,1.800000,2.110000,2.110000,43600
2015-11-12,2.100000,2.240000,2.000000,2.190000,2.190000,12100
2015-11-13,2.190000,2.280000,2.170000,2.280000,2.280000,22700
2015-11-16,2.270000,2.270000,2.210000,2.210000,2.210000,13600
2015-11-17,2.260000,2.260000,2.170000,2.190000,2.190000,6900
2015-11-18,2.160000,2.310000,2.160000,2.310000,2.310000,5000
2015-11-19,2.310000,2.380000,2.220000,2.220000,2.220000,14400
2015-11-20,2.200000,2.335000,2.200000,2.240000,2.240000,9400
2015-11-23,2.260000,2.380000,2.260000,2.310000,2.310000,8100
2015-11-24,2.270000,2.370000,2.270000,2.360000,2.360000,900
2015-11-25,2.360000,2.490000,2.150000,2.490000,2.490000,37500
2015-11-27,2.480000,2.560000,2.480000,2.560000,2.560000,2400
2015-11-30,2.550000,2.980000,2.420000,2.980000,2.980000,37300
2015-12-01,2.810000,3.000000,2.650000,2.780000,2.780000,26900
2015-12-02,2.770000,2.900000,2.730000,2.840000,2.840000,22500
2015-12-03,2.960000,2.960000,2.800000,2.900000,2.900000,13400
2015-12-04,2.820000,2.990000,2.820000,2.970000,2.970000,40200
2015-12-07,2.720000,3.050000,2.720000,2.930000,2.930000,20900
2015-12-08,2.930000,2.960000,2.400000,2.570000,2.570000,41800
2015-12-09,2.640000,2.900000,2.640000,2.750000,2.750000,14400
2015-12-10,2.790000,2.900000,2.550000,2.590000,2.590000,27400
2015-12-11,2.890000,3.000000,2.530000,2.620000,2.620000,20400
2015-12-14,2.610000,2.770000,2.610000,2.680000,2.680000,15400
2015-12-15,2.630000,2.690000,2.250000,2.340000,2.340000,28100
2015-12-16,2.300000,2.610000,2.246000,2.270000,2.270000,17300
2015-12-17,2.270000,2.650000,2.260000,2.260000,2.260000,17000
2015-12-18,2.260000,2.450000,2.170000,2.170000,2.170000,60800
2015-12-21,2.370000,2.370000,2.180000,2.190000,2.190000,26600
2015-12-22,2.170000,2.310000,2.140000,2.200000,2.200000,17800
2015-12-23,2.150000,2.470000,2.150000,2.350000,2.350000,56600
2015-12-24,2.250000,2.270000,2.190000,2.190000,2.190000,2100
2015-12-28,2.200000,2.250000,2.100000,2.200000,2.200000,36200
2015-12-29,2.220000,2.240000,2.100000,2.210000,2.210000,37300
2015-12-30,2.150000,2.150000,1.870000,1.900000,1.900000,84800
2015-12-31,1.970000,2.996000,1.960000,2.900000,2.900000,81000
2016-01-04,2.790000,2.790000,2.331000,2.600000,2.600000,33100
2016-01-05,2.610000,2.830000,2.509000,2.660000,2.660000,21200
2016-01-06,2.640000,2.640000,2.360000,2.370000,2.370000,18500
2016-01-07,2.490000,2.490000,2.250000,2.250000,2.250000,10600
2016-01-08,2.420000,2.420000,2.250000,2.350000,2.350000,5100
2016-01-11,2.273000,2.320000,2.090000,2.150000,2.150000,13600
2016-01-12,2.100000,2.340000,2.040000,2.140000,2.140000,20000
2016-01-13,2.270000,2.270000,2.150000,2.150000,2.150000,2100
2016-01-14,2.160000,2.480000,2.060000,2.390000,2.390000,13200
2016-01-15,2.200000,2.440000,2.190000,2.280000,2.280000,17400
2016-01-19,2.310000,2.340000,2.070000,2.100000,2.100000,22700
2016-01-20,2.480000,2.480000,2.000000,2.160000,2.160000,33300
2016-01-21,2.080000,2.350000,2.050000,2.140000,2.140000,16300
2016-01-22,2.200000,2.600000,2.200000,2.380000,2.380000,22800
2016-01-25,2.270000,2.660000,2.270000,2.310000,2.310000,15700
2016-01-26,2.190000,2.400000,1.920000,2.010000,2.010000,33800
2016-01-27,2.150000,2.170000,1.980000,2.000000,2.000000,12100
2016-01-28,2.050000,2.300000,2.010000,2.240000,2.240000,20000
2016-01-29,2.300000,2.380000,2.030000,2.190000,2.190000,25200
2016-02-01,2.150000,2.435000,2.020000,2.090000,2.090000,38300
2016-02-02,2.110000,2.220000,2.000000,2.030000,2.030000,26600
2016-02-03,2.150000,2.150000,1.960000,2.090000,2.090000,38700
2016-02-04,2.040000,2.040000,2.010000,2.010000,2.010000,5600
2016-02-05,1.950000,2.130000,1.950000,1.950000,1.950000,17100
2016-02-08,1.930000,1.930000,1.750000,1.880000,1.880000,17600
2016-02-09,1.750000,1.766000,1.509000,1.750000,1.750000,11100
2016-02-10,1.710000,1.761000,1.710000,1.750000,1.750000,4000
2016-02-11,1.718000,1.718000,1.520000,1.570000,1.570000,19200
2016-02-12,1.580000,1.710000,1.580000,1.700000,1.700000,4000
2016-02-16,1.700000,1.720000,1.700000,1.700000,1.700000,5700
2016-02-17,1.710000,1.860000,1.710000,1.840000,1.840000,4600
2016-02-18,1.800000,1.850000,1.710000,1.740000,1.740000,17600
2016-02-19,1.710000,1.880000,1.710000,1.780000,1.780000,1800
2016-02-22,1.800000,1.870000,1.800000,1.830000,1.830000,2700
2016-02-23,1.900000,1.900000,1.550000,1.650000,1.650000,22300
2016-02-24,1.610000,1.780000,1.570000,1.580000,1.580000,2300
2016-02-25,1.870000,1.890000,1.600000,1.600000,1.600000,8400
2016-02-26,1.930000,1.930000,1.620000,1.790000,1.790000,5300
2016-02-29,1.800000,1.910000,1.800000,1.810000,1.810000,700
2016-03-01,1.854000,1.900000,1.800000,1.800000,1.800000,9500
2016-03-02,1.840000,1.840000,1.840000,1.840000,1.840000,1300
2016-03-03,1.850000,1.900000,1.600000,1.600000,1.600000,4900
2016-03-04,1.750000,1.780000,1.690000,1.710000,1.710000,4000
2016-03-07,1.640000,1.770000,1.640000,1.680000,1.680000,4700
2016-03-08,1.700000,1.800000,1.660000,1.660000,1.660000,25000
2016-03-09,1.790000,1.790000,1.620000,1.620000,1.620000,38200
2016-03-10,1.750000,1.859000,1.590000,1.630000,1.630000,61700
2016-03-11,1.700000,1.807000,1.700000,1.760000,1.760000,30100
2016-03-14,1.760000,1.861000,1.700000,1.770000,1.770000,7200
2016-03-15,1.800000,1.890000,1.700000,1.700000,1.700000,20000
2016-03-16,1.870000,1.890000,1.750000,1.790000,1.790000,8600
2016-03-17,1.800000,2.080000,1.800000,1.970000,1.970000,17100
2016-03-18,2.010000,2.390000,2.010000,2.120000,2.120000,46700
2016-03-21,2.130000,2.210000,1.930000,2.070000,2.070000,31300
2016-03-22,2.130000,2.160000,2.020000,2.100000,2.100000,3700
2016-03-23,2.124000,2.190000,2.120000,2.155000,2.155000,16400
2016-03-24,2.196000,2.196000,1.750000,2.130000,2.130000,38400
2016-03-28,2.030000,2.130000,2.011000,2.030000,2.030000,6400
2016-03-29,2.000000,2.040000,1.960000,1.970000,1.970000,4200
2016-03-30,1.972000,2.000000,1.690000,1.870000,1.870000,33500
2016-03-31,1.970000,2.220000,1.887000,2.040000,2.040000,46900
2016-04-01,2.020000,2.100000,1.980000,2.050000,2.050000,6700
2016-04-04,2.046000,2.100000,2.010000,2.050000,2.050000,10200
2016-04-05,1.936000,1.963000,1.863000,1.870000,1.870000,3000
2016-04-06,1.870000,1.930000,1.750000,1.750000,1.750000,12000
2016-04-07,1.840000,1.840000,1.700000,1.800000,1.800000,8700
2016-04-08,1.820000,1.930000,1.812000,1.920000,1.920000,5900
2016-04-11,1.870000,2.000000,1.870000,1.950000,1.950000,9700
2016-04-12,2.000000,2.200000,2.000000,2.130000,2.130000,22000
2016-04-13,2.130000,2.400000,2.120000,2.240000,2.240000,35100
2016-04-14,2.417000,2.450000,2.285000,2.410000,2.410000,4400
2016-04-15,2.190000,2.450000,2.190000,2.330000,2.330000,6600
2016-04-18,2.310000,2.530000,2.300000,2.310000,2.310000,6100
2016-04-19,2.380000,2.500000,2.220000,2.470000,2.470000,7900
2016-04-20,2.500000,2.600000,2.500000,2.580000,2.580000,10100
2016-04-21,2.729000,2.850000,2.617000,2.840000,2.840000,25400
2016-04-22,2.850000,2.890000,2.748000,2.850000,2.850000,10900
2016-04-25,2.830000,2.850000,2.631000,2.830000,2.830000,3400
2016-04-26,2.670000,2.710000,2.580000,2.710000,2.710000,5200
2016-04-27,2.700000,2.860000,2.700000,2.750000,2.750000,13900
2016-04-28,2.750000,2.860000,2.600000,2.839000,2.839000,20700
2016-04-29,2.720000,2.770000,2.700000,2.770000,2.770000,10400
2016-05-02,2.790000,2.790000,2.642000,2.750000,2.750000,1500
2016-05-03,2.630000,2.790000,2.630000,2.790000,2.790000,6300
2016-05-04,2.626000,2.810000,2.310000,2.810000,2.810000,28400
2016-05-05,2.659000,2.840000,2.620000,2.740000,2.740000,21600
2016-05-06,2.800000,2.940000,2.800000,2.890000,2.890000,16700
2016-05-09,2.770000,2.880000,2.380000,2.380000,2.380000,12300
2016-05-10,2.450000,2.660000,2.230000,2.260000,2.260000,13800
2016-05-11,2.210000,2.580000,2.210000,2.430000,2.430000,20200
2016-05-12,2.510000,2.760000,2.510000,2.650000,2.650000,10900
2016-05-13,2.780000,2.780000,2.580000,2.580000,2.580000,3800
2016-05-16,2.580000,2.749000,2.510000,2.570000,2.570000,31200
2016-05-17,2.510000,2.820000,2.510000,2.520000,2.520000,5400
2016-05-18,2.660000,2.680000,2.510000,2.560000,2.560000,9300
2016-05-19,2.520000,2.560000,2.520000,2.540000,2.540000,1900
2016-05-20,2.590000,2.630000,2.550000,2.560000,2.560000,5800
2016-05-23,2.600000,2.600000,2.460000,2.480000,2.480000,5500
2016-05-24,2.470000,2.690000,2.440000,2.540000,2.540000,7700
2016-05-25,2.520000,2.639000,2.440000,2.610000,2.610000,6100
2016-05-26,2.649000,2.700000,2.460000,2.460000,2.460000,5000
2016-05-27,2.370000,2.380000,2.370000,2.380000,2.380000,700
2016-05-31,2.535000,2.620000,2.370000,2.620000,2.620000,8300
2016-06-01,2.571000,2.710000,2.560000,2.580000,2.580000,4700
2016-06-02,2.559000,2.740000,2.500000,2.670000,2.670000,15500
2016-06-03,2.480000,2.610000,2.410000,2.610000,2.610000,1500
2016-06-06,2.540000,2.590000,2.410000,2.590000,2.590000,4200
2016-06-07,2.430000,2.580000,2.420000,2.510000,2.510000,2300
2016-06-08,2.420000,2.470000,2.420000,2.440000,2.440000,1200
2016-06-09,2.430000,2.490000,2.420000,2.490000,2.490000,2800
2016-06-10,2.490000,2.500000,2.440000,2.490000,2.490000,3500
2016-06-13,2.430000,2.490000,2.420000,2.490000,2.490000,3200
2016-06-14,2.460000,2.500000,2.350000,2.360000,2.360000,2700
2016-06-15,2.400000,2.400000,2.320000,2.360000,2.360000,3400
2016-06-16,2.330000,2.500000,2.270000,2.490000,2.490000,3700
2016-06-17,2.500000,2.500000,2.370000,2.370000,2.370000,17700
2016-06-20,2.370000,2.500000,2.370000,2.400000,2.400000,2300
2016-06-21,2.415000,2.495000,2.360000,2.490000,2.490000,1600
2016-06-22,2.360000,2.490000,2.360000,2.490000,2.490000,2200
2016-06-23,2.370000,2.600000,2.360000,2.500000,2.500000,13300
2016-06-24,2.500000,2.550000,2.370000,2.370000,2.370000,18600
2016-06-27,2.370000,2.411000,2.340000,2.340000,2.340000,11600
2016-06-28,2.269000,2.450000,2.269000,2.450000,2.450000,8500
2016-06-29,2.380000,2.450000,2.260000,2.400000,2.400000,1400
2016-06-30,2.430000,2.430000,2.280000,2.280000,2.280000,20000
2016-07-01,2.302000,2.302000,2.050000,2.220000,2.220000,5800
2016-07-05,2.253000,2.310000,2.253000,2.310000,2.310000,400
2016-07-06,2.240000,2.240000,2.113000,2.175000,2.175000,4800
2016-07-07,2.130000,2.138000,1.962000,1.980000,1.980000,13100
2016-07-08,2.000000,2.050000,2.000000,2.000000,2.000000,31500
2016-07-11,2.000000,2.000000,1.896000,1.896000,1.896000,6800
2016-07-12,1.980000,2.000000,1.670000,1.700000,1.700000,29600
2016-07-13,1.710000,2.000000,1.710000,1.990000,1.990000,40100
2016-07-14,1.955000,2.000000,1.890000,1.910000,1.910000,13600
2016-07-15,1.910000,2.000000,1.880000,2.000000,2.000000,40300
2016-07-18,1.990000,2.000000,1.960000,1.961000,1.961000,37600
2016-07-19,1.980000,2.000000,1.970000,1.990000,1.990000,10500
2016-07-20,2.000000,2.030000,1.850000,2.000000,2.000000,8700
2016-07-21,1.975000,2.010000,1.950000,2.000000,2.000000,19900
2016-07-22,2.137000,2.137000,1.790000,2.000000,2.000000,65100
2016-07-25,1.830000,1.990000,1.830000,1.980000,1.980000,10100
2016-07-26,1.820000,1.970000,1.820000,1.950000,1.950000,4200
2016-07-27,1.950000,2.000000,1.860000,1.890000,1.890000,4900
2016-07-28,1.820000,1.900000,1.730000,1.870000,1.870000,9100
2016-07-29,1.850000,1.980000,1.850000,1.910000,1.910000,3100
2016-08-01,1.880000,1.977000,1.880000,1.920000,1.920000,5700
2016-08-02,1.980000,2.000000,1.950000,1.970000,1.970000,116400
2016-08-03,2.000000,2.000000,1.983000,1.983000,1.983000,13100
2016-08-04,1.952000,1.990000,1.952000,1.990000,1.990000,400
2016-08-05,1.856000,2.000000,1.790000,2.000000,2.000000,111300
2016-08-08,1.997000,2.000000,1.900000,1.990000,1.990000,66400
2016-08-09,1.980000,1.980000,1.860000,1.960000,1.960000,18200
2016-08-10,1.940000,1.960000,1.910000,1.940000,1.940000,14200
2016-08-11,1.910000,2.000000,1.870000,1.980000,1.980000,61200
2016-08-12,1.890000,2.000000,1.780000,1.940000,1.940000,69100
2016-08-15,1.930000,2.000000,1.850000,1.950000,1.950000,51700
2016-08-16,1.900000,1.900000,1.640000,1.700000,1.700000,158400
2016-08-17,1.820000,1.830000,1.610000,1.610000,1.610000,128000
2016-08-18,1.580000,1.720000,1.580000,1.630000,1.630000,27200
2016-08-19,1.640000,1.660000,1.550000,1.570000,1.570000,12900
2016-08-22,1.619000,1.620000,1.550000,1.550000,1.550000,33100
2016-08-23,1.610000,1.670000,1.558000,1.607000,1.607000,16200
2016-08-24,1.669000,1.669000,1.590000,1.590000,1.590000,6100
2016-08-25,1.640000,1.700000,1.630000,1.630000,1.630000,18700
2016-08-26,1.640000,1.640000,1.550000,1.550000,1.550000,7800
2016-08-29,1.620000,1.740000,1.620000,1.640000,1.640000,9000
2016-08-30,1.600000,1.640000,1.500000,1.550000,1.550000,31200
2016-08-31,1.474000,1.580000,1.474000,1.550000,1.550000,12300
2016-09-01,1.500000,1.500000,1.390000,1.450000,1.450000,38500
2016-09-02,1.500000,1.500000,1.430000,1.430000,1.430000,42500
2016-09-06,1.500000,1.510000,1.450000,1.460000,1.460000,64300
2016-09-07,1.500000,1.500000,1.400000,1.400000,1.400000,50400
2016-09-08,1.470000,1.490000,1.400000,1.490000,1.490000,49900
2016-09-09,1.420000,1.465000,1.310000,1.347000,1.347000,47900
2016-09-12,1.420000,1.480000,1.130000,1.146000,1.146000,98900
2016-09-13,1.180000,1.440000,1.010000,1.250000,1.250000,192400
2016-09-14,1.230000,1.290000,1.165000,1.180000,1.180000,47500
2016-09-15,1.200000,1.380000,1.130000,1.300000,1.300000,105500
2016-09-16,1.300000,1.550000,1.250000,1.290000,1.290000,287900
2016-09-19,1.250000,1.350000,1.170000,1.200000,1.200000,25200
2016-09-20,1.200000,1.248000,1.180000,1.210000,1.210000,10200
2016-09-21,1.270000,1.320000,1.190000,1.280000,1.280000,42300
2016-09-22,1.300000,1.340000,1.300000,1.310000,1.310000,9900
2016-09-23,1.300000,1.340000,1.240000,1.260000,1.260000,16100
2016-09-26,1.245000,1.315000,1.230000,1.300000,1.300000,3900
2016-09-27,1.240000,1.260000,1.220000,1.260000,1.260000,14300
2016-09-28,1.300000,1.300000,1.180000,1.230000,1.230000,15900
2016-09-29,1.250000,1.280000,1.150000,1.230000,1.230000,7000
2016-09-30,1.220000,1.238000,1.060000,1.080000,1.080000,182800
2016-10-03,1.130000,1.230000,1.090000,1.170000,1.170000,74800
2016-10-04,1.160000,1.340000,1.160000,1.300000,1.300000,95000
2016-10-05,1.387000,1.665000,1.310000,1.650000,1.650000,338900
2016-10-06,1.690000,1.820000,1.660000,1.760000,1.760000,332200
2016-10-07,1.770000,1.812000,1.430000,1.620000,1.620000,117900
2016-10-10,1.620000,1.620000,1.360000,1.430000,1.430000,44600
2016-10-11,1.457000,1.490000,1.430000,1.450000,1.450000,23100
2016-10-12,1.440000,1.443000,1.260000,1.300000,1.300000,63100
2016-10-13,1.320000,1.320000,1.200000,1.270000,1.270000,15600
2016-10-14,1.290000,1.290000,1.260000,1.290000,1.290000,9100
2016-10-17,1.310000,1.360000,1.210000,1.330000,1.330000,168300
2016-10-18,1.270000,1.350000,1.270000,1.290000,1.290000,29300
2016-10-19,1.350000,1.460000,1.350000,1.420000,1.420000,58000
2016-10-20,1.490000,1.670000,1.470000,1.570000,1.570000,90100
2016-10-21,1.620000,1.870000,1.600000,1.700000,1.700000,142900
2016-10-24,1.700000,1.900000,1.577000,1.610000,1.610000,99300
2016-10-25,1.680000,1.750000,1.680000,1.680000,1.680000,43500
2016-10-26,1.700000,1.760000,1.680000,1.680000,1.680000,43300
2016-10-27,1.700000,1.700000,1.560000,1.610000,1.610000,45200
2016-10-28,1.650000,1.700000,1.590000,1.650000,1.650000,53000
2016-10-31,1.680000,1.880000,1.680000,1.790000,1.790000,103700
2016-11-01,1.710000,1.860000,1.660000,1.750000,1.750000,29400
2016-11-02,1.770000,1.770000,1.690000,1.730000,1.730000,18500
2016-11-03,1.713000,1.820000,1.713000,1.720000,1.720000,34100
2016-11-04,1.700000,1.730000,1.630000,1.640000,1.640000,12100
2016-11-07,1.620000,1.670000,1.610000,1.640000,1.640000,4600
2016-11-08,1.610000,1.690000,1.480000,1.590000,1.590000,73000
2016-11-09,1.590000,1.650000,1.530000,1.650000,1.650000,11100
2016-11-10,1.650000,1.670000,1.520000,1.670000,1.670000,16900
2016-11-11,1.650000,1.772000,1.602000,1.700000,1.700000,13300
2016-11-14,1.765000,1.950000,1.740000,1.860000,1.860000,34800
2016-11-15,1.820000,1.978000,1.820000,1.900000,1.900000,35600
2016-11-16,1.900000,1.950000,1.840000,1.910000,1.910000,30900
2016-11-17,1.870000,1.900000,1.760000,1.850000,1.850000,31300
2016-11-18,1.790000,1.795000,1.620000,1.710000,1.710000,21000
2016-11-21,1.750000,1.890000,1.750000,1.770000,1.770000,45100
2016-11-22,1.792000,1.830000,1.760000,1.820000,1.820000,16000
2016-11-23,1.800000,1.850000,1.730000,1.820000,1.820000,14200
2016-11-25,1.820000,1.820000,1.700000,1.810000,1.810000,12300
2016-11-28,1.800000,1.850000,1.794000,1.800000,1.800000,20800
2016-11-29,1.750000,1.800000,1.710000,1.750000,1.750000,27100
2016-11-30,1.780000,1.800000,1.700000,1.705000,1.705000,10400
2016-12-01,1.710000,1.750000,1.660000,1.660000,1.660000,16300
2016-12-02,1.735000,1.740000,1.600000,1.610000,1.610000,8200
2016-12-05,1.670000,1.700000,1.660000,1.680000,1.680000,18000
2016-12-06,1.650000,1.790000,1.650000,1.710000,1.710000,35100
2016-12-07,1.735000,1.760000,1.670000,1.720000,1.720000,31200
2016-12-08,1.710000,1.800000,1.560000,1.660000,1.660000,138900
2016-12-09,1.719000,1.910000,1.650000,1.740000,1.740000,90100
2016-12-12,1.750000,1.750000,1.600000,1.700000,1.700000,23800
2016-12-13,1.634000,1.750000,1.634000,1.750000,1.750000,49300
2016-12-14,1.740000,1.750000,1.690000,1.703000,1.703000,15200
2016-12-15,1.700000,1.750000,1.660000,1.750000,1.750000,42800
2016-12-16,1.740000,1.810000,1.738000,1.760000,1.760000,24000
2016-12-19,1.760000,1.766000,1.660000,1.680000,1.680000,12000
2016-12-20,1.660000,1.720000,1.441000,1.543000,1.543000,140800
2016-12-21,1.550000,1.690000,1.520000,1.610000,1.610000,117800
2016-12-22,1.620000,1.900000,1.600000,1.690000,1.690000,224200
2016-12-23,1.630000,1.731000,1.550000,1.630000,1.630000,19900
2016-12-27,1.680000,1.680000,1.500000,1.500000,1.500000,25400
2016-12-28,1.590000,1.590000,1.340000,1.360000,1.360000,101300
2016-12-29,1.450000,1.450000,1.370000,1.390000,1.390000,60600
2016-12-30,1.400000,1.530000,1.390000,1.390000,1.390000,90900
2017-01-03,1.410000,1.590000,1.410000,1.540000,1.540000,124100
2017-01-04,1.590000,1.750000,1.550000,1.680000,1.680000,206000
2017-01-05,1.740000,1.830000,1.730000,1.760000,1.760000,78500
2017-01-06,1.780000,1.803000,1.550000,1.710000,1.710000,31900
2017-01-09,1.650000,1.780000,1.590000,1.600000,1.600000,71700
2017-01-10,1.590000,1.800000,1.590000,1.700000,1.700000,54200
2017-01-11,1.730000,1.730000,1.610000,1.692000,1.692000,45500
2017-01-12,1.700000,1.700000,1.600000,1.645000,1.645000,27300
2017-01-13,1.668000,1.690000,1.610000,1.630000,1.630000,13800
2017-01-17,1.690000,1.690000,1.600000,1.610000,1.610000,13900
2017-01-18,1.657000,1.820000,1.430000,1.820000,1.820000,355000
2017-01-19,1.770000,2.500000,1.560000,1.720000,1.720000,892400
2017-01-20,1.650000,1.710000,1.601000,1.620000,1.620000,83000
2017-01-23,1.630000,1.730000,1.500000,1.730000,1.730000,213100
2017-01-24,1.690000,1.800000,1.630000,1.740000,1.740000,93100
2017-01-25,1.730000,1.810000,1.600000,1.810000,1.810000,106300
2017-01-26,1.800000,1.830000,1.670000,1.780000,1.780000,87200
2017-01-27,1.780000,1.780000,1.630000,1.710000,1.710000,26300
2017-01-30,1.700000,1.700000,1.600000,1.660000,1.660000,14900
2017-01-31,1.640000,1.640000,1.560000,1.640000,1.640000,37400
2017-02-01,1.610000,1.740000,1.580000,1.640000,1.640000,207700
2017-02-02,1.600000,1.670000,1.550000,1.620000,1.620000,39300
2017-02-03,1.640000,1.680000,1.520000,1.560000,1.560000,130900
2017-02-06,1.580000,1.620000,1.470000,1.500000,1.500000,57600
2017-02-07,1.470000,1.570000,1.270000,1.340000,1.340000,364700
2017-02-08,1.360000,1.370000,1.160000,1.240000,1.240000,111500
2017-02-09,1.220000,1.280000,1.180000,1.270000,1.270000,82700
2017-02-10,1.300000,1.300000,1.210000,1.270000,1.270000,30400
2017-02-13,1.260000,1.287000,1.210000,1.240000,1.240000,33000
2017-02-14,1.250000,1.258000,1.100000,1.220000,1.220000,71800
2017-02-15,1.247000,1.247000,1.200000,1.201000,1.201000,11400
2017-02-16,1.220000,1.220000,1.160000,1.170000,1.170000,13900
2017-02-17,1.180000,1.220000,1.160000,1.180000,1.180000,32900
2017-02-21,1.180000,1.210000,1.160000,1.210000,1.210000,17500
2017-02-22,1.190000,1.220000,1.190000,1.190000,1.190000,14000
2017-02-23,1.200000,1.200000,1.170000,1.170000,1.170000,1800
2017-02-24,1.160000,1.210000,1.152000,1.180000,1.180000,8700
2017-02-27,1.170000,1.210000,1.160000,1.210000,1.210000,12000
2017-02-28,1.200000,1.200000,1.150000,1.150000,1.150000,18800
2017-03-01,1.180000,1.221000,1.180000,1.190000,1.190000,59500
2017-03-02,1.200000,1.250000,1.170000,1.182000,1.182000,50300
2017-03-03,1.217000,1.236000,1.190000,1.220000,1.220000,29700
2017-03-06,1.230000,1.230000,1.200000,1.230000,1.230000,32400
2017-03-07,1.230000,1.400000,1.230000,1.270000,1.270000,139700
2017-03-08,1.250000,1.270000,1.210000,1.220000,1.220000,28000
2017-03-09,1.250000,1.260000,1.220000,1.260000,1.260000,29400
2017-03-10,1.280000,1.280000,1.220000,1.230000,1.230000,21000
2017-03-13,1.244000,1.244000,1.170000,1.210000,1.210000,33700
2017-03-14,1.200000,1.230000,1.189000,1.220000,1.220000,14100
2017-03-15,1.220000,1.220000,1.100000,1.180000,1.180000,39500
2017-03-16,1.207000,1.207000,1.170000,1.170000,1.170000,2300
2017-03-17,1.194000,1.200000,1.170000,1.180000,1.180000,25800
2017-03-20,1.170000,1.210000,1.170000,1.190000,1.190000,6700
2017-03-21,1.190000,1.190000,1.110000,1.150000,1.150000,39500
2017-03-22,1.160000,1.160000,1.150000,1.160000,1.160000,1800
2017-03-23,1.140000,1.140000,1.120000,1.140000,1.140000,2500
2017-03-24,1.140000,1.150000,1.140000,1.150000,1.150000,9900
2017-03-27,1.150000,1.170000,1.140000,1.140000,1.140000,5700
2017-03-28,1.150000,1.310000,1.150000,1.180000,1.180000,80100
2017-03-29,1.210000,1.250000,1.209000,1.245000,1.245000,19000
2017-03-30,1.250000,1.277000,1.210000,1.270000,1.270000,27300
2017-03-31,1.280000,1.330000,1.270000,1.290000,1.290000,30800
2017-04-03,1.310000,1.340000,1.280000,1.280000,1.280000,16000
2017-04-04,1.270000,1.350000,1.260000,1.260000,1.260000,53300
2017-04-05,1.330000,1.340000,1.200000,1.200000,1.200000,11800
2017-04-06,1.273000,1.273000,1.169000,1.239000,1.239000,16700
2017-04-07,1.210000,1.280000,1.180000,1.180000,1.180000,25000
2017-04-10,1.220000,1.270000,1.200000,1.200000,1.200000,6200
2017-04-11,1.193000,1.220000,1.170000,1.170000,1.170000,7800
2017-04-12,1.175000,1.207000,1.175000,1.180000,1.180000,400
2017-04-13,1.170000,1.210000,1.170000,1.190000,1.190000,15500
2017-04-17,1.210000,1.210000,1.190000,1.210000,1.210000,1400
2017-04-18,1.210000,1.210000,1.160000,1.160000,1.160000,7400
2017-04-19,1.170000,1.210000,1.110000,1.130000,1.130000,12300
2017-04-20,1.130000,1.188000,1.120000,1.140000,1.140000,12200
2017-04-21,1.150000,1.200000,1.150000,1.180000,1.180000,8100
2017-04-24,1.200000,1.200000,1.110000,1.170000,1.170000,39700
2017-04-25,1.112000,1.180000,1.112000,1.150000,1.150000,19900
2017-04-26,1.130000,1.170000,1.130000,1.140000,1.140000,10900
2017-04-27,1.150000,1.180000,1.130000,1.130000,1.130000,21400
2017-04-28,1.150000,1.160000,1.124000,1.160000,1.160000,2700
2017-05-01,1.160000,1.180000,1.150000,1.150000,1.150000,9600
2017-05-02,1.130000,1.168000,1.130000,1.150000,1.150000,10700
2017-05-03,1.200000,1.200000,1.150000,1.156000,1.156000,13400
2017-05-04,1.160000,1.200000,1.156000,1.160000,1.160000,7900
2017-05-05,1.190000,1.190000,1.100000,1.180000,1.180000,18000
2017-05-08,1.160000,1.180000,1.150000,1.180000,1.180000,4400
2017-05-09,1.180000,1.190000,1.130000,1.130000,1.130000,16700
2017-05-10,1.155000,1.600000,1.141000,1.471000,1.471000,677600
2017-05-11,1.400000,1.430000,1.120000,1.415000,1.415000,384400
2017-05-12,1.350000,1.410000,1.217000,1.340000,1.340000,54000
2017-05-15,1.305000,1.310000,1.250000,1.300000,1.300000,54700
2017-05-16,1.288000,1.330000,1.280000,1.300000,1.300000,55800
2017-05-17,1.310000,1.310000,1.260000,1.300000,1.300000,7600
2017-05-18,1.307000,1.330000,1.270000,1.280000,1.280000,19200
2017-05-19,1.270000,1.270000,1.190000,1.250000,1.250000,44900
2017-05-22,1.250000,1.300000,1.210000,1.210000,1.210000,34200
2017-05-23,1.290000,1.430000,1.290000,1.330000,1.330000,51700
2017-05-24,1.340000,1.420000,1.340000,1.350000,1.350000,34100
2017-05-25,1.420000,1.810000,1.420000,1.500000,1.500000,1022300
2017-05-26,1.460000,1.610000,1.320000,1.610000,1.610000,137600
2017-05-30,1.700000,1.720000,1.551000,1.630000,1.630000,62500
2017-05-31,1.630000,1.670000,1.560000,1.620000,1.620000,52400
2017-06-01,1.630000,1.700000,1.564000,1.590000,1.590000,42300
2017-06-02,1.590000,1.670000,1.550000,1.630000,1.630000,24700
2017-06-05,1.620000,1.660000,1.540000,1.600000,1.600000,21400
2017-06-06,1.630000,1.680000,1.570000,1.590000,1.590000,25900
2017-06-07,1.615000,1.650000,1.532000,1.580000,1.580000,31100
2017-06-08,1.580000,1.640000,1.545000,1.580000,1.580000,24700
2017-06-09,1.580000,1.640000,1.560000,1.560000,1.560000,6000
2017-06-12,1.600000,1.610000,1.470000,1.513000,1.513000,26500
2017-06-13,1.500000,1.570000,1.300000,1.458000,1.458000,74300
2017-06-14,1.400000,1.480000,1.400000,1.440000,1.440000,14900
2017-06-15,1.390000,1.510000,1.320000,1.320000,1.320000,31700
2017-06-16,1.330000,1.500000,1.330000,1.500000,1.500000,51700
2017-06-19,1.510000,1.510000,1.420000,1.450000,1.450000,6300
2017-06-20,1.420000,1.450000,1.340000,1.400000,1.400000,15600
2017-06-21,1.380000,1.450000,1.380000,1.420000,1.420000,9600
2017-06-22,1.430000,1.450000,1.310000,1.440000,1.440000,17300
2017-06-23,1.430000,1.450000,1.380000,1.380000,1.380000,21600
2017-06-26,1.426000,1.440000,1.330000,1.430000,1.430000,5800
2017-06-27,1.420000,1.440000,1.370000,1.390000,1.390000,9700
2017-06-28,1.410000,1.410000,1.380000,1.380000,1.380000,6900
2017-06-29,1.370000,1.370000,1.350000,1.360000,1.360000,15600
2017-06-30,1.350000,1.350000,1.300000,1.330000,1.330000,16200
2017-07-03,1.360000,1.360000,1.300000,1.310000,1.310000,7000
2017-07-05,1.330000,1.330000,1.300000,1.310000,1.310000,6500
2017-07-06,1.310000,1.330000,1.300000,1.310000,1.310000,16500
2017-07-07,1.300000,1.302000,1.200000,1.230000,1.230000,19000
2017-07-10,1.200000,1.249000,1.150000,1.176000,1.176000,30100
2017-07-11,1.170000,1.290000,1.170000,1.230000,1.230000,19600
2017-07-12,1.190000,1.330000,1.190000,1.250000,1.250000,14700
2017-07-13,1.236000,1.320000,1.236000,1.299000,1.299000,2300
2017-07-14,1.270000,1.320000,1.250000,1.260000,1.260000,4200
2017-07-17,1.250000,1.305000,1.180000,1.230000,1.230000,40200
2017-07-18,1.230000,1.250000,1.190000,1.200000,1.200000,6000
2017-07-19,1.260000,1.269000,1.230000,1.230000,1.230000,3400
2017-07-20,1.270000,1.270000,1.207000,1.220000,1.220000,4900
2017-07-21,1.230000,1.240000,1.170000,1.230000,1.230000,39200
2017-07-24,1.230000,1.240000,1.190000,1.220000,1.220000,12300
2017-07-25,1.220000,1.240000,1.200000,1.200000,1.200000,13100
2017-07-26,1.210000,1.275000,1.199000,1.230000,1.230000,35700
2017-07-27,1.220000,1.254000,1.200000,1.210000,1.210000,10400
2017-07-28,1.200000,1.247000,1.200000,1.200000,1.200000,23800
2017-07-31,1.200000,1.300000,1.160000,1.210000,1.210000,38200
2017-08-01,1.190000,1.230000,1.170000,1.210000,1.210000,11200
2017-08-02,1.190000,1.222000,1.160000,1.210000,1.210000,20200
2017-08-03,1.210000,1.240000,1.210000,1.229000,1.229000,9900
2017-08-04,1.240000,1.240000,1.160000,1.170000,1.170000,20100
2017-08-07,1.170000,1.210000,1.150000,1.180000,1.180000,25500
2017-08-08,1.210000,1.236000,1.170000,1.170000,1.170000,6600
2017-08-09,1.190000,1.199000,1.140000,1.140000,1.140000,4300
2017-08-10,1.120000,1.190000,0.954000,1.190000,1.190000,52500
2017-08-11,1.100000,1.170000,1.014000,1.170000,1.170000,64500
2017-08-14,1.139000,1.160000,1.120000,1.140000,1.140000,5700
2017-08-15,1.160000,1.300000,1.040000,1.148000,1.148000,120500
2017-08-16,1.100000,1.110000,1.050000,1.087000,1.087000,26300
2017-08-17,1.080000,1.120000,1.050000,1.086000,1.086000,9000
2017-08-18,1.102000,1.170000,1.050000,1.080000,1.080000,33300
2017-08-21,1.090000,1.090000,1.010000,1.070000,1.070000,3000
2017-08-22,1.040000,1.050000,1.010000,1.010000,1.010000,10800
2017-08-23,1.050000,1.064000,1.000000,1.000000,1.000000,3800
2017-08-24,1.050000,1.079000,0.912000,0.950000,0.950000,71300
2017-08-25,0.950000,1.004000,0.822000,0.830000,0.830000,84200
2017-08-28,0.780000,0.908000,0.780000,0.868000,0.868000,33600
2017-08-29,0.830000,0.898000,0.817000,0.878000,0.878000,35100
2017-08-30,0.850000,0.900000,0.810000,0.900000,0.900000,6500
2017-08-31,0.867000,0.890000,0.843000,0.863000,0.863000,12900
2017-09-01,0.859000,0.860000,0.822000,0.850000,0.850000,32000
2017-09-05,0.828000,0.850000,0.800000,0.838000,0.838000,12000
2017-09-06,0.850000,0.863000,0.820000,0.830000,0.830000,12800
2017-09-07,0.851000,0.900000,0.850000,0.890000,0.890000,20200
2017-09-08,0.900000,0.900000,0.840000,0.900000,0.900000,20000
2017-09-11,0.940000,0.946000,0.901000,0.930000,0.930000,45200
2017-09-12,0.850000,0.950000,0.850000,0.920000,0.920000,7600
2017-09-13,0.940000,1.040000,0.908000,0.970000,0.970000,26700
2017-09-14,1.000000,1.000000,0.942000,0.950000,0.950000,12700
2017-09-15,0.950000,0.968000,0.870000,0.920000,0.920000,23000
2017-09-18,0.913000,1.010000,0.900000,0.900000,0.900000,6100
2017-09-19,0.940000,0.940000,0.860000,0.870000,0.870000,16700
2017-09-20,0.940000,0.942000,0.900000,0.940000,0.940000,28300
2017-09-21,0.930000,0.990000,0.930000,0.960000,0.960000,11400
2017-09-22,0.910000,0.930000,0.880000,0.920000,0.920000,29000
2017-09-25,0.900000,0.966000,0.870000,0.871000,0.871000,24300
2017-09-26,0.914000,0.914000,0.870000,0.870000,0.870000,15200
2017-09-27,0.877000,0.920000,0.865000,0.884000,0.884000,28000
2017-09-28,0.884000,0.940000,0.820000,0.903000,0.903000,13000
2017-09-29,0.920000,0.943000,0.870000,0.870000,0.870000,15800
2017-10-02,0.914000,0.915000,0.870000,0.879000,0.879000,8600
2017-10-03,0.900000,0.910000,0.860000,0.870000,0.870000,2500
2017-10-04,0.890000,0.890000,0.863000,0.870000,0.870000,7100
2017-10-05,0.900000,1.000000,0.870000,0.890000,0.890000,25500
2017-10-06,0.900000,0.920000,0.820000,0.892000,0.892000,11100
2017-10-09,0.920000,0.920000,0.842000,0.870000,0.870000,13400
2017-10-10,0.899000,0.914000,0.802000,0.890000,0.890000,31100
2017-10-11,0.890000,0.890000,0.840000,0.850000,0.850000,14500
2017-10-12,0.840000,0.890000,0.800000,0.840000,0.840000,9700
2017-10-13,0.840000,0.840000,0.810000,0.810000,0.810000,7600
2017-10-16,0.810000,0.840000,0.710000,0.740000,0.740000,47600
2017-10-17,0.740000,0.850000,0.637000,0.680000,0.680000,73200
2017-10-18,0.740000,0.740000,0.686000,0.690000,0.690000,27800
2017-10-19,0.690000,0.690000,0.637000,0.640000,0.640000,38700
2017-10-20,0.637000,0.637000,0.600000,0.620000,0.620000,42700
2017-10-23,0.590000,0.620000,0.530000,0.590000,0.590000,22500
2017-10-24,0.630000,0.850000,0.550000,0.830000,0.830000,206400
2017-10-25,0.890000,1.100000,0.750000,0.790000,0.790000,167400
2017-10-26,0.771000,0.823000,0.666000,0.809000,0.809000,63200
2017-10-27,0.744000,0.801000,0.710000,0.767000,0.767000,71500
2017-10-30,0.730000,0.850000,0.690000,0.780000,0.780000,64800
2017-10-31,0.750000,0.840000,0.743000,0.810000,0.810000,22700
2017-11-01,0.770000,0.794000,0.756000,0.760000,0.760000,15100
2017-11-02,0.748000,0.960000,0.736000,0.820000,0.820000,176100
2017-11-03,0.861000,0.870000,0.732000,0.762000,0.762000,26400
2017-11-06,0.730000,0.861000,0.730000,0.830000,0.830000,31700
2017-11-07,0.850000,0.890000,0.765000,0.890000,0.890000,58400
2017-11-08,0.843000,0.900000,0.800000,0.801000,0.801000,81100
2017-11-09,0.841000,0.900000,0.710000,0.710000,0.710000,58600
2017-11-10,0.710000,0.790000,0.710000,0.770000,0.770000,40100
2017-11-13,0.770000,0.790000,0.750000,0.760000,0.760000,17000
2017-11-14,0.750000,0.751000,0.710000,0.730000,0.730000,10300
2017-11-15,0.710000,0.726000,0.671000,0.690000,0.690000,52400
2017-11-16,0.701000,0.749000,0.650000,0.670000,0.670000,36300
2017-11-17,0.670000,0.730000,0.670000,0.700000,0.700000,14300
2017-11-20,0.720000,0.720000,0.680000,0.700000,0.700000,11900
2017-11-21,0.720000,0.730000,0.690000,0.698000,0.698000,33600
2017-11-22,0.693000,0.728000,0.693000,0.710000,0.710000,3200
2017-11-24,0.696000,0.710000,0.696000,0.705000,0.705000,2300
2017-11-27,0.700000,0.787000,0.696000,0.700000,0.700000,26900
2017-11-28,0.700000,0.790000,0.687000,0.700000,0.700000,11600
2017-11-29,0.700000,0.760000,0.660000,0.670000,0.670000,45800
2017-11-30,0.673000,0.704000,0.650000,0.660000,0.660000,30600
2017-12-01,0.690000,0.827000,0.650000,0.750000,0.750000,231500
2017-12-04,0.750000,0.780000,0.681000,0.685000,0.685000,47600
2017-12-05,0.719000,0.737000,0.685000,0.720000,0.720000,21100
2017-12-06,0.709000,0.710000,0.670000,0.680000,0.680000,10800
2017-12-07,0.710000,0.710000,0.680000,0.690000,0.690000,17800
2017-12-08,0.689000,0.730000,0.660000,0.700000,0.700000,39300
2017-12-11,0.690000,0.708000,0.660000,0.708000,0.708000,20100
2017-12-12,0.723000,0.723000,0.670000,0.670000,0.670000,3700
2017-12-13,0.680000,0.759000,0.670000,0.700000,0.700000,271000
2017-12-14,0.700000,0.720000,0.680000,0.690000,0.690000,19500
2017-12-15,0.700000,0.700000,0.680000,0.680000,0.680000,19700
2017-12-18,0.680000,0.693000,0.665000,0.665000,0.665000,17200
2017-12-19,0.666000,0.706000,0.666000,0.698000,0.698000,10500
2017-12-20,0.690000,0.699000,0.665000,0.665000,0.665000,32300
2017-12-21,0.680000,0.680000,0.540000,0.615000,0.615000,41500
2017-12-22,0.610000,0.630000,0.512000,0.610000,0.610000,42400
2017-12-26,0.610000,0.660000,0.530000,0.590000,0.590000,101000
2017-12-27,0.560000,0.590000,0.520000,0.550000,0.550000,92100
2017-12-28,0.578000,0.580000,0.550000,0.550000,0.550000,90000
2017-12-29,0.550000,0.629000,0.540000,0.550000,0.550000,182600
2018-01-02,0.578000,0.600000,0.550000,0.580000,0.580000,22400
2018-01-03,0.609000,0.610000,0.566000,0.566000,0.566000,4500
2018-01-04,0.570000,0.668000,0.570000,0.590000,0.590000,74800
2018-01-05,0.620000,0.650000,0.580000,0.605000,0.605000,89100
2018-01-08,0.677000,0.680000,0.605000,0.669000,0.669000,16500
2018-01-09,0.690000,0.690000,0.590000,0.680000,0.680000,10000
2018-01-10,0.690000,0.690000,0.640000,0.680000,0.680000,26300
2018-01-11,0.690000,0.790000,0.660000,0.790000,0.790000,64800
2018-01-12,0.800000,0.950000,0.630000,0.780000,0.780000,117400
2018-01-16,0.770000,0.770000,0.700000,0.720000,0.720000,49100
2018-01-17,0.750000,0.760000,0.650000,0.700000,0.700000,14800
2018-01-18,0.700000,0.740000,0.700000,0.705000,0.705000,40900
2018-01-19,0.700000,0.710000,0.621000,0.640000,0.640000,57000
2018-01-22,0.670000,0.670000,0.620000,0.640000,0.640000,22300
2018-01-23,0.630000,0.640000,0.580000,0.620000,0.620000,31400
2018-01-24,0.600000,0.630000,0.580000,0.620000,0.620000,66500
2018-01-25,0.650000,0.656000,0.584000,0.630000,0.630000,53500
2018-01-26,0.610000,0.750000,0.610000,0.681000,0.681000,50500
2018-01-29,0.710000,0.739000,0.690000,0.710000,0.710000,40100
2018-01-30,0.690000,0.690000,0.679000,0.679000,0.679000,15700
2018-01-31,0.710000,0.710000,0.660000,0.690000,0.690000,10100
2018-02-01,0.690000,0.710000,0.640000,0.700000,0.700000,43200
2018-02-02,0.650000,0.660000,0.645000,0.660000,0.660000,1300
2018-02-05,0.640000,0.650000,0.590000,0.590000,0.590000,24800
2018-02-06,0.620000,0.630000,0.590000,0.590000,0.590000,14900
2018-02-07,0.570000,0.610000,0.560000,0.560000,0.560000,11200
2018-02-08,0.588000,0.600000,0.550000,0.560000,0.560000,26000
2018-02-09,0.563000,0.591000,0.540000,0.570000,0.570000,18900
2018-02-12,0.510000,0.550000,0.500000,0.540000,0.540000,25900
2018-02-13,0.560000,0.560000,0.452000,0.519000,0.519000,34100
2018-02-14,0.490000,0.548000,0.475000,0.540000,0.540000,44400
2018-02-15,0.516000,0.538000,0.515000,0.538000,0.538000,6600
2018-02-16,0.560000,0.563000,0.531000,0.557000,0.557000,22300
2018-02-20,0.560000,0.560000,0.550000,0.557000,0.557000,4400
2018-02-21,0.560000,0.560000,0.520000,0.520000,0.520000,35300
2018-02-22,0.546000,0.548000,0.520000,0.520000,0.520000,2000
2018-02-23,0.560000,0.570000,0.546000,0.570000,0.570000,12700
2018-02-26,0.590000,0.600000,0.570000,0.590000,0.590000,14700
2018-02-27,0.570000,0.600000,0.550000,0.600000,0.600000,29600
2018-02-28,0.600000,0.600000,0.540000,0.580000,0.580000,31500
2018-03-01,0.570000,0.570000,0.520000,0.520000,0.520000,13700
2018-03-02,0.546000,0.590000,0.520000,0.590000,0.590000,44200
2018-03-05,0.620000,0.690000,0.592000,0.647000,0.647000,51700
2018-03-06,0.700000,1.280000,0.700000,1.050000,1.050000,10938900
2018-03-07,1.220000,1.410000,1.110000,1.120000,1.120000,8223500
2018-03-08,1.140000,1.200000,1.050000,1.150000,1.150000,928200
2018-03-09,1.150000,1.159000,0.960000,1.150000,1.150000,590400
2018-03-12,1.140000,1.240000,1.111000,1.120000,1.120000,571500
2018-03-13,1.110000,1.170000,1.070000,1.090000,1.090000,183600
2018-03-14,1.090000,1.140000,1.050000,1.050000,1.050000,123600
2018-03-15,1.070000,1.120000,1.070000,1.120000,1.120000,125600
2018-03-16,1.150000,3.120000,1.150000,2.450000,2.450000,43520600
2018-03-19,2.050000,2.340000,1.930000,2.160000,2.160000,2615100
2018-03-20,2.180000,2.200000,1.910000,2.100000,2.100000,758700
2018-03-21,2.120000,2.125000,1.850000,1.940000,1.940000,473600
2018-03-22,2.000000,2.490000,1.861000,2.100000,2.100000,1871300
2018-03-23,2.110000,2.130000,1.910000,1.950000,1.950000,651200
2018-03-26,1.950000,1.990000,1.850000,1.870000,1.870000,391000
2018-03-27,1.880000,2.100000,1.860000,2.030000,2.030000,487600
2018-03-28,2.050000,2.110000,1.920000,2.000000,2.000000,256300
2018-03-29,1.910000,2.000000,1.541000,1.700000,1.700000,871000
2018-04-02,1.660000,1.772000,1.520000,1.570000,1.570000,391900
2018-04-03,1.600000,1.680000,1.480000,1.660000,1.660000,287500
2018-04-04,1.500000,1.649000,1.430000,1.510000,1.510000,303800
2018-04-05,1.530000,1.650000,1.530000,1.610000,1.610000,114600
2018-04-06,1.590000,1.595000,1.450000,1.450000,1.450000,124400
2018-04-09,1.470000,1.540000,1.360000,1.360000,1.360000,172300
2018-04-10,1.380000,1.490000,1.360000,1.450000,1.450000,138600
2018-04-11,1.440000,1.650000,1.420000,1.590000,1.590000,370600
2018-04-12,1.600000,1.800000,1.526000,1.690000,1.690000,534800
2018-04-13,1.700000,1.780000,1.610000,1.660000,1.660000,96000
2018-04-16,1.660000,1.740000,1.600000,1.710000,1.710000,60800
2018-04-17,1.710000,1.850000,1.710000,1.800000,1.800000,218000
2018-04-18,1.800000,1.940000,1.780000,1.900000,1.900000,314200
2018-04-19,1.900000,1.910000,1.729000,1.800000,1.800000,108700
2018-04-20,1.790000,1.860000,1.621000,1.705000,1.705000,98900
2018-04-23,1.700000,1.700000,1.600000,1.650000,1.650000,54700
2018-04-24,1.640000,1.730000,1.600000,1.620000,1.620000,33900
2018-04-25,1.630000,1.709000,1.610000,1.680000,1.680000,40700
2018-04-26,1.700000,1.804000,1.656000,1.760000,1.760000,151600
2018-04-27,1.760000,1.790000,1.650000,1.780000,1.780000,51100
2018-04-30,1.770000,1.770000,1.681000,1.720000,1.720000,48900
2018-05-01,1.700000,1.739000,1.650000,1.690000,1.690000,31700
2018-05-02,1.680000,1.850000,1.676000,1.840000,1.840000,167600
2018-05-03,1.850000,1.860000,1.711000,1.750000,1.750000,49600
2018-05-04,1.740000,1.844000,1.697000,1.790000,1.790000,45600
2018-05-07,1.800000,1.850000,1.720000,1.730000,1.730000,92700
2018-05-08,1.730000,1.830000,1.730000,1.800000,1.800000,91500
2018-05-09,1.830000,1.850000,1.770000,1.840000,1.840000,126000
2018-05-10,1.880000,1.880000,1.770000,1.789000,1.789000,84700
2018-05-11,1.850000,1.850000,1.750000,1.830000,1.830000,73700
2018-05-14,1.850000,1.850000,1.800000,1.830000,1.830000,39500
2018-05-15,1.820000,1.820000,1.790000,1.790000,1.790000,16100
2018-05-16,1.800000,1.800000,1.720000,1.750000,1.750000,34200
2018-05-17,1.770000,1.770000,1.680000,1.710000,1.710000,81700
2018-05-18,1.720000,1.800000,1.610000,1.755000,1.755000,65000
2018-05-21,1.770000,1.770000,1.678000,1.720000,1.720000,8000
2018-05-22,1.720000,1.731000,1.697000,1.720000,1.720000,19300
2018-05-23,1.720000,1.720000,1.664000,1.709000,1.709000,20400
2018-05-24,1.680000,1.690000,1.666000,1.690000,1.690000,9500
2018-05-25,1.630000,1.649000,1.610000,1.640000,1.640000,15300
2018-05-29,1.600000,1.655000,1.600000,1.600000,1.600000,18600
2018-05-30,1.600000,1.640000,1.570000,1.580000,1.580000,31900
2018-05-31,1.560000,1.620000,1.560000,1.590000,1.590000,15800
2018-06-01,1.590000,1.620000,1.550000,1.580000,1.580000,28600
2018-06-04,1.600000,1.610000,1.550000,1.550000,1.550000,20000
2018-06-05,1.550000,1.560000,1.470000,1.520000,1.520000,26200
2018-06-06,1.488000,1.640000,1.470000,1.480000,1.480000,146700
2018-06-07,1.470000,1.559000,1.470000,1.490000,1.490000,14600
2018-06-08,1.500000,1.546000,1.450000,1.460000,1.460000,18600
2018-06-11,1.470000,1.590000,1.470000,1.550000,1.550000,14900
2018-06-12,1.590000,1.590000,1.471000,1.483000,1.483000,19400
2018-06-13,1.490000,1.548000,1.480000,1.480000,1.480000,19800
2018-06-14,1.500000,1.510000,1.470000,1.480000,1.480000,51200
2018-06-15,1.480000,1.516000,1.430000,1.430000,1.430000,16100
2018-06-18,1.430000,1.590000,1.400000,1.480000,1.480000,176500
2018-06-19,1.500000,1.570000,1.460000,1.470000,1.470000,59000
2018-06-20,1.560000,1.581000,1.481000,1.570000,1.570000,54000
2018-06-21,1.570000,1.580000,1.520000,1.530000,1.530000,54200
2018-06-22,1.590000,1.600000,1.501000,1.600000,1.600000,54900
2018-06-25,1.600000,1.610000,1.480000,1.550000,1.550000,27600
2018-06-26,1.550000,1.550000,1.400000,1.470000,1.470000,19000
2018-06-27,1.440000,1.510000,1.440000,1.450000,1.450000,32000
2018-06-28,1.460000,1.500000,1.418000,1.500000,1.500000,13900
2018-06-29,1.500000,1.510000,1.471000,1.510000,1.510000,8600
2018-07-02,1.510000,1.510000,1.450000,1.460000,1.460000,9200
2018-07-03,1.490000,2.400000,1.460000,1.590000,1.590000,2240300
2018-07-05,1.700000,1.970000,1.600000,1.690000,1.690000,206700
2018-07-06,1.700000,1.830000,1.611000,1.740000,1.740000,110100
2018-07-09,1.760000,1.810000,1.730000,1.740000,1.740000,40800
2018-07-10,1.740000,1.760000,1.550000,1.580000,1.580000,80800
2018-07-11,1.580000,1.625000,1.510000,1.590000,1.590000,33100
2018-07-12,1.590000,1.590000,1.550000,1.550000,1.550000,23500
2018-07-13,1.560000,1.570000,1.510000,1.540000,1.540000,8700
2018-07-16,1.530000,1.560000,1.431000,1.510000,1.510000,33000
2018-07-17,1.510000,1.550000,1.510000,1.540000,1.540000,4200
2018-07-18,1.530000,1.560000,1.510000,1.530000,1.530000,8200
2018-07-19,1.540000,1.580000,1.511000,1.540000,1.540000,31500
2018-07-20,1.610000,1.610000,1.499000,1.500000,1.500000,28100
2018-07-23,1.520000,1.520000,1.430000,1.440000,1.440000,16900
2018-07-24,1.500000,1.541000,1.448000,1.450000,1.450000,26900
2018-07-25,1.470000,1.470000,1.280000,1.315000,1.315000,43600
2018-07-26,1.310000,1.363000,1.290000,1.300000,1.300000,15300
2018-07-27,1.320000,1.356000,1.250000,1.280000,1.280000,22300
2018-07-30,1.280000,1.350000,1.250000,1.250000,1.250000,19300
2018-07-31,1.260000,1.289000,1.230000,1.260000,1.260000,16300
2018-08-01,1.260000,1.296000,1.230000,1.265000,1.265000,3900
2018-08-02,1.280000,1.296000,1.240000,1.260000,1.260000,5600
2018-08-03,1.276000,1.349000,1.276000,1.320000,1.320000,33300
2018-08-06,1.310000,1.392000,1.290000,1.290000,1.290000,33400
2018-08-07,1.310000,1.400000,1.310000,1.365000,1.365000,22300
2018-08-08,1.400000,1.400000,1.314000,1.360000,1.360000,29700
2018-08-09,1.380000,1.400000,1.330000,1.340000,1.340000,23700
2018-08-10,1.350000,1.388000,1.250000,1.255000,1.255000,39000
2018-08-13,1.260000,1.310000,1.230000,1.300000,1.300000,27700
2018-08-14,1.310000,1.310000,1.230000,1.260000,1.260000,15900
2018-08-15,1.250000,1.276000,1.148000,1.250000,1.250000,25300
2018-08-16,1.250000,1.250000,1.187000,1.200000,1.200000,12500
2018-08-17,1.210000,1.250000,1.210000,1.210000,1.210000,8400
2018-08-20,1.240000,1.264000,1.194000,1.250000,1.250000,12200
2018-08-21,1.240000,1.315000,1.240000,1.300000,1.300000,20600
2018-08-22,1.221000,1.300000,1.220000,1.290000,1.290000,5200
2018-08-23,1.300000,1.320000,1.280000,1.282000,1.282000,18000
2018-08-24,1.310000,1.320000,1.260000,1.260000,1.260000,19600
2018-08-27,1.270000,1.320000,1.261000,1.270000,1.270000,9700
2018-08-28,1.280000,1.310000,1.243000,1.310000,1.310000,6900
2018-08-29,1.290000,1.320000,1.240000,1.290000,1.290000,9300
2018-08-30,1.280000,1.300000,1.250000,1.280000,1.280000,3500
2018-08-31,1.270000,1.320000,1.240000,1.240000,1.240000,8500
2018-09-04,1.240000,1.320000,1.240000,1.269000,1.269000,12100
2018-09-05,1.280000,1.280000,1.250000,1.260000,1.260000,3600
2018-09-06,1.260000,1.280000,1.220000,1.220000,1.220000,6100
2018-09-07,1.220000,1.279000,1.220000,1.220000,1.220000,12300
2018-09-10,1.220000,1.230000,1.210000,1.210000,1.210000,17300
2018-09-11,1.210000,1.290000,1.200000,1.220000,1.220000,7600
2018-09-12,1.240000,1.240000,1.190000,1.220000,1.220000,3700
2018-09-13,1.210000,1.210000,1.190000,1.210000,1.210000,2400
2018-09-14,1.190000,1.230000,1.131000,1.140000,1.140000,12000
2018-09-17,1.210000,1.210000,1.121000,1.160000,1.160000,1900
2018-09-18,1.150000,1.219000,1.144000,1.185000,1.185000,15500
2018-09-19,1.160000,1.160000,1.010000,1.040000,1.040000,23000
2018-09-20,1.060000,1.200000,1.060000,1.070000,1.070000,26600
2018-09-21,1.080000,1.150000,1.080000,1.150000,1.150000,16400
2018-09-24,1.100000,1.150000,1.060000,1.060000,1.060000,16900
2018-09-25,1.070000,1.120000,1.000000,1.050000,1.050000,107500
2018-09-26,1.040000,1.085000,1.000000,1.000000,1.000000,39800
2018-09-27,1.030000,1.030000,0.900000,0.930000,0.930000,73300
2018-09-28,1.010000,1.040000,0.950000,1.020000,1.020000,26900
2018-10-01,1.030000,1.060000,0.950000,0.960000,0.960000,52400
2018-10-02,1.000000,1.040000,0.960000,0.990000,0.990000,20000
2018-10-03,0.960000,1.100000,0.960000,1.089000,1.089000,39100
2018-10-04,1.080000,1.080000,1.010000,1.020000,1.020000,9100
2018-10-05,1.020000,1.090000,1.000000,1.000000,1.000000,33200
2018-10-08,1.050000,1.500000,1.050000,1.350000,1.350000,1114700
2018-10-09,1.560000,1.730000,1.331000,1.610000,1.610000,2311500
2018-10-10,1.410000,1.450000,1.260000,1.260000,1.260000,471000
2018-10-11,1.260000,1.340000,1.150000,1.300000,1.300000,95200
2018-10-12,1.300000,1.300000,1.154000,1.170000,1.170000,99000
2018-10-15,1.180000,1.250000,1.170000,1.170000,1.170000,61700
2018-10-16,1.160000,1.212000,1.100000,1.100000,1.100000,58700
2018-10-17,1.100000,1.110000,1.010000,1.010000,1.010000,80200
2018-10-18,1.010000,1.054000,1.000000,1.010000,1.010000,33800
2018-10-19,1.010000,1.050000,0.990000,1.000000,1.000000,46800
2018-10-22,1.010000,1.048000,0.990000,0.990000,0.990000,26000
2018-10-23,0.951000,1.000000,0.950000,0.950000,0.950000,40100
2018-10-24,0.940000,0.990000,0.850000,0.947000,0.947000,34800
2018-10-25,0.910000,0.950000,0.861000,0.880000,0.880000,63300
2018-10-26,0.880000,0.940000,0.851000,0.890000,0.890000,35600
2018-10-29,0.900000,0.930000,0.851000,0.888000,0.888000,14100
2018-10-30,0.900000,0.915000,0.860000,0.905000,0.905000,8100
2018-10-31,0.910000,0.910000,0.851000,0.885000,0.885000,42900
2018-11-01,0.895000,0.916000,0.860000,0.890000,0.890000,25600
2018-11-02,0.910000,1.000000,0.900000,0.940000,0.940000,43500
2018-11-05,0.940000,1.032000,0.920000,0.990000,0.990000,23800
2018-11-06,0.920000,1.060000,0.920000,1.010000,1.010000,107000
2018-11-07,1.090000,1.090000,0.930000,1.003000,1.003000,26300
2018-11-08,0.921000,1.025000,0.921000,0.970000,0.970000,10000
2018-11-09,0.970000,0.990000,0.930000,0.930000,0.930000,7900
2018-11-12,0.940000,0.975000,0.940000,0.950000,0.950000,6900
2018-11-13,0.930000,0.960000,0.911000,0.911000,0.911000,13600
2018-11-14,0.911000,0.945000,0.877000,0.926000,0.926000,35200
2018-11-15,0.990000,0.990000,0.900000,0.900000,0.900000,13600
2018-11-16,0.900000,0.980000,0.900000,0.910000,0.910000,5200
2018-11-19,0.901000,0.940000,0.870000,0.880000,0.880000,13800
2018-11-20,0.890000,0.890000,0.810000,0.812000,0.812000,39400
2018-11-21,0.800000,0.850000,0.780000,0.780000,0.780000,42500
2018-11-23,0.780000,0.780000,0.700000,0.742000,0.742000,8700
2018-11-26,0.780000,0.868000,0.779000,0.800000,0.800000,12300
2018-11-27,0.810000,0.810000,0.765000,0.766000,0.766000,15400
2018-11-28,0.779000,0.798000,0.702000,0.772000,0.772000,33000
2018-11-29,0.774000,0.800000,0.750000,0.790000,0.790000,13700
2018-11-30,0.790000,0.809000,0.734000,0.734000,0.734000,45300
2018-12-03,0.800000,0.800000,0.740000,0.778000,0.778000,9200
2018-12-04,0.765000,0.780000,0.751000,0.751000,0.751000,13100
2018-12-06,0.780000,0.780000,0.690000,0.764000,0.764000,70100
2018-12-07,0.780000,0.780000,0.721000,0.751000,0.751000,21400
2018-12-10,0.770000,0.770000,0.700000,0.714000,0.714000,9500
2018-12-11,0.720000,0.722000,0.601000,0.601000,0.601000,110100
2018-12-12,0.601000,0.645000,0.551000,0.620000,0.620000,66500
2018-12-13,0.600000,0.619000,0.574000,0.600000,0.600000,46400
2018-12-14,0.660000,0.740000,0.600000,0.651000,0.651000,19200
2018-12-17,0.680000,0.690000,0.562000,0.576000,0.576000,63900
2018-12-18,0.570000,0.611000,0.550000,0.550000,0.550000,36800
2018-12-19,0.550000,0.568000,0.472000,0.472000,0.472000,37900
2018-12-20,0.550000,0.550000,0.420000,0.430000,0.430000,62800
2018-12-21,0.440000,0.690000,0.440000,0.510000,0.510000,64500
2018-12-24,0.536000,0.574000,0.452000,0.550000,0.550000,30300
2018-12-26,0.600000,0.970000,0.600000,0.790000,0.790000,1055200
2018-12-27,0.809000,0.880000,0.651000,0.711000,0.711000,259500
2018-12-28,0.750000,0.750000,0.561000,0.571000,0.571000,169300
2018-12-31,0.600000,0.688000,0.600000,0.607000,0.607000,69800
2019-01-02,0.610000,0.660000,0.600000,0.639000,0.639000,39800
2019-01-03,0.610000,0.639000,0.590000,0.625000,0.625000,11200
2019-01-04,0.620000,0.700000,0.590000,0.690000,0.690000,39800
2019-01-07,0.689000,0.720000,0.671000,0.671000,0.671000,19800
2019-01-08,0.672000,0.720000,0.671000,0.700000,0.700000,27100
2019-01-09,0.700000,0.710000,0.670000,0.690000,0.690000,21800
2019-01-10,0.721000,0.770000,0.700000,0.760000,0.760000,65100
2019-01-11,0.800000,0.900000,0.720000,0.880000,0.880000,104000
2019-01-14,0.900000,0.962000,0.821000,0.850000,0.850000,66600
2019-01-15,0.850000,0.880000,0.820000,0.855000,0.855000,24600
2019-01-16,0.831000,0.900000,0.831000,0.865000,0.865000,16800
2019-01-17,1.060000,1.150000,0.940000,1.040000,1.040000,861800
2019-01-18,1.000000,1.090000,1.000000,1.080000,1.080000,184100
2019-01-22,1.050000,1.070000,0.957000,1.000000,1.000000,40700
2019-01-23,1.050000,1.150000,0.960000,0.960000,0.960000,149600
2019-01-24,0.990000,1.040000,0.900000,0.950000,0.950000,32700
2019-01-25,0.963000,0.987000,0.940000,0.960000,0.960000,31200
2019-01-28,0.969000,1.027000,0.960000,0.990000,0.990000,59900
2019-01-29,1.010000,1.036000,0.960000,1.010000,1.010000,21100
2019-01-30,0.993000,1.040000,0.970000,1.020000,1.020000,47200
2019-01-31,1.030000,1.040000,0.975000,1.040000,1.040000,44400
2019-02-01,1.040000,1.040000,0.960000,1.000000,1.000000,17700
2019-02-04,1.120000,1.235000,1.060000,1.150000,1.150000,392100
2019-02-05,1.160000,1.200000,1.120000,1.150000,1.150000,62900
2019-02-06,1.130000,1.164000,1.000000,1.086000,1.086000,86400
2019-02-07,1.020000,1.100000,1.000000,1.050000,1.050000,34000
2019-02-08,1.020000,1.120000,1.020000,1.070000,1.070000,65000
2019-02-11,1.050000,1.100000,1.050000,1.050000,1.050000,19400
2019-02-12,1.230000,1.230000,1.050000,1.100000,1.100000,343700
2019-02-13,1.070000,1.130000,1.050000,1.070000,1.070000,45000
2019-02-14,1.060000,1.090000,1.000000,1.020000,1.020000,50600
2019-02-15,1.060000,1.060000,0.980000,0.980000,0.980000,57900
2019-02-19,1.100000,1.100000,0.848000,0.901000,0.901000,90700
2019-02-20,0.910000,0.981000,0.910000,0.930000,0.930000,33600
2019-02-21,0.930000,0.978000,0.930000,0.930000,0.930000,19500
2019-02-22,0.930000,0.980000,0.911000,0.957000,0.957000,35000
2019-02-25,0.940000,0.956000,0.840000,0.884000,0.884000,38100
2019-02-26,0.884000,0.930000,0.870000,0.880000,0.880000,29000
2019-02-27,0.850000,0.910000,0.810000,0.910000,0.910000,43900
2019-02-28,0.920000,0.950000,0.880000,0.929000,0.929000,36000
2019-03-01,0.940000,0.949000,0.890000,0.930000,0.930000,3800
2019-03-04,1.010000,1.010000,0.910000,0.910000,0.910000,15200
2019-03-05,0.934000,0.969000,0.920000,0.960000,0.960000,10600
2019-03-06,0.970000,0.970000,0.925000,0.925000,0.925000,1900
2019-03-07,0.960000,0.960000,0.910000,0.915000,0.915000,10900
2019-03-08,0.930000,1.050000,0.880000,0.940000,0.940000,119300
2019-03-11,0.920000,0.940000,0.900000,0.920000,0.920000,22600
2019-03-12,0.910000,0.940000,0.880000,0.899000,0.899000,25800
2019-03-13,0.905000,0.990000,0.902000,0.926000,0.926000,53800
2019-03-14,1.000000,1.000000,0.821000,0.915000,0.915000,46900
2019-03-15,0.910000,0.960000,0.910000,0.923000,0.923000,20300
2019-03-18,0.890000,0.898000,0.850000,0.898000,0.898000,19400
2019-03-19,0.858000,0.898000,0.858000,0.871000,0.871000,11900
2019-03-20,0.858000,0.898000,0.858000,0.871000,0.871000,8100
2019-03-21,0.870000,0.891000,0.870000,0.870000,0.870000,27200
2019-03-22,0.850000,0.900000,0.806000,0.900000,0.900000,44500
2019-03-25,0.862000,0.900000,0.810000,0.871000,0.871000,27100
2019-03-26,0.900000,0.907000,0.860000,0.875000,0.875000,11700
2019-03-27,0.890000,0.890000,0.856000,0.880000,0.880000,9800
2019-03-28,0.900000,0.900000,0.850000,0.870000,0.870000,12600
2019-03-29,0.860000,0.890000,0.832000,0.832000,0.832000,24900
2019-04-01,0.854000,0.854000,0.810000,0.850000,0.850000,15400
2019-04-02,0.850000,0.900000,0.811000,0.850000,0.850000,24100
2019-04-03,0.825000,0.863000,0.822000,0.833000,0.833000,2300
2019-04-04,0.848000,0.900000,0.834000,0.890000,0.890000,109700
2019-04-05,0.910000,0.910000,0.850000,0.861000,0.861000,6500
2019-04-08,0.889000,0.889000,0.850000,0.860000,0.860000,19900
2019-04-09,0.854000,0.950000,0.854000,0.865000,0.865000,48600
2019-04-10,0.844000,0.920000,0.844000,0.884000,0.884000,17100
2019-04-11,0.910000,0.910000,0.851000,0.898000,0.898000,5200
2019-04-12,0.916000,0.916000,0.860000,0.860000,0.860000,17300
2019-04-15,0.860000,0.890000,0.850000,0.860000,0.860000,11500
2019-04-16,0.853000,0.896000,0.850000,0.867000,0.867000,7400
2019-04-17,0.890000,0.890000,0.818000,0.830000,0.830000,17800
2019-04-18,0.840000,0.851000,0.720000,0.814000,0.814000,36400
2019-04-22,0.810000,0.844000,0.800000,0.840000,0.840000,27500
2019-04-23,0.845000,0.845000,0.800000,0.804000,0.804000,14000
2019-04-24,0.845000,0.845000,0.770000,0.780000,0.780000,18800
2019-04-25,0.799000,0.799000,0.751000,0.768000,0.768000,15800
2019-04-26,0.840000,0.840000,0.765000,0.820000,0.820000,13800
2019-04-29,0.835000,0.835000,0.801000,0.832000,0.832000,2800
2019-04-30,0.840000,0.840000,0.800000,0.804000,0.804000,2700
2019-05-01,0.820000,0.830000,0.800000,0.801000,0.801000,4700
2019-05-02,0.839000,0.840000,0.800000,0.820000,0.820000,14600
2019-05-03,0.795000,0.875000,0.795000,0.870000,0.870000,45500
2019-05-06,1.530000,1.700000,1.210000,1.290000,1.290000,31325900
2019-05-07,1.200000,1.260000,1.170000,1.250000,1.250000,1251900
2019-05-08,1.160000,1.320000,1.140000,1.300000,1.300000,522900
2019-05-09,1.160000,1.195000,1.120000,1.130000,1.130000,182000
2019-05-10,1.110000,1.140000,1.100000,1.110000,1.110000,142100
2019-05-13,1.090000,1.110000,1.030000,1.080000,1.080000,121000
2019-05-14,1.100000,1.170000,1.040000,1.160000,1.160000,121800
2019-05-15,1.160000,1.230000,1.130000,1.190000,1.190000,124000
2019-05-16,1.180000,1.230000,1.120000,1.130000,1.130000,74600
2019-05-17,1.130000,1.190000,1.130000,1.190000,1.190000,91800
2019-05-20,1.190000,1.230000,1.130000,1.170000,1.170000,130100
2019-05-21,1.140000,1.220000,1.125000,1.190000,1.190000,85900
2019-05-22,1.200000,1.210000,1.121000,1.170000,1.170000,44800
2019-05-23,1.150000,1.190000,1.150000,1.150000,1.150000,11200
2019-05-24,1.150000,1.190000,1.150000,1.170000,1.170000,13300
2019-05-28,1.150000,1.190000,1.150000,1.160000,1.160000,15000
2019-05-29,1.170000,1.180000,1.100000,1.130000,1.130000,79300
2019-05-30,1.110000,1.140000,1.040000,1.090000,1.090000,63600
2019-05-31,1.050000,1.080000,1.030000,1.030000,1.030000,45400
2019-06-03,1.180000,1.200000,0.960000,0.960000,0.960000,49900
2019-06-04,0.950000,0.998000,0.910000,0.960000,0.960000,37100
2019-06-05,0.931000,0.985000,0.910000,0.910000,0.910000,35200
2019-06-06,1.050000,1.093000,0.912000,0.920000,0.920000,18000
2019-06-07,0.910000,0.960000,0.880000,0.880000,0.880000,50200
2019-06-10,0.880000,0.978000,0.880000,0.930000,0.930000,31500
2019-06-11,0.880000,0.969000,0.880000,0.902000,0.902000,4500
2019-06-12,0.920000,0.950000,0.870000,0.900000,0.900000,7800
2019-06-13,1.050000,1.140000,0.930000,0.960000,0.960000,224700
2019-06-14,0.920000,0.975000,0.900000,0.900000,0.900000,41700
2019-06-17,0.945000,0.960000,0.900000,0.950000,0.950000,21300
2019-06-18,0.900000,0.980000,0.900000,0.949000,0.949000,80100
2019-06-19,0.903000,0.960000,0.903000,0.920000,0.920000,9100
2019-06-20,0.910000,0.960000,0.890000,0.930000,0.930000,18700
2019-06-21,0.907000,0.946000,0.907000,0.946000,0.946000,8000
2019-06-24,0.920000,0.932000,0.880000,0.890000,0.890000,35100
2019-06-25,0.935000,0.946000,0.850000,0.850000,0.850000,15900
2019-06-26,0.893000,0.930000,0.860000,0.920000,0.920000,32700
2019-06-27,0.892000,0.924000,0.850000,0.880000,0.880000,22300
2019-06-28,0.904000,0.920000,0.850000,0.850000,0.850000,76400
2019-07-01,0.860000,0.900000,0.850000,0.850000,0.850000,31800
2019-07-02,0.850000,0.900000,0.850000,0.871000,0.871000,8700
2019-07-03,0.851000,0.908000,0.851000,0.905000,0.905000,10100
2019-07-05,0.899000,0.905000,0.850000,0.902000,0.902000,29000
2019-07-08,0.920000,0.920000,0.870000,0.870000,0.870000,3000
2019-07-09,0.920000,0.920000,0.870000,0.870000,0.870000,9000
2019-07-10,0.875000,0.900000,0.870000,0.870000,0.870000,16700
2019-07-11,0.880000,0.884000,0.860000,0.865000,0.865000,16300
2019-07-12,0.870000,0.870000,0.820000,0.820000,0.820000,23600
2019-07-15,0.860000,1.270000,0.860000,0.960000,0.960000,2406200
2019-07-16,0.936000,0.990000,0.855000,0.970000,0.970000,157000
2019-07-17,0.960000,1.000000,0.920000,0.960000,0.960000,73300
2019-07-18,0.930000,1.020000,0.930000,1.020000,1.020000,119400
2019-07-19,1.010000,1.010000,0.965000,1.000000,1.000000,23200
2019-07-22,0.970000,1.050000,0.970000,1.000000,1.000000,73600
2019-07-23,1.020000,1.040000,1.000000,1.030000,1.030000,52400
2019-07-24,1.020000,1.050000,0.950000,0.996000,0.996000,40800
2019-07-25,1.030000,1.030000,0.950000,0.975000,0.975000,22500
2019-07-26,1.010000,1.020000,0.965000,0.990000,0.990000,10900
2019-07-29,0.967000,1.000000,0.960000,0.980000,0.980000,16100
2019-07-30,0.960000,1.000000,0.900000,0.900000,0.900000,28200
2019-07-31,0.945000,0.990000,0.945000,0.950000,0.950000,17000
2019-08-01,0.990000,0.990000,0.901000,0.901000,0.901000,18900
2019-08-02,0.930000,0.990000,0.900000,0.940000,0.940000,27100
2019-08-05,0.940000,1.000000,0.828000,1.000000,1.000000,28400
2019-08-06,1.000000,1.000000,0.955000,0.997000,0.997000,35500
2019-08-07,0.990000,0.990000,0.930000,0.960000,0.960000,13800
2019-08-08,1.120000,1.120000,0.931000,0.935000,0.935000,71900
2019-08-09,0.931000,0.966000,0.900000,0.921000,0.921000,29900
2019-08-12,0.936000,0.950000,0.900000,0.920000,0.920000,10800
2019-08-13,0.945000,0.960000,0.840000,0.900000,0.900000,17400
2019-08-14,0.860000,0.905000,0.860000,0.870000,0.870000,69400
2019-08-15,0.860000,0.886000,0.800000,0.886000,0.886000,81900
2019-08-16,0.860000,0.879000,0.810000,0.860000,0.860000,83400
2019-08-19,0.860000,0.860000,0.830000,0.841000,0.841000,20300
2019-08-20,0.830000,0.840000,0.770000,0.800000,0.800000,43500
2019-08-21,0.840000,0.840000,0.760000,0.814000,0.814000,20800
2019-08-22,0.810000,0.856000,0.810000,0.834000,0.834000,101600
2019-08-23,0.827000,0.830000,0.754000,0.790000,0.790000,39200
2019-08-26,0.768000,0.819000,0.768000,0.770000,0.770000,19700
2019-08-27,0.750000,0.769000,0.750000,0.760000,0.760000,6600
2019-08-28,0.750000,0.800000,0.750000,0.765000,0.765000,17500
2019-08-29,0.753000,0.820000,0.753000,0.800000,0.800000,58500
2019-08-30,0.771000,0.820000,0.771000,0.790000,0.790000,36500
2019-09-03,0.791000,0.800000,0.740000,0.765000,0.765000,48300
2019-09-04,0.750000,0.830000,0.745000,0.795000,0.795000,32300
2019-09-05,0.819000,0.830000,0.750000,0.800000,0.800000,19200
2019-09-06,0.805000,0.834000,0.790000,0.794000,0.794000,25200
2019-09-09,0.820000,0.820000,0.790000,0.820000,0.820000,41000
2019-09-10,0.820000,0.820000,0.780000,0.780000,0.780000,32800
2019-09-11,0.790000,0.830000,0.790000,0.830000,0.830000,24700
2019-09-12,0.860000,0.890000,0.830000,0.890000,0.890000,41200
2019-09-13,0.850000,1.069000,0.850000,1.045000,1.045000,81600
2019-09-16,1.050000,1.190000,0.990000,1.060000,1.060000,110700
2019-09-17,1.001000,1.050000,0.990000,1.007000,1.007000,16800
2019-09-18,1.010000,1.040000,0.970000,1.000000,1.000000,38600
2019-09-19,1.000000,1.190000,0.912000,1.180000,1.180000,88400
2019-09-20,1.190000,1.200000,1.092000,1.190000,1.190000,104900
2019-09-23,1.190000,1.200000,1.141000,1.141000,1.141000,21500
2019-09-24,1.080000,1.100000,1.050000,1.050000,1.050000,14300
2019-09-25,1.030000,1.090000,1.000000,1.000000,1.000000,50800
2019-09-26,1.030000,1.080000,1.030000,1.049000,1.049000,15900
2019-09-27,1.050000,1.080000,1.030000,1.030000,1.030000,11600
2019-09-30,1.050000,1.100000,1.050000,1.090000,1.090000,3000
2019-10-01,1.100000,1.100000,1.050000,1.100000,1.100000,7400
2019-10-02,1.120000,1.139000,1.000000,1.050000,1.050000,65400
2019-10-03,1.083000,1.210000,1.020000,1.196000,1.196000,190300
2019-10-04,1.150000,1.200000,1.120000,1.120000,1.120000,61700
2019-10-07,1.120000,1.150000,1.110000,1.110000,1.110000,12100
2019-10-08,1.120000,1.140000,1.080000,1.130000,1.130000,8300
2019-10-09,1.130000,1.150000,1.100000,1.100000,1.100000,12800
2019-10-10,1.150000,1.150000,1.100000,1.100000,1.100000,8000
2019-10-11,1.100000,1.161000,1.100000,1.151000,1.151000,6800
2019-10-14,1.140000,1.210000,1.127000,1.200000,1.200000,20100
2019-10-15,1.200000,1.200000,1.110000,1.130000,1.130000,7400
2019-10-16,1.160000,1.194000,1.110000,1.180000,1.180000,11400
2019-10-17,1.170000,1.210000,1.070000,1.070000,1.070000,67900
2019-10-18,1.080000,1.104000,1.033000,1.060000,1.060000,4800
2019-10-21,1.060000,1.060000,0.925000,1.000000,1.000000,128600
2019-10-22,1.080000,1.080000,0.980000,1.005000,1.005000,18200
2019-10-23,1.000000,1.029000,0.900000,0.900000,0.900000,27300
2019-10-24,0.945000,1.019000,0.920000,0.921000,0.921000,8800
2019-10-25,0.900000,0.990000,0.900000,0.985000,0.985000,4900
2019-10-28,0.990000,1.000000,0.955000,1.000000,1.000000,9100
2019-10-29,1.000000,1.000000,0.971000,0.980000,0.980000,5500
2019-10-30,0.970000,1.000000,0.900000,0.993000,0.993000,13800
2019-10-31,1.012000,1.020000,0.950000,0.998000,0.998000,3900
2019-11-01,0.975000,0.986000,0.965000,0.978000,0.978000,11800
2019-11-04,1.000000,1.050000,0.930000,0.990000,0.990000,21300
2019-11-05,0.950000,0.993000,0.950000,0.980000,0.980000,11400
2019-11-06,1.050000,1.050000,0.950000,1.010000,1.010000,13600
2019-11-07,1.000000,1.040000,0.950000,0.950000,0.950000,9800
2019-11-08,0.990000,1.030000,0.990000,1.010000,1.010000,17200
2019-11-11,1.040000,1.040000,1.002000,1.030000,1.030000,1700
2019-11-12,1.040000,1.040000,1.000000,1.000000,1.000000,10400
2019-11-13,1.030000,1.080000,1.000000,1.030000,1.030000,64900
2019-11-14,1.050000,1.113000,0.990000,1.030000,1.030000,22500
2019-11-15,1.070000,1.070000,0.950000,1.000000,1.000000,33300
2019-11-18,0.990000,1.000000,0.950000,1.000000,1.000000,13300
2019-11-19,0.990000,1.050000,0.950000,0.950000,0.950000,18600
2019-11-20,1.034000,1.070000,0.960000,0.960000,0.960000,30500
2019-11-21,0.961000,1.000000,0.960000,1.000000,1.000000,4400
2019-11-22,0.973000,1.030000,0.960000,0.965000,0.965000,8900
2019-11-25,0.970000,1.000000,0.960000,0.997000,0.997000,8500
2019-11-26,0.960000,1.030000,0.960000,1.010000,1.010000,1800
2019-11-27,1.020000,1.020000,0.965000,0.965000,0.965000,18700
2019-11-29,1.030000,1.030000,0.968000,1.020000,1.020000,12000
2019-12-02,0.980000,1.030000,0.980000,0.996000,0.996000,6000
2019-12-03,1.030000,1.030000,0.967000,0.990000,0.990000,23700
2019-12-04,0.976000,1.000000,0.970000,0.970000,0.970000,16100
2019-12-05,0.980000,1.010000,0.950000,1.010000,1.010000,15200
2019-12-06,1.000000,1.020000,0.970000,0.970000,0.970000,27600
2019-12-09,1.020000,1.020000,0.970000,0.970000,0.970000,12400
2019-12-10,1.010000,1.020000,0.975000,1.020000,1.020000,12200
2019-12-11,0.980000,1.020000,0.980000,1.020000,1.020000,900
2019-12-12,1.010000,1.010000,0.950000,1.010000,1.010000,25200
2019-12-13,1.010000,1.010000,1.010000,1.010000,1.010000,600
2019-12-16,1.010000,1.020000,0.980000,1.020000,1.020000,8300
2019-12-17,1.020000,1.020000,0.980000,1.005000,1.005000,28700
2019-12-18,1.020000,1.020000,0.980000,1.003000,1.003000,14700
2019-12-19,1.010000,1.020000,0.980000,1.010000,1.010000,8100
2019-12-20,0.980000,1.007000,0.940000,0.980000,0.980000,56300
2019-12-23,0.980000,1.000000,0.939000,0.939000,0.939000,46100
2019-12-24,0.930000,0.930000,0.900000,0.920000,0.920000,33600
2019-12-26,0.930000,0.930000,0.920000,0.930000,0.930000,56600
2019-12-27,0.930000,0.930000,0.890000,0.926000,0.926000,37600
2019-12-30,0.870000,0.900000,0.840000,0.840000,0.840000,90600
2019-12-31,0.840000,0.977000,0.730000,0.830000,0.830000,178500
2020-01-02,0.930000,0.930000,0.800000,0.901000,0.901000,38800
2020-01-03,0.950000,0.950000,0.900000,0.900000,0.900000,10700
2020-01-06,0.863000,0.930000,0.850000,0.893000,0.893000,10600
2020-01-07,0.930000,0.930000,0.840000,0.851000,0.851000,18800
2020-01-08,0.850000,0.900000,0.800000,0.840000,0.840000,53600
2020-01-09,0.830000,0.880000,0.805000,0.860000,0.860000,130300
2020-01-10,0.839000,0.900000,0.839000,0.890000,0.890000,7200
2020-01-13,0.890000,0.890000,0.852000,0.880000,0.880000,28400
2020-01-14,0.855000,0.900000,0.855000,0.856000,0.856000,16700
2020-01-15,0.830000,0.890000,0.830000,0.850000,0.850000,15100
2020-01-16,0.895000,0.896000,0.850000,0.860000,0.860000,14300
2020-01-17,0.860000,0.880000,0.840000,0.875000,0.875000,12700
2020-01-21,0.870000,0.880000,0.840000,0.870000,0.870000,22200
2020-01-22,0.850000,0.875000,0.830000,0.870000,0.870000,16400
2020-01-23,0.820000,0.874000,0.820000,0.870000,0.870000,8300
2020-01-24,0.873000,0.873000,0.835000,0.841000,0.841000,3700
2020-01-27,0.810000,0.870000,0.800000,0.800000,0.800000,29500
2020-01-28,0.845000,1.280000,0.825000,0.925000,0.925000,1147200
2020-01-29,1.020000,1.030000,0.861000,0.870000,0.870000,158000
2020-01-30,0.870000,0.900000,0.820000,0.840000,0.840000,45900
2020-01-31,0.850000,0.893000,0.790000,0.790000,0.790000,115700
2020-02-03,0.790000,0.840000,0.790000,0.809000,0.809000,43000
2020-02-04,0.810000,0.860000,0.800000,0.820000,0.820000,75200
2020-02-05,0.830000,0.850000,0.800000,0.808000,0.808000,16300
2020-02-06,0.818000,0.840000,0.792000,0.807000,0.807000,47200
2020-02-07,0.826000,0.830000,0.785000,0.820000,0.820000,80500
2020-02-10,0.830000,0.850000,0.757000,0.816000,0.816000,21200
2020-02-11,0.860000,0.860000,0.800000,0.810000,0.810000,21400
2020-02-12,0.790000,0.850000,0.790000,0.841000,0.841000,18800
2020-02-13,0.806000,0.840000,0.803000,0.820000,0.820000,11800
2020-02-14,0.800000,0.830000,0.790000,0.800000,0.800000,25700
2020-02-18,0.820000,0.825000,0.760000,0.770000,0.770000,50700
2020-02-19,0.810000,0.830000,0.757000,0.761000,0.761000,50000
2020-02-20,0.757000,0.780000,0.757000,0.757000,0.757000,31200
2020-02-21,0.770000,0.800000,0.755000,0.774000,0.774000,10600
2020-02-24,0.850000,0.850000,0.780000,0.800000,0.800000,28500
2020-02-25,0.800000,0.800000,0.755000,0.781000,0.781000,8500
2020-02-26,0.810000,0.810000,0.762000,0.771000,0.771000,51600
2020-02-27,0.750000,0.750000,0.710000,0.726000,0.726000,21800
2020-02-28,0.730000,0.750000,0.720000,0.740000,0.740000,64100
2020-03-02,0.770000,0.770000,0.601000,0.682000,0.682000,51300
2020-03-03,0.717000,0.750000,0.717000,0.750000,0.750000,13800
2020-03-04,0.780000,0.780000,0.712000,0.740000,0.740000,29100
2020-03-05,0.778000,0.778000,0.720000,0.760000,0.760000,8600
2020-03-06,0.730000,0.758000,0.710000,0.730000,0.730000,22300
2020-03-09,0.710000,0.710000,0.650000,0.657000,0.657000,35200
2020-03-10,0.675000,0.730000,0.610000,0.651000,0.651000,89500
2020-03-11,0.727000,0.727000,0.651000,0.651000,0.651000,9100
2020-03-12,0.700000,0.712000,0.480000,0.610000,0.610000,32700
2020-03-13,0.610000,0.638000,0.571000,0.598000,0.598000,29000
2020-03-16,0.500000,0.525000,0.500000,0.500000,0.500000,29300
2020-03-17,0.500000,0.500000,0.400000,0.450000,0.450000,21700
2020-03-18,0.473000,0.487000,0.371000,0.371000,0.371000,29900
2020-03-19,0.371000,0.480000,0.371000,0.420000,0.420000,73900
2020-03-20,0.900000,1.520000,0.610000,0.710000,0.710000,10261900
2020-03-23,0.640000,0.700000,0.540000,0.680000,0.680000,557100
2020-03-24,0.680000,0.680000,0.513000,0.580000,0.580000,290900
2020-03-25,0.550000,0.580000,0.510000,0.530000,0.530000,247500
2020-03-26,0.530000,0.540000,0.482000,0.500000,0.500000,162300
2020-03-27,0.525000,0.550000,0.505000,0.550000,0.550000,178600
2020-03-30,0.570000,0.570000,0.505000,0.558000,0.558000,67600
2020-03-31,0.558000,0.570000,0.505000,0.520000,0.520000,57900
2020-04-01,0.530000,0.640000,0.514000,0.540000,0.540000,201400
2020-04-02,0.571000,0.580000,0.505000,0.520000,0.520000,76600
2020-04-03,0.490000,0.537000,0.490000,0.501000,0.501000,101200
2020-04-06,0.501000,0.570000,0.501000,0.540000,0.540000,85700
2020-04-07,0.540000,0.570000,0.530000,0.569000,0.569000,62400
2020-04-08,0.569000,0.575000,0.530000,0.575000,0.575000,78300
2020-04-09,0.570000,0.600000,0.530000,0.550000,0.550000,59700
2020-04-13,0.590000,0.632000,0.564000,0.610000,0.610000,168200
2020-04-14,0.615000,0.630000,0.570000,0.609000,0.609000,118700
2020-04-15,0.617000,0.617000,0.570000,0.600000,0.600000,28100
2020-04-16,0.575000,0.600000,0.560000,0.570000,0.570000,34200
2020-04-17,0.599000,0.600000,0.560000,0.581000,0.581000,46600
2020-04-20,0.560000,0.590000,0.555000,0.560000,0.560000,59600
2020-04-21,0.561000,0.590000,0.545000,0.549000,0.549000,51500
2020-04-22,0.541000,0.570000,0.541000,0.565000,0.565000,21000
2020-04-23,0.573000,0.580000,0.560000,0.570000,0.570000,34400
2020-04-24,0.560000,0.577000,0.541000,0.560000,0.560000,28400
2020-04-27,0.560000,0.577000,0.552000,0.572000,0.572000,37100
2020-04-28,0.578000,0.578000,0.552000,0.570000,0.570000,40600
2020-04-29,0.580000,0.620000,0.570000,0.620000,0.620000,78500
2020-04-30,0.610000,0.610000,0.570000,0.580000,0.580000,77500
2020-05-01,0.750000,1.720000,0.750000,0.850000,0.850000,42636700
2020-05-04,0.700000,0.860000,0.650000,0.850000,0.850000,2291500
2020-05-05,0.765000,0.840000,0.710000,0.831000,0.831000,527300
2020-05-06,0.800000,0.850000,0.740000,0.780000,0.780000,481700
2020-05-07,0.750000,0.800000,0.724000,0.749000,0.749000,224300