Date,Open,High,Low,Close,Adj Close,Volume
2015-12-08,16.240000,16.240000,16.209999,16.209999,11.729990,200
2015-12-09,16.209999,16.209999,16.209999,16.209999,11.729990,0
2015-12-10,16.209999,16.209999,16.209999,16.209999,11.729990,0
2015-12-11,16.209999,16.209999,16.209999,16.209999,11.729990,0
2015-12-14,16.209999,16.209999,16.209999,16.209999,11.729990,0
2015-12-15,16.209999,16.209999,16.209999,16.209999,11.729990,0
2015-12-16,16.209999,16.209999,16.209999,16.209999,11.729990,0
2015-12-17,16.209999,16.209999,16.209999,16.209999,11.729990,0
2015-12-18,16.200001,16.200001,16.170000,16.170000,11.701048,200
2015-12-21,16.219999,16.219999,16.190001,16.190001,11.715521,200
2015-12-22,16.190001,16.190001,16.190001,16.190001,11.715521,0
2015-12-23,16.190001,16.190001,16.190001,16.190001,11.715521,0
2015-12-24,16.190001,16.190001,16.190001,16.190001,11.715521,0
2015-12-28,16.190001,16.190001,16.190001,16.190001,11.715521,0
2015-12-29,16.190001,16.190001,16.190001,16.190001,11.715521,0
2015-12-30,16.190001,16.190001,16.190001,16.190001,11.715521,0
2015-12-31,16.190001,16.190001,16.190001,16.190001,11.715521,0
2016-01-04,16.190001,16.190001,16.190001,16.190001,11.715521,0
2016-01-05,16.190001,16.190001,16.190001,16.190001,11.715521,0
2016-01-06,16.190001,16.190001,16.190001,16.190001,11.715521,0
2016-01-07,17.030001,17.030001,16.940001,16.940001,12.258240,200
2016-01-08,16.940001,16.940001,16.940001,16.940001,12.258240,0
2016-01-11,16.940001,16.940001,16.940001,16.940001,12.258240,0
2016-01-12,16.940001,16.940001,16.940001,16.940001,12.258240,0
2016-01-13,16.940001,16.940001,16.940001,16.940001,12.258240,0
2016-01-14,16.940001,16.940001,16.940001,16.940001,12.258240,0
2016-01-15,16.940001,16.940001,16.940001,16.940001,12.258240,0
2016-01-19,16.940001,16.940001,16.940001,16.940001,12.258240,0
2016-01-20,16.940001,16.940001,16.940001,16.940001,12.258240,0
2016-01-21,16.940001,16.940001,16.940001,16.940001,12.258240,0
2016-01-22,16.940001,16.940001,16.940001,16.940001,12.258240,0
2016-01-25,14.980000,14.980000,14.940000,14.940000,10.810986,200
2016-01-26,14.940000,14.940000,14.940000,14.940000,10.810986,0
2016-01-27,14.940000,14.940000,14.940000,14.940000,10.810986,0
2016-01-28,16.040001,16.070000,15.900000,15.900000,11.505669,600
2016-01-29,15.900000,15.900000,15.900000,15.900000,11.505669,0
2016-02-01,15.900000,15.900000,15.900000,15.900000,11.505669,0
2016-02-02,15.900000,15.900000,15.900000,15.900000,11.505669,0
2016-02-03,15.900000,15.900000,15.900000,15.900000,11.505669,0
2016-02-04,15.900000,15.900000,15.900000,15.900000,11.505669,0
2016-02-05,15.900000,15.900000,15.900000,15.900000,11.505669,0
2016-02-08,15.900000,15.900000,15.900000,15.900000,11.505669,0
2016-02-09,15.900000,15.900000,15.900000,15.900000,11.505669,0
2016-02-10,15.900000,15.900000,15.900000,15.900000,11.505669,0
2016-02-11,13.020000,13.070000,13.020000,13.050000,9.443330,3500
2016-02-12,13.050000,13.050000,13.050000,13.050000,9.443330,0
2016-02-16,13.050000,13.050000,13.050000,13.050000,9.443330,0
2016-02-17,13.050000,13.050000,13.050000,13.050000,9.443330,0
2016-02-18,13.050000,13.050000,13.050000,13.050000,9.443330,0
2016-02-19,13.050000,13.050000,13.050000,13.050000,9.443330,0
2016-02-22,13.050000,13.050000,13.050000,13.050000,9.443330,0
2016-02-23,13.050000,13.050000,13.050000,13.050000,9.443330,0
2016-02-24,13.050000,13.050000,13.050000,13.050000,9.443330,0
2016-02-25,15.180000,15.180000,15.130000,15.130000,11.241355,200
2016-02-26,15.130000,15.130000,15.130000,15.130000,11.241355,0
2016-02-29,15.130000,15.130000,15.130000,15.130000,11.241355,0
2016-03-01,15.680000,15.680000,15.630000,15.630000,11.612847,200
2016-03-02,15.630000,15.630000,15.630000,15.630000,11.612847,0
2016-03-03,15.630000,15.630000,15.630000,15.630000,11.612847,0
2016-03-04,15.630000,15.630000,15.630000,15.630000,11.612847,0
2016-03-07,15.630000,15.630000,15.630000,15.630000,11.612847,0
2016-03-08,16.389999,16.389999,16.340000,16.340000,12.140366,200
2016-03-09,16.340000,16.340000,16.340000,16.340000,12.140366,0
2016-03-10,16.340000,16.340000,16.340000,16.340000,12.140366,0
2016-03-11,16.340000,16.340000,16.340000,16.340000,12.140366,0
2016-03-14,16.580000,16.580000,16.540001,16.540001,12.288963,200
2016-03-15,16.090000,16.090000,16.020000,16.020000,11.902609,200
2016-03-16,16.709999,16.740000,16.709999,16.740000,12.437558,200
2016-03-17,16.740000,16.740000,16.740000,16.740000,12.437558,0
2016-03-18,16.740000,16.740000,16.740000,16.740000,12.437558,0
2016-03-21,16.740000,16.740000,16.740000,16.740000,12.437558,0
2016-03-22,16.740000,16.740000,16.740000,16.740000,12.437558,0
2016-03-23,16.740000,16.740000,16.740000,16.740000,12.437558,0
2016-03-24,16.740000,16.740000,16.740000,16.740000,12.437558,0
2016-03-28,16.740000,16.740000,16.740000,16.740000,12.437558,0
2016-03-29,16.740000,16.740000,16.740000,16.740000,12.437558,0
2016-03-30,16.740000,16.740000,16.740000,16.740000,12.437558,200
2016-03-31,16.740000,16.740000,16.740000,16.740000,12.437558,0
2016-04-01,16.740000,16.740000,16.740000,16.740000,12.437558,0
2016-04-04,16.740000,16.740000,16.740000,16.740000,12.437558,0
2016-04-05,16.740000,16.740000,16.740000,16.740000,12.437558,0
2016-04-06,16.350000,16.360001,16.350000,16.360001,12.155226,300
2016-04-07,16.360001,16.360001,16.360001,16.360001,12.155226,0
2016-04-08,16.360001,16.360001,16.360001,16.360001,12.155226,0
2016-04-11,16.360001,16.360001,16.360001,16.360001,12.155226,0
2016-04-12,16.360001,16.360001,16.360001,16.360001,12.155226,0
2016-04-13,16.360001,16.360001,16.360001,16.360001,12.155226,0
2016-04-14,16.360001,16.360001,16.360001,16.360001,12.155226,0
2016-04-15,16.360001,16.360001,16.360001,16.360001,12.155226,0
2016-04-18,16.360001,16.360001,16.360001,16.360001,12.155226,0
2016-04-19,16.360001,16.360001,16.360001,16.360001,12.155226,0
2016-04-20,16.360001,16.360001,16.360001,16.360001,12.155226,0
2016-04-21,16.360001,16.360001,16.360001,16.360001,12.155226,0
2016-04-22,16.360001,16.360001,16.360001,16.360001,12.155226,0
2016-04-25,16.360001,16.360001,16.360001,16.360001,12.155226,0
2016-04-26,16.360001,16.360001,16.360001,16.360001,12.155226,0
2016-04-27,16.360001,16.360001,16.360001,16.360001,12.155226,0
2016-04-28,16.360001,16.360001,16.360001,16.360001,12.155226,0
2016-04-29,16.360001,16.360001,16.360001,16.360001,12.155226,0
2016-05-02,16.360001,16.360001,16.360001,16.360001,12.155226,0
2016-05-03,16.360001,16.360001,16.360001,16.360001,12.155226,0
2016-05-04,16.360001,16.360001,16.360001,16.360001,12.155226,0
2016-05-05,16.360001,16.360001,16.360001,16.360001,12.155226,0
2016-05-06,16.360001,16.360001,16.360001,16.360001,12.155226,0
2016-05-09,16.360001,16.360001,16.360001,16.360001,12.155226,0
2016-05-10,16.360001,16.360001,16.360001,16.360001,12.155226,0
2016-05-11,16.360001,16.360001,16.360001,16.360001,12.155226,0
2016-05-12,16.360001,16.360001,16.360001,16.360001,12.155226,0
2016-05-13,16.360001,16.360001,16.360001,16.360001,12.155226,0
2016-05-16,16.360001,16.360001,16.360001,16.360001,12.155226,0
2016-05-17,16.360001,16.360001,16.360001,16.360001,12.155226,0
2016-05-18,16.360001,16.360001,16.360001,16.360001,12.155226,0
2016-05-19,16.360001,16.360001,16.360001,16.360001,12.155226,0
2016-05-20,16.360001,16.360001,16.360001,16.360001,12.155226,0
2016-05-23,16.360001,16.360001,16.360001,16.360001,12.155226,0
2016-05-24,16.360001,16.360001,16.360001,16.360001,12.155226,0
2016-05-25,16.360001,16.360001,16.360001,16.360001,12.413202,0
2016-05-26,16.360001,16.360001,16.360001,16.360001,12.413202,0
2016-05-27,16.360001,16.360001,16.360001,16.360001,12.413202,0
2016-05-31,16.360001,16.360001,16.360001,16.360001,12.413202,0
2016-06-01,16.360001,16.360001,16.360001,16.360001,12.413202,0
2016-06-02,16.360001,16.360001,16.360001,16.360001,12.413202,0
2016-06-03,16.360001,16.360001,16.360001,16.360001,12.413202,0
2016-06-06,16.360001,16.360001,16.360001,16.360001,12.413202,0
2016-06-07,16.360001,16.360001,16.360001,16.360001,12.413202,0
2016-06-08,16.360001,16.360001,16.360001,16.360001,12.413202,0
2016-06-09,16.360001,16.360001,16.360001,16.360001,12.413202,0
2016-06-10,16.360001,16.360001,16.360001,16.360001,12.413202,0
2016-06-13,16.360001,16.360001,16.360001,16.360001,12.413202,0
2016-06-14,16.360001,16.360001,16.360001,16.360001,12.413202,0
2016-06-15,16.360001,16.360001,16.360001,16.360001,12.413202,0
2016-06-16,16.360001,16.360001,16.360001,16.360001,12.413202,0
2016-06-17,16.360001,16.360001,16.360001,16.360001,12.413202,0
2016-06-20,16.360001,16.360001,16.360001,16.360001,12.413202,0
2016-06-21,16.360001,16.360001,16.360001,16.360001,12.413202,0
2016-06-22,16.360001,16.360001,16.360001,16.360001,12.413202,0
2016-06-23,16.360001,16.360001,16.360001,16.360001,12.413202,0
2016-06-24,16.360001,16.360001,16.360001,16.360001,12.413202,0
2016-06-27,16.360001,16.360001,16.360001,16.360001,12.413202,0
2016-06-28,16.360001,16.360001,16.360001,16.360001,12.413202,0
2016-06-29,16.360001,16.360001,16.360001,16.360001,12.413202,0
2016-06-30,16.360001,16.360001,16.360001,16.360001,12.413202,0
2016-07-01,16.360001,16.360001,16.360001,16.360001,12.413202,0
2016-07-05,16.360001,16.360001,16.360001,16.360001,12.413202,0
2016-07-06,16.360001,16.360001,16.360001,16.360001,12.413202,0
2016-07-07,16.360001,16.360001,16.360001,16.360001,12.413202,0
2016-07-08,16.360001,16.360001,16.360001,16.360001,12.413202,0
2016-07-11,16.360001,16.360001,16.360001,16.360001,12.413202,0
2016-07-12,16.360001,16.360001,16.360001,16.360001,12.413202,0
2016-07-13,16.360001,16.360001,16.360001,16.360001,12.413202,0
2016-07-14,16.360001,16.360001,16.360001,16.360001,12.413202,0
2016-07-15,16.360001,16.360001,16.360001,16.360001,12.413202,0
2016-07-18,16.360001,16.360001,16.360001,16.360001,12.413202,0
2016-07-19,16.360001,16.360001,16.360001,16.360001,12.413202,0
2016-07-20,16.360001,16.360001,16.360001,16.360001,12.413202,0
2016-07-21,16.360001,16.360001,16.360001,16.360001,12.413202,0
2016-07-22,16.360001,16.360001,16.360001,16.360001,12.413202,0
2016-07-25,16.360001,16.360001,16.360001,16.360001,12.413202,0
2016-07-26,16.360001,16.360001,16.360001,16.360001,12.413202,0
2016-07-27,16.360001,16.360001,16.360001,16.360001,12.413202,0
2016-07-28,16.360001,16.360001,16.360001,16.360001,12.413202,0
2016-07-29,16.360001,16.360001,16.360001,16.360001,12.413202,0
2016-08-01,16.360001,16.360001,16.360001,16.360001,12.413202,0
2016-08-02,16.360001,16.360001,16.360001,16.360001,12.413202,0
2016-08-03,16.360001,16.360001,16.360001,16.360001,12.413202,0
2016-08-04,16.360001,16.360001,16.360001,16.360001,12.413202,0
2016-08-05,16.360001,16.360001,16.360001,16.360001,12.413202,0
2016-08-08,16.360001,16.360001,16.360001,16.360001,12.413202,0
2016-08-09,16.360001,16.360001,16.360001,16.360001,12.413202,0
2016-08-10,16.360001,16.360001,16.360001,16.360001,12.413202,0
2016-08-11,16.360001,16.360001,16.360001,16.360001,12.413202,0
2016-08-12,16.360001,16.360001,16.360001,16.360001,12.413202,0
2016-08-15,16.360001,16.360001,16.360001,16.360001,12.413202,0
2016-08-16,16.360001,16.360001,16.360001,16.360001,12.413202,0
2016-08-17,16.360001,16.360001,16.360001,16.360001,12.413202,0
2016-08-18,16.360001,16.360001,16.360001,16.360001,12.413202,0
2016-08-19,16.360001,16.360001,16.360001,16.360001,12.413202,0
2016-08-22,16.360001,16.360001,16.360001,16.360001,12.413202,0
2016-08-23,16.360001,16.360001,16.360001,16.360001,12.413202,0
2016-08-24,16.360001,16.360001,16.360001,16.360001,12.660848,0
2016-08-25,16.360001,16.360001,16.360001,16.360001,12.660848,0
2016-08-26,16.360001,16.360001,16.360001,16.360001,12.660848,0
2016-08-29,16.360001,16.360001,16.360001,16.360001,12.660848,0
2016-08-30,16.360001,16.360001,16.360001,16.360001,12.660848,0
2016-08-31,16.360001,16.360001,16.360001,16.360001,12.660848,0
2016-09-01,16.360001,16.360001,16.360001,16.360001,12.660848,0
2016-09-02,16.360001,16.360001,16.360001,16.360001,12.660848,0
2016-09-06,16.360001,16.360001,16.360001,16.360001,12.660848,0
2016-09-07,16.360001,16.360001,16.360001,16.360001,12.660848,0
2016-09-08,16.360001,16.360001,16.360001,16.360001,12.660848,0
2016-09-09,16.360001,16.360001,16.360001,16.360001,12.660848,0
2016-09-12,16.360001,16.360001,16.360001,16.360001,12.660848,0
2016-09-13,16.360001,16.360001,16.360001,16.360001,12.660848,0
2016-09-14,16.360001,16.360001,16.360001,16.360001,12.660848,0
2016-09-15,16.360001,16.360001,16.360001,16.360001,12.660848,0
2016-09-16,16.360001,16.360001,16.360001,16.360001,12.660848,0
2016-09-19,16.360001,16.360001,16.360001,16.360001,12.660848,0
2016-09-20,16.360001,16.360001,16.360001,16.360001,12.660848,0
2016-09-21,16.360001,16.360001,16.360001,16.360001,12.660848,0
2016-09-22,16.360001,16.360001,16.360001,16.360001,12.660848,0
2016-09-23,16.360001,16.360001,16.360001,16.360001,12.660848,0
2016-09-26,16.360001,16.360001,16.360001,16.360001,12.660848,0
2016-09-27,16.360001,16.360001,16.360001,16.360001,12.660848,0
2016-09-28,16.360001,16.360001,16.360001,16.360001,12.660848,0
2016-09-29,16.360001,16.360001,16.360001,16.360001,12.660848,0
2016-09-30,16.360001,16.360001,16.360001,16.360001,12.660848,0
2016-10-03,16.360001,16.360001,16.360001,16.360001,12.660848,0
2016-10-04,16.360001,16.360001,16.360001,16.360001,12.660848,0
2016-10-05,16.360001,16.360001,16.360001,16.360001,12.660848,0
2016-10-06,16.360001,16.360001,16.360001,16.360001,12.660848,0
2016-10-07,16.360001,16.360001,16.360001,16.360001,12.660848,0
2016-10-10,16.360001,16.360001,16.360001,16.360001,12.660848,0
2016-10-11,16.360001,16.360001,16.360001,16.360001,12.660848,0
2016-10-12,16.360001,16.360001,16.360001,16.360001,12.660848,0
2016-10-13,16.360001,16.360001,16.360001,16.360001,12.660848,0
2016-10-14,16.360001,16.360001,16.360001,16.360001,12.660848,0
2016-10-17,16.360001,16.360001,16.360001,16.360001,12.660848,0
2016-10-18,16.360001,16.360001,16.360001,16.360001,12.660848,0
2016-10-19,16.360001,16.360001,16.360001,16.360001,12.660848,0
2016-10-20,16.360001,16.360001,16.360001,16.360001,12.660848,0
2016-10-21,16.360001,16.360001,16.360001,16.360001,12.660848,0
2016-10-24,16.360001,16.360001,16.360001,16.360001,12.660848,0
2016-10-25,16.360001,16.360001,16.360001,16.360001,12.660848,0
2016-10-26,16.360001,16.360001,16.360001,16.360001,12.660848,0
2016-10-27,16.360001,16.360001,16.360001,16.360001,12.660848,0
2016-10-28,16.360001,16.360001,16.360001,16.360001,12.660848,0
2016-10-31,16.360001,16.360001,16.360001,16.360001,12.660848,0
2016-11-01,16.360001,16.360001,16.360001,16.360001,12.660848,0
2016-11-02,16.360001,16.360001,16.360001,16.360001,12.660848,0
2016-11-03,16.360001,16.360001,16.360001,16.360001,12.660848,0
2016-11-04,16.360001,16.360001,16.360001,16.360001,12.660848,0
2016-11-07,16.360001,16.360001,16.360001,16.360001,12.660848,0
2016-11-08,16.360001,16.360001,16.360001,16.360001,12.660848,0
2016-11-09,16.360001,16.360001,16.360001,16.360001,12.660848,0
2016-11-10,16.360001,16.360001,16.360001,16.360001,12.660848,0
2016-11-11,16.360001,16.360001,16.360001,16.360001,12.660848,0
2016-11-14,16.360001,16.360001,16.360001,16.360001,12.660848,0
2016-11-15,16.360001,16.360001,16.360001,16.360001,12.660848,0
2016-11-16,16.360001,16.360001,16.360001,16.360001,12.660848,0
2016-11-17,16.360001,16.360001,16.360001,16.360001,12.660848,0
2016-11-18,16.360001,16.360001,16.360001,16.360001,12.660848,0
2016-11-21,16.360001,16.360001,16.360001,16.360001,12.660848,0
2016-11-22,16.360001,16.360001,16.360001,16.360001,12.660848,0
2016-11-23,19.459999,19.459999,19.422001,19.422001,15.030496,300
2016-11-25,19.422001,19.422001,19.422001,19.422001,15.279091,0
2016-11-28,19.422001,19.422001,19.422001,19.422001,15.279091,0
2016-11-29,19.422001,19.422001,19.422001,19.422001,15.279091,0
2016-11-30,19.422001,19.422001,19.422001,19.422001,15.279091,0
2016-12-01,19.422001,19.422001,19.422001,19.422001,15.279091,100
2016-12-02,19.422001,19.422001,19.422001,19.422001,15.279091,0
2016-12-05,19.422001,19.422001,19.422001,19.422001,15.279091,0
2016-12-06,19.422001,19.422001,19.422001,19.422001,15.279091,0
2016-12-07,19.422001,19.422001,19.422001,19.422001,15.279091,0
2016-12-08,19.422001,19.422001,19.422001,19.422001,15.279091,0
2016-12-09,19.422001,19.422001,19.422001,19.422001,15.279091,0
2016-12-12,19.422001,19.422001,19.422001,19.422001,15.279091,0
2016-12-13,19.422001,19.422001,19.422001,19.422001,15.279091,0
2016-12-14,19.422001,19.422001,19.422001,19.422001,15.279091,0
2016-12-15,19.422001,19.422001,19.422001,19.422001,15.279091,0
2016-12-16,19.422001,19.422001,19.422001,19.422001,15.279091,0
2016-12-19,19.422001,19.422001,19.422001,19.422001,15.279091,0
2016-12-20,19.422001,19.422001,19.422001,19.422001,15.279091,0
2016-12-21,19.427999,19.629999,19.427999,19.629999,15.442725,500
2016-12-22,19.629999,19.629999,19.629999,19.629999,15.442725,0
2016-12-23,19.629999,19.629999,19.629999,19.629999,15.442725,0
2016-12-27,19.629999,19.629999,19.629999,19.629999,15.442725,0
2016-12-28,19.629999,19.629999,19.629999,19.629999,15.442725,0
2016-12-29,19.870001,19.870001,19.870001,19.870001,15.631526,200
2016-12-30,19.790001,19.900000,19.790001,19.900000,15.655130,300
2017-01-03,19.900000,19.900000,19.900000,19.900000,15.655130,0
2017-01-04,19.900000,19.900000,19.900000,19.900000,15.655130,0
2017-01-05,19.900000,19.900000,19.900000,19.900000,15.655130,0
2017-01-06,19.900000,19.900000,19.900000,19.900000,15.655130,0
2017-01-09,19.900000,19.900000,19.900000,19.900000,15.655130,0
2017-01-10,19.900000,19.900000,19.900000,19.900000,15.655130,0
2017-01-11,19.900000,19.900000,19.900000,19.900000,15.655130,0
2017-01-12,19.900000,19.900000,19.900000,19.900000,15.655130,0
2017-01-13,19.900000,19.900000,19.900000,19.900000,15.655130,0
2017-01-17,19.900000,19.900000,19.900000,19.900000,15.655130,0
2017-01-18,19.900000,19.900000,19.900000,19.900000,15.655130,0
2017-01-19,19.900000,19.900000,19.900000,19.900000,15.655130,0
2017-01-20,19.900000,19.900000,19.900000,19.900000,15.655130,0
2017-01-23,19.900000,19.900000,19.900000,19.900000,15.655130,0
2017-01-24,19.900000,19.900000,19.900000,19.900000,15.655130,0
2017-01-25,20.871000,20.871000,20.871000,20.871000,16.419006,200
2017-01-26,20.871000,20.871000,20.871000,20.871000,16.419006,0
2017-01-27,20.871000,20.871000,20.871000,20.871000,16.419006,0
2017-01-30,20.871000,20.871000,20.871000,20.871000,16.419006,0
2017-01-31,20.671000,20.671000,20.671000,20.671000,16.261667,100
2017-02-01,20.671000,20.671000,20.671000,20.671000,16.261667,0
2017-02-02,20.671000,20.671000,20.671000,20.671000,16.261667,0
2017-02-03,20.671000,20.671000,20.671000,20.671000,16.261667,0
2017-02-06,20.671000,20.671000,20.671000,20.671000,16.261667,0
2017-02-07,20.671000,20.671000,20.671000,20.671000,16.261667,0
2017-02-08,20.671000,20.671000,20.671000,20.671000,16.261667,0
2017-02-09,20.671000,20.671000,20.671000,20.671000,16.261667,0
2017-02-10,20.671000,20.671000,20.671000,20.671000,16.261667,0
2017-02-13,21.289000,21.382999,21.289000,21.382999,16.821791,400
2017-02-14,21.382999,21.382999,21.382999,21.382999,16.821791,0
2017-02-15,21.382999,21.382999,21.382999,21.382999,16.821791,0
2017-02-16,21.382999,21.382999,21.382999,21.382999,16.821791,0
2017-02-17,21.382999,21.382999,21.382999,21.382999,16.821791,0
2017-02-21,21.382999,21.382999,21.382999,21.382999,16.821791,0
2017-02-22,21.350000,21.350000,21.350000,21.350000,16.795828,100
2017-02-23,21.350000,21.350000,21.350000,21.350000,16.795828,0
2017-02-24,21.350000,21.350000,21.350000,21.350000,16.795828,0
2017-02-27,21.350000,21.350000,21.350000,21.350000,17.028730,0
2017-02-28,21.350000,21.350000,21.350000,21.350000,17.028730,0
2017-03-01,20.870001,20.870001,20.844999,20.844999,16.625942,500
2017-03-02,20.844999,20.844999,20.844999,20.844999,16.625942,0
2017-03-03,20.844999,20.844999,20.844999,20.844999,16.625942,0
2017-03-06,20.844999,20.844999,20.844999,20.844999,16.625942,0
2017-03-07,20.844999,20.844999,20.844999,20.844999,16.625942,0
2017-03-08,20.844999,20.844999,20.844999,20.844999,16.625942,0
2017-03-09,20.844999,20.844999,20.844999,20.844999,16.625942,0
2017-03-10,20.844999,20.844999,20.844999,20.844999,16.625942,0
2017-03-13,20.844999,20.844999,20.844999,20.844999,16.625942,0
2017-03-14,20.844999,20.844999,20.844999,20.844999,16.625942,0
2017-03-15,20.844999,20.844999,20.844999,20.844999,16.625942,0
2017-03-16,20.844999,20.844999,20.844999,20.844999,16.625942,0
2017-03-17,20.844999,20.844999,20.844999,20.844999,16.625942,0
2017-03-20,20.844999,20.844999,20.844999,20.844999,16.625942,0
2017-03-21,20.844999,20.844999,20.844999,20.844999,16.625942,0
2017-03-22,20.844999,20.844999,20.844999,20.844999,16.625942,0
2017-03-23,20.844999,20.844999,20.844999,20.844999,16.625942,0
2017-03-24,20.844999,20.844999,20.844999,20.844999,16.625942,0
2017-03-27,20.844999,20.844999,20.844999,20.844999,16.625942,0
2017-03-28,20.844999,20.844999,20.844999,20.844999,16.625942,0
2017-03-29,20.844999,20.844999,20.844999,20.844999,16.625942,0
2017-03-30,20.844999,20.844999,20.844999,20.844999,16.625942,0
2017-03-31,20.844999,20.844999,20.844999,20.844999,16.625942,0
2017-04-03,20.844999,20.844999,20.844999,20.844999,16.625942,0
2017-04-04,20.844999,20.844999,20.844999,20.844999,16.625942,0
2017-04-05,20.844999,20.844999,20.844999,20.844999,16.625942,0
2017-04-06,20.844999,20.844999,20.844999,20.844999,16.625942,0
2017-04-07,20.844999,20.844999,20.844999,20.844999,16.625942,0
2017-04-10,20.844999,20.844999,20.844999,20.844999,16.625942,0
2017-04-11,20.844999,20.844999,20.844999,20.844999,16.625942,0
2017-04-12,20.844999,20.844999,20.844999,20.844999,16.625942,0
2017-04-13,20.844999,20.844999,20.844999,20.844999,16.625942,0
2017-04-17,20.045000,20.063000,20.045000,20.063000,16.002224,500
2017-04-18,20.063000,20.063000,20.063000,20.063000,16.002224,0
2017-04-19,20.063000,20.063000,20.063000,20.063000,16.002224,0
2017-04-20,20.063000,20.063000,20.063000,20.063000,16.002224,0
2017-04-21,20.063000,20.063000,20.063000,20.063000,16.002224,0
2017-04-24,20.063000,20.063000,20.063000,20.063000,16.002224,0
2017-04-25,20.063000,20.063000,20.063000,20.063000,16.002224,0
2017-04-26,20.063000,20.063000,20.063000,20.063000,16.002224,0
2017-04-27,20.063000,20.063000,20.063000,20.063000,16.002224,0
2017-04-28,20.063000,20.063000,20.063000,20.063000,16.002224,0
2017-05-01,20.063000,20.063000,20.063000,20.063000,16.002224,0
2017-05-02,20.063000,20.063000,20.063000,20.063000,16.002224,0
2017-05-03,20.063000,20.063000,20.063000,20.063000,16.002224,0
2017-05-04,20.063000,20.063000,20.063000,20.063000,16.002224,0
2017-05-05,20.063000,20.063000,20.063000,20.063000,16.002224,0
2017-05-08,20.063000,20.063000,20.063000,20.063000,16.002224,0
2017-05-09,20.063000,20.063000,20.063000,20.063000,16.002224,0
2017-05-10,20.063000,20.063000,20.063000,20.063000,16.002224,0
2017-05-11,20.063000,20.063000,20.063000,20.063000,16.002224,0
2017-05-12,20.063000,20.063000,20.063000,20.063000,16.002224,0
2017-05-15,20.063000,20.063000,20.063000,20.063000,16.002224,0
2017-05-16,20.063000,20.063000,20.063000,20.063000,16.002224,0
2017-05-17,20.063000,20.063000,20.063000,20.063000,16.002224,0
2017-05-18,20.063000,20.063000,20.063000,20.063000,16.002224,0
2017-05-19,20.063000,20.063000,20.063000,20.063000,16.002224,0
2017-05-22,20.063000,20.063000,20.063000,20.063000,16.002224,0
2017-05-23,20.063000,20.063000,20.063000,20.063000,16.002224,0
2017-05-24,20.063000,20.063000,20.063000,20.063000,16.256649,0
2017-05-25,20.063000,20.063000,20.063000,20.063000,16.256649,0
2017-05-26,20.063000,20.063000,20.063000,20.063000,16.256649,0
2017-05-30,20.063000,20.063000,20.063000,20.063000,16.256649,0
2017-05-31,20.063000,20.063000,20.063000,20.063000,16.256649,0
2017-06-01,20.063000,20.063000,20.063000,20.063000,16.256649,0
2017-06-02,20.063000,20.063000,20.063000,20.063000,16.256649,0
2017-06-05,20.063000,20.063000,20.063000,20.063000,16.256649,0
2017-06-06,20.063000,20.063000,20.063000,20.063000,16.256649,0
2017-06-07,20.063000,20.063000,20.063000,20.063000,16.256649,0
2017-06-08,20.063000,20.063000,20.063000,20.063000,16.256649,0
2017-06-09,20.063000,20.063000,20.063000,20.063000,16.256649,0
2017-06-12,19.000000,19.000000,19.000000,19.000000,15.395319,100
2017-06-13,19.000000,19.000000,19.000000,19.000000,15.395319,0
2017-06-14,19.000000,19.000000,19.000000,19.000000,15.395319,0
2017-06-15,19.000000,19.000000,19.000000,19.000000,15.395319,0
2017-06-16,19.000000,19.000000,19.000000,19.000000,15.395319,0
2017-06-19,19.000000,19.000000,19.000000,19.000000,15.395319,0
2017-06-20,19.000000,19.000000,19.000000,19.000000,15.395319,0
2017-06-21,19.000000,19.000000,19.000000,19.000000,15.395319,0
2017-06-22,19.000000,19.000000,19.000000,19.000000,15.395319,0
2017-06-23,19.000000,19.000000,19.000000,19.000000,15.395319,0
2017-06-26,19.000000,19.000000,19.000000,19.000000,15.395319,0
2017-06-27,19.000000,19.000000,19.000000,19.000000,15.395319,0
2017-06-28,19.000000,19.000000,19.000000,19.000000,15.395319,0
2017-06-29,19.000000,19.000000,19.000000,19.000000,15.395319,0
2017-06-30,19.000000,19.000000,19.000000,19.000000,15.395319,0
2017-07-03,19.000000,19.000000,19.000000,19.000000,15.395319,0
2017-07-05,19.000000,19.000000,19.000000,19.000000,15.395319,0
2017-07-06,19.000000,19.000000,19.000000,19.000000,15.395319,0
2017-07-07,19.000000,19.000000,19.000000,19.000000,15.395319,0
2017-07-10,19.000000,19.000000,19.000000,19.000000,15.395319,0
2017-07-11,19.000000,19.000000,19.000000,19.000000,15.395319,0
2017-07-12,19.000000,19.000000,19.000000,19.000000,15.395319,0
2017-07-13,19.000000,19.000000,19.000000,19.000000,15.395319,0
2017-07-14,19.000000,19.000000,19.000000,19.000000,15.395319,0
2017-07-17,19.000000,19.000000,19.000000,19.000000,15.395319,0
2017-07-18,19.000000,19.000000,19.000000,19.000000,15.395319,0
2017-07-19,19.000000,19.000000,19.000000,19.000000,15.395319,0
2017-07-20,19.000000,19.000000,19.000000,19.000000,15.395319,0
2017-07-21,19.000000,19.000000,19.000000,19.000000,15.395319,0
2017-07-24,18.730000,18.749001,18.730000,18.749001,15.191938,300
2017-07-25,18.749001,18.749001,18.749001,18.749001,15.191938,0
2017-07-26,18.749001,18.749001,18.749001,18.749001,15.191938,0
2017-07-27,18.749001,18.749001,18.749001,18.749001,15.191938,0
2017-07-28,18.749001,18.749001,18.749001,18.749001,15.191938,0
2017-07-31,18.749001,18.749001,18.749001,18.749001,15.191938,0
2017-08-01,18.749001,18.749001,18.749001,18.749001,15.191938,0
2017-08-02,18.749001,18.749001,18.749001,18.749001,15.191938,0
2017-08-03,18.749001,18.749001,18.749001,18.749001,15.191938,0
2017-08-04,18.750000,18.750000,18.690001,18.700001,15.152238,2300
2017-08-07,18.700001,18.700001,18.700001,18.700001,15.152238,0
2017-08-08,18.700001,18.700001,18.700001,18.700001,15.152238,0
2017-08-09,18.700001,18.700001,18.700001,18.700001,15.152238,0
2017-08-10,18.700001,18.700001,18.700001,18.700001,15.152238,0
2017-08-11,18.700001,18.700001,18.700001,18.700001,15.152238,0
2017-08-14,18.700001,18.700001,18.700001,18.700001,15.152238,0
2017-08-15,18.700001,18.700001,18.700001,18.700001,15.152238,0
2017-08-16,18.700001,18.700001,18.700001,18.700001,15.152238,0
2017-08-17,18.700001,18.700001,18.700001,18.700001,15.152238,0
2017-08-18,18.700001,18.700001,18.700001,18.700001,15.152238,0
2017-08-21,17.080000,17.080000,17.056999,17.056999,13.820945,500
2017-08-22,17.056999,17.056999,17.056999,17.056999,13.820945,0
2017-08-23,17.056999,17.056999,17.056999,17.056999,13.820945,0
2017-08-24,17.270000,17.285999,17.270000,17.285999,14.262364,200
2017-08-25,17.285999,17.285999,17.285999,17.285999,14.262364,0
2017-08-28,17.285999,17.285999,17.285999,17.285999,14.262364,0
2017-08-29,17.285999,17.285999,17.285999,17.285999,14.262364,0
2017-08-30,17.285999,17.285999,17.285999,17.285999,14.262364,0
2017-08-31,17.285999,17.285999,17.285999,17.285999,14.262364,0
2017-09-01,17.285999,17.285999,17.285999,17.285999,14.262364,0
2017-09-05,17.285999,17.285999,17.285999,17.285999,14.262364,0
2017-09-06,17.285999,17.285999,17.285999,17.285999,14.262364,0
2017-09-07,17.285999,17.285999,17.285999,17.285999,14.262364,0
2017-09-08,17.285999,17.285999,17.285999,17.285999,14.262364,0
2017-09-11,17.695000,17.695000,17.695000,17.695000,14.599824,100
2017-09-12,17.719000,17.719000,17.719000,17.719000,14.619626,100
2017-09-13,17.719000,17.719000,17.719000,17.719000,14.619626,0
2017-09-14,17.719000,17.719000,17.719000,17.719000,14.619626,0
2017-09-15,17.719000,17.719000,17.719000,17.719000,14.619626,0
2017-09-18,17.719000,17.719000,17.719000,17.719000,14.619626,0
2017-09-19,17.719000,17.719000,17.719000,17.719000,14.619626,0
2017-09-20,17.719000,17.719000,17.719000,17.719000,14.619626,0
2017-09-21,17.465000,17.465000,17.465000,17.465000,14.410055,100
2017-09-22,17.465000,17.465000,17.465000,17.465000,14.410055,0
2017-09-25,17.465000,17.465000,17.465000,17.465000,14.410055,0
2017-09-26,17.465000,17.465000,17.465000,17.465000,14.410055,0
2017-09-27,17.465000,17.465000,17.465000,17.465000,14.410055,0
2017-09-28,17.465000,17.465000,17.465000,17.465000,14.410055,0
2017-09-29,17.465000,17.465000,17.465000,17.465000,14.410055,0
2017-10-02,17.465000,17.465000,17.465000,17.465000,14.410055,0
2017-10-03,17.465000,17.465000,17.465000,17.465000,14.410055,0
2017-10-04,17.465000,17.465000,17.465000,17.465000,14.410055,0
2017-10-05,17.465000,17.465000,17.465000,17.465000,14.410055,0
2017-10-06,17.465000,17.465000,17.465000,17.465000,14.410055,0
2017-10-09,17.465000,17.465000,17.465000,17.465000,14.410055,0
2017-10-10,17.465000,17.465000,17.465000,17.465000,14.410055,0
2017-10-11,17.465000,17.465000,17.465000,17.465000,14.410055,0
2017-10-12,17.465000,17.465000,17.465000,17.465000,14.410055,0
2017-10-13,17.950001,17.950001,17.950001,17.950001,14.810220,500
2017-10-16,17.950001,17.950001,17.950001,17.950001,14.810220,0
2017-10-17,17.950001,17.950001,17.950001,17.950001,14.810220,0
2017-10-18,17.950001,17.950001,17.950001,17.950001,14.810220,0
2017-10-19,17.950001,17.950001,17.950001,17.950001,14.810220,0
2017-10-20,17.950001,17.950001,17.950001,17.950001,14.810220,0
2017-10-23,17.950001,17.950001,17.950001,17.950001,14.810220,0
2017-10-24,17.950001,17.950001,17.950001,17.950001,14.810220,0
2017-10-25,17.950001,17.950001,17.950001,17.950001,14.810220,0
2017-10-26,17.950001,17.950001,17.950001,17.950001,14.810220,0
2017-10-27,17.950001,17.950001,17.950001,17.950001,14.810220,0
2017-10-30,17.023001,17.023001,17.023001,17.023001,14.045370,500
2017-10-31,17.023001,17.023001,17.023001,17.023001,14.045370,0
2017-11-01,17.023001,17.023001,17.023001,17.023001,14.045370,0
2017-11-02,17.023001,17.023001,17.023001,17.023001,14.045370,0
2017-11-03,17.023001,17.023001,17.023001,17.023001,14.045370,0
2017-11-06,17.023001,17.023001,17.023001,17.023001,14.045370,0
2017-11-07,17.023001,17.023001,17.023001,17.023001,14.045370,0
2017-11-08,17.023001,17.023001,17.023001,17.023001,14.045370,0
2017-11-09,17.023001,17.023001,17.023001,17.023001,14.045370,0
2017-11-10,17.023001,17.023001,17.023001,17.023001,14.045370,0
2017-11-13,17.023001,17.023001,17.023001,17.023001,14.045370,0
2017-11-14,17.023001,17.023001,17.023001,17.023001,14.045370,0
2017-11-15,17.023001,17.023001,17.023001,17.023001,14.045370,0
2017-11-16,17.023001,17.023001,17.023001,17.023001,14.045370,0
2017-11-17,17.023001,17.023001,17.023001,17.023001,14.045370,0
2017-11-20,17.023001,17.023001,17.023001,17.023001,14.045370,0
2017-11-21,17.023001,17.023001,17.023001,17.023001,14.045370,0
2017-11-22,17.023001,17.023001,17.023001,17.023001,14.045370,0
2017-11-24,17.023001,17.023001,17.023001,17.023001,14.045370,0
2017-11-27,17.023001,17.023001,17.023001,17.023001,14.045370,0
2017-11-28,17.023001,17.023001,17.023001,17.023001,14.297335,0
2017-11-29,17.023001,17.023001,17.023001,17.023001,14.297335,0
2017-11-30,16.410000,16.427999,16.410000,16.427999,13.797602,400
2017-12-01,16.735001,16.735001,16.735001,16.735001,14.055449,200
2017-12-04,16.735001,16.735001,16.735001,16.735001,14.055449,0
2017-12-05,16.735001,16.735001,16.735001,16.735001,14.055449,0
2017-12-06,16.735001,16.735001,16.735001,16.735001,14.055449,0
2017-12-07,16.735001,16.735001,16.735001,16.735001,14.055449,0
2017-12-08,16.735001,16.735001,16.735001,16.735001,14.055449,0
2017-12-11,16.735001,16.735001,16.735001,16.735001,14.055449,0
2017-12-12,16.735001,16.735001,16.735001,16.735001,14.055449,0
2017-12-13,16.735001,16.735001,16.735001,16.735001,14.055449,0
2017-12-14,16.735001,16.735001,16.735001,16.735001,14.055449,0
2017-12-15,16.735001,16.735001,16.735001,16.735001,14.055449,0
2017-12-18,17.379999,17.379999,17.379999,17.379999,14.597168,1500
2017-12-19,17.379999,17.379999,17.379999,17.379999,14.597168,0
2017-12-20,17.379999,17.379999,17.379999,17.379999,14.597168,0
2017-12-21,17.379999,17.379999,17.379999,17.379999,14.597168,0
2017-12-22,17.379999,17.379999,17.379999,17.379999,14.597168,0
2017-12-26,17.379999,17.379999,17.379999,17.379999,14.597168,0
2017-12-27,17.299999,17.299999,17.299999,17.299999,14.529983,2200
2017-12-28,17.299999,17.299999,17.299999,17.299999,14.529983,0
2017-12-29,17.299999,17.299999,17.299999,17.299999,14.529983,0
2018-01-02,17.299999,17.299999,17.299999,17.299999,14.529983,0
2018-01-03,17.299999,17.299999,17.299999,17.299999,14.529983,0
2018-01-04,17.299999,17.299999,17.299999,17.299999,14.529983,0
2018-01-05,17.299999,17.299999,17.299999,17.299999,14.529983,0
2018-01-08,17.299999,17.299999,17.299999,17.299999,14.529983,0
2018-01-09,17.299999,17.299999,17.299999,17.299999,14.529983,0
2018-01-10,17.299999,17.299999,17.299999,17.299999,14.529983,0
2018-01-11,17.299999,17.299999,17.299999,17.299999,14.529983,0
2018-01-12,17.299999,17.299999,17.299999,17.299999,14.529983,0
2018-01-16,17.299999,17.299999,17.299999,17.299999,14.529983,0
2018-01-17,17.299999,17.299999,17.299999,17.299999,14.529983,0
2018-01-18,17.299999,17.299999,17.299999,17.299999,14.529983,0
2018-01-19,17.299999,17.299999,17.299999,17.299999,14.529983,0
2018-01-22,17.299999,17.299999,17.299999,17.299999,14.529983,0
2018-01-23,17.299999,17.299999,17.299999,17.299999,14.529983,0
2018-01-24,17.299999,17.299999,17.299999,17.299999,14.529983,0
2018-01-25,17.299999,17.299999,17.299999,17.299999,14.529983,0
2018-01-26,17.299999,17.299999,17.299999,17.299999,14.529983,0
2018-01-29,17.299999,17.299999,17.299999,17.299999,14.529983,0
2018-01-30,17.299999,17.299999,17.299999,17.299999,14.529983,0
2018-01-31,17.299999,17.299999,17.299999,17.299999,14.529983,0
2018-02-01,17.299999,17.299999,17.299999,17.299999,14.529983,0
2018-02-02,17.299999,17.299999,17.299999,17.299999,14.529983,0
2018-02-05,17.299999,17.299999,17.299999,17.299999,14.529983,0
2018-02-06,17.299999,17.299999,17.299999,17.299999,14.529983,0
2018-02-07,17.299999,17.299999,17.299999,17.299999,14.529983,0
2018-02-08,17.299999,17.299999,17.299999,17.299999,14.529983,0
2018-02-09,17.299999,17.299999,17.299999,17.299999,14.529983,0
2018-02-12,17.299999,17.299999,17.299999,17.299999,14.529983,0
2018-02-13,17.299999,17.299999,17.299999,17.299999,14.529983,1200
2018-02-14,16.600000,17.430000,16.549999,17.184999,14.433393,2300
2018-02-15,17.184999,17.184999,17.184999,17.184999,14.433393,0
2018-02-16,17.184999,17.184999,17.184999,17.184999,14.433393,0
2018-02-20,17.184999,17.184999,17.184999,17.184999,14.433393,0
2018-02-21,17.184999,17.184999,17.184999,17.184999,14.433393,0
2018-02-22,17.184999,17.184999,17.184999,17.184999,14.433393,0
2018-02-23,17.184999,17.184999,17.184999,17.184999,14.433393,0
2018-02-26,17.184999,17.184999,17.184999,17.184999,14.433393,0
2018-02-27,17.184999,17.184999,17.184999,17.184999,14.433393,0
2018-02-28,17.184999,17.184999,17.184999,17.184999,14.660315,0
2018-03-01,17.184999,17.184999,17.184999,17.184999,14.660315,0
2018-03-02,17.184999,17.184999,17.184999,17.184999,14.660315,0
2018-03-05,17.184999,17.184999,17.184999,17.184999,14.660315,0
2018-03-06,17.184999,17.184999,17.184999,17.184999,14.660315,0
2018-03-07,17.184999,17.184999,17.184999,17.184999,14.660315,0
2018-03-08,17.184999,17.184999,17.184999,17.184999,14.660315,0
2018-03-09,16.379999,16.379999,16.379999,16.379999,13.973577,500
2018-03-12,16.379999,16.379999,16.379999,16.379999,13.973577,0
2018-03-13,16.379999,16.379999,16.379999,16.379999,13.973577,0
2018-03-14,16.379999,16.379999,16.379999,16.379999,13.973577,0
2018-03-15,16.379999,16.379999,16.379999,16.379999,13.973577,0
2018-03-16,16.379999,16.379999,16.379999,16.379999,13.973577,0
2018-03-19,16.379999,16.379999,16.379999,16.379999,13.973577,0
2018-03-20,16.379999,16.379999,16.379999,16.379999,13.973577,0
2018-03-21,16.379999,16.379999,16.379999,16.379999,13.973577,0
2018-03-22,16.379999,16.379999,16.379999,16.379999,13.973577,0
2018-03-23,16.379999,16.379999,16.379999,16.379999,13.973577,0
2018-03-26,16.379999,16.379999,16.379999,16.379999,13.973577,0
2018-03-27,16.379999,16.379999,16.379999,16.379999,13.973577,0
2018-03-28,16.379999,16.379999,16.379999,16.379999,13.973577,0
2018-03-29,16.379999,16.379999,16.379999,16.379999,13.973577,0
2018-04-02,16.379999,16.379999,16.379999,16.379999,13.973577,0
2018-04-03,16.379999,16.379999,16.379999,16.379999,13.973577,0
2018-04-04,16.379999,16.379999,16.379999,16.379999,13.973577,0
2018-04-05,16.379999,16.379999,16.379999,16.379999,13.973577,0
2018-04-06,16.379999,16.379999,16.379999,16.379999,13.973577,0
2018-04-09,16.379999,16.379999,16.379999,16.379999,13.973577,0
2018-04-10,16.379999,16.379999,16.379999,16.379999,13.973577,0
2018-04-11,16.379999,16.379999,16.379999,16.379999,13.973577,0
2018-04-12,16.379999,16.379999,16.379999,16.379999,13.973577,0
2018-04-13,16.379999,16.379999,16.379999,16.379999,13.973577,0
2018-04-16,16.379999,16.379999,16.379999,16.379999,13.973577,0
2018-04-17,16.379999,16.379999,16.379999,16.379999,13.973577,0
2018-04-18,16.379999,16.379999,16.379999,16.379999,13.973577,0
2018-04-19,16.379999,16.379999,16.379999,16.379999,13.973577,0
2018-04-20,16.379999,16.379999,16.379999,16.379999,13.973577,0
2018-04-23,16.379999,16.379999,16.379999,16.379999,13.973577,0
2018-04-24,16.379999,16.379999,16.379999,16.379999,13.973577,0
2018-04-25,16.379999,16.379999,16.379999,16.379999,13.973577,0
2018-04-26,16.379999,16.379999,16.379999,16.379999,13.973577,0
2018-04-27,16.379999,16.379999,16.379999,16.379999,13.973577,0
2018-04-30,16.379999,16.379999,16.379999,16.379999,13.973577,0
2018-05-01,16.379999,16.379999,16.379999,16.379999,13.973577,0
2018-05-02,16.379999,16.379999,16.379999,16.379999,13.973577,0
2018-05-03,16.379999,16.379999,16.379999,16.379999,13.973577,0
2018-05-04,16.379999,16.379999,16.379999,16.379999,13.973577,0
2018-05-07,16.379999,16.379999,16.379999,16.379999,13.973577,0
2018-05-08,16.379999,16.379999,16.379999,16.379999,13.973577,0
2018-05-09,16.379999,16.379999,16.379999,16.379999,13.973577,0
2018-05-10,16.379999,16.379999,16.379999,16.379999,13.973577,0
2018-05-11,16.379999,16.379999,16.379999,16.379999,13.973577,0
2018-05-14,16.379999,16.379999,16.379999,16.379999,13.973577,0
2018-05-15,16.379999,16.379999,16.379999,16.379999,13.973577,0
2018-05-16,16.379999,16.379999,16.379999,16.379999,13.973577,0
2018-05-17,16.379999,16.379999,16.379999,16.379999,13.973577,0
2018-05-18,16.379999,16.379999,16.379999,16.379999,13.973577,0
2018-05-21,16.379999,16.379999,16.379999,16.379999,13.973577,0
2018-05-22,16.379999,16.379999,16.379999,16.379999,13.973577,0
2018-05-23,16.379999,16.379999,16.379999,16.379999,13.973577,0
2018-05-24,16.379999,16.379999,16.379999,16.379999,13.973577,0
2018-05-25,19.270000,19.270000,17.000000,17.000000,14.790541,400
2018-05-29,17.000000,17.000000,17.000000,17.000000,14.790541,0
2018-05-30,17.000000,17.000000,17.000000,17.000000,14.790541,0
2018-05-31,17.000000,17.000000,17.000000,17.000000,14.790541,0
2018-06-01,17.000000,17.000000,17.000000,17.000000,14.790541,0
2018-06-04,17.000000,17.000000,17.000000,17.000000,14.790541,0
2018-06-05,17.000000,17.000000,17.000000,17.000000,14.790541,0
2018-06-06,17.000000,17.000000,17.000000,17.000000,14.790541,0
2018-06-07,17.000000,17.000000,17.000000,17.000000,14.790541,0
2018-06-08,17.000000,17.000000,17.000000,17.000000,14.790541,0
2018-06-11,17.000000,17.000000,17.000000,17.000000,14.790541,0
2018-06-12,17.000000,17.000000,17.000000,17.000000,14.790541,0
2018-06-13,17.000000,17.000000,17.000000,17.000000,14.790541,0
2018-06-14,17.000000,17.000000,17.000000,17.000000,14.790541,0
2018-06-15,17.000000,17.000000,17.000000,17.000000,14.790541,0
2018-06-18,16.570000,16.570000,16.570000,16.570000,14.416427,100
2018-06-19,16.570000,16.570000,16.570000,16.570000,14.416427,0
2018-06-20,16.570000,16.570000,16.570000,16.570000,14.416427,0
2018-06-21,16.620001,16.620001,16.620001,16.620001,14.459929,100
2018-06-22,16.889999,16.889999,16.889999,16.889999,14.694836,100
2018-06-25,16.889999,16.889999,16.889999,16.889999,14.694836,0
2018-06-26,16.889999,16.889999,16.889999,16.889999,14.694836,0
2018-06-27,16.889999,16.889999,16.889999,16.889999,14.694836,0
2018-06-28,16.889999,16.889999,16.889999,16.889999,14.694836,0
2018-06-29,16.889999,16.889999,16.889999,16.889999,14.694836,0
2018-07-02,16.889999,16.889999,16.889999,16.889999,14.694836,0
2018-07-03,16.889999,16.889999,16.889999,16.889999,14.694836,0
2018-07-05,16.889999,16.889999,16.889999,16.889999,14.694836,0
2018-07-06,16.889999,16.889999,16.889999,16.889999,14.694836,0
2018-07-09,16.889999,16.889999,16.889999,16.889999,14.694836,0
2018-07-10,16.889999,16.889999,16.889999,16.889999,14.694836,0
2018-07-11,16.889999,16.889999,16.889999,16.889999,14.694836,0
2018-07-12,16.889999,16.889999,16.889999,16.889999,14.694836,0
2018-07-13,16.889999,16.889999,16.889999,16.889999,14.694836,0
2018-07-16,16.889999,16.889999,16.889999,16.889999,14.694836,0
2018-07-17,16.889999,16.889999,16.889999,16.889999,14.694836,0
2018-07-18,16.889999,16.889999,16.889999,16.889999,14.694836,0
2018-07-19,16.889999,16.889999,16.889999,16.889999,14.694836,0
2018-07-20,16.889999,16.889999,16.889999,16.889999,14.694836,0
2018-07-23,16.889999,16.889999,16.889999,16.889999,14.694836,0
2018-07-24,16.889999,16.889999,16.889999,16.889999,14.694836,0
2018-07-25,16.889999,16.889999,16.889999,16.889999,14.694836,0
2018-07-26,16.889999,16.889999,16.889999,16.889999,14.694836,0
2018-07-27,16.889999,16.889999,16.889999,16.889999,14.694836,0
2018-07-30,16.889999,16.889999,16.889999,16.889999,14.694836,0
2018-07-31,16.889999,16.889999,16.889999,16.889999,14.694836,0
2018-08-01,16.889999,16.889999,16.889999,16.889999,14.694836,0
2018-08-02,16.889999,16.889999,16.889999,16.889999,14.694836,0
2018-08-03,16.889999,16.889999,16.889999,16.889999,14.694836,0
2018-08-06,16.889999,16.889999,16.889999,16.889999,14.694836,0
2018-08-07,18.270000,18.270000,18.270000,18.270000,15.895480,300
2018-08-08,18.270000,18.270000,18.270000,18.270000,15.895480,100
2018-08-09,18.270000,18.270000,18.270000,18.270000,15.895480,0
2018-08-10,18.270000,18.270000,18.270000,18.270000,15.895480,0
2018-08-13,18.270000,18.270000,18.270000,18.270000,15.895480,100
2018-08-14,18.270000,18.270000,18.270000,18.270000,15.895480,0
2018-08-15,18.270000,18.270000,18.270000,18.270000,15.895480,0
2018-08-16,18.270000,18.270000,18.270000,18.270000,15.895480,0
2018-08-17,18.270000,18.270000,18.270000,18.270000,15.895480,0
2018-08-20,18.270000,18.270000,18.270000,18.270000,15.895480,0
2018-08-21,18.610001,18.610001,18.610001,18.610001,16.191292,300
2018-08-22,18.610001,18.610001,18.610001,18.610001,16.191292,0
2018-08-23,18.610001,18.610001,18.610001,18.610001,16.191292,0
2018-08-24,18.610001,18.610001,18.610001,18.610001,16.191292,0
2018-08-27,18.610001,18.610001,18.610001,18.610001,16.469172,0
2018-08-28,18.610001,18.610001,18.610001,18.610001,16.469172,0
2018-08-29,18.610001,18.610001,18.610001,18.610001,16.469172,0
2018-08-30,18.610001,18.610001,18.610001,18.610001,16.469172,0
2018-08-31,18.610001,18.610001,18.610001,18.610001,16.469172,0
2018-09-04,18.610001,18.610001,18.610001,18.610001,16.469172,0
2018-09-05,18.610001,18.610001,18.610001,18.610001,16.469172,0
2018-09-06,18.610001,18.610001,18.610001,18.610001,16.469172,0
2018-09-07,18.610001,18.610001,18.610001,18.610001,16.469172,0
2018-09-10,18.610001,18.610001,18.610001,18.610001,16.469172,0
2018-09-11,18.610001,18.610001,18.610001,18.610001,16.469172,0
2018-09-12,18.610001,18.610001,18.610001,18.610001,16.469172,0
2018-09-13,18.610001,18.610001,18.610001,18.610001,16.469172,0
2018-09-14,18.610001,18.610001,18.610001,18.610001,16.469172,0
2018-09-17,18.610001,18.610001,18.610001,18.610001,16.469172,0
2018-09-18,18.610001,18.610001,18.610001,18.610001,16.469172,0
2018-09-19,18.610001,18.610001,18.610001,18.610001,16.469172,0
2018-09-20,18.610001,18.610001,18.610001,18.610001,16.469172,0
2018-09-21,17.450001,17.471001,17.450001,17.471001,15.461197,600
2018-09-24,17.471001,17.471001,17.471001,17.471001,15.461197,0
2018-09-25,17.471001,17.471001,17.471001,17.471001,15.461197,0
2018-09-26,17.471001,17.471001,17.471001,17.471001,15.461197,0
2018-09-27,17.471001,17.471001,17.471001,17.471001,15.461197,0
2018-09-28,17.471001,17.471001,17.471001,17.471001,15.461197,0
2018-10-01,17.471001,17.471001,17.471001,17.471001,15.461197,0
2018-10-02,17.471001,17.471001,17.471001,17.471001,15.461197,0
2018-10-03,17.471001,17.471001,17.471001,17.471001,15.461197,0
2018-10-04,17.471001,17.471001,17.471001,17.471001,15.461197,0
2018-10-05,17.471001,17.471001,17.471001,17.471001,15.461197,0
2018-10-08,17.471001,17.471001,17.471001,17.471001,15.461197,0
2018-10-09,17.471001,17.471001,17.471001,17.471001,15.461197,0
2018-10-10,17.471001,17.471001,17.471001,17.471001,15.461197,0
2018-10-11,17.471001,17.471001,17.471001,17.471001,15.461197,0
2018-10-12,17.471001,17.471001,17.471001,17.471001,15.461197,0
2018-10-15,17.471001,17.471001,17.471001,17.471001,15.461197,0
2018-10-16,17.471001,17.471001,17.471001,17.471001,15.461197,0
2018-10-17,17.471001,17.471001,17.471001,17.471001,15.461197,0
2018-10-18,17.471001,17.471001,17.471001,17.471001,15.461197,0
2018-10-19,17.471001,17.471001,17.471001,17.471001,15.461197,0
2018-10-22,17.471001,17.471001,17.471001,17.471001,15.461197,0
2018-10-23,17.471001,17.471001,17.471001,17.471001,15.461197,0
2018-10-24,17.471001,17.471001,17.471001,17.471001,15.461197,0
2018-10-25,17.471001,17.471001,17.471001,17.471001,15.461197,0
2018-10-26,17.471001,17.471001,17.471001,17.471001,15.461197,0
2018-10-29,17.471001,17.471001,17.471001,17.471001,15.461197,0
2018-10-30,17.471001,17.471001,17.471001,17.471001,15.461197,0
2018-10-31,17.471001,17.471001,17.471001,17.471001,15.461197,0
2018-11-01,17.471001,17.471001,17.471001,17.471001,15.461197,0
2018-11-02,17.471001,17.471001,17.471001,17.471001,15.461197,0
2018-11-05,17.471001,17.471001,17.471001,17.471001,15.461197,100
2018-11-06,17.471001,17.471001,17.471001,17.471001,15.461197,200
2018-11-07,17.471001,17.471001,17.471001,17.471001,15.461197,0
2018-11-08,17.471001,17.471001,17.471001,17.471001,15.461197,0
2018-11-09,17.471001,17.471001,17.471001,17.471001,15.461197,0
2018-11-12,17.471001,17.471001,17.471001,17.471001,15.461197,0
2018-11-13,17.471001,17.471001,17.471001,17.471001,15.461197,0
2018-11-14,17.471001,17.471001,17.471001,17.471001,15.461197,0
2018-11-15,17.471001,17.471001,17.471001,17.471001,15.461197,0
2018-11-16,17.471001,17.471001,17.471001,17.471001,15.461197,0
2018-11-19,17.471001,17.471001,17.471001,17.471001,15.461197,0
2018-11-20,17.471001,17.471001,17.471001,17.471001,15.461197,0
2018-11-21,17.471001,17.471001,17.471001,17.471001,15.461197,0
2018-11-23,17.471001,17.471001,17.471001,17.471001,15.461197,0
2018-11-26,17.471001,17.471001,17.471001,17.471001,15.461197,0
2018-11-27,15.650000,15.650000,15.650000,15.650000,13.849677,100
2018-11-28,15.650000,15.650000,15.650000,15.650000,14.107489,0
2018-11-29,15.590000,15.590000,15.590000,15.590000,14.053404,100
2018-11-30,15.590000,15.590000,15.590000,15.590000,14.053404,0
2018-12-03,15.590000,15.590000,15.590000,15.590000,14.053404,0
2018-12-04,15.590000,15.590000,15.590000,15.590000,14.053404,0
2018-12-06,15.590000,15.590000,15.590000,15.590000,14.053404,0
2018-12-07,15.590000,15.590000,15.590000,15.590000,14.053404,0
2018-12-10,15.021000,15.021000,15.021000,15.021000,13.540485,100
2018-12-11,15.021000,15.021000,15.021000,15.021000,13.540485,0
2018-12-12,15.021000,15.021000,15.021000,15.021000,13.540485,0
2018-12-13,15.021000,15.021000,15.021000,15.021000,13.540485,0
2018-12-14,15.021000,15.021000,15.021000,15.021000,13.540485,0
2018-12-17,15.021000,15.021000,15.021000,15.021000,13.540485,0
2018-12-18,15.021000,15.021000,15.021000,15.021000,13.540485,0
2018-12-19,15.021000,15.021000,15.021000,15.021000,13.540485,0
2018-12-20,15.021000,15.021000,15.021000,15.021000,13.540485,0
2018-12-21,15.021000,15.021000,15.021000,15.021000,13.540485,0
2018-12-24,13.484000,13.484000,13.336000,13.336000,12.021564,200
2018-12-26,13.336000,13.336000,13.336000,13.336000,12.021564,0
2018-12-27,13.336000,13.336000,13.336000,13.336000,12.021564,0
2018-12-28,13.850000,13.850000,13.786000,13.786000,12.427211,100
2018-12-31,14.135000,14.135000,13.970000,13.970000,12.593075,100
2019-01-02,13.970000,13.970000,13.970000,13.970000,12.593075,0
2019-01-03,13.970000,13.970000,13.970000,13.970000,12.593075,0
2019-01-04,13.970000,13.970000,13.970000,13.970000,12.593075,0
2019-01-07,13.970000,13.970000,13.970000,13.970000,12.593075,0
2019-01-08,13.970000,13.970000,13.970000,13.970000,12.593075,0
2019-01-09,16.145000,16.145000,15.817000,15.817000,14.258029,100
2019-01-10,15.830000,15.830000,15.613000,15.613000,14.074136,100
2019-01-11,15.613000,15.613000,15.613000,15.613000,14.074136,0
2019-01-14,15.613000,15.613000,15.613000,15.613000,14.074136,0
2019-01-15,15.613000,15.613000,15.613000,15.613000,14.074136,0
2019-01-16,15.613000,15.613000,15.613000,15.613000,14.074136,0
2019-01-17,15.613000,15.613000,15.613000,15.613000,14.074136,0
2019-01-18,15.613000,15.613000,15.613000,15.613000,14.074136,0
2019-01-22,15.363000,15.363000,15.363000,15.363000,13.848777,100
2019-01-23,15.363000,15.363000,15.363000,15.363000,13.848777,0
2019-01-24,15.363000,15.363000,15.363000,15.363000,13.848777,0
2019-01-25,15.655000,15.655000,15.655000,15.655000,14.111996,0
2019-01-28,15.363000,15.363000,15.363000,15.363000,13.848777,0
2019-01-29,15.740000,15.740000,15.738000,15.738000,14.186814,100
2019-01-30,15.944000,15.944000,15.944000,15.944000,14.372512,0
2019-01-31,15.761000,15.761000,15.761000,15.761000,14.207549,0
2019-02-01,15.923000,15.923000,15.923000,15.923000,14.353581,0
2019-02-04,16.040001,16.040001,16.040001,16.040001,14.459049,100
2019-02-05,16.003000,16.003000,16.003000,16.003000,14.425697,0
2019-02-06,15.839000,15.839000,15.839000,15.839000,14.277860,0
2019-02-07,15.480000,15.480000,15.480000,15.480000,13.954245,0
2019-02-08,15.385000,15.385000,15.385000,15.385000,13.868609,0
2019-02-11,15.434000,15.434000,15.434000,15.434000,13.912778,0
2019-02-12,15.680000,15.680000,15.671000,15.671000,14.126419,100
2019-02-13,15.871000,15.871000,15.871000,15.871000,14.306707,0
2019-02-14,16.070000,16.070000,16.070000,16.070000,14.486094,100
2019-02-15,16.122000,16.122000,16.122000,16.122000,14.532967,0
2019-02-19,16.440001,16.440001,16.440001,16.440001,14.819624,0
2019-02-20,16.260000,16.261999,16.260000,16.261999,14.659167,100
2019-02-21,16.261999,16.261999,16.261999,16.261999,14.659167,0
2019-02-22,16.110001,16.112000,16.110001,16.112000,14.523953,100
2019-02-25,16.112000,16.112000,16.112000,16.112000,14.523953,0
2019-02-26,15.940000,15.950000,15.940000,15.950000,14.377920,100
2019-02-27,15.950000,15.950000,15.950000,15.950000,14.377920,0
2019-02-28,15.950000,15.950000,15.950000,15.950000,14.646048,0
2019-03-01,15.950000,15.950000,15.950000,15.950000,14.646048,0
2019-03-04,15.633000,15.633000,15.633000,15.633000,14.354964,0
2019-03-05,15.633000,15.633000,15.633000,15.633000,14.354964,0
2019-03-06,15.633000,15.633000,15.633000,15.633000,14.354964,0
2019-03-07,15.633000,15.633000,15.633000,15.633000,14.354964,0
2019-03-08,15.633000,15.633000,15.633000,15.633000,14.354964,0
2019-03-11,15.900000,15.900000,15.832000,15.832000,14.537696,300
2019-03-12,15.798000,15.798000,15.798000,15.798000,14.506475,100
2019-03-13,15.798000,15.798000,15.798000,15.798000,14.506475,0
2019-03-14,15.798000,15.798000,15.798000,15.798000,14.506475,0
2019-03-15,15.800000,15.800000,15.766000,15.766000,14.477091,100
2019-03-18,16.025000,16.025000,16.025000,16.025000,14.714917,0
2019-03-19,16.059999,16.115000,16.059999,16.115000,14.797560,100
2019-03-20,16.115000,16.115000,16.115000,16.115000,14.797560,0
2019-03-21,16.316999,16.316999,16.316999,16.316999,14.983045,100
2019-03-22,16.316999,16.316999,16.316999,16.316999,14.983045,0
2019-03-25,15.957000,15.957000,15.957000,15.957000,14.652476,0
2019-03-26,15.957000,15.957000,15.957000,15.957000,14.652476,0
2019-03-27,15.957000,15.957000,15.957000,15.957000,14.652476,0
2019-03-28,15.957000,15.957000,15.957000,15.957000,14.652476,0
2019-03-29,15.957000,15.957000,15.957000,15.957000,14.652476,0
2019-04-01,16.230000,16.230000,16.230000,16.230000,14.903157,0
2019-04-02,16.247999,16.247999,16.247999,16.247999,14.919685,0
2019-04-03,16.247999,16.247999,16.247999,16.247999,14.919685,0
2019-04-04,16.108000,16.108000,16.108000,16.108000,14.791131,0
2019-04-05,16.231001,16.231001,16.231001,16.231001,14.904076,0
2019-04-08,16.230000,16.230000,16.212000,16.212000,14.886628,500
2019-04-09,16.042999,16.042999,16.042999,16.042999,14.731443,0
2019-04-10,16.042999,16.042999,16.042999,16.042999,14.731443,0
2019-04-11,16.042999,16.042999,16.042999,16.042999,14.731443,0
2019-04-12,16.240000,16.240000,16.240000,16.240000,14.912340,100
2019-04-15,16.240000,16.240000,16.240000,16.240000,14.912340,0
2019-04-16,16.240000,16.240000,16.240000,16.240000,14.912340,0
2019-04-17,15.950000,15.950000,15.950000,15.950000,14.646048,0
2019-04-18,15.950000,15.950000,15.950000,15.950000,14.646048,0
2019-04-22,16.128000,16.128000,16.128000,16.128000,14.809497,0
2019-04-23,16.128000,16.128000,16.128000,16.128000,14.809497,0
2019-04-24,15.971000,15.971000,15.971000,15.971000,14.665331,0
2019-04-25,15.971000,15.971000,15.971000,15.971000,14.665331,0
2019-04-26,15.971000,15.971000,15.971000,15.971000,14.665331,0
2019-04-29,15.971000,15.971000,15.971000,15.971000,14.665331,0
2019-04-30,15.971000,15.971000,15.971000,15.971000,14.665331,0
2019-05-01,15.971000,15.971000,15.971000,15.971000,14.665331,0
2019-05-02,15.971000,15.971000,15.971000,15.971000,14.665331,0
2019-05-03,15.971000,15.971000,15.971000,15.971000,14.665331,0
2019-05-06,15.971000,15.971000,15.971000,15.971000,14.665331,0
2019-05-07,15.971000,15.971000,15.971000,15.971000,14.665331,0
2019-05-08,15.971000,15.971000,15.971000,15.971000,14.665331,0
2019-05-09,15.530000,15.530000,15.530000,15.530000,14.260384,0
2019-05-10,15.530000,15.530000,15.530000,15.530000,14.260384,0
2019-05-13,15.530000,15.530000,15.530000,15.530000,14.260384,0
2019-05-14,15.530000,15.530000,15.530000,15.530000,14.260384,0
2019-05-15,15.530000,15.530000,15.530000,15.530000,14.260384,0
2019-05-16,15.530000,15.530000,15.530000,15.530000,14.260384,0
2019-05-17,15.530000,15.530000,15.530000,15.530000,14.260384,0
2019-05-20,15.530000,15.530000,15.530000,15.530000,14.260384,0
2019-05-21,15.530000,15.530000,15.530000,15.530000,14.260384,0
2019-05-22,15.530000,15.530000,15.530000,15.530000,14.260384,0
2019-05-23,15.530000,15.530000,15.530000,15.530000,14.260384,0
2019-05-24,16.059999,16.059999,16.055000,16.055000,14.742465,3100
2019-05-28,15.624000,15.624000,15.624000,15.624000,14.583782,0
2019-05-29,15.394000,15.591000,15.394000,15.591000,14.552979,1600
2019-05-30,15.480000,15.500000,15.440000,15.450000,14.421368,1900
2019-05-31,15.370000,15.382000,15.340000,15.382000,14.357895,800
2019-06-03,15.382000,15.382000,15.382000,15.382000,14.357895,0
2019-06-04,15.382000,15.382000,15.382000,15.382000,14.357895,0
2019-06-05,15.382000,15.382000,15.382000,15.382000,14.357895,0
2019-06-06,15.552000,15.552000,15.552000,15.552000,14.516576,300
2019-06-07,15.552000,15.552000,15.552000,15.552000,14.516576,100
2019-06-10,15.641000,15.650000,15.616000,15.616000,14.576315,300
2019-06-11,15.616000,15.616000,15.616000,15.616000,14.576315,0
2019-06-12,15.616000,15.616000,15.616000,15.616000,14.576315,0
2019-06-13,15.701000,15.701000,15.701000,15.701000,14.655657,100
2019-06-14,15.564000,15.564000,15.564000,15.564000,14.527778,200
2019-06-17,15.564000,15.564000,15.564000,15.564000,14.527778,0
2019-06-18,15.564000,15.564000,15.564000,15.564000,14.527778,0
2019-06-19,15.564000,15.564000,15.564000,15.564000,14.527778,0
2019-06-20,15.564000,15.564000,15.564000,15.564000,14.527778,0
2019-06-21,15.686000,15.686000,15.686000,15.686000,14.641656,100
2019-06-24,15.686000,15.686000,15.686000,15.686000,14.641656,0
2019-06-25,15.510000,15.511000,15.510000,15.511000,14.478306,3500
2019-06-26,15.630000,15.630000,15.629000,15.629000,14.588449,100
2019-06-27,15.629000,15.629000,15.629000,15.629000,14.588449,0
2019-06-28,15.629000,15.629000,15.629000,15.629000,14.588449,0
2019-07-01,15.629000,15.629000,15.629000,15.629000,14.588449,0
2019-07-02,15.785000,15.785000,15.785000,15.785000,14.734063,100
2019-07-03,15.785000,15.785000,15.785000,15.785000,14.734063,0
2019-07-05,15.785000,15.785000,15.785000,15.785000,14.734063,0
2019-07-08,15.785000,15.785000,15.785000,15.785000,14.734063,0
2019-07-09,15.958000,15.958000,15.958000,15.958000,14.895546,0
2019-07-10,15.958000,15.958000,15.958000,15.958000,14.895546,0
2019-07-11,15.958000,15.958000,15.958000,15.958000,14.895546,0
2019-07-12,15.958000,15.958000,15.958000,15.958000,14.895546,0
2019-07-15,15.958000,15.958000,15.958000,15.958000,14.895546,0
2019-07-16,15.958000,15.958000,15.958000,15.958000,14.895546,0
2019-07-17,15.958000,15.958000,15.958000,15.958000,14.895546,0
2019-07-18,15.958000,15.958000,15.958000,15.958000,14.895546,0
2019-07-19,15.958000,15.958000,15.958000,15.958000,14.895546,0
2019-07-22,15.958000,15.958000,15.958000,15.958000,14.895546,0
2019-07-23,15.958000,15.958000,15.958000,15.958000,14.895546,0
2019-07-24,15.958000,15.958000,15.958000,15.958000,14.895546,0
2019-07-25,15.958000,15.958000,15.958000,15.958000,14.895546,0
2019-07-26,15.958000,15.958000,15.958000,15.958000,14.895546,0
2019-07-29,15.958000,15.958000,15.958000,15.958000,14.895546,0
2019-07-30,15.771000,15.771000,15.771000,15.771000,14.720995,0
2019-07-31,15.771000,15.771000,15.771000,15.771000,14.720995,0
2019-08-01,15.771000,15.771000,15.771000,15.771000,14.720995,0
2019-08-02,15.771000,15.771000,15.771000,15.771000,14.720995,0
2019-08-05,15.771000,15.771000,15.771000,15.771000,14.720995,0
2019-08-06,15.771000,15.771000,15.771000,15.771000,14.720995,0
2019-08-07,15.771000,15.771000,15.771000,15.771000,14.720995,0
2019-08-08,15.771000,15.771000,15.771000,15.771000,14.720995,0
2019-08-09,15.771000,15.771000,15.771000,15.771000,14.720995,0
2019-08-12,14.660000,14.660000,14.660000,14.660000,13.683964,0
2019-08-13,14.660000,14.660000,14.660000,14.660000,13.683964,0
2019-08-14,14.660000,14.660000,14.660000,14.660000,13.683964,0
2019-08-15,14.469000,14.469000,14.469000,14.469000,13.505680,0
2019-08-16,14.660000,14.660000,14.660000,14.660000,13.683964,0
2019-08-19,14.904000,14.904000,14.904000,14.904000,13.911719,0
2019-08-20,14.904000,14.904000,14.904000,14.904000,13.911719,0
2019-08-21,14.904000,14.904000,14.904000,14.904000,13.911719,0
2019-08-22,14.797000,14.797000,14.797000,14.797000,13.811842,0
2019-08-23,14.797000,14.797000,14.797000,14.797000,13.811842,0
2019-08-26,14.422000,14.422000,14.422000,14.422000,13.461810,100
2019-08-27,14.044000,14.044000,14.044000,14.044000,13.386508,100
2019-08-28,14.044000,14.044000,14.044000,14.044000,13.386508,0
2019-08-29,14.044000,14.044000,14.044000,14.044000,13.386508,0
2019-08-30,14.581000,14.581000,14.581000,14.581000,13.898368,0
2019-09-03,14.459000,14.459000,14.459000,14.459000,13.782080,0
2019-09-04,14.459000,14.459000,14.459000,14.459000,13.782080,0
2019-09-05,14.459000,14.459000,14.459000,14.459000,13.782080,0
2019-09-06,14.452000,14.452000,14.452000,14.452000,13.775407,100
2019-09-09,14.661000,14.661000,14.661000,14.661000,13.974623,100
2019-09-10,14.661000,14.661000,14.661000,14.661000,13.974623,0
2019-09-11,14.661000,14.661000,14.661000,14.661000,13.974623,0
2019-09-12,14.680000,14.680000,14.680000,14.680000,13.992733,0
2019-09-13,14.939000,14.939000,14.939000,14.939000,14.239608,100
2019-09-16,14.939000,14.939000,14.939000,14.939000,14.239608,0
2019-09-17,14.939000,14.939000,14.939000,14.939000,14.239608,0
2019-09-18,14.939000,14.939000,14.939000,14.939000,14.239608,0
2019-09-19,14.939000,14.939000,14.939000,14.939000,14.239608,0
2019-09-20,14.939000,14.939000,14.939000,14.939000,14.239608,0
2019-09-23,15.082000,15.082000,15.082000,15.082000,14.375913,0
2019-09-24,15.082000,15.082000,15.082000,15.082000,14.375913,0
2019-09-25,15.082000,15.082000,15.082000,15.082000,14.375913,0
2019-09-26,15.082000,15.082000,15.082000,15.082000,14.375913,0
2019-09-27,15.082000,15.082000,15.082000,15.082000,14.375913,0
2019-09-30,15.082000,15.082000,15.082000,15.082000,14.375913,0
2019-10-01,15.082000,15.082000,15.082000,15.082000,14.375913,0
2019-10-02,15.082000,15.082000,15.082000,15.082000,14.375913,0
2019-10-03,14.390000,14.462000,14.390000,14.462000,13.784939,2500
2019-10-04,14.462000,14.462000,14.462000,14.462000,13.784939,0
2019-10-07,14.462000,14.462000,14.462000,14.462000,13.784939,0
2019-10-08,14.462000,14.462000,14.462000,14.462000,13.784939,0
2019-10-09,14.462000,14.462000,14.462000,14.462000,13.784939,0
2019-10-10,14.462000,14.462000,14.462000,14.462000,13.784939,0
2019-10-11,14.462000,14.462000,14.462000,14.462000,13.784939,0
2019-10-14,14.462000,14.462000,14.462000,14.462000,13.784939,0
2019-10-15,14.462000,14.462000,14.462000,14.462000,13.784939,0
2019-10-16,14.462000,14.462000,14.462000,14.462000,13.784939,0
2019-10-17,14.462000,14.462000,14.462000,14.462000,13.784939,0
2019-10-18,13.984000,13.984000,13.984000,13.984000,13.329317,100
2019-10-21,13.984000,13.984000,13.984000,13.984000,13.329317,0
2019-10-22,13.984000,13.984000,13.984000,13.984000,13.329317,0
2019-10-23,13.984000,13.984000,13.984000,13.984000,13.329317,0
2019-10-24,13.984000,13.984000,13.984000,13.984000,13.329317,0
2019-10-25,13.971000,13.971000,13.971000,13.971000,13.316926,0
2019-10-28,13.971000,13.971000,13.971000,13.971000,13.316926,0
2019-10-29,13.971000,13.971000,13.971000,13.971000,13.316926,0
2019-10-30,13.971000,13.971000,13.971000,13.971000,13.316926,0
2019-10-31,13.971000,13.971000,13.971000,13.971000,13.316926,0
2019-11-01,13.971000,13.971000,13.971000,13.971000,13.316926,0
2019-11-04,13.971000,13.971000,13.971000,13.971000,13.316926,0
2019-11-05,13.971000,13.971000,13.971000,13.971000,13.316926,0
2019-11-06,13.971000,13.971000,13.971000,13.971000,13.316926,0
2019-11-07,13.971000,13.971000,13.971000,13.971000,13.316926,0
2019-11-08,13.390000,13.474000,13.390000,13.474000,12.843194,100
2019-11-11,13.474000,13.474000,13.474000,13.474000,12.843194,0
2019-11-12,13.474000,13.474000,13.474000,13.474000,12.843194,0
2019-11-13,13.474000,13.474000,13.474000,13.474000,12.843194,0
2019-11-14,13.474000,13.474000,13.474000,13.474000,12.843194,0
2019-11-15,13.474000,13.474000,13.474000,13.474000,12.843194,0
2019-11-18,13.474000,13.474000,13.474000,13.474000,12.843194,0
2019-11-19,13.474000,13.474000,13.474000,13.474000,12.843194,0
2019-11-20,13.474000,13.474000,13.474000,13.474000,12.843194,0
2019-11-21,13.474000,13.474000,13.474000,13.474000,12.843194,0
2019-11-22,13.196000,13.196000,13.190000,13.190000,12.572490,1300
2019-11-25,13.190000,13.251000,13.190000,13.251000,12.630634,300
2019-11-26,13.390000,13.390000,13.033000,13.033000,12.422840,700
2019-11-27,12.730000,12.761000,10.320000,12.761000,12.445271,400
2019-11-29,12.689000,12.689000,12.689000,12.689000,12.375052,100
2019-12-02,12.590000,12.590000,12.543000,12.543000,12.232665,100
2019-12-03,12.457000,12.457000,12.457000,12.457000,12.148792,100
2019-12-04,12.561000,12.561000,12.561000,12.561000,12.250219,100
2019-12-05,12.530000,12.530000,12.517000,12.517000,12.207308,800
2019-12-06,12.517000,12.517000,12.517000,12.517000,12.207308,0
2019-12-09,12.517000,12.517000,12.517000,12.517000,12.207308,0
2019-12-10,13.190000,13.190000,13.186000,13.186000,12.859756,600
2019-12-11,13.186000,13.186000,13.186000,13.186000,12.859756,0
2019-12-12,13.317000,13.317000,13.317000,13.317000,12.987515,100
2019-12-13,13.317000,13.317000,13.317000,13.317000,12.987515,0
2019-12-16,13.317000,13.317000,13.317000,13.317000,12.987515,0
2019-12-17,13.596000,13.596000,13.596000,13.596000,13.259611,100
2019-12-18,13.596000,13.596000,13.596000,13.596000,13.259611,0
2019-12-19,13.680000,13.695000,13.674000,13.678000,13.339583,1800
2019-12-20,13.685000,13.685000,13.685000,13.685000,13.346410,100
2019-12-23,13.820000,13.839000,13.820000,13.839000,13.496599,100
2019-12-24,13.790000,13.842000,13.790000,13.842000,13.499525,500
2019-12-26,14.000000,14.001000,13.980000,14.001000,13.654592,800
2019-12-27,13.835000,13.835000,13.835000,13.835000,13.492699,300
2019-12-30,13.626000,13.626000,13.626000,13.626000,13.288870,100
2019-12-31,13.626000,13.626000,13.626000,13.626000,13.288870,0
2020-01-02,13.890000,13.890000,13.885000,13.885000,13.541462,400
2020-01-03,13.885000,13.885000,13.885000,13.885000,13.541462,0
2020-01-06,14.260000,14.260000,14.207000,14.207000,13.855494,400
2020-01-07,14.260000,14.266000,14.260000,14.266000,13.913034,700
2020-01-08,14.266000,14.266000,14.266000,14.266000,13.913034,0
2020-01-09,14.266000,14.266000,14.266000,14.266000,13.913034,0
2020-01-10,14.080000,14.080000,14.008000,14.008000,13.661419,600
2020-01-13,14.008000,14.008000,14.008000,14.008000,13.661419,0
2020-01-14,14.290000,14.290000,14.264000,14.264000,13.911084,600
2020-01-15,14.300000,14.300000,14.286000,14.286000,13.932540,600
2020-01-16,14.286000,14.286000,14.286000,14.286000,13.932540,0
2020-01-17,14.290000,14.290000,14.250000,14.250000,13.897430,273000
2020-01-21,14.065000,14.065000,13.930000,13.930000,13.585348,8000
2020-01-22,13.710000,13.717000,13.661000,13.661000,13.323004,8100
2020-01-23,13.640000,13.695000,13.640000,13.654000,13.316177,10800
2020-01-24,13.464000,13.464000,13.423000,13.423000,13.090893,300
2020-01-27,13.210000,13.239000,13.210000,13.239000,12.911445,100
2020-01-28,13.271000,13.285000,13.271000,13.285000,12.956306,700
2020-01-29,13.239000,13.239000,13.239000,13.239000,12.911445,200
2020-01-30,13.060000,13.143000,13.000000,13.143000,12.817820,600
2020-01-31,12.940000,13.160000,12.940000,12.962000,12.641298,50500
2020-02-03,12.970000,12.970000,12.875000,12.875000,12.556451,9800
2020-02-04,13.060000,13.065000,13.060000,13.065000,12.741749,300
2020-02-05,13.250000,13.250000,13.199000,13.199000,12.872435,100
2020-02-06,13.140000,13.160000,13.035000,13.035000,12.712492,3800
2020-02-07,12.920000,12.980000,12.900000,12.905000,12.585708,1300
2020-02-10,12.675000,12.675000,12.675000,12.675000,12.361399,100
2020-02-11,12.747000,12.755000,12.747000,12.755000,12.439420,200
2020-02-12,12.980000,13.069000,12.980000,13.069000,12.745651,200
2020-02-13,13.000000,13.000000,12.933000,12.935000,12.614966,400
2020-02-14,12.925000,12.963000,12.910000,12.963000,12.642274,2300
2020-02-18,12.918000,12.940000,12.900000,12.915000,12.595461,2900
2020-02-19,12.860000,12.881000,12.850000,12.881000,12.562302,7700
2020-02-20,12.880000,12.960000,12.810000,12.837000,12.519390,23100
2020-02-21,12.605000,12.669000,12.605000,12.669000,12.355547,500
2020-02-24,12.410000,12.410000,12.353000,12.353000,12.047365,1500
2020-02-25,12.134000,12.134000,11.840000,11.840000,11.547058,900
2020-02-26,11.680000,11.860000,11.528000,11.528000,11.242778,1900
2020-02-27,11.510000,11.510000,10.890000,11.034000,10.761001,34600
2020-02-28,10.280000,10.740000,10.250000,10.740000,10.740000,5900
2020-03-02,10.860000,11.153000,10.860000,11.151000,11.151000,9200
2020-03-03,10.940000,10.940000,10.935000,10.935000,10.935000,300
2020-03-04,10.975000,10.975000,10.838000,10.909000,10.909000,6000
2020-03-05,10.662000,10.729000,10.550000,10.560000,10.560000,2200
2020-03-06,9.870000,9.928000,9.837000,9.837000,9.837000,4700
2020-03-09,8.450000,8.450000,7.590000,7.590000,7.590000,1300
2020-03-10,7.750000,7.980000,6.770000,7.945000,7.945000,6500
2020-03-11,7.770000,7.850000,6.560000,7.537000,7.537000,10800
2020-03-12,7.100000,7.100000,6.210000,6.242000,6.242000,57400
2020-03-13,6.400000,6.747000,6.370000,6.747000,6.747000,40500
2020-03-16,5.770000,6.040000,5.640000,5.786000,5.786000,12300
2020-03-17,5.430000,5.430000,5.010000,5.248000,5.248000,129500
2020-03-18,4.530000,4.980000,3.680000,4.520000,4.520000,15000
2020-03-19,4.850000,5.440000,4.850000,5.243000,5.243000,8400
2020-03-20,5.870000,5.888000,5.706000,5.706000,5.706000,5800
2020-03-23,5.140000,5.360000,5.040000,5.103000,5.103000,8200
2020-03-24,5.350000,5.350000,4.900000,5.301000,5.301000,19500
2020-03-25,5.370000,5.814000,4.840000,5.665000,5.665000,47900
2020-03-26,5.580000,5.920000,5.580000,5.755000,5.755000,12000
2020-03-27,5.430000,5.438000,5.411000,5.411000,5.411000,400
2020-03-30,5.180000,5.300000,5.130000,5.225000,5.225000,8700
2020-03-31,5.370000,5.716000,5.370000,5.716000,5.716000,3100
2020-04-01,6.130000,6.130000,5.540000,5.597000,5.597000,25900
2020-04-02,5.930000,5.960000,5.868000,5.869000,5.869000,8900
2020-04-03,5.700000,5.864000,5.700000,5.864000,5.864000,800
2020-04-06,5.990000,6.050000,5.990000,6.000000,6.000000,11200
2020-04-07,6.235000,6.270000,6.049000,6.049000,6.049000,3800
2020-04-08,6.090000,6.252000,6.090000,6.209000,6.209000,227100
2020-04-09,5.910000,6.750000,5.910000,6.425000,6.425000,4600
2020-04-13,6.620000,6.620000,6.540000,6.581000,6.581000,2400
2020-04-14,6.825000,6.831000,6.825000,6.831000,6.831000,200
2020-04-15,6.520000,6.660000,6.510000,6.642000,6.642000,2900
2020-04-16,6.710000,6.720000,6.601000,6.601000,6.601000,15100
2020-04-17,6.940000,7.025000,6.700000,7.025000,7.025000,16600
2020-04-20,7.025000,7.025000,7.025000,7.025000,7.025000,0
2020-04-21,6.940000,7.075000,6.810000,7.075000,7.075000,21400
2020-04-22,7.190000,7.330000,7.185000,7.290000,7.290000,17300
2020-04-23,7.530000,7.762000,7.530000,7.762000,7.762000,9800
2020-04-24,7.880000,8.020000,7.640000,7.726000,7.726000,65600
2020-04-27,7.580000,7.838000,7.520000,7.838000,7.838000,31500
2020-04-28,8.050000,8.060000,7.850000,8.039000,8.039000,7500
2020-04-29,8.320000,8.770000,8.320000,8.719000,8.719000,34800
2020-04-30,8.950000,8.950000,8.536000,8.600000,8.600000,24700
2020-05-01,8.210000,8.320000,8.090000,8.180000,8.180000,9100
2020-05-04,7.930000,8.333000,7.930000,8.333000,8.333000,29600
2020-05-05,8.600000,8.600000,8.299000,8.299000,8.299000,3200
2020-05-06,8.630000,8.630000,8.025000,8.092000,8.092000,8800
2020-05-07,8.240000,8.290000,8.085000,8.085000,8.085000,2900