Date,Open,High,Low,Close,Adj Close,Volume
2014-10-02,251.000000,251.800003,247.600006,251.300003,94.160957,3400
2014-10-03,251.199997,251.199997,250.699997,250.699997,93.936104,2600
2014-10-06,251.199997,280.399994,248.199997,249.199997,93.374062,2300
2014-10-07,250.899994,250.899994,246.539993,246.539993,92.377380,3800
2014-10-08,246.899994,246.899994,240.500000,245.500000,91.987709,6000
2014-10-09,244.899994,244.899994,235.899994,237.899994,89.140022,6100
2014-10-10,237.899994,237.899994,229.600006,233.100006,87.341476,2600
2014-10-13,235.000000,235.000000,221.500000,221.500000,82.995010,1000
2014-10-14,222.500000,223.149994,213.899994,217.500000,81.496239,1000
2014-10-15,219.399994,228.500000,219.399994,227.399994,85.205742,300
2014-10-16,227.199997,240.399994,225.699997,237.899994,89.140022,1400
2014-10-17,240.000000,241.699997,233.080002,239.899994,89.889397,2200
2014-10-20,240.000000,242.300003,236.899994,239.720001,89.821938,500
2014-10-21,244.500000,245.699997,241.279999,243.800003,91.350731,1600
2014-10-22,247.699997,247.699997,241.199997,241.199997,90.376526,3800
2014-10-23,245.539993,253.000000,241.500000,243.000000,91.050926,3900
2014-10-24,241.899994,244.699997,241.899994,243.899994,91.388214,1100
2014-10-27,246.699997,246.699997,241.300003,245.300003,91.912773,1400
2014-10-28,244.000000,244.610001,242.800003,243.800003,91.350731,700
2014-10-29,244.899994,244.899994,242.899994,242.899994,91.013512,200
2014-10-30,244.899994,244.899994,242.500000,242.500000,90.863617,200
2014-10-31,243.300003,243.300003,240.600006,242.199997,90.751213,800
2014-11-03,244.990005,245.000000,242.100006,243.899994,91.388214,200
2014-11-04,238.699997,238.699997,236.300003,238.300003,89.289871,900
2014-11-05,236.740005,240.800003,236.740005,240.199997,90.001793,500
2014-11-06,240.000000,240.600006,239.059998,240.600006,90.151695,300
2014-11-07,244.000000,277.700012,240.800003,243.399994,91.200859,2000
2014-11-10,244.600006,245.199997,241.100006,242.800003,90.976021,3500
2014-11-11,242.600006,247.830002,242.100006,242.100006,90.713753,600
2014-11-12,242.500000,243.149994,242.389999,242.809998,90.979752,300
2014-11-13,246.699997,246.699997,241.399994,241.550003,90.507660,800
2014-11-14,243.389999,244.500000,243.000000,244.100006,91.463142,300
2014-11-17,244.000000,246.699997,244.000000,246.699997,92.437325,500
2014-11-18,246.399994,247.899994,246.399994,247.800003,92.849503,500
2014-11-19,249.800003,249.800003,247.899994,248.500000,93.111801,700
2014-11-20,248.100006,250.699997,248.100006,250.300003,93.786232,500
2014-11-21,255.500000,255.500000,250.000000,250.300003,93.786232,1400
2014-11-24,248.190002,248.199997,248.050003,248.050003,92.943161,100
2014-11-25,249.600006,249.600006,249.000000,249.000000,93.299126,200
2014-11-26,249.100006,250.500000,249.100006,250.500000,93.861176,200
2014-11-28,243.600006,243.600006,241.100006,241.600006,90.526398,300
2014-12-01,243.000000,243.000000,226.410004,228.199997,85.505470,1500
2014-12-02,230.000000,238.300003,230.000000,235.729996,88.326927,200
2014-12-03,239.399994,240.500000,239.399994,240.399994,90.076744,200
2014-12-04,241.100006,242.199997,240.699997,240.800003,90.226646,900
2014-12-05,240.699997,240.699997,237.800003,237.800003,89.102547,600
2014-12-08,237.500000,237.500000,223.000000,223.100006,83.594543,700
2014-12-09,220.000000,225.699997,219.800003,225.699997,84.568726,300
2014-12-10,214.600006,216.000000,213.000000,213.000000,79.810104,1200
2014-12-11,213.899994,221.199997,213.500000,213.500000,79.997421,500
2014-12-12,212.600006,212.600006,207.399994,212.199997,79.510361,400
2014-12-15,204.600006,213.199997,203.100006,205.500000,76.999886,700
2014-12-16,197.899994,212.699997,196.800003,208.899994,78.273849,600
2014-12-17,213.300003,220.800003,213.300003,220.800003,82.732727,300
2014-12-18,227.500000,227.899994,219.990005,222.500000,83.369705,300
2014-12-19,222.500000,223.500000,222.399994,223.500000,83.744408,300
2014-12-22,220.009995,224.199997,220.009995,224.199997,84.006699,100
2014-12-23,225.699997,227.100006,225.699997,227.100006,85.093300,100
2014-12-24,227.899994,229.399994,227.899994,229.199997,85.880165,200
2014-12-26,228.500000,228.500000,227.600006,227.600006,85.280655,100
2014-12-29,228.309998,230.979996,228.309998,230.399994,86.329803,300
2014-12-30,230.000000,232.300003,230.000000,231.800003,86.854393,200
2014-12-31,230.000000,232.389999,229.500000,229.500000,85.992561,200
2015-01-02,232.610001,234.800003,232.610001,234.490005,87.862297,200
2015-01-05,228.399994,229.699997,221.589996,221.589996,83.028740,800
2015-01-06,216.699997,216.699997,206.399994,210.500000,80.694168,600
2015-01-07,213.899994,213.899994,206.610001,208.160004,79.797119,800
2015-01-08,213.500000,213.500000,211.000000,211.000000,80.885841,200
2015-01-09,215.899994,215.899994,209.100006,211.539993,81.092857,500
2015-01-12,211.000000,221.000000,199.500000,199.500000,76.477371,1000
2015-01-13,201.889999,201.889999,196.399994,196.399994,75.288986,400
2015-01-14,192.399994,197.600006,189.899994,197.600006,75.748993,1700
2015-01-15,200.399994,202.899994,200.100006,200.500000,76.860710,500
2015-01-16,200.500000,207.889999,200.500000,207.889999,79.693634,600
2015-01-20,207.899994,211.000000,207.899994,210.399994,80.655815,100
2015-01-21,216.100006,216.899994,216.100006,216.889999,83.143745,400
2015-01-22,218.100006,220.000000,215.500000,216.199997,82.879234,600
2015-01-23,220.000000,220.100006,218.100006,218.100006,83.607582,300
2015-01-26,219.899994,219.899994,219.100006,219.100006,83.990944,100
2015-01-27,219.399994,219.399994,218.300003,218.300003,83.684258,300
2015-01-28,216.000000,216.000000,214.500000,214.500000,82.227547,100
2015-01-29,210.000000,210.100006,209.600006,209.600006,80.349159,100
2015-01-30,211.000000,211.000000,210.199997,210.199997,80.579140,100
2015-02-02,215.699997,217.000000,214.199997,216.000000,82.802551,400
2015-02-03,220.100006,222.190002,218.899994,220.500000,84.527611,1000
2015-02-04,220.500000,220.500000,217.500000,220.000000,84.335945,100
2015-02-05,222.000000,223.699997,221.000000,223.300003,85.601013,300
2015-02-06,222.100006,222.100006,220.800003,221.800003,85.025986,400
2015-02-09,220.589996,220.600006,217.399994,217.399994,83.339241,400
2015-02-10,216.100006,217.699997,216.100006,217.699997,83.454239,200
2015-02-11,215.000000,215.000000,215.000000,215.000000,82.419220,0
2015-02-12,218.100006,218.600006,216.899994,218.600006,83.799263,300
2015-02-13,223.000000,223.199997,221.500000,222.000000,85.102623,800
2015-02-17,221.199997,224.199997,220.800003,223.699997,85.754341,1000
2015-02-18,222.000000,222.300003,221.199997,221.399994,84.872635,200
2015-02-19,217.119995,221.899994,217.119995,221.899994,85.064316,200
2015-02-20,222.600006,225.000000,222.600006,225.000000,86.252678,300
2015-02-23,222.800003,223.100006,221.899994,223.000000,85.485985,500
2015-02-24,221.800003,223.600006,221.800003,223.100006,85.524330,800
2015-02-25,226.399994,227.600006,226.399994,227.100006,87.057678,200
2015-02-26,221.000000,221.699997,220.600006,220.600006,84.565956,200
2015-02-27,223.089996,223.850006,222.500000,223.850006,85.811813,400
2015-03-02,226.000000,226.000000,220.500000,220.500000,84.527611,200
2015-03-03,221.500000,222.500000,221.500000,222.100006,85.140968,100
2015-03-04,225.600006,225.600006,219.000000,220.399994,84.489296,500
2015-03-05,223.490005,223.490005,222.500000,222.500000,85.294281,100
2015-03-06,222.199997,222.199997,216.300003,218.500000,83.760933,400
2015-03-09,222.639999,222.639999,213.899994,213.899994,81.997513,600
2015-03-10,207.199997,213.100006,207.199997,213.100006,81.690842,400
2015-03-11,212.500000,212.500000,208.699997,208.699997,80.004150,200
2015-03-12,208.699997,208.699997,206.500000,206.500000,79.160789,200
2015-03-13,205.000000,205.000000,203.000000,203.000000,77.819092,900
2015-03-16,203.000000,204.600006,203.000000,204.600006,78.432426,100
2015-03-17,204.889999,207.059998,204.889999,207.059998,79.375473,100
2015-03-18,206.000000,212.199997,205.199997,211.500000,81.077522,500
2015-03-19,210.300003,210.300003,207.699997,208.300003,79.850792,400
2015-03-20,211.000000,211.000000,210.000000,210.000000,80.502487,400
2015-03-23,211.500000,215.300003,211.399994,215.300003,82.534210,200
2015-03-24,215.500000,215.500000,211.300003,211.500000,81.077522,1700
2015-03-25,213.100006,213.899994,212.199997,212.199997,81.345856,300
2015-03-26,213.500000,213.600006,213.000000,213.000000,81.652534,200
2015-03-27,212.500000,214.800003,211.600006,211.899994,81.230850,400
2015-03-30,214.509995,215.899994,214.509995,215.399994,82.572540,200
2015-03-31,215.000000,217.100006,215.000000,215.100006,82.457550,1700
2015-04-01,217.699997,217.699997,214.000000,214.000000,82.035858,500
2015-04-02,219.399994,219.399994,214.229996,214.500000,82.227547,700
2015-04-06,214.500000,217.199997,214.500000,216.300003,82.917572,1400
2015-04-07,214.000000,214.000000,212.100006,212.199997,83.290451,400
2015-04-08,212.500000,212.500000,211.500000,212.199997,83.290451,300
2015-04-09,213.000000,213.699997,211.800003,213.699997,83.879196,400
2015-04-10,213.500000,214.100006,213.500000,214.100006,84.036217,200
2015-04-13,215.199997,215.300003,214.000000,214.000000,83.996948,200
2015-04-14,214.500000,218.000000,214.500000,217.399994,85.331505,600
2015-04-15,216.600006,221.300003,216.600006,220.759995,86.650314,800
2015-04-16,223.100006,223.100006,218.699997,220.720001,86.634613,1000
2015-04-17,219.500000,219.500000,218.399994,218.399994,85.724022,1000
2015-04-20,222.300003,222.300003,219.899994,220.699997,86.626755,800
2015-04-21,220.000000,220.500000,218.899994,219.199997,86.038025,8900
2015-04-22,223.500000,223.500000,218.300003,219.300003,86.077255,900
2015-04-23,222.000000,222.000000,220.600006,221.600006,86.980042,700
2015-04-24,221.550003,222.699997,221.399994,222.500000,87.333305,500
2015-04-27,223.600006,223.800003,221.800003,221.800003,87.058548,1400
2015-04-28,221.500000,221.800003,220.800003,221.720001,87.027130,600
2015-04-29,221.100006,224.440002,221.100006,224.100006,87.961327,400
2015-04-30,222.800003,226.000000,222.399994,223.699997,87.804298,600
2015-05-01,224.100006,225.899994,224.000000,225.899994,88.667831,700
2015-05-04,226.399994,226.399994,223.699997,225.100006,88.353821,1100
2015-05-05,225.100006,226.300003,224.800003,225.199997,88.393074,600
2015-05-06,222.399994,222.899994,220.300003,220.899994,86.705276,700
2015-05-07,222.000000,222.500000,218.600006,219.199997,86.038025,1000
2015-05-08,223.750000,223.750000,219.300003,221.600006,86.980042,800
2015-05-11,222.600006,222.600006,218.300003,218.800003,85.881012,600
2015-05-12,218.600006,220.000000,218.600006,219.000000,85.959511,600
2015-05-13,226.500000,226.500000,222.600006,222.600006,87.372559,3000
2015-05-14,224.899994,225.300003,224.000000,224.000000,87.922043,2800
2015-05-15,225.399994,226.800003,222.300003,225.000000,88.314598,4700
2015-05-18,225.600006,228.029999,224.899994,226.500000,88.903320,2500
2015-05-19,227.899994,227.899994,224.000000,225.000000,88.314598,1100
2015-05-20,224.000000,224.649994,223.699997,224.550003,88.137932,1000
2015-05-21,225.899994,225.899994,221.899994,221.899994,87.097801,3100
2015-05-22,222.399994,223.500000,222.300003,223.279999,87.639465,600
2015-05-26,223.800003,223.850006,220.000000,220.399994,86.509010,3700
2015-05-27,221.360001,221.360001,219.199997,220.300003,86.469772,1700
2015-05-28,222.899994,222.899994,216.300003,216.399994,84.938995,3600
2015-05-29,216.500000,216.899994,214.800003,216.000000,84.781967,800
2015-06-01,218.100006,220.600006,215.000000,216.500000,84.978249,1300
2015-06-02,215.059998,221.639999,215.059998,217.399994,85.331505,900
2015-06-03,218.399994,218.399994,212.559998,212.559998,83.431747,2300
2015-06-04,212.699997,212.699997,204.600006,206.800003,81.170906,2300
2015-06-05,207.100006,209.690002,204.800003,209.500000,82.230682,1100
2015-06-08,210.500000,210.500000,206.500000,207.199997,81.327904,2900
2015-06-09,207.000000,207.490005,206.899994,206.899994,81.210152,1600
2015-06-10,209.199997,209.199997,205.800003,206.300003,80.974632,1600
2015-06-11,206.699997,206.699997,205.399994,205.960007,80.841209,2200
2015-06-12,205.399994,205.399994,203.000000,205.300003,80.582123,900
2015-06-15,205.600006,208.699997,205.600006,208.699997,81.916649,400
2015-06-16,209.800003,210.389999,206.000000,207.100006,81.288681,2500
2015-06-17,213.800003,213.800003,205.000000,208.779999,81.948051,1300
2015-06-18,211.000000,215.800003,207.399994,208.460007,81.822456,2100
2015-06-19,205.100006,207.000000,205.100006,205.300003,80.582123,1100
2015-06-22,208.199997,208.250000,206.699997,207.600006,81.484901,1000
2015-06-23,208.899994,208.899994,206.899994,208.000000,81.641907,2000
2015-06-24,208.100006,212.449997,206.600006,206.600006,81.092384,3400
2015-06-25,208.500000,208.500000,202.899994,202.899994,79.640099,1500
2015-06-26,204.500000,204.500000,202.100006,203.600006,79.914879,1200
2015-06-29,203.399994,204.399994,198.600006,199.369995,78.254570,3400
2015-06-30,201.699997,201.699997,195.899994,198.600006,77.952316,1700
2015-07-01,196.100006,197.500000,191.100006,191.500000,75.165535,2800
2015-07-02,196.300003,196.500000,193.300003,195.199997,76.617813,2100
2015-07-06,195.600006,195.600006,191.699997,192.800003,75.675766,1300
2015-07-07,188.699997,193.500000,184.699997,193.500000,78.014183,1100
2015-07-08,184.300003,193.500000,184.300003,187.800003,75.716087,1100
2015-07-09,192.000000,192.100006,188.899994,188.949997,76.179749,400
2015-07-10,189.300003,193.600006,189.300003,193.000000,77.812599,1200
2015-07-13,195.300003,201.000000,192.500000,196.100006,79.062439,1100
2015-07-14,199.699997,199.699997,197.199997,198.399994,79.989738,3900
2015-07-15,198.199997,198.199997,193.600006,194.100006,78.256111,3300
2015-07-16,195.800003,195.800003,190.500000,190.600006,76.844971,2700
2015-07-17,190.199997,194.199997,185.699997,187.399994,75.554848,1900
2015-07-20,187.399994,187.399994,180.899994,181.699997,73.256737,2600
2015-07-21,181.800003,185.000000,180.000000,181.500000,73.176102,2100
2015-07-22,181.600006,181.600006,173.399994,174.899994,70.515121,4400
2015-07-23,172.899994,177.789993,172.899994,175.500000,70.757057,2400
2015-07-24,177.199997,178.589996,175.500000,176.699997,71.240868,3400
2015-07-27,175.300003,181.199997,174.699997,179.619995,72.418121,7000
2015-07-28,181.300003,189.500000,179.699997,185.199997,74.667839,2800
2015-07-29,189.750000,194.500000,183.199997,189.000000,76.199905,3400
2015-07-30,188.800003,190.100006,185.500000,187.399994,75.554848,2100
2015-07-31,186.000000,191.600006,184.000000,185.000000,74.587242,2100
2015-08-03,183.699997,185.199997,178.699997,179.369995,72.317322,3800
2015-08-04,180.339996,180.369995,176.149994,176.149994,71.019119,1800
2015-08-05,178.899994,181.300003,163.399994,163.600006,65.959290,4800
2015-08-06,162.500000,162.800003,152.899994,161.059998,64.935211,2700
2015-08-07,161.899994,163.500000,155.199997,160.100006,64.548164,2000
2015-08-10,160.800003,167.399994,160.800003,167.399994,67.491318,4800
2015-08-11,166.899994,167.500000,162.800003,166.399994,67.088173,1900
2015-08-12,167.000000,172.100006,165.600006,171.600006,69.184669,2400
2015-08-13,171.699997,171.699997,165.000000,167.600006,67.571960,1100
2015-08-14,169.600006,170.300003,167.899994,168.619995,67.983215,8200
2015-08-17,168.000000,173.300003,168.000000,173.199997,69.829773,400
2015-08-18,172.570007,172.800003,170.000000,170.800003,68.862122,800
2015-08-19,171.690002,171.690002,165.940002,167.300003,67.451027,2100
2015-08-20,167.899994,167.899994,161.300003,161.300003,65.031982,3400
2015-08-21,161.330002,162.100006,156.699997,156.699997,63.177376,3200
2015-08-24,155.500000,164.600006,148.000000,151.000000,60.879288,6200
2015-08-25,153.100006,157.149994,150.100006,150.100006,60.516422,2600
2015-08-26,159.399994,164.520004,154.500000,161.800003,65.233574,3200
2015-08-27,165.000000,178.300003,165.000000,171.899994,69.305626,4700
2015-08-28,172.000000,172.000000,166.500000,172.000000,69.345963,2100
2015-08-31,170.000000,172.000000,166.100006,171.289993,69.059669,1700
2015-09-01,166.000000,171.500000,163.100006,163.199997,65.798027,2000
2015-09-02,166.300003,167.000000,162.800003,163.699997,65.999588,2100
2015-09-03,166.160004,169.500000,163.710007,166.100006,66.967209,3600
2015-09-04,168.000000,168.000000,164.500000,165.199997,66.604362,700
2015-09-08,166.000000,166.300003,164.899994,165.179993,66.596298,1000
2015-09-09,165.000000,167.000000,161.399994,161.899994,65.273872,3600
2015-09-10,161.199997,162.199997,160.100006,162.199997,65.394829,700
2015-09-11,160.600006,161.600006,153.600006,154.100006,62.129131,2300
2015-09-14,155.000000,158.100006,152.600006,152.600006,61.524376,1400
2015-09-15,155.399994,155.899994,152.500000,152.600006,61.524376,800
2015-09-16,153.000000,154.899994,153.000000,154.500000,62.290398,900
2015-09-17,154.199997,160.199997,154.199997,157.649994,63.560383,1100
2015-09-18,156.899994,156.899994,152.199997,152.199997,61.363094,1100
2015-09-21,157.449997,162.399994,152.600006,156.699997,63.177376,700
2015-09-22,161.300003,161.399994,152.199997,152.600006,61.524376,1000
2015-09-23,155.600006,155.600006,142.600006,144.600006,58.298973,5800
2015-09-24,142.699997,144.100006,136.610001,143.500000,57.855484,4700
2015-09-25,145.100006,152.320007,137.500000,142.500000,57.452301,11900
2015-09-28,139.000000,139.000000,129.500000,131.000000,52.815804,2000
2015-09-29,130.899994,134.100006,120.000000,120.000000,48.380890,12200
2015-09-30,122.500000,143.199997,118.900002,133.500000,53.823738,10500
2015-10-01,137.699997,140.990005,135.000000,140.500000,56.645950,1100
2015-10-02,141.649994,147.100006,141.649994,147.100006,59.306919,300
2015-10-05,149.199997,157.399994,149.199997,155.899994,62.854843,2100
2015-10-06,152.500000,155.699997,147.149994,147.899994,61.666538,1900
2015-10-07,151.000000,152.500000,149.600006,151.800003,63.292641,1000
2015-10-08,152.199997,155.399994,150.000000,155.399994,64.793640,500
2015-10-09,155.000000,155.000000,152.800003,152.850006,63.730423,700
2015-10-12,152.399994,152.399994,148.710007,149.800003,62.458744,1400
2015-10-13,150.899994,150.899994,146.500000,146.600006,61.124508,7800
2015-10-14,146.399994,147.600006,143.199997,147.600006,61.541447,6400
2015-10-15,146.500000,150.000000,144.699997,149.399994,62.291965,1500
2015-10-16,148.699997,151.899994,148.270004,151.399994,63.125847,3400
2015-10-19,151.399994,151.399994,146.699997,147.500000,61.499737,900
2015-10-20,149.320007,150.300003,148.300003,148.500000,61.916676,800
2015-10-21,149.899994,149.899994,145.199997,145.399994,60.624153,100
2015-10-22,145.300003,145.300003,138.000000,140.600006,58.622829,3600
2015-10-23,150.580002,150.580002,137.399994,139.199997,58.039097,1100
2015-10-26,139.600006,139.600006,134.000000,134.300003,55.996048,1900
2015-10-27,134.800003,134.800003,128.949997,129.800003,54.119778,1800
2015-10-28,130.899994,138.000000,130.899994,137.399994,57.288593,2000
2015-10-29,137.500000,141.899994,137.500000,141.800003,59.123161,800
2015-10-30,141.800003,144.610001,138.350006,144.000000,60.040440,800
2015-11-02,143.800003,148.039993,142.399994,146.000000,60.874332,1300
2015-11-03,148.000000,152.899994,148.000000,151.699997,63.250938,1800
2015-11-04,150.399994,150.399994,143.199997,146.000000,60.874332,4100
2015-11-05,144.500000,146.000000,141.300003,142.100006,59.248245,1700
2015-11-06,143.100006,143.600006,140.300003,141.100006,58.831299,1900
2015-11-09,140.000000,140.000000,137.600006,138.699997,57.830627,1200
2015-11-10,139.500000,139.500000,135.610001,138.320007,57.672207,500
2015-11-11,137.699997,137.699997,132.199997,134.500000,56.079437,1800
2015-11-12,130.100006,132.000000,128.000000,129.899994,54.161472,2800
2015-11-13,130.000000,130.300003,123.000000,129.100006,53.827934,2400
2015-11-16,133.559998,134.179993,131.600006,133.250000,55.558254,700
2015-11-17,135.100006,135.100006,132.399994,132.399994,55.203846,100
2015-11-18,130.000000,136.000000,130.000000,133.100006,55.495716,600
2015-11-19,131.500000,133.199997,128.899994,131.899994,54.995373,1900
2015-11-20,132.660004,132.660004,123.900002,126.000000,52.535385,4200
2015-11-23,129.000000,129.000000,120.099998,125.500000,52.326923,4400
2015-11-24,125.500000,129.500000,122.300003,127.599998,53.202499,800
2015-11-25,125.599998,127.500000,124.820000,127.300003,53.077412,700
2015-11-27,128.250000,128.250000,124.800003,124.800003,52.035042,1100
2015-11-30,127.000000,129.500000,124.959999,126.000000,52.535385,1200
2015-12-01,125.000000,125.000000,121.099998,123.699997,51.576397,2000
2015-12-02,121.500000,121.500000,116.599998,118.300003,49.324886,2000
2015-12-03,118.500000,118.500000,111.349998,113.000000,47.115074,4400
2015-12-04,111.699997,111.699997,103.400002,105.599998,44.029652,3800
2015-12-07,102.099998,103.900002,89.500000,93.099998,38.817802,20800
2015-12-08,91.500000,98.900002,89.599998,96.500000,40.235432,4600
2015-12-09,93.199997,105.900002,93.199997,105.900002,44.154743,2900
2015-12-10,106.000000,106.300003,102.389999,103.099998,42.987297,3100
2015-12-11,100.000000,100.000000,92.900002,93.500000,38.984589,2400
2015-12-14,95.000000,95.000000,87.500000,90.400002,37.692059,4500
2015-12-15,91.300003,92.500000,89.339996,91.500000,38.150696,2200
2015-12-16,89.400002,97.199997,89.400002,97.000000,40.443913,3400
2015-12-17,91.910004,95.400002,91.500000,92.699997,38.651035,2700
2015-12-18,89.099998,93.959999,89.099998,92.699997,38.651035,2400
2015-12-21,92.199997,98.099998,91.680000,97.800003,40.777470,5100
2015-12-22,99.199997,107.800003,98.639999,103.599998,43.195763,6300
2015-12-23,105.900002,111.540001,105.900002,111.099998,46.322876,5200
2015-12-24,110.500000,114.400002,109.300003,113.400002,47.281853,9200
2015-12-28,110.599998,114.099998,105.139999,108.099998,45.072025,4400
2015-12-29,108.099998,110.000000,106.300003,107.500000,44.821854,1600
2015-12-30,105.040001,105.800003,103.400002,105.800003,44.113041,1300
2015-12-31,105.699997,113.500000,102.099998,111.500000,46.489643,1700
2016-01-04,112.000000,114.000000,109.000000,113.900002,47.490318,3800
2016-01-05,109.800003,113.900002,105.800003,108.690002,47.485943,1800
2016-01-06,105.300003,106.000000,98.500000,100.099998,43.733036,7700
2016-01-07,100.000000,100.000000,93.199997,93.199997,40.718479,5300
2016-01-08,100.000000,100.000000,92.599998,93.199997,40.718479,2800
2016-01-11,96.000000,102.300003,86.000000,86.300003,37.703903,8500
2016-01-12,90.000000,90.000000,79.000000,80.599998,35.213619,5700
2016-01-13,81.500000,86.599998,75.599998,78.000000,34.077690,8900
2016-01-14,77.300003,85.500000,77.099998,85.500000,37.354389,4700
2016-01-15,77.000000,82.860001,75.500000,79.699997,34.820408,4000
2016-01-19,84.099998,84.099998,70.500000,73.300003,32.024296,6100
2016-01-20,72.699997,72.699997,63.290001,66.000000,28.834969,14800
2016-01-21,67.199997,74.650002,67.199997,73.699997,32.199039,5900
2016-01-22,80.000000,84.980003,76.099998,84.900002,37.092255,16900
2016-01-25,82.500000,86.099998,78.730003,79.099998,34.558277,7600
2016-01-26,82.199997,84.589996,78.000000,84.500000,36.917496,8800
2016-01-27,83.500000,85.000000,79.900002,83.599998,36.524292,18600
2016-01-28,86.900002,89.889999,84.900002,87.300003,38.140804,19400
2016-01-29,89.400002,92.599998,85.000000,87.099998,38.053413,11400
2016-02-01,85.599998,87.300003,81.500000,85.800003,37.485466,19500
2016-02-02,86.000000,88.199997,81.000000,83.300003,36.393227,11600
2016-02-03,86.400002,87.500000,77.599998,81.900002,35.781582,6400
2016-02-04,79.699997,84.000000,79.699997,82.500000,36.043713,2500
2016-02-05,80.599998,83.230003,79.250000,80.400002,35.126244,9600
2016-02-08,79.000000,79.099998,67.500000,70.000000,30.582548,19800
2016-02-09,66.699997,68.970001,63.020000,65.500000,28.616526,12800
2016-02-10,65.000000,71.870003,64.800003,66.099998,28.878660,3800
2016-02-11,65.000000,67.550003,63.099998,64.800003,28.310694,3500
2016-02-12,65.000000,69.199997,65.000000,67.300003,29.402935,2900
2016-02-16,69.000000,75.660004,69.000000,73.839996,32.260220,6800
2016-02-17,77.599998,79.300003,75.000000,78.800003,34.427208,9100
2016-02-18,80.000000,80.000000,76.000000,79.750000,34.842262,6000
2016-02-19,78.800003,78.800003,75.889999,78.300003,34.208755,3600
2016-02-22,82.500000,83.480003,80.900002,82.699997,36.131081,6200
2016-02-23,82.699997,82.699997,78.500000,78.699997,34.383518,10700
2016-02-24,76.400002,82.000000,75.000000,81.900002,35.781582,3100
2016-02-25,82.500000,82.500000,78.730003,82.099998,35.868961,3600
2016-02-26,83.500000,85.000000,80.699997,82.000000,35.825272,10400
2016-02-29,83.300003,84.199997,82.500000,84.099998,36.742741,6500
2016-03-01,85.000000,85.000000,81.410004,84.250000,36.808273,4600
2016-03-02,82.599998,88.050003,82.500000,88.050003,38.468472,3500
2016-03-03,89.300003,92.099998,87.199997,91.500000,39.975754,5800
2016-03-04,92.699997,93.000000,89.099998,90.400002,39.495167,7900
2016-03-07,91.000000,93.699997,90.720001,92.599998,40.456329,8300
2016-03-08,92.599998,92.599998,84.099998,85.199997,37.223335,7400
2016-03-09,88.400002,90.150002,86.000000,86.900002,37.966057,2900
2016-03-10,87.000000,87.000000,83.099998,84.900002,37.092255,6900
2016-03-11,85.500000,87.500000,85.000000,86.599998,37.834980,2500
2016-03-14,86.300003,87.400002,84.400002,86.800003,37.922356,5900
2016-03-15,86.699997,86.699997,83.129997,85.400002,37.310696,4900
2016-03-16,85.599998,92.800003,85.599998,91.400002,39.932072,4900
2016-03-17,92.599998,94.500000,91.300003,93.500000,40.849537,8200
2016-03-18,94.099998,94.699997,90.800003,92.300003,40.325272,6200
2016-03-21,93.199997,93.800003,88.250000,89.500000,39.101963,9500
2016-03-22,89.699997,92.500000,89.699997,91.900002,40.150509,4500
2016-03-23,90.000000,90.599998,86.699997,87.500000,38.228172,12300
2016-03-24,87.000000,89.089996,83.500000,87.699997,38.315567,3900
2016-03-28,88.699997,89.400002,84.800003,85.900002,37.529148,7300
2016-03-29,86.000000,87.400002,83.650002,86.699997,37.878670,3800
2016-03-30,87.500000,91.699997,86.449997,89.699997,39.189335,2600
2016-03-31,90.599998,92.970001,89.320000,92.400002,40.368961,6600
2016-04-01,90.000000,91.820000,88.000000,88.500000,38.665077,10400
2016-04-04,89.199997,90.500000,86.400002,87.800003,38.359257,15900
2016-04-05,81.099998,82.480003,80.099998,80.300003,37.291130,15200
2016-04-06,82.000000,84.199997,81.000000,83.599998,38.823647,6100
2016-04-07,83.500000,84.650002,82.599998,84.300003,39.148727,8200
2016-04-08,87.300003,88.800003,85.919998,87.300003,40.541912,5300
2016-04-11,88.500000,90.699997,87.500000,88.000000,40.866993,5300
2016-04-12,89.300003,93.599998,88.199997,92.739998,43.068237,10800
2016-04-13,92.900002,93.150002,91.000000,92.599998,43.003231,6900
2016-04-14,93.500000,95.000000,90.900002,91.599998,42.538837,6000
2016-04-15,91.300003,93.699997,89.699997,90.500000,42.027988,22100
2016-04-18,89.000000,94.000000,87.699997,93.400002,43.374737,5300
2016-04-19,94.800003,98.500000,94.699997,97.900002,45.464531,7400
2016-04-20,97.500000,102.400002,97.500000,101.500000,47.136368,6900
2016-04-21,102.500000,103.400002,101.000000,101.900002,47.322117,6500
2016-04-22,102.800003,104.900002,102.099998,103.699997,48.158028,11100
2016-04-25,104.199997,104.250000,100.099998,101.400002,47.089928,9300
2016-04-26,102.900002,102.900002,100.510002,101.199997,46.997047,4900
2016-04-27,103.000000,105.900002,102.599998,104.800003,48.668865,6600
2016-04-28,106.500000,106.500000,101.800003,102.599998,47.647198,5900
2016-04-29,104.400002,105.480003,102.000000,105.000000,48.761745,6900
2016-05-02,104.500000,104.500000,100.800003,102.099998,47.414989,10000
2016-05-03,101.599998,101.599998,97.800003,100.400002,46.625523,14500
2016-05-04,102.000000,102.900002,99.500000,101.900002,47.322117,7400
2016-05-05,104.000000,105.800003,103.160004,104.199997,48.390244,10900
2016-05-06,104.900002,104.900002,102.500000,103.099998,47.879398,5300
2016-05-09,105.000000,105.000000,98.099998,101.400002,47.089928,18500
2016-05-10,102.400002,104.000000,100.000000,101.500000,47.136368,6700
2016-05-11,101.500000,104.400002,99.500000,103.099998,47.879398,28300
2016-05-12,103.500000,106.000000,102.610001,103.800003,48.204479,15100
2016-05-13,104.300003,105.699997,103.000000,103.800003,48.204479,7500
2016-05-16,106.099998,108.199997,106.000000,107.900002,50.108505,24400
2016-05-17,108.699997,110.400002,107.199997,108.699997,50.480019,16100
2016-05-18,109.400002,109.900002,105.379997,105.900002,49.179699,8500
2016-05-19,105.000000,109.400002,104.000000,107.900002,50.108505,26700
2016-05-20,110.300003,111.099998,108.000000,110.800003,51.455265,40700
2016-05-23,111.000000,111.000000,108.099998,110.300003,51.223061,27000
2016-05-24,111.199997,111.300003,108.300003,108.599998,50.433582,39000
2016-05-25,110.300003,111.199997,109.230003,109.800003,50.990871,23200
2016-05-26,110.500000,110.500000,107.500000,108.199997,50.247826,12100
2016-05-27,108.300003,109.500000,107.099998,109.300003,50.758675,14100
2016-05-31,109.500000,112.099998,108.599998,109.699997,50.944424,18100
2016-06-01,109.199997,113.269997,108.699997,113.000000,52.476925,17100
2016-06-02,113.000000,114.000000,111.360001,113.699997,52.802021,15100
2016-06-03,113.800003,114.980003,112.199997,113.199997,52.569805,17100
2016-06-06,114.699997,117.279999,113.800003,116.699997,54.195198,20300
2016-06-07,116.699997,117.900002,116.699997,117.300003,54.473850,22800
2016-06-08,118.900002,118.900002,115.099998,115.500000,53.637928,26100
2016-06-09,114.900002,116.800003,114.000000,116.400002,54.055878,8900
2016-06-10,115.300003,115.300003,110.400002,110.800003,51.455265,15600
2016-06-13,110.099998,111.900002,108.099998,110.199997,51.176613,9000
2016-06-14,110.099998,110.099998,105.000000,109.599998,50.897984,14700
2016-06-15,109.500000,110.599998,106.500000,110.099998,51.130184,10800
2016-06-16,108.900002,110.699997,106.500000,110.099998,51.130184,5500
2016-06-17,111.400002,113.599998,110.400002,111.300003,51.687458,9200
2016-06-20,115.000000,115.000000,111.300003,111.599998,51.826786,9100
2016-06-21,111.900002,115.199997,111.000000,115.000000,53.405735,21800
2016-06-22,116.000000,116.300003,113.800003,114.500000,53.173531,17200
2016-06-23,115.900002,117.099998,114.099998,117.099998,54.380974,13100
2016-06-24,112.000000,116.199997,111.400002,112.000000,52.012531,37700
2016-06-27,112.000000,112.000000,106.580002,108.199997,50.247826,33300
2016-06-28,112.199997,116.300003,109.500000,113.300003,52.616268,20400
2016-06-29,115.699997,116.029999,114.099998,115.099998,53.452168,26000
2016-06-30,115.099998,116.500000,112.900002,115.599998,53.684349,39000
2016-07-01,116.000000,116.410004,114.199997,114.800003,53.312855,25100
2016-07-05,109.000000,109.000000,105.300003,108.000000,52.534565,27200
2016-07-06,107.300003,107.800003,105.699997,107.800003,52.437279,19200
2016-07-07,108.000000,110.800003,106.900002,107.400002,52.242702,17500
2016-07-08,108.900002,109.699997,107.099998,108.900002,52.972355,19300
2016-07-11,109.599998,110.000000,108.000000,108.400002,52.729134,23600
2016-07-12,110.199997,113.400002,110.000000,112.300003,54.626198,17200
2016-07-13,112.800003,112.930000,110.099998,111.199997,54.091137,7500
2016-07-14,113.000000,115.000000,111.800003,112.900002,54.918072,7100
2016-07-15,112.199997,114.199997,111.500000,111.699997,54.334377,10100
2016-07-18,111.699997,113.400002,111.500000,112.500000,54.723507,7800
2016-07-19,112.800003,113.500000,112.000000,113.489998,55.205074,5800
2016-07-20,113.500000,114.500000,112.000000,114.199997,55.550438,7600
2016-07-21,113.500000,114.900002,112.900002,113.199997,55.063995,11600
2016-07-22,114.000000,114.000000,112.699997,113.400002,55.161289,9500
2016-07-25,112.300003,113.500000,111.500000,112.300003,54.626198,7600
2016-07-26,112.000000,113.199997,111.900002,112.190002,54.572701,5900
2016-07-27,112.800003,113.500000,111.500000,111.599998,54.285709,9800
2016-07-28,111.500000,112.199997,111.269997,111.769997,54.368420,4200
2016-07-29,111.500000,112.800003,110.800003,112.800003,54.869446,5100
2016-08-01,112.699997,112.800003,107.980003,108.000000,52.534565,15900
2016-08-02,108.099998,111.790001,107.699997,109.000000,53.021004,9000
2016-08-03,109.199997,113.500000,109.199997,112.599998,54.772148,15600
2016-08-04,113.500000,114.199997,111.800003,112.900002,54.918072,7900
2016-08-05,113.599998,114.500000,112.239998,113.900002,55.404510,7200
2016-08-08,114.599998,116.000000,114.349998,115.300003,56.085499,14900
2016-08-09,116.000000,116.300003,114.510002,115.000000,55.939564,72400
2016-08-10,115.500000,115.500000,113.199997,113.400002,55.161289,14400
2016-08-11,113.500000,115.099998,113.500000,114.800003,55.842281,14800
2016-08-12,115.599998,115.989998,114.500000,115.000000,55.939564,8800
2016-08-15,115.300003,116.500000,115.000000,116.099998,56.474678,13700
2016-08-16,116.500000,117.500000,115.900002,116.489998,56.664360,18800
2016-08-17,117.000000,117.180000,115.500000,115.500000,56.182766,7600
2016-08-18,116.500000,119.300003,116.279999,117.500000,57.155663,14600
2016-08-19,117.099998,117.699997,116.300003,116.900002,56.863800,11600
2016-08-22,116.400002,116.400002,114.800003,115.099998,55.988220,13900
2016-08-23,115.199997,116.000000,114.800003,115.800003,56.328720,10300
2016-08-24,115.699997,115.800003,114.199997,114.800003,55.842281,11100
2016-08-25,114.900002,115.099998,114.260002,115.099998,55.988220,8300
2016-08-26,115.900002,115.900002,114.000000,114.900002,55.890949,9800
2016-08-29,115.000000,115.470001,113.800003,115.470001,56.168201,5400
2016-08-30,115.900002,116.489998,114.809998,115.300003,56.085499,8600
2016-08-31,115.400002,115.400002,113.500000,114.400002,55.647717,10200
2016-09-01,114.000000,114.449997,113.300003,114.300003,55.599079,4900
2016-09-02,114.400002,116.300003,114.199997,115.599998,56.231430,8100
2016-09-06,116.199997,117.400002,116.199997,116.699997,56.766510,20000
2016-09-07,117.000000,118.199997,116.989998,117.599998,57.204304,16000
2016-09-08,118.300003,119.099998,117.599998,118.199997,57.496143,14100
2016-09-09,117.099998,117.400002,114.500000,114.500000,55.696362,21100
2016-09-12,113.500000,115.400002,113.000000,114.300003,55.599079,20300
2016-09-13,113.900002,113.900002,110.099998,110.699997,53.847935,36100
2016-09-14,110.500000,113.400002,110.199997,111.199997,54.091137,11000
2016-09-15,111.300003,112.699997,111.000000,111.400002,54.188431,12000
2016-09-16,111.199997,111.800003,109.949997,111.599998,54.285709,20200
2016-09-19,112.800003,113.099998,111.900002,112.599998,54.772148,20000
2016-09-20,112.900002,113.000000,112.000000,112.500000,54.723507,11800
2016-09-21,113.199997,114.199997,112.500000,114.010002,55.458015,23500
2016-09-22,115.000000,116.500000,114.199997,115.400002,56.134167,22100
2016-09-23,114.699997,116.199997,114.500000,115.000000,55.939564,19400
2016-09-26,115.300003,115.620003,114.400002,114.400002,55.647717,12300
2016-09-27,114.500000,114.500000,112.300003,113.000000,54.966717,21200
2016-09-28,113.199997,116.300003,112.900002,115.800003,56.328720,19200
2016-09-29,116.000000,116.500000,114.199997,115.699997,56.280075,23300
2016-09-30,116.500000,117.500000,114.699997,115.500000,56.182766,19800
2016-10-03,115.400002,116.300003,113.900002,114.099998,55.501804,34600
2016-10-04,109.199997,110.199997,106.800003,107.800003,54.941174,49100
2016-10-05,109.199997,109.500000,108.599998,109.000000,55.552769,24400
2016-10-06,109.300003,109.300003,107.599998,108.000000,55.043106,9800
2016-10-07,108.000000,108.699997,107.500000,107.699997,54.890198,12600
2016-10-10,108.900002,109.400002,108.500000,109.400002,55.756615,14600
2016-10-11,109.199997,109.199997,107.500000,108.300003,55.195984,11200
2016-10-12,107.699997,108.300003,107.550003,107.900002,54.992142,7100
2016-10-13,107.699997,108.000000,106.099998,107.800003,54.941174,17000
2016-10-14,107.699997,108.050003,106.599998,107.400002,54.737312,21800
2016-10-17,107.599998,107.629997,106.599998,107.269997,54.671040,6600
2016-10-18,108.500000,109.000000,106.910004,108.400002,55.246964,4500
2016-10-19,109.000000,109.879997,108.500000,109.199997,55.654682,8500
2016-10-20,109.300003,109.300003,108.300003,109.300003,55.705662,9000
2016-10-21,108.099998,109.800003,108.099998,109.400002,55.756615,5000
2016-10-24,109.400002,110.089996,108.820000,109.800003,55.960499,6300
2016-10-25,110.000000,110.099998,108.099998,108.400002,55.246964,6600
2016-10-26,108.000000,108.800003,107.300003,108.599998,55.348888,31500
2016-10-27,108.599998,109.559998,107.699997,108.099998,55.094074,32600
2016-10-28,108.699997,108.699997,107.269997,107.320000,54.696541,16600
2016-10-31,107.699997,107.800003,105.900002,106.500000,54.278606,29100
2016-11-01,106.599998,107.099998,105.599998,105.800003,53.921848,17000
2016-11-02,105.500000,105.500000,102.099998,104.099998,53.055428,45900
2016-11-03,103.599998,103.690002,102.599998,102.699997,52.341908,20300
2016-11-04,102.099998,102.599998,101.400002,102.000000,51.985138,18800
2016-11-07,103.500000,103.500000,102.599998,103.000000,52.494804,14900
2016-11-08,103.099998,104.099998,102.699997,102.800003,52.392868,13100
2016-11-09,103.000000,108.599998,103.000000,107.400002,54.737312,40600
2016-11-10,107.900002,109.500000,107.900002,109.099998,55.603714,37200
2016-11-11,108.099998,108.900002,106.599998,108.300003,55.195984,20800
2016-11-14,108.500000,109.500000,107.680000,109.400002,55.756615,23900
2016-11-15,110.000000,111.050003,109.519997,110.599998,56.368210,28700
2016-11-16,111.000000,111.000000,108.169998,108.500000,55.297932,20000
2016-11-17,108.699997,110.519997,108.699997,109.300003,55.705662,15000
2016-11-18,110.000000,110.000000,109.000000,109.900002,56.011448,13500
2016-11-21,110.500000,112.300003,109.000000,110.320000,56.225491,61600
2016-11-22,111.300003,111.300003,108.099998,109.199997,55.654682,45900
2016-11-23,109.400002,109.800003,108.800003,109.500000,55.807583,10400
2016-11-25,109.790001,109.790001,108.250000,108.500000,55.297932,14300
2016-11-28,109.599998,110.000000,106.099998,106.500000,54.278606,68400
2016-11-29,106.000000,106.349998,104.199997,106.300003,54.176682,18400
2016-11-30,109.900002,110.410004,108.699997,109.300003,55.705662,34900
2016-12-01,110.199997,110.199997,106.440002,107.150002,54.609894,21700
2016-12-02,107.199997,108.599998,107.199997,107.900002,54.992142,48800
2016-12-05,107.599998,108.500000,107.099998,107.599998,54.839245,26200
2016-12-06,107.800003,107.800003,106.629997,107.400002,54.737312,23400
2016-12-07,107.800003,107.800003,106.800003,107.699997,54.890198,15500
2016-12-08,108.300003,108.699997,107.589996,108.699997,55.399860,13100
2016-12-09,108.800003,109.199997,108.000000,108.300003,55.195984,22100
2016-12-12,110.000000,110.000000,107.699997,108.199997,55.145027,30700
2016-12-13,108.900002,109.099998,108.000000,108.800003,55.450840,22900
2016-12-14,109.000000,109.000000,107.199997,107.599998,54.839245,22500
2016-12-15,107.000000,108.400002,106.800003,108.300003,55.195984,23900
2016-12-16,108.900002,109.900002,108.180000,109.900002,56.011448,17200
2016-12-19,110.000000,110.199997,109.349998,109.699997,55.909523,33400
2016-12-20,110.000000,111.000000,110.000000,110.699997,56.419182,20200
2016-12-21,111.000000,112.099998,110.709999,111.900002,57.030773,66300
2016-12-22,112.199997,113.699997,111.800003,112.699997,57.438484,53500
2016-12-23,113.199997,113.599998,112.699997,113.599998,57.897182,38100
2016-12-27,113.699997,114.400002,113.300003,113.699997,57.948166,51000
2016-12-28,114.599998,114.599998,112.599998,113.000000,57.591393,39700
2016-12-29,113.400002,113.400002,112.199997,112.699997,57.438484,43400
2016-12-30,113.099998,113.400002,112.500000,113.300003,57.744297,60900
2017-01-03,114.599998,114.900002,113.400002,114.000000,58.101044,150400
2017-01-04,109.800003,110.169998,108.809998,110.000000,58.741863,102000
2017-01-05,110.000000,110.500000,109.400002,110.000000,58.741863,47700
2017-01-06,110.300003,110.500000,109.599998,110.099998,58.795280,62600
2017-01-09,109.599998,110.000000,108.699997,109.099998,58.261246,73900
2017-01-10,109.599998,109.599998,107.900002,108.099998,57.727219,59900
2017-01-11,108.599998,109.209999,108.500000,108.849998,58.127754,34800
2017-01-12,109.800003,109.900002,108.099998,108.699997,58.047638,34800
2017-01-13,108.900002,109.300003,108.500000,108.800003,58.101044,56800
2017-01-17,109.800003,110.099998,109.000000,109.800003,58.635075,72100
2017-01-18,109.599998,109.599998,108.300003,108.699997,58.047638,33400
2017-01-19,109.300003,109.500000,108.000000,108.099998,57.727219,30700
2017-01-20,108.900002,109.000000,108.400002,109.000000,58.207863,27300
2017-01-23,108.699997,109.000000,107.830002,108.099998,57.727219,42800
2017-01-24,108.900002,110.599998,108.570000,110.400002,58.955467,56200
2017-01-25,111.199997,112.180000,110.500000,112.099998,59.863289,86200
2017-01-26,112.599998,113.300003,112.400002,113.099998,60.397320,64700
2017-01-27,113.500000,113.500000,110.800003,111.599998,59.596275,58700
2017-01-30,112.000000,112.290001,108.940002,109.199997,58.314655,55500
2017-01-31,109.699997,110.000000,108.599998,109.900002,58.688465,36000
2017-02-01,112.199997,112.650002,110.860001,111.699997,59.649715,42000
2017-02-02,112.000000,112.500000,111.300003,112.400002,60.023518,25700
2017-02-03,113.000000,113.800003,112.900002,113.800003,60.771133,46100
2017-02-06,114.400002,114.400002,112.989998,113.500000,60.610924,36500
2017-02-07,113.900002,113.900002,111.800003,112.900002,60.290527,40700
2017-02-08,112.800003,112.900002,111.430000,112.599998,60.130318,19400
2017-02-09,113.199997,113.800003,113.000000,113.500000,60.610924,45200
2017-02-10,114.500000,114.500000,112.959999,113.099998,60.397320,46500
2017-02-13,113.500000,113.500000,112.500000,113.300003,60.504120,41000
2017-02-14,113.699997,114.400002,113.099998,114.300003,61.038143,36200
2017-02-15,114.599998,114.599998,114.000000,114.349998,61.064854,41400
2017-02-16,114.599998,114.709999,113.099998,113.099998,60.397320,47600
2017-02-17,113.500000,113.500000,112.500000,112.900002,60.290527,32100
2017-02-21,114.199997,114.300003,113.400002,114.000000,60.877941,46600
2017-02-22,113.800003,114.000000,112.500000,112.550003,60.103611,44300
2017-02-23,113.699997,113.800003,111.699997,112.199997,59.916695,37200
2017-02-24,111.699997,112.150002,110.900002,111.349998,59.462795,35400
2017-02-27,111.699997,113.000000,111.290001,111.599998,59.596275,49200
2017-02-28,111.800003,112.589996,111.400002,112.000000,59.809906,58300
2017-03-01,113.000000,113.199997,112.599998,112.900002,60.290527,45900
2017-03-02,113.000000,113.300003,112.570000,113.099998,60.397320,36100
2017-03-03,113.300003,113.580002,112.900002,113.099998,60.397320,24000
2017-03-06,113.599998,113.599998,112.300003,113.300003,60.504120,82100
2017-03-07,113.500000,113.500000,112.500000,113.000000,60.343914,60400
2017-03-08,113.199997,113.199997,111.199997,111.250000,59.409386,81300
2017-03-09,111.000000,111.000000,109.099998,110.500000,59.008869,100500
2017-03-10,111.500000,111.500000,109.800003,110.250000,58.875378,57700
2017-03-13,110.500000,110.900002,110.099998,110.500000,59.008869,58400
2017-03-14,110.000000,110.000000,108.589996,109.349998,58.394756,68500
2017-03-15,110.099998,111.000000,109.400002,110.800003,59.169086,67000
2017-03-16,110.599998,111.370003,110.199997,110.250000,58.875378,56500
2017-03-17,110.800003,111.019997,109.529999,109.699997,58.581669,67600
2017-03-20,110.000000,110.000000,108.900002,109.449997,58.448158,76600
2017-03-21,109.599998,109.900002,107.800003,108.599998,57.994236,73500
2017-03-22,108.000000,108.599998,107.800003,108.419998,57.898117,58000
2017-03-23,108.500000,109.779999,108.400002,108.900002,58.154449,52500
2017-03-24,109.500000,110.199997,109.000000,109.800003,58.635075,50700
2017-03-27,109.300003,109.300003,108.300003,108.900002,58.154449,70300
2017-03-28,109.500000,109.699997,108.970001,109.400002,58.421452,66600
2017-03-29,109.500000,111.099998,109.260002,110.800003,59.169086,83500
2017-03-30,111.000000,111.099998,110.070000,110.599998,59.062263,92700
2017-03-31,110.599998,111.800003,110.300003,111.800003,59.703110,81900
2017-04-03,112.400002,112.400002,110.610001,111.599998,59.596275,115600
2017-04-04,107.199997,107.199997,106.000000,107.000000,59.932373,155100
2017-04-05,107.199997,108.000000,106.190002,106.290001,59.534683,82600
2017-04-06,106.500000,107.400002,106.500000,107.400002,60.156406,52100
2017-04-07,107.300003,107.500000,106.900002,107.099998,59.988373,42500
2017-04-10,107.500000,107.500000,106.699997,106.800003,59.820347,62300
2017-04-11,107.000000,107.099998,106.000000,106.199997,59.484257,68300
2017-04-12,106.500000,106.500000,105.500000,105.699997,59.204216,53800
2017-04-13,106.000000,106.019997,104.800003,104.900002,58.756126,85400
2017-04-17,105.099998,105.400002,104.599998,105.000000,58.812134,86000
2017-04-18,105.000000,105.500000,104.599998,105.199997,58.924152,39300
2017-04-19,105.500000,105.699997,104.500000,104.500000,58.532066,49800
2017-04-20,104.800003,105.400002,104.599998,105.000000,58.812134,38500
2017-04-21,105.199997,105.199997,104.300003,104.500000,58.532066,39900
2017-04-24,105.199997,105.620003,104.610001,105.500000,59.092178,45600
2017-04-25,105.300003,106.699997,105.099998,106.699997,59.764328,46600
2017-04-26,106.800003,106.800003,106.000000,106.400002,59.596294,43900
2017-04-27,106.300003,106.400002,105.000000,105.400002,59.036182,67900
2017-04-28,105.900002,105.900002,105.199997,105.500000,59.092178,30300
2017-05-01,105.500000,105.779999,105.099998,105.500000,59.092178,26900
2017-05-02,105.500000,105.900002,104.599998,105.000000,58.812134,46500
2017-05-03,105.000000,105.400002,104.000000,104.199997,58.364040,48600
2017-05-04,103.699997,103.900002,99.300003,100.900002,56.515663,143500
2017-05-05,101.000000,103.250000,99.900002,103.000000,57.691883,74600
2017-05-08,103.599998,103.900002,102.940002,103.900002,58.196003,162300
2017-05-09,103.800003,103.900002,102.400002,103.000000,57.691883,92200
2017-05-10,103.500000,105.000000,103.500000,105.000000,58.812134,70400
2017-05-11,105.000000,105.050003,103.900002,104.000000,58.252026,49900
2017-05-12,104.300003,104.699997,103.900002,104.699997,58.644085,72100
2017-05-15,105.500000,105.699997,104.500000,105.400002,59.036182,149000
2017-05-16,105.599998,105.599998,104.400002,104.599998,58.588081,92700
2017-05-17,104.400002,104.500000,102.900002,103.099998,57.747906,64400
2017-05-18,102.699997,103.199997,102.000000,103.099998,57.747906,52100
2017-05-19,103.699997,104.900002,103.349998,104.699997,58.644085,50400
2017-05-22,105.599998,105.599998,103.800003,104.699997,58.644085,53700
2017-05-23,104.800003,105.400002,104.400002,105.099998,58.868145,36800
2017-05-24,105.500000,105.519997,104.599998,104.699997,58.644085,59500
2017-05-25,104.699997,105.400002,103.500000,104.000000,58.252026,56600
2017-05-26,104.099998,104.199997,103.389999,103.599998,58.027966,33500
2017-05-30,103.599998,103.599998,101.300003,101.500000,56.851734,79500
2017-05-31,101.000000,101.199997,99.500000,100.800003,56.459641,137000
2017-06-01,101.300003,102.800003,101.199997,102.000000,57.131794,59500
2017-06-02,102.000000,102.150002,100.449997,100.599998,56.347633,79800
2017-06-05,100.099998,101.300003,100.099998,100.699997,56.403637,45200
2017-06-06,100.699997,101.900002,100.199997,101.599998,56.907734,47000
2017-06-07,101.000000,102.099998,98.199997,98.599998,55.227383,286700
2017-06-08,98.500000,98.800003,97.500000,97.500000,54.611252,97000
2017-06-09,97.800003,99.000000,97.500000,98.500000,55.171375,80200
2017-06-12,99.400002,100.300003,98.000000,98.800003,55.339413,96400
2017-06-13,98.900002,99.300003,98.300003,98.699997,55.283409,58300
2017-06-14,98.699997,98.720001,95.489998,95.699997,53.603054,167100
2017-06-15,95.000000,95.690002,93.099998,93.400002,52.314793,113000
2017-06-16,93.699997,95.699997,93.570000,95.400002,53.435036,54000
2017-06-19,96.000000,96.500000,94.300003,94.599998,52.986931,67800
2017-06-20,93.900002,93.900002,90.000000,91.300003,51.138557,200100
2017-06-21,91.599998,92.300003,90.300003,90.400002,50.634441,94900
2017-06-22,90.500000,91.900002,90.459999,91.500000,51.250576,70200
2017-06-23,91.900002,94.900002,91.699997,94.800003,53.098957,83600
2017-06-26,95.000000,97.099998,95.000000,97.099998,54.387215,86000
2017-06-27,97.699997,98.400002,96.199997,96.400002,53.995152,100300
2017-06-28,96.599998,99.180000,96.559998,98.699997,55.283409,129600
2017-06-29,99.199997,100.800003,99.099998,99.800003,55.899532,113300
2017-06-30,100.599998,101.400002,99.900002,101.000000,56.571667,157300
2017-07-03,101.599998,103.300003,101.500000,103.099998,57.747906,149200
2017-07-05,98.000000,98.000000,95.599998,95.900002,56.568165,195700
2017-07-06,97.000000,97.400002,95.110001,95.699997,56.450199,122800
2017-07-07,95.099998,95.900002,93.699997,95.699997,56.450199,89200
2017-07-10,95.699997,96.000000,94.300003,95.000000,56.037312,79300
2017-07-11,94.900002,95.300003,94.250000,95.300003,56.214279,80700
2017-07-12,95.900002,96.900002,95.000000,96.400002,56.863117,48300
2017-07-13,96.400002,96.500000,95.699997,96.400002,56.863117,38600
2017-07-14,96.900002,97.400002,96.599998,97.400002,57.452984,83800
2017-07-17,97.500000,98.000000,97.400002,97.599998,57.570930,81900
2017-07-18,98.000000,98.199997,97.300003,97.900002,57.747925,52200
2017-07-19,97.900002,98.199997,97.500000,98.000000,57.806923,89300
2017-07-20,98.199997,98.300003,97.000000,97.300003,57.393997,71000
2017-07-21,97.300003,97.599998,96.099998,96.500000,56.922089,90800
2017-07-24,96.900002,97.000000,96.199997,96.699997,57.040070,64000
2017-07-25,97.099998,97.599998,97.000000,97.400002,57.452984,78200
2017-07-26,97.900002,98.000000,96.900002,97.000000,57.217030,93800
2017-07-27,97.000000,97.190002,96.599998,97.000000,57.217030,84100
2017-07-28,97.000000,97.099998,96.800003,97.000000,57.217030,76700
2017-07-31,97.000000,97.269997,96.400002,97.199997,57.334995,70800
2017-08-01,97.500000,98.000000,97.300003,97.500000,57.511955,79300
2017-08-02,97.500000,97.699997,97.209999,97.599998,57.570930,73700
2017-08-03,97.599998,97.730003,96.199997,96.599998,56.981087,67400
2017-08-04,97.000000,97.000000,96.000000,96.099998,56.686153,50500
2017-08-07,96.199997,96.500000,94.879997,95.000000,56.037312,113100
2017-08-08,94.599998,95.000000,91.500000,92.099998,54.326698,235800
2017-08-09,92.500000,94.599998,92.199997,93.699997,55.270470,161200
2017-08-10,93.699997,94.099998,91.699997,91.900002,54.208721,140400
2017-08-11,92.000000,92.000000,90.900002,91.099998,53.736809,212000
2017-08-14,91.500000,92.500000,90.900002,91.099998,53.736809,171900
2017-08-15,90.599998,90.800003,88.500000,89.500000,52.793049,211000
2017-08-16,89.599998,90.589996,87.599998,88.300003,52.085205,164800
2017-08-17,87.800003,88.699997,87.699997,87.900002,51.849255,75300
2017-08-18,87.599998,87.800003,86.699997,87.400002,51.554321,122700
2017-08-21,87.099998,87.400002,85.150002,85.599998,50.492550,209900
2017-08-22,85.699997,87.599998,85.699997,87.500000,51.613300,118700
2017-08-23,87.300003,89.300003,87.000000,88.800003,52.380131,89700
2017-08-24,88.800003,89.599998,88.400002,89.000000,52.498108,35500
2017-08-25,89.099998,90.199997,89.099998,89.800003,52.969982,68600
2017-08-28,90.199997,90.500000,88.449997,88.800003,52.380131,157000
2017-08-29,88.400002,89.379997,87.699997,89.300003,52.675076,68500
2017-08-30,89.000000,90.389999,88.500000,90.099998,53.146954,55000
2017-08-31,90.500000,92.900002,90.389999,92.699997,54.680626,81900
2017-09-01,93.000000,93.300003,92.000000,93.300003,55.034531,60000
2017-09-05,94.199997,94.199997,91.800003,92.199997,54.385685,99800
2017-09-06,92.500000,92.599998,91.900002,92.300003,54.444675,31400
2017-09-07,92.099998,93.000000,91.400002,92.300003,54.444675,30500
2017-09-08,92.000000,92.099998,90.989998,91.400002,53.913784,78300
2017-09-11,91.599998,92.699997,91.430000,92.199997,54.385685,32800
2017-09-12,92.699997,92.820000,92.199997,92.300003,54.444675,43100
2017-09-13,92.300003,93.599998,92.300003,93.599998,55.211491,39400
2017-09-14,93.699997,93.800003,92.900002,93.199997,54.975540,43700
2017-09-15,93.099998,93.199997,92.199997,92.400002,54.503647,49200
2017-09-18,92.400002,93.099998,92.400002,92.800003,54.739594,69800
2017-09-19,92.900002,93.199997,92.300003,92.400002,54.503647,66700
2017-09-20,92.699997,93.099998,92.000000,92.199997,54.385685,82800
2017-09-21,92.400002,92.400002,90.699997,91.300003,53.854805,114800
2017-09-22,91.300003,92.000000,90.900002,91.500000,53.972771,78700
2017-09-25,92.000000,94.400002,91.980003,94.300003,55.624397,147900
2017-09-26,94.000000,94.000000,92.800003,93.699997,55.270470,120700
2017-09-27,93.900002,94.099998,92.300003,93.199997,54.975540,115200
2017-09-28,93.400002,93.400002,91.900002,92.699997,54.680626,105000
2017-09-29,92.400002,94.300003,92.000000,93.300003,55.034531,96700
2017-10-02,93.000000,94.099998,92.599998,94.099998,55.506435,146300
2017-10-03,89.099998,89.099998,88.300003,89.099998,55.631298,242300
2017-10-04,89.000000,89.300003,88.300003,88.800003,55.443989,173400
2017-10-05,88.800003,90.000000,88.709999,89.800003,56.068367,96400
2017-10-06,89.400002,89.900002,88.900002,89.699997,56.005924,82700
2017-10-09,90.000000,90.400002,89.199997,89.300003,55.756168,67100
2017-10-10,89.900002,90.290001,89.199997,89.500000,55.881058,86500
2017-10-11,89.699997,90.099998,89.300003,90.000000,56.193226,55100
2017-10-12,89.800003,90.000000,89.099998,89.599998,55.943466,131000
2017-10-13,90.000000,90.000000,88.099998,88.400002,55.194225,170400
2017-10-16,88.699997,89.000000,87.099998,87.500000,54.632294,182200
2017-10-17,87.500000,87.500000,86.300003,86.699997,54.132809,163600
2017-10-18,86.699997,87.000000,84.599998,85.099998,53.133823,180000
2017-10-19,84.800003,85.599998,84.500000,85.599998,53.446018,121500
2017-10-20,85.699997,85.699997,84.699997,84.900002,53.008942,106800
2017-10-23,85.199997,85.300003,82.900002,83.199997,51.947510,273700
2017-10-24,83.500000,84.300003,81.699997,82.599998,51.572880,286200
2017-10-25,82.500000,82.599998,78.699997,79.900002,49.887093,362100
2017-10-26,80.099998,81.750000,78.940002,81.400002,50.823647,208100
2017-10-27,81.699997,84.300003,81.599998,83.199997,51.947510,195000
2017-10-30,83.400002,84.800003,83.199997,83.699997,52.259705,93200
2017-10-31,84.000000,84.000000,83.000000,83.800003,52.322136,80600
2017-11-01,84.300003,85.699997,84.000000,85.699997,53.508430,104400
2017-11-02,85.300003,85.400002,81.599998,83.000000,51.822659,203300
2017-11-03,83.099998,84.400002,82.769997,83.500000,52.134823,91100
2017-11-06,83.699997,84.300003,82.699997,84.099998,52.509445,207700
2017-11-07,84.000000,85.599998,83.900002,85.400002,53.321125,134000
2017-11-08,84.900002,85.500000,83.500000,84.099998,52.509445,64900
2017-11-09,83.699997,84.699997,83.300003,83.599998,52.197269,63700
2017-11-10,83.400002,84.199997,82.900002,83.699997,52.259705,70500
2017-11-13,83.099998,83.199997,81.459999,81.800003,51.073399,164900
2017-11-14,81.599998,81.699997,79.800003,80.099998,50.011982,159100
2017-11-15,79.500000,80.500000,78.000000,80.199997,50.074417,149600
2017-11-16,80.300003,80.599998,79.580002,80.099998,50.011982,69000
2017-11-17,80.000000,80.489998,79.300003,80.199997,50.074417,75600
2017-11-20,80.000000,80.599998,78.650002,80.400002,50.199265,133900
2017-11-21,80.500000,80.970001,78.400002,78.699997,49.137867,161000
2017-11-22,79.099998,79.800003,78.769997,79.599998,49.699783,101000
2017-11-24,80.000000,80.300003,79.300003,79.500000,49.637352,49500
2017-11-27,79.599998,79.800003,78.000000,78.000000,48.700798,171600
2017-11-28,78.000000,78.400002,77.300003,77.800003,48.575928,147100
2017-11-29,77.699997,77.800003,76.099998,77.199997,48.201309,224300
2017-11-30,77.500000,81.900002,77.500000,81.900002,51.135845,205600
2017-12-01,82.000000,83.800003,81.900002,83.099998,51.885082,180800
2017-12-04,83.300003,83.599998,82.320000,82.599998,51.572880,90300
2017-12-05,82.699997,83.010002,81.699997,81.900002,51.135845,71500
2017-12-06,81.599998,81.599998,79.599998,80.099998,50.011982,114100
2017-12-07,80.000000,82.199997,79.849998,81.900002,51.135845,82600
2017-12-08,82.199997,82.949997,81.900002,82.300003,51.385597,121800
2017-12-11,82.300003,83.900002,82.000000,83.500000,52.134823,72900
2017-12-12,83.699997,85.199997,83.199997,84.599998,52.821644,84400
2017-12-13,84.599998,85.900002,84.209999,85.599998,53.446018,391800
2017-12-14,85.199997,86.699997,85.000000,86.000000,53.695744,89700
2017-12-15,86.500000,86.699997,84.580002,85.300003,53.258705,103000
2017-12-18,86.199997,87.500000,85.510002,86.300003,53.883060,107400
2017-12-19,86.400002,86.500000,85.099998,85.199997,53.196266,109200
2017-12-20,85.400002,85.400002,83.699997,84.900002,53.008942,122000
2017-12-21,84.900002,86.300003,84.599998,85.400002,53.321125,94100
2017-12-22,85.400002,86.099998,85.000000,85.800003,53.570873,108000
2017-12-26,86.199997,86.550003,85.800003,86.300003,53.883060,135200
2017-12-27,86.300003,87.500000,85.599998,86.300003,53.883060,155900
2017-12-28,86.199997,86.300003,85.599998,86.099998,53.758202,122100
2017-12-29,86.599998,86.820000,85.599998,86.099998,53.758202,245300
2018-01-02,86.400002,88.669998,86.260002,88.400002,55.194225,288000
2018-01-03,88.699997,90.699997,88.500000,90.400002,56.442982,241200
2018-01-04,86.000000,86.199997,84.769997,85.300003,56.509235,289400
2018-01-05,85.099998,85.400002,84.000000,84.900002,56.244228,139900
2018-01-08,84.599998,85.400002,84.400002,85.099998,56.376728,116800
2018-01-09,85.500000,85.500000,84.750000,85.400002,56.575466,117600
2018-01-10,85.300003,86.199997,85.199997,85.599998,56.707985,127500
2018-01-11,86.000000,87.199997,85.599998,87.000000,57.635429,133700
2018-01-12,87.199997,88.050003,87.000000,88.000000,58.297920,177400
2018-01-16,88.599998,89.199997,87.510002,87.599998,58.032921,236800
2018-01-17,88.000000,88.000000,86.900002,87.199997,57.767929,86600
2018-01-18,87.199997,87.389999,86.199997,86.500000,57.304184,73400
2018-01-19,86.199997,86.900002,85.500000,86.699997,57.436691,338000
2018-01-22,86.400002,89.000000,86.199997,89.000000,58.960388,166000
2018-01-23,88.800003,89.190002,87.900002,89.000000,58.960388,126700
2018-01-24,90.000000,90.000000,88.500000,88.699997,58.761642,94800
2018-01-25,88.800003,88.900002,88.199997,88.599998,58.695381,86300
2018-01-26,88.699997,88.900002,88.300003,88.900002,58.894150,102300
2018-01-29,88.400002,88.500000,87.000000,87.099998,57.701675,126700
2018-01-30,86.500000,86.599998,85.099998,86.000000,56.972954,226500
2018-01-31,86.199997,86.910004,86.099998,86.300003,57.171700,142500
2018-02-01,86.300003,87.300003,86.209999,87.199997,57.767929,124100
2018-02-02,86.500000,86.500000,84.300003,84.800003,56.177990,192100
2018-02-05,84.099998,85.000000,82.000000,83.300003,55.184273,206600
2018-02-06,80.699997,85.800003,80.139999,85.199997,56.442986,280600
2018-02-07,85.000000,86.190002,83.650002,84.599998,56.045494,108000
2018-02-08,84.699997,85.000000,81.120003,81.199997,53.793079,147400
2018-02-09,81.699997,82.160004,77.800003,80.000000,52.998093,295300
2018-02-12,80.900002,82.500000,80.120003,82.099998,54.389294,117600
2018-02-13,81.800003,83.489998,81.599998,83.300003,55.184273,112100
2018-02-14,82.500000,83.800003,81.400002,83.500000,55.316765,92000
2018-02-15,83.800003,84.000000,82.500000,82.800003,54.853043,71600
2018-02-16,82.599998,83.099998,81.500000,81.699997,54.124302,153500
2018-02-20,81.800003,82.800003,81.199997,81.500000,53.991821,130000
2018-02-21,80.900002,81.400002,79.029999,79.300003,53.253117,247000
2018-02-22,80.300003,80.800003,78.599998,78.900002,52.984505,271500
2018-02-23,79.099998,79.699997,78.500000,79.400002,53.320271,120700
2018-02-26,79.699997,80.000000,78.500000,78.699997,52.850201,229300
2018-02-27,78.800003,79.300003,78.000000,78.099998,52.447262,141000
2018-02-28,78.300003,78.900002,76.199997,76.400002,51.305653,200700
2018-03-01,76.300003,77.000000,75.699997,76.400002,51.305653,209600
2018-03-02,76.000000,78.199997,74.699997,76.500000,51.372810,167000
2018-03-05,76.500000,77.699997,75.900002,77.300003,51.910053,138900
2018-03-06,77.599998,77.790001,76.599998,76.699997,51.507126,91500
2018-03-07,76.199997,77.000000,75.599998,76.199997,51.171345,111200
2018-03-08,76.199997,76.500000,75.199997,75.599998,50.768429,102400
2018-03-09,75.900002,77.199997,75.900002,77.000000,51.708588,114000
2018-03-12,76.800003,78.300003,76.739998,78.199997,52.514412,104900
2018-03-13,78.300003,78.849998,77.599998,78.300003,52.581585,108200
2018-03-14,78.599998,78.599998,76.800003,77.000000,51.708588,73200
2018-03-15,77.300003,77.599998,67.500000,72.900002,48.955288,554500
2018-03-16,74.500000,75.500000,73.300003,74.199997,49.828274,127400
2018-03-19,74.099998,74.300003,70.800003,71.300003,47.880802,265900
2018-03-20,70.599998,71.199997,68.800003,69.400002,47.335152,249300
2018-03-21,69.699997,70.959999,69.300003,70.599998,48.153622,166600
2018-03-22,69.800003,70.900002,68.800003,69.800003,47.607979,152100
2018-03-23,69.500000,69.500000,67.800003,67.900002,46.312061,177600
2018-03-26,68.400002,68.680000,66.699997,68.199997,46.516682,200000
2018-03-27,68.500000,69.000000,65.500000,67.099998,45.766411,184300
2018-03-28,67.199997,68.000000,66.199997,67.199997,45.834614,120400
2018-03-29,67.300003,69.000000,67.300003,68.400002,46.653088,87500
2018-04-02,68.400002,69.300003,66.949997,67.900002,46.312061,163100
2018-04-03,68.300003,68.900002,66.400002,68.599998,46.789505,106400
2018-04-04,67.500000,68.900002,66.900002,68.699997,46.857708,93600
2018-04-05,68.599998,70.199997,68.400002,69.800003,47.607979,97500
2018-04-06,69.300003,70.000000,67.650002,68.400002,46.653088,86600
2018-04-09,68.699997,69.000000,67.800003,68.300003,46.584885,99000
2018-04-10,68.800003,70.349998,68.500000,70.199997,47.880791,121600
2018-04-11,69.800003,71.000000,69.800003,70.900002,48.358246,89700
2018-04-12,71.000000,71.400002,70.000000,70.599998,48.153622,80300
2018-04-13,70.699997,70.900002,69.900002,70.599998,48.153622,70400
2018-04-16,70.699997,74.269997,70.500000,74.199997,50.609055,125100
2018-04-17,74.000000,76.190002,74.000000,75.099998,51.222916,118100
2018-04-18,75.699997,76.099998,74.699997,74.800003,51.018291,78800
2018-04-19,75.000000,75.199997,73.599998,73.900002,50.404430,150000
2018-04-20,72.900002,73.589996,72.400002,72.699997,50.335194,58600
2018-04-23,72.699997,74.800003,72.500000,74.199997,51.373749,142300
2018-04-24,74.300003,74.800003,72.300003,72.400002,50.127487,121000
2018-04-25,72.300003,73.500000,71.500000,73.500000,50.889095,71400
2018-04-26,73.599998,74.000000,72.400002,73.300003,50.750626,89100
2018-04-27,73.099998,73.349998,72.500000,73.000000,50.542912,44500
2018-04-30,73.099998,74.000000,72.809998,73.199997,50.681381,139600
2018-05-01,73.000000,73.550003,72.599998,73.400002,50.819851,73800
2018-05-02,73.400002,73.900002,72.500000,72.800003,50.404430,96400
2018-05-03,72.699997,73.349998,71.500000,71.699997,49.642838,105100
2018-05-04,71.500000,72.699997,71.099998,72.500000,50.196724,71300
2018-05-07,72.699997,73.949997,72.699997,73.199997,50.681381,111400
2018-05-08,73.000000,74.300003,72.500000,74.000000,51.235279,72200
2018-05-09,74.500000,75.500000,74.300003,74.699997,51.719944,113400
2018-05-10,74.800003,75.389999,74.699997,75.000000,51.927639,64000
2018-05-11,75.199997,75.400002,74.599998,74.800003,51.789188,71400
2018-05-14,75.000000,76.199997,75.000000,76.050003,52.654633,115500
2018-05-15,75.800003,76.400002,75.500000,75.599998,52.343075,78600
2018-05-16,75.500000,76.400002,75.500000,76.199997,52.758484,66600
2018-05-17,76.500000,77.790001,76.500000,77.300003,53.520096,148000
2018-05-18,77.500000,77.790001,76.949997,77.300003,53.520096,96900
2018-05-21,77.300003,78.099998,77.099998,78.099998,54.073971,96200
2018-05-22,77.000000,77.500000,76.500000,76.699997,53.863308,99800
2018-05-23,76.400002,76.699997,75.599998,76.400002,53.652626,84200
2018-05-24,75.699997,76.000000,74.410004,74.699997,52.458797,106200
2018-05-25,74.000000,74.449997,72.400002,74.099998,52.037437,150000
2018-05-29,73.599998,75.000000,73.599998,74.199997,52.107662,102800
2018-05-30,74.599998,75.900002,74.300003,75.699997,53.161053,73500
2018-05-31,75.599998,76.559998,75.300003,76.000000,53.371716,75200
2018-06-01,75.900002,77.300003,75.900002,77.300003,54.284668,62900
2018-06-04,77.500000,78.099998,77.300003,78.000000,54.776245,70800
2018-06-05,77.699997,78.300003,77.599998,77.900002,54.706020,84500
2018-06-06,77.800003,77.900002,76.809998,77.199997,54.214439,95100
2018-06-07,77.199997,78.199997,77.199997,78.099998,54.846458,99800
2018-06-08,77.800003,77.820000,76.660004,76.800003,53.933537,89300
2018-06-11,76.500000,78.400002,76.199997,78.300003,54.986927,93900
2018-06-12,78.400002,78.699997,78.050003,78.300003,54.986927,61200
2018-06-13,78.099998,78.199997,76.800003,77.000000,54.073997,85500
2018-06-14,77.099998,77.500000,76.800003,77.099998,54.144203,60400
2018-06-15,76.699997,77.199997,74.699997,74.900002,52.599243,173700
2018-06-18,74.800003,76.059998,74.730003,76.000000,53.371716,85500
2018-06-19,75.300003,75.900002,75.099998,75.699997,53.161053,98000
2018-06-20,74.900002,75.300003,74.400002,74.699997,53.232304,83100
2018-06-21,74.699997,74.699997,73.699997,74.199997,52.875996,129900
2018-06-22,75.099998,76.099998,74.599998,74.900002,53.374832,73500
2018-06-25,74.699997,74.900002,72.599998,72.699997,51.807076,142400
2018-06-26,73.000000,74.500000,72.599998,74.500000,53.089802,77500
2018-06-27,74.199997,74.500000,72.000000,72.400002,51.593300,182100
2018-06-28,72.400002,72.900002,71.300003,72.400002,51.593300,99300
2018-06-29,72.599998,73.290001,72.099998,73.099998,52.092133,89000
2018-07-02,72.599998,73.000000,71.500000,72.500000,51.664558,70200
2018-07-03,72.800003,73.699997,72.699997,73.500000,52.377178,70900
2018-07-05,73.199997,73.400002,72.900002,73.099998,52.092133,82000
2018-07-06,73.000000,73.900002,72.699997,73.500000,52.377178,90200
2018-07-09,73.699997,74.400002,73.400002,74.099998,52.804745,97300
2018-07-10,74.099998,74.660004,73.500000,73.599998,52.448444,111600
2018-07-11,73.500000,73.699997,72.500000,72.800003,51.878334,100300
2018-07-12,72.900002,73.900002,72.500000,73.900002,52.662216,76300
2018-07-13,73.800003,74.500000,73.400002,74.099998,52.804745,61700
2018-07-16,73.300003,73.800003,73.199997,73.800003,52.590954,99100
2018-07-17,73.500000,73.800003,73.250000,73.349998,52.270283,69900
2018-07-18,73.000000,75.000000,72.900002,74.599998,53.161057,129300
2018-07-19,76.300003,77.199997,75.500000,76.900002,54.800060,184500
2018-07-20,75.900002,76.199997,74.900002,75.099998,54.293999,57800
2018-07-23,74.699997,75.000000,74.099998,74.500000,53.860233,125300
2018-07-24,74.599998,76.099998,74.550003,74.900002,54.149403,141700
2018-07-25,74.900002,76.400002,74.599998,76.400002,55.233826,103700
2018-07-26,76.000000,77.500000,75.099998,77.199997,55.812202,128300
2018-07-27,77.199997,77.699997,75.699997,75.900002,54.872368,70500
2018-07-30,76.199997,77.300003,76.199997,77.000000,55.667614,54300
2018-07-31,76.800003,77.599998,76.500000,77.300003,55.884499,57300
2018-08-01,77.199997,78.000000,77.000000,78.000000,56.390568,58000
2018-08-02,78.099998,79.699997,77.769997,79.500000,57.474995,148900
2018-08-03,78.099998,80.199997,78.099998,79.900002,57.764175,75600
2018-08-06,79.800003,81.000000,79.800003,80.900002,58.487137,73700
2018-08-07,81.099998,81.570000,80.139999,80.300003,58.053368,80100
2018-08-08,80.099998,80.900002,79.430000,80.900002,58.487137,87500
2018-08-09,80.699997,81.500000,80.699997,81.199997,58.704025,65800
2018-08-10,81.099998,81.800003,81.099998,81.199997,58.704025,69800
2018-08-13,81.099998,81.199997,79.589996,79.699997,57.619587,84400
2018-08-14,80.000000,80.599998,79.800003,80.300003,58.053368,65900
2018-08-15,79.500000,79.989998,78.309998,79.199997,57.258129,102800
2018-08-16,79.500000,80.000000,78.949997,79.800003,57.691887,86800
2018-08-17,79.800003,80.500000,79.599998,80.400002,58.125656,74200
2018-08-20,80.099998,80.800003,79.699997,80.699997,58.342541,159200
2018-08-21,79.300003,80.000000,79.300003,79.599998,58.342537,114800
2018-08-22,79.500000,80.500000,79.300003,79.900002,58.562435,107700
2018-08-23,79.800003,79.839996,79.349998,79.500000,58.269245,79500
2018-08-24,79.699997,79.900002,79.349998,79.800003,58.489143,167500
2018-08-27,80.000000,80.000000,79.300003,79.699997,58.415836,61400
2018-08-28,79.400002,79.699997,78.800003,78.800003,57.756191,68800
2018-08-29,79.099998,79.199997,77.949997,78.300003,57.389721,104100
2018-08-30,78.199997,78.400002,77.599998,78.199997,57.316410,70100
2018-08-31,78.099998,78.199997,77.000000,77.800003,57.023254,76200
2018-09-04,77.699997,78.500000,77.500000,78.300003,57.389721,49900
2018-09-05,78.199997,78.599998,77.599998,78.599998,57.609608,67900
2018-09-06,78.699997,78.900002,77.599998,77.900002,57.096539,37500
2018-09-07,77.699997,77.980003,77.099998,77.599998,56.876663,51300
2018-09-10,77.699997,77.959999,77.599998,77.800003,57.023254,37100
2018-09-11,77.699997,78.599998,77.699997,78.500000,57.536297,43400
2018-09-12,78.500000,78.809998,78.099998,78.400002,57.463009,58400
2018-09-13,78.400002,78.400002,77.800003,78.099998,57.243114,42600
2018-09-14,77.900002,78.400002,77.199997,78.000000,57.169827,59500
2018-09-17,78.000000,78.199997,77.300003,77.500000,56.803356,70500
2018-09-18,77.800003,78.199997,77.300003,77.500000,56.803356,67500
2018-09-19,77.500000,77.750000,76.800003,77.000000,56.436901,102900
2018-09-20,76.500000,76.790001,75.400002,76.000000,56.511246,76000
2018-09-21,76.199997,76.199997,75.699997,75.800003,56.362530,55700
2018-09-24,76.199997,76.500000,74.699997,75.099998,55.842033,122200
2018-09-25,75.099998,75.209999,73.800003,74.400002,55.321537,112100
2018-09-26,74.400002,74.650002,73.699997,73.800003,54.875397,98800
2018-09-27,74.099998,74.199997,73.750000,74.000000,55.024097,49500
2018-09-28,74.000000,74.800003,73.699997,74.500000,55.395893,100600
2018-10-01,74.800003,76.199997,74.699997,76.099998,56.585613,114000
2018-10-02,76.000000,76.300003,75.400002,75.599998,56.213825,54800
2018-10-03,75.900002,76.500000,75.500000,76.400002,56.808659,72000
2018-10-04,76.000000,76.239998,75.500000,75.800003,56.362530,54200
2018-10-05,75.800003,76.300003,75.550003,75.900002,56.436901,51300
2018-10-08,75.500000,75.699997,75.000000,75.500000,56.139462,62000
2018-10-09,75.500000,76.099998,75.349998,75.699997,56.288177,37800
2018-10-10,75.699997,75.800003,74.300003,74.400002,55.321537,88600
2018-10-11,74.000000,74.199997,72.599998,72.900002,54.206177,122100
2018-10-12,73.699997,74.500000,71.900002,73.199997,54.429253,121200
2018-10-15,73.300003,73.800003,72.500000,73.099998,54.354900,81100
2018-10-16,73.300003,74.900002,73.199997,74.800003,55.618973,90200
2018-10-17,74.599998,74.599998,73.199997,73.300003,54.503620,69100
2018-10-18,73.099998,74.400002,72.300003,73.000000,54.280540,74000
2018-10-19,73.099998,73.440002,72.199997,72.500000,53.908760,84500
2018-10-22,71.699997,72.099998,70.000000,70.500000,53.229229,110600
2018-10-23,69.500000,69.699997,66.800003,68.800003,51.945690,181700
2018-10-24,69.000000,69.099998,65.199997,65.199997,49.227600,179500
2018-10-25,65.500000,66.099998,65.000000,65.500000,49.454113,118900
2018-10-26,65.099998,65.300003,62.750000,64.000000,48.321564,162000
2018-10-29,64.199997,64.449997,61.220001,62.099998,46.887024,193200
2018-10-30,62.099998,63.209999,61.299999,62.900002,47.491043,141400
2018-10-31,64.000000,65.500000,63.500000,64.199997,48.472576,106500
2018-11-01,64.099998,65.300003,64.099998,65.000000,49.076599,83500
2018-11-02,65.000000,65.500000,63.099998,63.799999,48.170563,160700
2018-11-05,64.000000,65.000000,63.599998,64.800003,48.925594,137300
2018-11-06,64.900002,65.000000,63.700001,64.699997,48.850094,93000
2018-11-07,65.099998,67.000000,65.000000,66.400002,50.133621,99700
2018-11-08,66.400002,67.599998,65.800003,65.800003,49.680618,112200
2018-11-09,65.500000,66.129997,64.300003,65.500000,49.454113,64200
2018-11-12,65.400002,65.400002,63.599998,63.700001,48.095070,67000
2018-11-13,63.700001,64.500000,62.200001,62.400002,47.113537,93700
2018-11-14,63.200001,63.619999,61.900002,62.200001,46.962532,126700
2018-11-15,62.400002,63.500000,62.000000,63.400002,47.868561,75600
2018-11-16,63.500000,64.250000,63.200001,63.799999,48.170563,59500
2018-11-19,63.700001,64.199997,62.880001,63.099998,47.642048,67800
2018-11-20,61.500000,61.700001,59.000000,59.700001,45.874683,193700
2018-11-21,60.299999,62.000000,60.099998,61.400002,47.181000,75300
2018-11-23,60.400002,60.500000,59.200001,59.599998,45.797840,82100
2018-11-26,60.299999,61.200001,60.099998,60.400002,46.412575,88900
2018-11-27,60.599998,61.000000,59.500000,59.599998,45.797840,95800
2018-11-28,59.700001,61.099998,59.099998,61.000000,46.873631,116400
2018-11-29,61.000000,62.599998,60.900002,62.099998,47.718891,109900
2018-11-30,61.599998,61.799999,60.099998,61.200001,47.027313,84700
2018-12-03,62.400002,63.470001,62.000000,63.400002,48.717842,173800
2018-12-04,63.099998,63.240002,60.970001,61.000000,46.873631,57700
2018-12-06,60.000000,60.299999,58.130001,60.299999,46.335735,176600
2018-12-07,60.799999,62.110001,59.700001,59.799999,45.951523,68900
2018-12-10,59.500000,59.599998,57.299999,58.700001,45.106270,163400
2018-12-11,59.799999,60.000000,58.400002,58.799999,45.183105,92700
2018-12-12,59.500000,60.099998,58.900002,59.400002,45.644157,84500
2018-12-13,59.400002,60.580002,58.799999,60.400002,46.412575,108600
2018-12-14,60.299999,60.700001,59.000000,59.099998,45.413628,63600
2018-12-17,59.099998,59.099998,55.900002,56.099998,43.108364,174600
2018-12-18,56.400002,57.090000,54.200001,54.900002,42.186272,158200
2018-12-19,54.900002,56.900002,54.599998,55.000000,42.263107,109300
2018-12-20,53.500000,54.259998,50.700001,51.099998,40.067623,237100
2018-12-21,51.299999,52.299999,50.099998,50.200001,39.361931,133700
2018-12-24,49.700001,49.700001,47.599998,47.599998,37.323269,171000
2018-12-26,47.900002,51.200001,47.099998,51.099998,40.067623,247700
2018-12-27,50.099998,50.599998,47.610001,49.900002,39.126694,202600
2018-12-28,50.000000,50.700001,48.610001,49.500000,38.813065,144000
2018-12-31,50.000000,51.000000,49.549999,50.200001,39.361931,152900
2019-01-02,50.099998,52.599998,49.799999,51.799999,40.616493,99400
2019-01-03,51.799999,53.000000,51.500000,52.400002,41.086952,97700
2019-01-04,53.400002,56.070000,53.230000,55.700001,43.674492,131200
2019-01-07,56.099998,57.900002,56.099998,56.599998,44.380180,90800
2019-01-08,57.299999,59.099998,57.299999,58.700001,46.026794,107600
2019-01-09,59.500000,59.799999,58.799999,59.299999,46.497265,143000
2019-01-10,59.299999,59.500000,58.200001,58.799999,46.105209,88100
2019-01-11,58.299999,58.900002,57.599998,58.000000,45.477928,89300
2019-01-14,57.500000,58.000000,56.790001,57.299999,44.929054,78700
2019-01-15,57.299999,58.799999,57.299999,58.599998,45.948391,32800
2019-01-16,58.599998,59.259998,58.599998,58.799999,46.105209,71000
2019-01-17,58.700001,59.200001,58.200001,58.900002,46.183624,63800
2019-01-18,58.900002,59.500000,58.619999,59.000000,46.262024,118900
2019-01-22,57.900002,58.200001,56.900002,57.099998,45.387661,89100
2019-01-23,57.200001,57.900002,56.099998,56.500000,44.910736,78200
2019-01-24,56.599998,57.450001,56.400002,57.200001,45.467152,71200
2019-01-25,57.500000,58.099998,57.250000,57.799999,45.944080,85500
2019-01-28,57.500000,57.900002,56.799999,57.799999,45.944080,121500
2019-01-29,57.799999,58.900002,57.700001,58.599998,46.579983,86000
2019-01-30,58.900002,59.869999,58.290001,59.400002,47.215889,87400
2019-01-31,59.599998,60.000000,58.200001,58.700001,46.659466,87800
2019-02-01,58.599998,59.500000,58.400002,59.500000,47.295368,81500
2019-02-04,59.400002,60.200001,58.990002,60.000000,47.692814,72200
2019-02-05,60.000000,60.400002,59.700001,59.700001,47.454353,48400
2019-02-06,59.799999,60.000000,59.099998,59.099998,46.977417,42200
2019-02-07,58.900002,58.930000,56.799999,57.500000,45.705608,111800
2019-02-08,57.599998,57.799999,56.000000,57.299999,45.546631,88400
2019-02-11,57.099998,57.299999,56.500000,57.200001,45.467152,65800
2019-02-12,57.900002,58.400002,57.500000,58.299999,46.341511,56200
2019-02-13,58.500000,59.400002,58.349998,59.349998,47.176136,74500
2019-02-14,59.099998,60.000000,58.799999,59.799999,47.533836,92100
2019-02-15,60.000000,60.500000,60.000000,60.200001,47.851791,86900
2019-02-19,60.000000,62.000000,59.950001,61.599998,48.964630,143200
2019-02-20,61.000000,61.099998,60.209999,60.500000,48.723015,63900
2019-02-21,60.599998,61.099998,59.200001,59.500000,47.917679,81900
2019-02-22,59.599998,60.349998,59.599998,59.599998,47.998211,47800
2019-02-25,59.599998,60.150002,59.500000,60.000000,48.320347,89900
2019-02-26,60.000000,60.200001,58.799999,58.799999,47.353951,56900
2019-02-27,59.099998,59.400002,58.299999,58.799999,47.353951,70300
2019-02-28,59.099998,59.099998,58.099998,58.299999,46.951275,51700
2019-03-01,58.299999,59.000000,58.000000,58.500000,47.112339,82200
2019-03-04,58.700001,59.099998,58.070000,58.799999,47.353951,66000
2019-03-05,58.799999,59.000000,58.099998,58.700001,47.273407,90600
2019-03-06,58.500000,58.700001,57.930000,58.099998,46.790203,49100
2019-03-07,58.200001,58.799999,57.889999,58.599998,47.192879,67900
2019-03-08,58.200001,58.500000,57.200001,58.500000,47.112339,115300
2019-03-11,58.700001,59.700001,58.450001,59.599998,47.998211,109800
2019-03-12,59.700001,59.900002,59.200001,59.299999,47.756615,35700
2019-03-13,59.500000,59.849998,59.299999,59.500000,47.917679,49500
2019-03-14,59.599998,59.790001,59.299999,59.500000,47.917679,38900
2019-03-15,59.400002,59.799999,59.200001,59.599998,47.998211,56100
2019-03-18,59.599998,60.700001,59.400002,60.400002,48.642487,83600
2019-03-19,60.700001,61.500000,60.599998,60.900002,49.045158,85900
2019-03-20,60.200001,60.900002,59.500000,60.299999,49.208366,85500
2019-03-21,60.200001,61.000000,59.900002,60.900002,49.698006,68000
2019-03-22,60.299999,60.400002,59.299999,59.599998,48.637123,71500
2019-03-25,59.400002,59.700001,58.400002,59.200001,48.310703,66100
2019-03-26,59.500000,60.360001,59.099998,59.500000,48.555515,73600
2019-03-27,59.500000,59.610001,58.700001,58.799999,47.984283,85000
2019-03-28,58.799999,59.400002,58.599998,59.400002,48.473911,59800
2019-03-29,59.500000,60.000000,59.299999,59.599998,48.637123,40500
2019-04-01,59.900002,60.599998,59.720001,60.299999,49.208366,64700
2019-04-02,60.299999,60.599998,60.000000,60.299999,49.208366,49700
2019-04-03,60.599998,60.790001,60.000000,60.000000,48.963547,71000
2019-04-04,60.200001,60.400002,59.900002,60.000000,48.963547,51300
2019-04-05,60.099998,61.000000,60.099998,60.900002,49.698006,63800
2019-04-08,61.000000,61.299999,60.799999,60.799999,49.616402,134800
2019-04-09,60.799999,60.900002,59.799999,59.900002,48.881943,121600
2019-04-10,60.000000,60.400002,59.799999,59.900002,48.881943,82300
2019-04-11,59.900002,60.400002,59.750000,60.299999,49.208366,49500
2019-04-12,60.700001,61.200001,60.500000,60.500000,49.371574,91900
2019-04-15,60.599998,60.700001,60.169998,60.299999,49.208366,69100
2019-04-16,60.400002,60.599998,59.869999,60.000000,48.963547,132200
2019-04-17,60.200001,60.400002,59.500000,59.599998,48.637123,141700
2019-04-18,59.700001,59.700001,58.799999,59.099998,48.229099,108700
2019-04-22,59.000000,59.799999,58.900002,59.700001,49.387264,145100
2019-04-23,59.799999,60.000000,59.500000,59.599998,49.304527,110100
2019-04-24,59.700001,59.700001,58.700001,58.799999,48.642727,87300
2019-04-25,58.799999,59.000000,58.400002,58.700001,48.559998,85800
2019-04-26,58.599998,58.799999,58.000000,58.400002,48.311817,110300
2019-04-29,58.500000,59.000000,58.200001,59.000000,48.808178,48700
2019-04-30,59.000000,59.299999,57.799999,57.799999,47.815460,134500
2019-05-01,58.000000,58.200001,57.599998,57.799999,47.815460,110400
2019-05-02,57.700001,57.700001,56.299999,56.299999,46.574581,132000
2019-05-03,56.500000,57.099998,56.500000,57.000000,47.153664,100600
2019-05-06,56.099998,57.000000,56.000000,56.650002,46.864120,56900
2019-05-07,56.500000,56.799999,55.799999,56.799999,46.988205,168800
2019-05-08,56.700001,57.000000,56.099998,56.200001,46.491852,79000
2019-05-09,56.000000,56.080002,54.799999,55.400002,45.830051,154000
2019-05-10,55.599998,56.970001,54.900002,56.599998,46.822758,97300
2019-05-13,56.400002,56.700001,55.700001,55.799999,46.160950,58300
2019-05-14,56.299999,57.200001,56.000000,56.799999,46.988205,49100
2019-05-15,56.500000,57.369999,56.250000,57.099998,47.236385,54800
2019-05-16,57.299999,58.000000,57.299999,57.900002,47.898193,53600
2019-05-17,57.900002,58.000000,57.299999,57.400002,47.484570,77200
2019-05-20,56.900002,56.900002,56.299999,56.599998,47.484570,80400
2019-05-21,56.599998,57.500000,56.500000,57.400002,48.155724,134700
2019-05-22,57.200001,57.200001,56.549999,56.900002,47.736248,97000
2019-05-23,56.299999,56.299999,54.500000,55.000000,46.142246,148300
2019-05-24,55.299999,55.799999,55.099998,55.599998,46.645611,46500
2019-05-28,55.799999,55.900002,54.500000,54.900002,46.058353,55800
2019-05-29,54.400002,55.200001,53.000000,55.200001,46.310032,80100
2019-05-30,54.900002,55.200001,53.500000,53.799999,45.135498,66200
2019-05-31,52.900002,53.500000,52.500000,53.500000,44.883820,103500
2019-06-03,53.900002,54.070000,53.299999,53.500000,44.883820,66800
2019-06-04,54.000000,54.900002,54.000000,54.900002,46.058353,72500
2019-06-05,54.900002,54.900002,53.599998,53.900002,45.219398,72400
2019-06-06,54.099998,54.599998,54.000000,54.400002,45.638874,55400
2019-06-07,54.299999,54.799999,54.099998,54.200001,45.471088,162800
2019-06-10,54.200001,54.799999,54.099998,54.299999,45.554977,89300
2019-06-11,54.500000,55.299999,54.500000,55.000000,46.142246,64900
2019-06-12,54.900002,54.950001,54.099998,54.299999,45.554977,64600
2019-06-13,55.000000,55.299999,54.799999,55.299999,46.393929,70100
2019-06-14,55.299999,55.299999,54.099998,54.299999,45.554977,78700
2019-06-17,54.299999,54.490002,53.799999,54.400002,45.638874,40700
2019-06-18,54.799999,55.099998,54.400002,54.400002,45.638874,62800
2019-06-19,54.400002,55.000000,54.349998,54.599998,45.806664,75000
2019-06-20,54.500000,55.049999,54.310001,54.599998,46.487801,69700
2019-06-21,54.500000,55.400002,54.500000,55.200001,46.998657,95100
2019-06-24,55.299999,55.299999,54.299999,54.799999,46.658092,74100
2019-06-25,54.500000,54.700001,54.049999,54.500000,46.402660,42600
2019-06-26,54.599998,55.400002,54.200001,54.900002,46.743237,55500
2019-06-27,54.700001,55.000000,54.500000,54.500000,46.402660,40800
2019-06-28,54.900002,55.700001,54.700001,55.700001,47.424377,71100
2019-07-01,56.200001,56.500000,55.700001,55.900002,47.594650,68600
2019-07-02,56.000000,56.000000,55.099998,55.799999,47.509518,51500
2019-07-03,56.099998,56.799999,55.900002,56.299999,47.935226,34600
2019-07-05,56.099998,57.000000,56.099998,57.000000,48.531219,49600
2019-07-08,56.900002,57.299999,56.520000,56.700001,48.275799,36400
2019-07-09,56.500000,56.599998,56.099998,56.500000,48.105511,33500
2019-07-10,56.700001,57.700001,56.700001,57.400002,48.871796,56300
2019-07-11,57.700001,57.799999,57.299999,57.400002,48.871796,47800
2019-07-12,57.400002,57.900002,57.400002,57.799999,49.212364,40100
2019-07-15,57.799999,57.799999,57.500000,57.700001,49.127220,41400
2019-07-16,57.799999,57.799999,57.400002,57.700001,49.127220,55100
2019-07-17,57.700001,57.799999,57.000000,57.400002,48.871796,55200
2019-07-18,57.200001,57.200001,56.200001,56.900002,48.446079,68600
2019-07-19,56.500000,56.700001,56.150002,56.599998,48.190655,85400
2019-07-22,55.799999,56.500000,55.799999,56.400002,48.708836,83200
2019-07-23,56.500000,56.799999,56.200001,56.200001,48.536106,80300
2019-07-24,56.000000,56.500000,56.000000,56.099998,48.449741,60100
2019-07-25,56.099998,56.200001,55.599998,55.599998,48.017925,49900
2019-07-26,55.900002,55.900002,55.000000,55.000000,47.499752,70500
2019-07-29,55.099998,55.400002,54.000000,54.000000,46.636112,70900
2019-07-30,54.200001,54.599998,53.700001,54.500000,47.067932,73800
2019-07-31,54.599998,54.700001,53.400002,53.900002,46.549755,76000
2019-08-01,53.599998,53.849998,52.599998,52.799999,45.599758,91900
2019-08-02,52.900002,53.099998,52.000000,52.200001,45.081581,66200
2019-08-05,51.599998,51.799999,50.000000,50.000000,43.181599,174700
2019-08-06,50.900002,51.000000,49.500000,50.049999,43.224777,117700
2019-08-07,49.799999,49.799999,48.200001,49.000000,42.317963,237400
2019-08-08,49.299999,49.900002,48.700001,49.500000,42.749775,136700
2019-08-09,49.599998,50.000000,49.299999,49.700001,42.922501,81500
2019-08-12,49.599998,49.599998,48.500000,48.500000,41.886147,80400
2019-08-13,48.500000,49.349998,48.200001,48.500000,41.886147,84100
2019-08-14,48.000000,48.500000,46.799999,47.500000,41.022511,391500
2019-08-15,47.299999,47.599998,47.000000,47.200001,40.763424,114800
2019-08-16,47.299999,48.400002,47.200001,48.400002,41.799782,61400
2019-08-19,48.599998,49.400002,48.599998,49.000000,42.317963,98700
2019-08-20,48.500000,48.900002,48.150002,48.599998,42.669147,86100
2019-08-21,48.700001,49.200001,48.400002,48.599998,42.669147,249900
2019-08-22,48.599998,48.709999,47.700001,47.700001,41.878983,45000
2019-08-23,47.500000,47.599998,46.000000,46.099998,40.474236,127100
2019-08-26,46.599998,46.700001,46.000000,46.200001,40.562031,105200
2019-08-27,46.200001,46.500000,45.400002,45.700001,40.123051,103900
2019-08-28,46.299999,47.599998,46.299999,47.299999,41.527790,89000
2019-08-29,47.700001,48.599998,47.299999,48.500000,42.581356,68800
2019-08-30,48.799999,49.480000,48.049999,48.500000,42.581356,61600
2019-09-03,48.000000,48.299999,47.529999,48.000000,42.142368,61800
2019-09-04,48.200001,48.799999,48.200001,48.549999,42.625252,53600
2019-09-05,48.799999,49.369999,48.599998,48.799999,42.844734,43600
2019-09-06,48.500000,48.799999,47.799999,48.000000,42.142368,69300
2019-09-09,48.200001,49.549999,48.200001,49.299999,43.283726,62700
2019-09-10,49.500000,50.049999,49.500000,49.799999,43.722702,53600
2019-09-11,49.599998,50.400002,49.599998,50.099998,43.986095,39500
2019-09-12,50.000000,50.099998,49.299999,49.400002,43.371517,76600
2019-09-13,49.500000,50.900002,49.500000,50.799999,44.600670,53900
2019-09-16,52.599998,52.799999,51.400002,51.500000,45.215252,101800
2019-09-17,51.400002,52.000000,50.799999,51.500000,45.215252,86600
2019-09-18,51.299999,52.000000,51.200001,51.799999,45.478638,57800
2019-09-19,52.000000,52.299999,51.400002,51.700001,45.390842,67700
2019-09-20,51.000000,51.639999,50.599998,50.599998,45.123310,66300
2019-09-23,50.700001,51.200001,50.200001,50.700001,45.212486,46900
2019-09-24,50.700001,51.000000,49.299999,49.599998,44.231544,64500
2019-09-25,49.400002,50.000000,48.950001,49.700001,44.320724,52300
2019-09-26,49.599998,49.599998,48.700001,49.099998,43.785660,75700
2019-09-27,49.000000,49.500000,48.799999,49.200001,43.874840,37100
2019-09-30,49.200001,49.299999,48.799999,49.299999,43.964020,63200
2019-10-01,49.299999,49.500000,48.650002,48.900002,43.607311,109900
2019-10-02,48.799999,48.799999,47.599998,47.799999,42.626369,1622900
2019-10-03,48.000000,48.200001,47.000000,48.200001,42.983078,868900
2019-10-04,48.200001,48.700001,48.099998,48.500000,43.250610,527400
2019-10-07,48.200001,48.400002,47.500000,47.599998,42.448013,770400
2019-10-08,47.500000,47.500000,46.599998,46.900002,41.823784,747500
2019-10-09,47.299999,47.500000,46.250000,46.299999,41.288723,1026300
2019-10-10,46.599998,46.700001,46.299999,46.700001,41.645432,406900
2019-10-11,47.299999,47.299999,46.799999,47.000000,41.912964,695100
2019-10-14,46.799999,46.799999,46.099998,46.400002,41.377903,343600
2019-10-15,46.400002,47.200001,46.200001,46.700001,41.645432,401400
2019-10-16,46.700001,47.099998,46.299999,46.400002,41.377903,446000
2019-10-17,46.500000,46.650002,46.200001,46.299999,41.288723,399700
2019-10-18,46.200001,47.000000,46.099998,46.799999,41.734608,530500
2019-10-21,46.099998,46.299999,45.700001,45.900002,41.002110,529700
2019-10-22,45.900002,46.599998,45.700001,46.000000,41.091434,543100
2019-10-23,45.900002,46.400002,45.599998,45.900002,41.002110,612700
2019-10-24,46.000000,46.099998,45.549999,45.900002,41.002110,724200
2019-10-25,46.000000,46.200001,45.599998,46.200001,41.270096,602500
2019-10-28,46.200001,46.599998,45.400002,45.500000,40.644787,623700
2019-10-29,45.400002,45.500000,44.599998,45.000000,40.198143,902500
2019-10-30,45.000000,45.299999,44.599998,44.900002,40.108814,560800
2019-10-31,44.900002,45.000000,44.000000,44.599998,39.840824,903400
2019-11-01,44.799999,45.500000,44.799999,45.400002,40.555462,583800
2019-11-04,45.700001,46.599998,45.500000,46.400002,41.448757,748000
2019-11-05,46.400002,46.400002,45.099998,45.500000,40.644787,691200
2019-11-06,45.700001,45.799999,44.500000,44.599998,39.840824,558900
2019-11-07,45.000000,45.200001,43.599998,44.099998,39.394176,1111700
2019-11-08,44.099998,44.099998,43.299999,43.799999,39.126194,86000
2019-11-11,43.799999,43.799999,43.000000,43.000000,38.411560,46500
2019-11-12,43.200001,43.700001,42.700001,42.900002,38.322231,67300
2019-11-13,42.799999,42.900002,42.099998,42.400002,37.875584,94900
2019-11-14,42.400002,42.500000,42.000000,42.099998,37.607597,125600
2019-11-15,42.200001,42.900002,42.200001,42.700001,38.143578,85000
2019-11-18,42.900002,42.900002,41.500000,41.900002,37.428940,116300
2019-11-19,41.700001,41.799999,40.700001,40.799999,36.446312,130600
2019-11-20,40.200001,40.400002,39.599998,40.400002,36.810780,123800
2019-11-21,40.599998,41.400002,40.200001,41.299999,37.630817,113500
2019-11-22,41.400002,41.900002,41.200001,41.799999,38.086395,246100
2019-11-25,41.400002,42.200001,41.299999,42.200001,38.450867,80700
2019-11-26,42.099998,42.389999,41.000000,41.200001,37.539707,65800
2019-11-27,41.200001,41.299999,40.299999,41.099998,37.448593,77400
2019-11-29,41.000000,41.099998,40.599998,40.700001,37.084126,49000
2019-12-02,40.900002,40.900002,40.200001,40.200001,36.628548,76200
2019-12-03,40.000000,40.200001,39.599998,39.799999,36.264084,103500
2019-12-04,39.900002,40.400002,39.599998,40.099998,36.537434,93000
2019-12-05,40.299999,40.599998,39.900002,40.000000,36.446312,51000
2019-12-06,40.000000,40.700001,40.000000,40.500000,36.901894,60700
2019-12-09,40.500000,41.799999,40.299999,41.799999,38.086395,71000
2019-12-10,41.799999,43.200001,41.709999,43.099998,39.270905,96600
2019-12-11,43.099998,43.400002,42.799999,43.000000,39.179790,54700
2019-12-12,42.799999,43.950001,42.799999,43.599998,39.726482,57500
2019-12-13,43.500000,43.599998,42.500000,42.799999,38.997555,56200
2019-12-16,43.099998,43.900002,43.099998,43.900002,39.999832,67300
2019-12-17,44.200001,45.599998,44.200001,44.700001,40.728760,107700
2019-12-18,44.700001,45.700001,44.599998,45.400002,41.366570,80200
2019-12-19,45.400002,45.799999,45.099998,45.200001,41.184341,73700
2019-12-20,45.400002,45.700001,45.200001,45.500000,41.457684,72200
2019-12-23,45.599998,46.000000,45.400002,45.900002,41.822147,102200
2019-12-24,46.000000,46.000000,45.599998,46.000000,41.913265,38700
2019-12-26,46.000000,46.700001,45.900002,46.700001,42.551075,75500
2019-12-27,46.799999,46.799999,45.500000,45.700001,41.639915,63400
2019-12-30,45.700001,46.099998,44.900002,45.000000,41.002106,92400
2019-12-31,44.700001,45.400002,44.299999,45.200001,41.184341,86500
2020-01-02,45.599998,46.400002,45.500000,46.400002,42.277725,58600
2020-01-03,46.200001,46.200001,45.250000,46.000000,42.648582,97300
2020-01-06,46.299999,47.000000,46.200001,46.799999,43.390301,72100
2020-01-07,46.599998,47.099998,46.200001,47.099998,43.668438,80700
2020-01-08,47.000000,47.299999,46.000000,46.299999,42.926727,65500
2020-01-09,46.500000,46.799999,46.000000,46.700001,43.297585,55900
2020-01-10,46.700001,46.700001,45.799999,46.099998,42.741299,59900
2020-01-13,46.000000,46.900002,45.799999,46.500000,43.112152,64600
2020-01-14,46.500000,47.099998,46.400002,46.799999,43.390301,56500
2020-01-15,46.799999,47.099998,46.599998,46.900002,43.483013,61000
2020-01-16,46.900002,47.310001,46.900002,47.200001,43.761154,58100
2020-01-17,47.200001,47.250000,46.500000,46.700001,43.297585,76300
2020-01-21,45.900002,46.000000,44.400002,44.500000,41.794849,197300
2020-01-22,44.599998,45.000000,43.099998,43.200001,40.573875,175600
2020-01-23,43.000000,43.299999,42.099998,43.000000,40.386032,103700
2020-01-24,43.000000,43.299999,41.900002,42.000000,39.446823,60000
2020-01-27,40.700001,41.400002,40.599998,41.000000,38.507610,121400
2020-01-28,41.299999,41.750000,41.099998,41.299999,38.789375,54500
2020-01-29,41.599998,42.080002,41.250000,41.299999,38.789375,68800
2020-01-30,41.099998,41.200001,40.299999,40.799999,38.319771,129800
2020-01-31,40.799999,40.970001,40.000000,40.099998,37.662319,95100
2020-02-03,40.200001,40.400002,39.599998,39.700001,37.286640,82700
2020-02-04,40.099998,41.080002,40.099998,40.599998,38.131924,96000
2020-02-05,41.099998,42.000000,41.099998,41.400002,38.883297,65200
2020-02-06,41.299999,41.700001,40.799999,40.799999,38.319771,72500
2020-02-07,40.700001,40.700001,40.099998,40.200001,37.756248,88700
2020-02-10,40.299999,40.299999,39.099998,39.200001,36.817032,125800
2020-02-11,39.700001,39.889999,39.500000,39.599998,37.192715,57700
2020-02-12,40.000000,40.900002,39.889999,40.799999,38.319771,139900
2020-02-13,40.799999,41.200001,40.130001,40.299999,37.850166,95300
2020-02-14,40.400002,40.750000,40.099998,40.099998,37.662319,53200
2020-02-18,40.000000,40.099998,39.900002,40.099998,37.662319,68200
2020-02-19,40.500000,40.500000,39.730000,39.900002,37.474483,80000
2020-02-20,39.599998,39.599998,39.099998,39.200001,37.379124,71000
2020-02-21,39.200001,39.200001,37.900002,38.200001,36.425575,121100
2020-02-24,37.099998,37.299999,36.099998,36.400002,34.709190,142700
2020-02-25,36.700001,36.880001,34.099998,34.299999,32.706738,180000
2020-02-26,34.599998,34.900002,32.500000,32.700001,31.181057,204200
2020-02-27,31.299999,32.000000,29.600000,30.600000,29.178604,302700
2020-02-28,29.299999,31.200001,28.500000,31.000000,29.560024,256400
2020-03-02,32.000000,33.299999,31.000000,32.700001,31.181057,189700
2020-03-03,33.000000,33.799999,31.100000,31.799999,30.322861,124800
2020-03-04,32.299999,32.500000,31.000000,31.400000,29.941442,100800
2020-03-05,30.900000,30.900000,29.500000,29.799999,28.415762,137800
2020-03-06,29.100000,29.100000,26.600000,26.900000,25.650473,251500
2020-03-09,20.000000,20.480000,15.400000,15.500000,14.780012,481700
2020-03-10,17.900000,18.900000,14.500000,18.200001,17.354595,358600
2020-03-11,17.500000,18.700001,16.700001,17.700001,16.877821,208400
2020-03-12,15.600000,15.600000,13.800000,13.800000,13.158978,170400
2020-03-13,15.200000,16.000000,14.050000,15.000000,14.303237,150000
2020-03-16,13.500000,14.000000,12.400000,12.800000,12.205429,210900
2020-03-17,13.000000,13.000000,11.100000,11.100000,10.584396,160300
2020-03-18,10.700000,10.700000,7.200000,8.300000,7.914458,267800
2020-03-19,8.940000,11.500000,8.410000,10.300000,9.821556,174300
2020-03-20,11.000000,13.490000,10.500000,11.800000,11.589437,180700
2020-03-23,11.300000,11.700000,10.000000,10.000000,9.821556,112600
2020-03-24,11.000000,11.000000,10.200000,10.300000,10.116203,72700
2020-03-25,10.300000,11.700000,9.800000,11.400000,11.196573,172700
2020-03-26,11.400000,12.000000,10.800000,11.400000,11.196573,94200
2020-03-27,11.000000,11.200000,10.200000,10.400000,10.214418,56300
2020-03-30,10.600000,10.600000,9.400000,10.100000,9.919772,94200
2020-03-31,10.110000,10.986000,9.820000,10.794000,10.601387,99600
2020-04-01,10.130000,10.750000,10.000000,10.750000,10.558173,115100
2020-04-02,11.650000,12.500000,11.013000,11.330000,11.127823,144600
2020-04-03,11.750000,11.775000,10.312000,11.200000,11.000143,87200
2020-04-06,11.260000,11.890000,11.050000,11.430000,11.226039,159200
2020-04-07,11.860000,12.610000,11.660000,11.660000,11.451935,105100
2020-04-08,11.870000,12.430000,11.720000,12.050000,11.834975,225300
2020-04-09,12.930000,14.150000,12.400000,12.980000,12.748380,114400
2020-04-13,13.680000,14.000000,13.190000,13.200000,12.964454,63900
2020-04-14,13.650000,14.100000,13.450000,13.940000,13.691249,115800
2020-04-15,13.500000,13.500000,12.650000,13.060000,12.826953,136400
2020-04-16,13.350000,13.350000,12.820000,12.920000,12.689450,85600
2020-04-17,13.110000,14.120000,13.110000,14.010000,13.760000,113100
2020-04-20,13.100000,14.282000,12.500000,13.625000,13.625000,133000
2020-04-21,12.690000,13.800000,12.690000,13.560000,13.560000,137000
2020-04-22,14.080000,14.430000,13.780000,14.110000,14.110000,74200
2020-04-23,14.470000,15.700000,14.360000,15.640000,15.640000,119700
2020-04-24,16.120001,16.480000,15.280000,15.582000,15.582000,122500
2020-04-27,15.640000,15.810000,15.080000,15.790000,15.790000,115600
2020-04-28,15.800000,16.680000,15.800000,16.420000,16.420000,72100
2020-04-29,17.030001,18.660000,17.030001,18.600000,18.600000,289600
2020-04-30,18.940001,19.316000,17.770000,18.150000,18.150000,167400
2020-05-01,17.750000,17.750000,16.596001,16.700001,16.700001,136900
2020-05-04,16.230000,17.230000,15.831000,17.120001,17.120001,100800
2020-05-05,17.840000,18.110001,17.000000,17.180000,17.180000,60400
2020-05-06,17.250000,17.532000,16.200001,16.469999,16.469999,70600
2020-05-07,17.000000,17.240000,16.469999,16.540001,16.540001,101300