Date,Open,High,Low,Close,Adj Close,Volume
2017-11-09,14.500000,14.900000,13.150000,14.030000,14.030000,2297000
2017-11-10,13.900000,14.190000,13.560000,14.000000,14.000000,183100
2017-11-13,14.020000,14.140000,13.600000,14.100000,14.100000,64400
2017-11-14,14.200000,14.200000,13.700000,13.930000,13.930000,49300
2017-11-15,13.910000,13.950000,13.700000,13.830000,13.830000,85600
2017-11-16,13.910000,13.960000,13.750000,13.820000,13.820000,74900
2017-11-17,13.790000,13.884000,13.770000,13.790000,13.790000,54300
2017-11-20,13.810000,13.950000,13.500000,13.600000,13.600000,80100
2017-11-21,13.590000,13.950000,13.500000,13.580000,13.580000,88600
2017-11-22,13.920000,13.920000,13.310000,13.320000,13.320000,118200
2017-11-24,13.300000,13.810000,13.300000,13.600000,13.600000,49200
2017-11-27,13.660000,14.050000,13.440000,13.650000,13.650000,61700
2017-11-28,13.690000,13.970000,12.953000,13.380000,13.380000,214800
2017-11-29,13.350000,14.000000,12.450000,13.850000,13.850000,215600
2017-11-30,13.870000,14.030000,13.605000,13.820000,13.820000,83200
2017-12-01,13.870000,14.030000,13.750000,14.020000,14.020000,38600
2017-12-04,14.900000,15.410000,13.810000,14.000000,14.000000,323900
2017-12-05,14.040000,14.909000,13.610000,13.730000,13.730000,101600
2017-12-06,13.670000,14.250000,12.820000,13.600000,13.600000,175800
2017-12-07,13.540000,14.560000,12.960000,13.990000,13.990000,408000
2017-12-08,14.080000,15.050000,13.770000,14.380000,14.380000,176400
2017-12-11,14.470000,15.070000,14.300000,14.520000,14.520000,127400
2017-12-12,14.490000,14.490000,12.800000,12.880000,12.880000,175300
2017-12-13,12.800000,13.245000,12.480000,12.710000,12.710000,152600
2017-12-14,12.520000,13.680000,12.500000,13.350000,13.350000,143000
2017-12-15,13.200000,13.620000,12.690000,13.050000,13.050000,1425300
2017-12-18,13.000000,14.900000,13.000000,14.510000,14.510000,134700
2017-12-19,14.480000,14.600000,14.000000,14.380000,14.380000,96700
2017-12-20,14.350000,14.550000,13.840000,14.270000,14.270000,34800
2017-12-21,13.970000,16.809999,13.970000,16.580000,16.580000,382000
2017-12-22,16.540001,18.520000,16.540001,18.450001,18.450001,103800
2017-12-26,18.450001,19.549999,18.219999,18.750000,18.750000,93200
2017-12-27,18.870001,19.610001,18.799999,19.549999,19.549999,96700
2017-12-28,19.459999,20.650000,19.396999,20.530001,20.530001,51300
2017-12-29,20.709999,24.167999,20.709999,21.700001,21.700001,147400
2018-01-02,21.719999,24.392000,19.549999,20.780001,20.780001,186300
2018-01-03,20.860001,23.049999,19.990000,22.639999,22.639999,152500
2018-01-04,22.700001,25.330000,21.180000,24.940001,24.940001,152900
2018-01-05,25.059999,25.490000,23.139999,23.490000,23.490000,100200
2018-01-08,23.559999,23.913000,22.709999,23.000000,23.000000,199900
2018-01-09,22.980000,24.290001,21.549999,21.790001,21.790001,97300
2018-01-10,21.629999,21.629999,20.000000,20.260000,20.260000,361900
2018-01-11,20.180000,20.309999,19.280001,19.900000,19.900000,86200
2018-01-12,19.850000,19.850000,18.870001,18.910000,18.910000,84300
2018-01-16,19.000000,19.129999,17.990000,18.030001,18.030001,127800
2018-01-17,18.059999,20.150999,17.790001,19.500000,19.500000,40300
2018-01-18,19.940001,20.170000,19.440001,19.780001,19.780001,179900
2018-01-19,19.830000,21.180000,18.750000,18.900000,18.900000,49400
2018-01-22,18.860001,21.190001,18.860001,19.000000,19.000000,69200
2018-01-23,18.950001,19.330000,17.879999,17.930000,17.930000,42400
2018-01-24,17.950001,18.014999,17.200001,17.270000,17.270000,27400
2018-01-25,17.299999,18.240000,17.150000,17.309999,17.309999,37600
2018-01-26,17.299999,17.760000,16.950001,17.160000,17.160000,35000
2018-01-29,17.190001,17.370001,16.520000,16.540001,16.540001,248900
2018-01-30,16.450001,18.594999,15.660000,18.270000,18.270000,136700
2018-01-31,18.350000,18.395000,16.500000,16.600000,16.600000,64400
2018-02-01,16.719999,16.910000,16.059999,16.420000,16.420000,51800
2018-02-02,16.290001,16.590000,16.160000,16.450001,16.450001,31100
2018-02-05,16.370001,16.370001,15.450000,15.520000,15.520000,88300
2018-02-06,15.220000,15.510000,14.800000,15.040000,15.040000,53600
2018-02-07,14.950000,15.140000,14.900000,15.090000,15.090000,43400
2018-02-08,16.580000,18.110001,14.955000,15.010000,15.010000,75400
2018-02-09,15.250000,16.010000,14.000000,14.010000,14.010000,107300
2018-02-12,14.140000,14.990000,13.540000,14.930000,14.930000,104800
2018-02-13,14.790000,14.970000,14.100000,14.700000,14.700000,48900
2018-02-14,14.550000,15.300000,14.255000,15.150000,15.150000,51800
2018-02-15,15.310000,16.340000,14.932000,15.940000,15.940000,66000
2018-02-16,15.970000,16.000000,14.200000,14.950000,14.950000,78100
2018-02-20,14.980000,15.420000,14.510000,14.640000,14.640000,38000
2018-02-21,14.740000,15.480000,14.100000,14.770000,14.770000,81500
2018-02-22,14.900000,16.580000,14.800000,15.250000,15.250000,90800
2018-02-23,15.390000,16.440001,15.390000,16.330000,16.330000,73500
2018-02-26,16.500000,19.830000,16.500000,19.170000,19.170000,246100
2018-02-27,19.530001,19.771000,17.680000,18.040001,18.040001,94000
2018-02-28,17.990000,18.759001,17.889999,18.330000,18.330000,38400
2018-03-01,18.002001,19.299999,18.002001,18.530001,18.530001,41900
2018-03-02,18.490000,20.309999,18.299999,20.240000,20.240000,73600
2018-03-05,20.240000,21.500000,19.040001,21.469999,21.469999,135000
2018-03-06,21.480000,22.639999,21.059999,21.940001,21.940001,115000
2018-03-07,21.940001,22.480000,21.879999,22.270000,22.270000,51000
2018-03-08,22.420000,24.100000,22.059999,22.330000,22.330000,180400
2018-03-09,22.330000,22.517000,21.750000,22.260000,22.260000,66700
2018-03-12,22.270000,23.799999,22.270000,23.500000,23.500000,140600
2018-03-13,23.790001,23.799999,21.270000,22.400000,22.400000,209300
2018-03-14,22.790001,25.590000,22.500000,25.230000,25.230000,211100
2018-03-15,25.730000,27.527000,23.882000,24.549999,24.549999,307300
2018-03-16,24.440001,26.040001,23.245001,26.020000,26.020000,355800
2018-03-19,25.920000,26.225000,24.410000,25.639999,25.639999,424200
2018-03-20,25.360001,25.719999,23.091000,24.559999,24.559999,136400
2018-03-21,24.459999,24.629999,23.129999,23.290001,23.290001,160600
2018-03-22,23.240000,24.389999,22.580000,23.740000,23.740000,87200
2018-03-23,24.010000,24.950001,24.000000,24.500000,24.500000,67200
2018-03-26,24.980000,25.423000,23.799999,24.309999,24.309999,51500
2018-03-27,24.400000,25.190001,23.719999,24.270000,24.270000,71600
2018-03-28,24.170000,24.760000,23.700001,24.000000,24.000000,60000
2018-03-29,24.059999,24.090000,21.580000,22.110001,22.110001,294300
2018-04-02,22.049999,22.049999,20.070000,20.420000,20.420000,91200
2018-04-03,20.559999,21.850000,19.240000,21.680000,21.680000,97500
2018-04-04,21.049999,24.129999,20.370001,23.790001,23.790001,72900
2018-04-05,23.980000,24.549999,22.510000,23.160000,23.160000,88000
2018-04-06,23.020000,23.959999,22.350000,23.250000,23.250000,52300
2018-04-09,23.450001,24.000000,22.629999,22.820000,22.820000,83200
2018-04-10,23.270000,25.850000,22.879999,25.240000,25.240000,105200
2018-04-11,25.219999,29.344999,24.680000,27.270000,27.270000,277000
2018-04-12,25.010000,28.440001,25.010000,26.590000,26.590000,179400
2018-04-13,26.780001,27.780001,26.455000,26.730000,26.730000,101600
2018-04-16,26.900000,32.000000,26.900000,30.000000,30.000000,275800
2018-04-17,27.290001,27.420000,24.405001,25.020000,25.020000,598300
2018-04-18,25.600000,26.660000,24.770000,26.370001,26.370001,331200
2018-04-19,25.820000,25.850000,23.610001,24.209999,24.209999,2725500
2018-04-20,24.350000,24.780001,24.049999,24.520000,24.520000,325200
2018-04-23,24.639999,24.639999,22.730000,23.420000,23.420000,283500
2018-04-24,23.629999,23.670000,21.910000,22.270000,22.270000,263700
2018-04-25,22.450001,22.520000,20.990000,22.350000,22.350000,272700
2018-04-26,22.510000,24.309999,22.510000,23.870001,23.870001,238200
2018-04-27,24.040001,25.420000,23.459999,25.100000,25.100000,172200
2018-04-30,25.219999,25.219999,23.240000,24.110001,24.110001,177400
2018-05-01,23.889999,23.889999,22.790001,22.940001,22.940001,110200
2018-05-02,23.070000,24.580000,23.049999,23.719999,23.719999,131000
2018-05-03,23.799999,24.700001,22.860001,23.740000,23.740000,124200
2018-05-04,23.670000,26.129999,23.530001,24.660000,24.660000,165100
2018-05-07,24.799999,25.520000,23.370001,25.400000,25.400000,438400
2018-05-08,25.250000,25.500000,23.459999,23.990000,23.990000,569800
2018-05-09,24.150000,24.620001,23.459999,24.440001,24.440001,308200
2018-05-10,24.620001,24.629999,23.879999,24.200001,24.200001,296100
2018-05-11,24.170000,25.139999,22.549999,24.490000,24.490000,1520300
2018-05-14,24.639999,25.129999,24.209999,24.690001,24.690001,427400
2018-05-15,24.230000,24.490000,23.320000,23.910000,23.910000,185700
2018-05-16,23.920000,24.059999,23.270000,23.809999,23.809999,446300
2018-05-17,23.700001,24.575001,23.520000,24.500000,24.500000,285900
2018-05-18,24.559999,24.920000,24.000000,24.680000,24.680000,340900
2018-05-21,24.250000,24.250000,21.209999,21.320000,21.320000,291500
2018-05-22,20.270000,21.590000,19.440001,19.860001,19.860001,392400
2018-05-23,19.780001,20.847000,19.379999,19.660000,19.660000,292400
2018-05-24,21.370001,21.370001,19.870001,20.230000,20.230000,303600
2018-05-25,20.059999,20.650000,20.059999,20.240000,20.240000,167700
2018-05-29,20.020000,20.700001,19.650000,19.840000,19.840000,258100
2018-05-30,20.459999,22.950001,20.370001,20.900000,20.900000,377400
2018-05-31,20.680000,21.200001,19.850000,20.410000,20.410000,552600
2018-06-01,20.420000,20.730000,18.885000,19.629999,19.629999,321200
2018-06-04,19.809999,20.670000,19.334999,20.250000,20.250000,360900
2018-06-05,20.150000,22.190001,20.120001,21.190001,21.190001,278700
2018-06-06,21.240000,22.049999,20.410000,20.799999,20.799999,297300
2018-06-07,20.980000,21.549999,20.290001,20.370001,20.370001,229400
2018-06-08,20.350000,21.260000,19.940001,20.000000,20.000000,334300
2018-06-11,19.889999,20.799999,19.889999,20.549999,20.549999,407000
2018-06-12,20.540001,21.160000,20.024000,20.709999,20.709999,481700
2018-06-13,20.709999,22.650000,20.500000,21.995001,21.995001,766600
2018-06-14,22.010000,22.879999,21.379999,22.070000,22.070000,497700
2018-06-15,22.070000,22.500000,21.730000,22.430000,22.430000,2082500
2018-06-18,22.400000,23.570000,22.400000,23.100000,23.100000,550800
2018-06-19,22.770000,24.290001,22.320000,24.209999,24.209999,458600
2018-06-20,24.170000,24.840000,23.200001,23.709999,23.709999,433700
2018-06-21,23.500000,24.000000,21.930000,21.950001,21.950001,529100
2018-06-22,22.200001,22.440001,20.549999,21.750000,21.750000,3567500
2018-06-25,21.510000,23.600000,21.389999,22.719999,22.719999,422500
2018-06-26,23.780001,23.896999,23.000000,23.500000,23.500000,668400
2018-06-27,24.000000,24.360001,21.879999,22.360001,22.360001,799500
2018-06-28,22.170000,22.480000,20.100000,21.309999,21.309999,478200
2018-06-29,21.459999,22.160000,21.020000,22.000000,22.000000,363600
2018-07-02,21.709999,21.930000,20.760000,21.030001,21.030001,280000
2018-07-03,21.000000,21.389999,20.730000,20.990000,20.990000,200700
2018-07-05,21.110001,21.139999,20.450001,21.000000,21.000000,313800
2018-07-06,20.980000,21.200001,20.690001,20.959999,20.959999,239100
2018-07-09,20.969999,20.969999,19.799999,20.280001,20.280001,275900
2018-07-10,21.040001,21.455000,19.790001,20.240000,20.240000,348200
2018-07-11,20.020000,20.129999,19.290001,19.299999,19.299999,241700
2018-07-12,19.490000,19.490000,17.820000,18.799999,18.799999,361700
2018-07-13,18.850000,19.209999,18.570000,18.950001,18.950001,299100
2018-07-16,18.959999,19.070000,18.010000,18.740000,18.740000,260200
2018-07-17,18.610001,19.209999,18.150000,18.360001,18.360001,190400
2018-07-18,18.370001,18.580000,17.530001,18.350000,18.350000,179900
2018-07-19,18.360001,18.799999,17.559999,18.590000,18.590000,233600
2018-07-20,18.490000,18.930000,17.750000,18.280001,18.280001,210100
2018-07-23,18.360001,19.010000,18.049999,18.360001,18.360001,235900
2018-07-24,18.860001,18.860001,17.330000,17.510000,17.510000,256700
2018-07-25,17.610001,18.160000,17.200001,17.559999,17.559999,202500
2018-07-26,17.559999,17.879999,17.000000,17.299999,17.299999,208600
2018-07-27,17.270000,17.530001,16.250000,16.570000,16.570000,321400
2018-07-30,18.129999,19.840000,17.250000,17.730000,17.730000,499700
2018-07-31,17.540001,18.780001,17.129999,18.400000,18.400000,461600
2018-08-01,17.260000,18.629999,16.700001,17.040001,17.040001,513600
2018-08-02,16.980000,17.520000,16.760000,17.450001,17.450001,221800
2018-08-03,16.980000,17.840000,16.500000,16.959999,16.959999,166900
2018-08-06,16.950001,17.309999,16.670000,17.030001,17.030001,186600
2018-08-07,17.070000,17.549999,16.959999,17.450001,17.450001,220800
2018-08-08,17.480000,18.270000,17.120001,18.020000,18.020000,159200
2018-08-09,17.930000,18.760000,17.930000,18.260000,18.260000,124300
2018-08-10,18.070000,18.799999,17.959999,18.480000,18.480000,128600
2018-08-13,18.430000,18.700001,18.020000,18.459999,18.459999,146600
2018-08-14,18.540001,19.200001,17.760000,18.049999,18.049999,183200
2018-08-15,17.830000,18.320000,17.270000,17.530001,17.530001,209600
2018-08-16,17.719999,18.990000,17.200001,18.830000,18.830000,309900
2018-08-17,18.730000,18.879999,17.040001,17.490000,17.490000,275300
2018-08-20,17.600000,17.680000,17.030001,17.120001,17.120001,124900
2018-08-21,17.040001,18.250000,17.010000,18.219999,18.219999,203300
2018-08-22,18.120001,18.750000,17.790001,18.090000,18.090000,155300
2018-08-23,18.040001,18.450001,17.709999,18.030001,18.030001,179300
2018-08-24,18.040001,18.410000,17.840000,18.190001,18.190001,167000
2018-08-27,18.290001,18.620001,17.799999,18.400000,18.400000,176800
2018-08-28,18.430000,18.639999,17.900000,18.480000,18.480000,190000
2018-08-29,18.610001,19.110001,18.420000,19.010000,19.010000,197700
2018-08-30,18.990000,19.629999,18.809999,19.160000,19.160000,157800
2018-08-31,19.129999,19.500000,19.059999,19.360001,19.360001,313500
2018-09-04,19.520000,20.160000,18.959999,19.850000,19.850000,230800
2018-09-05,20.000000,20.070000,19.299999,19.840000,19.840000,124100
2018-09-06,19.680000,19.825001,17.760000,17.770000,17.770000,180200
2018-09-07,17.750000,17.980000,16.900000,17.170000,17.170000,253000
2018-09-10,17.250000,17.760000,16.750000,17.690001,17.690001,205600
2018-09-11,17.660000,18.440001,17.389999,18.190001,18.190001,365900
2018-09-12,18.120001,19.070000,17.719999,18.740000,18.740000,293400
2018-09-13,19.100000,19.180000,16.889999,18.809999,18.809999,245100
2018-09-14,18.809999,19.350000,18.450001,18.510000,18.510000,207300
2018-09-17,18.500000,19.059999,17.750000,18.580000,18.580000,283200
2018-09-18,18.500000,19.261999,18.190001,18.219999,18.219999,311800
2018-09-19,18.250000,18.450001,17.809999,18.049999,18.049999,417200
2018-09-20,18.510000,20.020000,18.250000,19.969999,19.969999,437300
2018-09-21,20.000000,20.139999,19.030001,19.879999,19.879999,419200
2018-09-24,19.180000,20.139999,18.809999,19.030001,19.030001,214900
2018-09-25,19.350000,20.219999,18.330000,18.510000,18.510000,241700
2018-09-26,18.459999,18.580000,17.790001,18.260000,18.260000,192500
2018-09-27,18.320000,18.500000,17.100000,17.260000,17.260000,266300
2018-09-28,17.299999,17.840000,17.010000,17.780001,17.780001,303300
2018-10-01,18.129999,18.530001,17.410000,17.459999,17.459999,364000
2018-10-02,17.530001,17.530001,16.850000,17.370001,17.370001,498800
2018-10-03,17.350000,17.870001,16.573999,17.450001,17.450001,242500
2018-10-04,17.360001,17.580000,16.200001,16.299999,16.299999,271400
2018-10-05,16.400000,16.750000,15.440000,15.830000,15.830000,207100
2018-10-08,15.870000,16.379999,15.520000,15.980000,15.980000,196000
2018-10-09,15.780000,16.290001,15.390000,15.820000,15.820000,139100
2018-10-10,15.820000,15.960000,15.060000,15.110000,15.110000,350800
2018-10-11,14.830000,16.010000,14.630000,15.520000,15.520000,213100
2018-10-12,15.710000,16.129999,15.420000,15.750000,15.750000,162900
2018-10-15,15.770000,15.770000,15.010000,15.580000,15.580000,116500
2018-10-16,15.690000,16.780001,15.180000,16.650000,16.650000,167800
2018-10-17,16.610001,16.820000,16.009001,16.709999,16.709999,65800
2018-10-18,16.100000,16.100000,13.030000,13.860000,13.860000,1537400
2018-10-19,14.210000,15.090000,13.350000,13.435000,13.435000,365100
2018-10-22,13.420000,13.708000,12.290000,13.300000,13.300000,362700
2018-10-23,13.000000,14.100000,12.710000,13.290000,13.290000,330700
2018-10-24,13.340000,14.000000,11.450000,11.470000,11.470000,415700
2018-10-25,11.790000,13.330000,11.490000,13.080000,13.080000,316100
2018-10-26,12.800000,13.540000,12.420000,13.100000,13.100000,217800
2018-10-29,13.390000,13.640000,12.430000,12.720000,12.720000,144000
2018-10-30,12.670000,13.540000,12.670000,13.510000,13.510000,157700
2018-10-31,13.950000,14.510000,13.770000,13.990000,13.990000,390800
2018-11-01,14.140000,15.020000,13.880000,14.990000,14.990000,341200
2018-11-02,15.070000,15.506000,14.590000,15.000000,15.000000,206200
2018-11-05,15.070000,15.705000,14.610000,14.900000,14.900000,249000
2018-11-06,14.920000,15.615000,14.500000,15.140000,15.140000,115100
2018-11-07,15.380000,16.219999,15.290000,15.950000,15.950000,446100
2018-11-08,15.730000,16.250000,15.490000,15.840000,15.840000,159300
2018-11-09,15.550000,15.872000,14.000000,14.850000,14.850000,248900
2018-11-12,14.800000,14.900000,14.010000,14.740000,14.740000,116800
2018-11-13,15.440000,16.389999,15.000000,15.240000,15.240000,163300
2018-11-14,14.870000,15.860000,13.270000,13.670000,13.670000,287200
2018-11-15,13.640000,14.750000,13.240000,14.460000,14.460000,161300
2018-11-16,14.280000,15.170000,13.780000,15.090000,15.090000,277200
2018-11-19,14.950000,14.950000,14.030000,14.400000,14.400000,139900
2018-11-20,13.970000,14.595000,13.550000,14.390000,14.390000,124800
2018-11-21,14.730000,15.670000,14.500000,15.620000,15.620000,159000
2018-11-23,15.280000,16.530001,15.280000,16.110001,16.110001,90000
2018-11-26,16.430000,16.500000,15.790000,16.430000,16.430000,277200
2018-11-27,16.379999,16.379999,14.780000,15.020000,15.020000,152100
2018-11-28,15.280000,15.820000,14.890000,15.810000,15.810000,214700
2018-11-29,15.640000,15.880000,14.860000,15.130000,15.130000,158300
2018-11-30,15.210000,15.470000,14.730000,15.340000,15.340000,141300
2018-12-03,15.960000,18.400000,15.960000,18.059999,18.059999,600500
2018-12-04,17.930000,20.535000,17.580000,18.160000,18.160000,1329700
2018-12-06,18.139999,19.080000,17.719999,17.990000,17.990000,423600
2018-12-07,18.000000,18.000000,17.035000,17.730000,17.730000,308000
2018-12-10,17.860001,18.000000,16.930000,17.980000,17.980000,387200
2018-12-11,18.000000,18.480000,17.500000,17.940001,17.940001,205300
2018-12-12,18.309999,18.340000,17.465000,17.930000,17.930000,266100
2018-12-13,18.100000,18.820000,17.612000,18.709999,18.709999,353300
2018-12-14,18.620001,19.020000,18.040001,18.690001,18.690001,245600
2018-12-17,18.680000,19.000000,16.740000,16.969999,16.969999,420600
2018-12-18,17.219999,18.125000,15.740000,16.309999,16.309999,375800
2018-12-19,16.469999,16.650000,14.140000,14.240000,14.240000,425600
2018-12-20,14.240000,14.600000,12.470000,13.740000,13.740000,803100
2018-12-21,13.950000,15.451000,13.390000,14.280000,14.280000,1712700
2018-12-24,14.010000,14.205000,12.960000,13.070000,13.070000,222300
2018-12-26,13.280000,13.810000,13.010000,13.740000,13.740000,325100
2018-12-27,13.480000,13.580000,12.160000,13.260000,13.260000,285900
2018-12-28,13.410000,13.706000,12.980000,13.250000,13.250000,260900
2018-12-31,13.330000,13.360000,12.650000,13.190000,13.190000,237900
2019-01-02,12.910000,13.970000,12.910000,13.620000,13.620000,292000
2019-01-03,13.600000,13.950000,13.300000,13.510000,13.510000,290100
2019-01-04,13.740000,14.250000,13.610000,14.110000,14.110000,372100
2019-01-07,14.250000,14.370000,13.195000,13.850000,13.850000,347100
2019-01-08,14.190000,14.240000,13.330000,13.790000,13.790000,286600
2019-01-09,13.880000,14.080000,13.410000,13.930000,13.930000,194500
2019-01-10,13.890000,14.020000,13.330000,13.990000,13.990000,224600
2019-01-11,14.000000,15.060000,13.800000,14.970000,14.970000,822600
2019-01-14,14.800000,14.800000,14.460000,14.520000,14.520000,322500
2019-01-15,14.620000,14.990000,14.070000,14.840000,14.840000,159000
2019-01-16,14.880000,15.390000,14.860000,15.080000,15.080000,252100
2019-01-17,15.070000,15.130000,14.446000,14.730000,14.730000,168800
2019-01-18,14.780000,15.170000,14.430000,14.880000,14.880000,179600
2019-01-22,14.780000,14.960000,13.410000,13.440000,13.440000,205100
2019-01-23,12.720000,13.370000,12.560000,12.810000,12.810000,401400
2019-01-24,12.820000,13.320000,12.500000,13.160000,13.160000,287000
2019-01-25,13.250000,13.780000,12.820000,13.650000,13.650000,162400
2019-01-28,13.430000,13.890000,13.020000,13.230000,13.230000,145300
2019-01-29,13.280000,13.290000,12.510000,12.820000,12.820000,447600
2019-01-30,12.950000,13.600000,12.780000,13.570000,13.570000,170700
2019-01-31,13.520000,14.240000,13.440000,14.000000,14.000000,163400
2019-02-01,14.000000,14.030000,13.140000,13.400000,13.400000,159500
2019-02-04,13.700000,13.900000,13.120000,13.600000,13.600000,107500
2019-02-05,13.640000,14.095000,13.360000,13.440000,13.440000,135600
2019-02-06,13.450000,13.820000,13.320000,13.580000,13.580000,65500
2019-02-07,13.460000,13.460000,12.845000,13.020000,13.020000,150800
2019-02-08,13.010000,13.850000,13.010000,13.850000,13.850000,132500
2019-02-11,14.350000,14.420000,13.590000,13.720000,13.720000,105300
2019-02-12,13.830000,14.370000,13.505000,14.370000,14.370000,92000
2019-02-13,14.380000,14.550000,13.990000,14.070000,14.070000,160000
2019-02-14,14.060000,14.360000,13.720000,14.210000,14.210000,124600
2019-02-15,14.350000,14.450000,13.630000,13.840000,13.840000,207900
2019-02-19,13.910000,14.480000,13.610000,14.370000,14.370000,174600
2019-02-20,14.440000,14.795000,13.590000,13.870000,13.870000,135900
2019-02-21,13.930000,14.130000,13.040000,13.810000,13.810000,198600
2019-02-22,13.980000,14.240000,13.800000,14.220000,14.220000,131600
2019-02-25,14.460000,15.050000,14.450000,14.960000,14.960000,224500
2019-02-26,14.840000,15.000000,14.415000,14.500000,14.500000,86600
2019-02-27,14.490000,14.740000,14.030000,14.240000,14.240000,183700
2019-02-28,14.180000,15.320000,13.800000,15.150000,15.150000,438400
2019-03-01,15.300000,18.629999,15.300000,18.309999,18.309999,539400
2019-03-04,18.370001,18.950001,18.080000,18.450001,18.450001,829600
2019-03-05,18.379999,18.889999,18.270000,18.480000,18.480000,1148000
2019-03-06,18.480000,18.990000,18.115000,18.299999,18.299999,348200
2019-03-07,17.299999,19.700001,17.299999,18.980000,18.980000,2830100
2019-03-08,18.879999,19.465000,18.520000,19.410000,19.410000,327600
2019-03-11,19.559999,19.610001,18.715000,19.360001,19.360001,1507300
2019-03-12,19.379999,19.480000,18.469999,18.540001,18.540001,622500
2019-03-13,18.610001,19.309999,18.200001,18.980000,18.980000,1867600
2019-03-14,18.969999,19.680000,18.785000,19.330000,19.330000,148000
2019-03-15,19.400000,19.680000,18.670000,18.830000,18.830000,1213400
2019-03-18,18.870001,20.030001,18.830000,19.760000,19.760000,284200
2019-03-19,19.840000,20.010000,19.280001,19.820000,19.820000,174500
2019-03-20,19.850000,19.950001,18.730000,19.080000,19.080000,1060700
2019-03-21,19.080000,19.780001,19.070000,19.700001,19.700001,777000
2019-03-22,19.620001,19.770000,18.740000,18.900000,18.900000,841500
2019-03-25,18.879999,19.639999,18.700001,19.360001,19.360001,205300
2019-03-26,19.430000,19.870001,19.100000,19.389999,19.389999,780000
2019-03-27,19.389999,19.750000,18.680000,19.049999,19.049999,278600
2019-03-28,19.090000,19.379999,18.850000,19.080000,19.080000,507400
2019-03-29,19.500000,19.711000,19.209999,19.500000,19.500000,219000
2019-04-01,19.760000,19.879999,19.260000,19.480000,19.480000,224800
2019-04-02,19.530001,20.809999,19.430000,20.440001,20.440001,730100
2019-04-03,20.570000,20.889999,19.629999,20.490000,20.490000,515500
2019-04-04,20.400000,20.400000,20.000000,20.090000,20.090000,178400
2019-04-05,20.190001,20.690001,19.600000,20.150000,20.150000,1016400
2019-04-08,20.170000,20.490000,19.610001,19.770000,19.770000,903600
2019-04-09,19.750000,19.770000,18.590000,18.860001,18.860001,470000
2019-04-10,18.930000,19.100000,18.530001,18.690001,18.690001,409200
2019-04-11,18.690001,19.410000,18.670000,19.299999,19.299999,314500
2019-04-12,19.490000,19.650000,18.930000,19.440001,19.440001,293600
2019-04-15,19.510000,19.670000,18.490000,19.020000,19.020000,415800
2019-04-16,19.139999,19.639999,18.930000,19.129999,19.129999,704600
2019-04-17,19.250000,19.250000,18.180000,18.650000,18.650000,973700
2019-04-18,18.660000,18.920000,18.309999,18.879999,18.879999,179700
2019-04-22,18.879999,19.139999,18.500000,19.030001,19.030001,162900
2019-04-23,19.030001,19.459999,18.790001,19.330000,19.330000,391700
2019-04-24,19.290001,19.370001,18.690001,18.900000,18.900000,481200
2019-04-25,19.030001,19.450001,18.610001,19.260000,19.260000,157500
2019-04-26,19.200001,20.299999,19.025000,20.190001,20.190001,717300
2019-04-29,20.219999,20.459999,18.500000,19.940001,19.940001,170700
2019-04-30,20.070000,20.200001,19.020000,19.809999,19.809999,1501400
2019-05-01,19.930000,19.950001,18.660000,18.700001,18.700001,173300
2019-05-02,18.610001,19.010000,18.370001,18.770000,18.770000,123600
2019-05-03,18.730000,19.590000,18.670000,19.580000,19.580000,156900
2019-05-06,19.080000,19.820000,18.809999,19.730000,19.730000,1022300
2019-05-07,19.389999,19.650000,18.590000,19.010000,19.010000,214400
2019-05-08,19.010000,19.540001,18.350000,18.480000,18.480000,417600
2019-05-09,18.299999,19.360001,18.299999,19.200001,19.200001,196500
2019-05-10,19.080000,19.459999,18.920000,19.080000,19.080000,458400
2019-05-13,18.660000,18.875000,18.270000,18.400000,18.400000,234100
2019-05-14,18.459999,18.730000,18.129999,18.639999,18.639999,784700
2019-05-15,18.600000,18.990000,18.150000,18.930000,18.930000,750300
2019-05-16,18.959999,19.400000,18.290001,18.530001,18.530001,219500
2019-05-17,18.270000,18.530001,17.360001,18.000000,18.000000,394800
2019-05-20,17.850000,18.469999,17.520000,18.430000,18.430000,485600
2019-05-21,18.530001,20.049999,18.270000,20.020000,20.020000,396600
2019-05-22,19.950001,20.049999,19.040001,19.240000,19.240000,134400
2019-05-23,18.980000,19.533001,18.469999,19.469999,19.469999,161400
2019-05-24,19.590000,19.840000,18.780001,19.100000,19.100000,196500
2019-05-28,19.190001,20.930000,18.965000,20.709999,20.709999,1052800
2019-05-29,20.500000,21.180000,20.350000,20.910000,20.910000,384300
2019-05-30,20.990000,21.830000,20.420000,21.629999,21.629999,687600
2019-05-31,21.350000,21.695000,19.945000,20.090000,20.090000,307900
2019-06-03,20.100000,20.575001,19.920000,20.410000,20.410000,208000
2019-06-04,20.700001,21.410000,20.150000,21.180000,21.180000,343300
2019-06-05,21.309999,21.760000,20.799999,21.420000,21.420000,268900
2019-06-06,21.559999,22.209999,20.549999,21.400000,21.400000,357900
2019-06-07,21.570000,21.629999,21.070000,21.469999,21.469999,227900
2019-06-10,21.629999,21.889999,21.170000,21.270000,21.270000,319700
2019-06-11,21.340000,21.340000,20.379999,20.490000,20.490000,204700
2019-06-12,20.320000,21.730000,20.320000,21.340000,21.340000,174900
2019-06-13,21.520000,21.760000,20.959999,21.389999,21.389999,142000
2019-06-14,21.290001,21.540001,21.070000,21.170000,21.170000,152300
2019-06-17,21.100000,22.100000,21.100000,21.860001,21.860001,448200
2019-06-18,22.129999,22.900000,21.870001,22.889999,22.889999,643000
2019-06-19,22.930000,24.330000,22.549999,23.820000,23.820000,555600
2019-06-20,24.190001,24.219999,23.719999,24.030001,24.030001,434400
2019-06-21,23.840000,24.440001,22.959999,24.070000,24.070000,916800
2019-06-24,24.080000,24.450001,23.030001,23.059999,23.059999,405000
2019-06-25,23.100000,24.450001,23.065001,23.820000,23.820000,328000
2019-06-26,23.889999,24.000000,23.084999,23.400000,23.400000,283400
2019-06-27,23.559999,24.730000,23.559999,24.450001,24.450001,470700
2019-06-28,24.450001,25.410000,24.450001,25.340000,25.340000,1944500
2019-07-01,25.559999,26.240000,24.799999,25.430000,25.430000,302600
2019-07-02,25.480000,25.830000,24.950001,25.559999,25.559999,306100
2019-07-03,25.500000,26.430000,25.245001,26.309999,26.309999,229300
2019-07-05,26.270000,26.375000,25.309999,25.440001,25.440001,512200
2019-07-08,25.450001,26.180000,25.040001,25.920000,25.920000,254000
2019-07-09,26.160000,27.410000,25.910000,26.500000,26.500000,476700
2019-07-10,26.850000,26.900000,26.084999,26.879999,26.879999,239500
2019-07-11,26.860001,27.129999,26.010000,26.120001,26.120001,245800
2019-07-12,28.360001,29.070000,27.230000,27.350000,27.350000,981800
2019-07-15,27.530001,27.910000,26.059999,26.240000,26.240000,302900
2019-07-16,26.180000,27.129999,25.430000,26.680000,26.680000,429500
2019-07-17,26.660000,27.440001,26.660000,27.080000,27.080000,214600
2019-07-18,26.980000,27.923000,26.980000,27.389999,27.389999,317600
2019-07-19,27.360001,28.379999,26.809999,27.190001,27.190001,357700
2019-07-22,27.389999,29.510000,26.799999,29.160000,29.160000,364900
2019-07-23,29.070000,29.150000,27.860001,28.280001,28.280001,297800
2019-07-24,28.250000,29.040001,27.620001,28.980000,28.980000,262300
2019-07-25,28.950001,29.780001,27.260000,27.469999,27.469999,265300
2019-07-26,27.600000,28.950001,27.520000,28.760000,28.760000,333400
2019-07-29,28.680000,29.090000,27.879999,28.760000,28.760000,182700
2019-07-30,28.780001,29.170000,28.020000,28.860001,28.860001,263000
2019-07-31,28.990000,29.889999,27.820000,27.930000,27.930000,289300
2019-08-01,28.129999,29.370001,27.879999,28.040001,28.040001,404100
2019-08-02,27.629999,28.080000,26.750000,27.440001,27.440001,276800
2019-08-05,26.900000,27.040001,25.190001,25.250000,25.250000,479400
2019-08-06,25.490000,26.469999,25.473000,26.080000,26.080000,378400
2019-08-07,25.809999,27.250000,25.160000,26.660000,26.660000,263900
2019-08-08,26.809999,28.620001,26.590000,28.059999,28.059999,542100
2019-08-09,27.850000,28.680000,27.718000,28.330000,28.330000,304300
2019-08-12,28.049999,28.270000,26.510000,26.830000,26.830000,362700
2019-08-13,26.799999,27.870001,26.400000,27.490000,27.490000,331400
2019-08-14,27.049999,28.475000,26.780001,27.480000,27.480000,405900
2019-08-15,27.370001,27.370001,25.860001,26.920000,26.920000,336400
2019-08-16,27.160000,28.490000,26.930000,27.750000,27.750000,264000
2019-08-19,28.170000,29.110001,27.559999,28.900000,28.900000,392900
2019-08-20,29.040001,29.740000,29.040001,29.360001,29.360001,252700
2019-08-21,29.910000,30.250000,29.514999,29.959999,29.959999,379500
2019-08-22,30.010000,30.100000,29.450001,29.920000,29.920000,401200
2019-08-23,29.670000,29.900000,28.250000,28.330000,28.330000,239000
2019-08-26,28.750000,28.930000,27.620001,28.629999,28.629999,225900
2019-08-27,28.920000,29.500000,28.075001,28.260000,28.260000,277900
2019-08-28,28.059999,29.990000,27.826000,29.230000,29.230000,284200
2019-08-29,29.530001,29.990000,29.340000,29.680000,29.680000,463800
2019-08-30,29.840000,29.945000,28.260000,29.100000,29.100000,187800
2019-09-03,29.040001,29.530001,27.389999,27.410000,27.410000,207000
2019-09-04,28.219999,28.510000,27.570000,28.500000,28.500000,715500
2019-09-05,28.750000,30.860001,28.090000,30.129999,30.129999,718800
2019-09-06,30.150000,32.570000,29.870001,32.180000,32.180000,675100
2019-09-09,32.480000,33.180000,31.860001,32.029999,32.029999,552700
2019-09-10,31.820000,31.920000,30.200001,31.120001,31.120001,406900
2019-09-11,31.459999,31.900000,31.152000,31.570000,31.570000,343500
2019-09-12,28.270000,28.400000,26.240000,28.200001,28.200001,2930100
2019-09-13,28.200001,28.590000,26.750000,27.000000,27.000000,879200
2019-09-16,26.920000,27.350000,26.100000,26.209999,26.209999,799100
2019-09-17,26.040001,26.549999,25.750000,26.010000,26.010000,646600
2019-09-18,26.040001,27.070000,25.139999,26.250000,26.250000,1099100
2019-09-19,26.160000,26.950001,25.440001,25.480000,25.480000,801500
2019-09-20,25.469999,26.165001,25.250000,25.570000,25.570000,992700
2019-09-23,25.469999,25.549999,24.360001,24.690001,24.690001,575900
2019-09-24,24.920000,25.129999,23.830000,24.760000,24.760000,1014500
2019-09-25,24.760000,25.820000,24.580000,25.299999,25.299999,986400
2019-09-26,25.090000,25.549999,24.219999,24.549999,24.549999,405900
2019-09-27,24.799999,25.600000,24.340000,24.430000,24.430000,334600
2019-09-30,24.600000,24.790001,24.020000,24.090000,24.090000,457700
2019-10-01,23.980000,24.325001,22.090000,22.100000,22.100000,722400
2019-10-02,22.010000,24.000000,21.790001,23.240000,23.240000,973200
2019-10-03,23.190001,24.129999,22.219999,23.969999,23.969999,570100
2019-10-04,24.200001,24.860001,23.740000,24.760000,24.760000,350000
2019-10-07,24.680000,25.320000,23.920000,24.180000,24.180000,224200
2019-10-08,23.660000,24.010000,23.209999,23.330000,23.330000,338300
2019-10-09,23.559999,23.680000,22.870001,23.070000,23.070000,245000
2019-10-10,24.139999,25.330000,23.650000,24.840000,24.840000,844800
2019-10-11,25.000000,26.049999,25.000000,25.559999,25.559999,544900
2019-10-14,25.389999,26.400000,25.052999,26.379999,26.379999,996800
2019-10-15,26.270000,27.160000,24.820000,26.480000,26.480000,1096500
2019-10-16,26.400000,28.639999,26.350000,28.160000,28.160000,1561600
2019-10-17,28.059999,28.770000,27.320000,27.809999,27.809999,1384300
2019-10-18,27.559999,28.240000,27.090000,27.830000,27.830000,1062700
2019-10-21,28.010000,28.290001,27.250000,28.170000,28.170000,692600
2019-10-22,28.350000,28.559999,27.410000,27.940001,27.940001,368700
2019-10-23,27.760000,28.410000,27.250000,27.670000,27.670000,429400
2019-10-24,27.770000,27.950001,27.270000,27.590000,27.590000,600500
2019-10-25,27.469999,28.799999,27.250000,28.230000,28.230000,708600
2019-10-28,28.280001,29.219999,27.950001,28.809999,28.809999,363400
2019-10-29,28.799999,29.150000,27.760000,28.370001,28.370001,302800
2019-10-30,28.270000,29.000000,27.590000,28.889999,28.889999,345100
2019-10-31,28.760000,29.500000,28.520000,29.389999,29.389999,462400
2019-11-01,29.530001,30.969999,29.270000,30.500000,30.500000,576900
2019-11-04,30.600000,31.000000,29.834999,30.610001,30.610001,380600
2019-11-05,30.510000,31.350000,29.018999,30.370001,30.370001,602100
2019-11-06,30.350000,31.469999,30.254999,30.650000,30.650000,396300
2019-11-07,30.740000,31.320000,30.610001,30.799999,30.799999,328200
2019-11-08,30.650000,30.990000,29.400000,29.850000,29.850000,805900
2019-11-11,29.660000,30.209999,28.959999,29.030001,29.030001,821900
2019-11-12,29.150000,30.160000,28.900000,29.190001,29.190001,611200
2019-11-13,29.040001,29.350000,28.030001,28.280001,28.280001,384000
2019-11-14,28.170000,28.590000,27.150000,27.230000,27.230000,598700
2019-11-15,27.549999,27.559999,26.490000,27.490000,27.490000,579100
2019-11-18,27.469999,28.010000,26.955000,27.820000,27.820000,535600
2019-11-19,27.879999,29.049999,27.820000,28.889999,28.889999,517500
2019-11-20,28.850000,29.590000,27.881001,28.700001,28.700001,993100
2019-11-21,28.830000,29.020000,28.160000,28.520000,28.520000,444200
2019-11-22,28.200001,28.450001,26.780001,26.820000,26.820000,615600
2019-11-25,27.290001,28.230000,26.570000,28.080000,28.080000,507000
2019-11-26,27.945000,28.200001,27.559999,27.840000,27.840000,538800
2019-11-27,27.990000,28.000000,27.330000,27.540001,27.540001,726900
2019-11-29,27.350000,27.750000,26.760000,26.879999,26.879999,320800
2019-12-02,26.820000,27.510000,26.820000,26.860001,26.860001,803000
2019-12-03,26.750000,30.030001,26.549999,29.930000,29.930000,1335900
2019-12-04,30.000000,30.360001,28.570000,29.930000,29.930000,953000
2019-12-05,28.990000,29.650000,25.000000,25.850000,25.850000,3011600
2019-12-06,26.299999,26.299999,23.860001,23.990000,23.990000,1837500
2019-12-09,24.070000,24.915001,23.900000,24.299999,24.299999,1116300
2019-12-10,24.180000,26.590000,24.150000,26.549999,26.549999,1064200
2019-12-11,26.580000,27.020000,25.770000,26.330000,26.330000,594700
2019-12-12,26.450001,27.860001,26.250000,27.270000,27.270000,668400
2019-12-13,27.370001,28.000000,27.370001,27.680000,27.680000,809900
2019-12-16,27.950001,28.740000,27.875000,28.629999,28.629999,773400
2019-12-17,28.900000,29.500000,28.730000,29.490000,29.490000,696900
2019-12-18,29.629999,29.750000,27.799999,28.059999,28.059999,1863900
2019-12-19,28.459999,29.830000,28.459999,29.340000,29.340000,1106000
2019-12-20,29.500000,30.200001,28.920000,29.920000,29.920000,1782000
2019-12-23,30.000000,30.170000,28.520000,28.570000,28.570000,944100
2019-12-24,28.790001,29.250000,28.790001,29.010000,29.010000,444400
2019-12-26,29.080000,29.559999,28.770000,28.950001,28.950001,549600
2019-12-27,29.080000,29.490000,28.370001,28.740000,28.740000,616700
2019-12-30,28.690001,30.320000,28.372000,29.510000,29.510000,653400
2019-12-31,29.379999,30.790001,29.100000,30.620001,30.620001,658500
2020-01-02,30.959999,31.490000,30.490000,31.165001,31.165001,951200
2020-01-03,30.930000,31.530001,30.400000,31.520000,31.520000,1162200
2020-01-06,31.500000,31.500000,29.870001,30.190001,30.190001,1344900
2020-01-07,40.889999,42.480000,34.610001,38.730000,38.730000,17244100
2020-01-08,39.070000,41.480000,37.610001,39.139999,39.139999,6161800
2020-01-09,41.209999,41.349998,36.900002,37.099998,37.099998,7280300
2020-01-10,37.189999,39.470001,37.049999,38.430000,38.430000,3067700
2020-01-13,38.230000,40.459999,37.549999,40.340000,40.340000,3240400
2020-01-14,40.290001,41.930000,39.130001,41.849998,41.849998,1468200
2020-01-15,41.470001,42.669998,41.400002,42.060001,42.060001,1576900
2020-01-16,42.320000,42.349998,39.939999,40.380001,40.380001,1528500
2020-01-17,40.680000,41.810001,40.330002,40.500000,40.500000,1418600
2020-01-21,40.250000,43.139999,40.165001,43.040001,43.040001,1673500
2020-01-22,43.450001,44.000000,42.230000,42.470001,42.470001,1113200
2020-01-23,42.000000,42.910000,40.650002,42.290001,42.290001,1000100
2020-01-24,42.689999,42.900002,39.990002,41.299999,41.299999,864200
2020-01-27,40.169998,41.150002,39.959999,40.369999,40.369999,915900
2020-01-28,40.759998,41.930000,39.849998,41.650002,41.650002,593400
2020-01-29,41.459999,42.290001,40.639999,41.619999,41.619999,678100
2020-01-30,41.119999,41.860001,39.959999,41.509998,41.509998,1027000
2020-01-31,41.299999,41.500000,39.919998,41.110001,41.110001,801000
2020-02-03,41.099998,43.685001,41.049999,43.400002,43.400002,915700
2020-02-04,44.470001,44.470001,42.549999,43.439999,43.439999,850100
2020-02-05,43.830002,44.250000,42.919998,43.330002,43.330002,650700
2020-02-06,43.580002,43.750000,42.770000,43.500000,43.500000,444700
2020-02-07,43.540001,43.700001,41.840000,42.400002,42.400002,572300
2020-02-10,42.450001,45.040001,42.450001,44.330002,44.330002,850200
2020-02-11,44.730000,45.000000,43.150002,43.369999,43.369999,445000
2020-02-12,43.549999,43.880001,40.959999,41.450001,41.450001,948700
2020-02-13,41.570000,42.680000,40.890999,42.290001,42.290001,553400
2020-02-14,43.029999,43.029999,41.759998,41.980000,41.980000,395800
2020-02-18,41.709999,41.820000,40.330002,40.560001,40.560001,525400
2020-02-19,40.799999,41.320000,40.020000,40.310001,40.310001,660700
2020-02-20,40.139999,40.445000,38.310001,38.939999,38.939999,1103000
2020-02-21,39.029999,39.380001,36.720001,36.869999,36.869999,1079400
2020-02-24,35.950001,36.165001,34.730000,35.570000,35.570000,893600
2020-02-25,35.500000,35.900002,34.290001,34.509998,34.509998,816300
2020-02-26,34.330002,35.419998,33.720001,34.439999,34.439999,688000
2020-02-27,33.540001,35.369999,32.450001,33.599998,33.599998,1071100
2020-02-28,32.000000,34.759998,30.750000,34.619999,34.619999,1401700
2020-03-02,34.730000,37.759998,34.380001,36.660000,36.660000,1610400
2020-03-03,36.150002,37.590000,35.450001,36.169998,36.169998,888300
2020-03-04,37.230000,38.200001,36.340000,38.160000,38.160000,762900
2020-03-05,37.360001,38.490002,36.189999,36.799999,36.799999,639700
2020-03-06,35.849998,36.389999,33.160000,34.430000,34.430000,859500
2020-03-09,32.570000,34.799999,30.920000,30.930000,30.930000,1065700
2020-03-10,31.950001,32.259998,28.930000,30.950001,30.950001,1568500
2020-03-11,30.740000,31.090000,26.389999,27.230000,27.230000,1522100
2020-03-12,25.059999,27.000000,24.110001,24.650000,24.650000,1485300
2020-03-13,25.969999,26.792000,21.740000,25.650000,25.650000,1017500
2020-03-16,24.570000,24.570000,20.150000,20.160000,20.160000,1563200
2020-03-17,20.650000,20.650000,16.879999,17.910000,17.910000,1787000
2020-03-18,16.860001,20.100000,16.850000,20.000000,20.000000,1728100
2020-03-19,19.830000,23.620001,19.150000,22.900000,22.900000,1459800
2020-03-20,24.000000,25.240000,22.530001,24.410000,24.410000,1723100
2020-03-23,24.309999,25.889999,21.840000,23.900000,23.900000,823000
2020-03-24,25.200001,27.660000,25.160000,27.530001,27.530001,936100
2020-03-25,27.760000,30.180000,26.665001,28.370001,28.370001,1243500
2020-03-26,28.740000,30.309999,26.020000,27.000000,27.000000,796400
2020-03-27,26.059999,27.865000,26.059999,26.260000,26.260000,693000
2020-03-30,26.200001,28.799999,25.059999,28.680000,28.680000,767800
2020-03-31,28.959999,29.660000,26.389999,26.790001,26.790001,686600
2020-04-01,26.980000,27.780001,24.650000,24.799999,24.799999,812600
2020-04-02,24.820000,26.190001,24.344000,26.129999,26.129999,864900
2020-04-03,25.750000,26.400000,24.879999,25.250000,25.250000,400700
2020-04-06,25.990000,27.730000,25.830000,27.110001,27.110001,853700
2020-04-07,28.350000,28.360001,25.360001,25.510000,25.510000,653400
2020-04-08,25.750000,27.809999,25.400000,27.719999,27.719999,940400
2020-04-09,28.520000,29.250000,27.770000,28.150000,28.150000,1064600
2020-04-13,27.660000,28.469999,27.660000,28.110001,28.110001,1025600
2020-04-14,28.650000,31.000000,28.510000,30.650000,30.650000,1697000
2020-04-15,29.770000,32.389999,29.160000,31.980000,31.980000,1293800
2020-04-16,31.860001,33.029999,30.459999,31.540001,31.540001,1738200
2020-04-17,32.250000,34.790001,31.500000,34.720001,34.720001,1478900
2020-04-20,33.529999,36.400002,33.529999,35.750000,35.750000,1059000
2020-04-21,35.000000,35.564999,34.049999,34.860001,34.860001,622200
2020-04-22,35.709999,36.540001,34.974998,36.240002,36.240002,436600
2020-04-23,36.250000,38.330002,35.259998,35.490002,35.490002,651700
2020-04-24,35.360001,37.110001,34.910000,36.869999,36.869999,698400
2020-04-27,37.360001,39.320000,36.990002,38.490002,38.490002,671600
2020-04-28,39.980000,39.980000,36.430000,36.509998,36.509998,662200
2020-04-29,37.279999,37.279999,35.570000,35.750000,35.750000,631800
2020-04-30,34.750000,36.540001,34.139999,34.270000,34.270000,753900
2020-05-01,33.439999,33.619999,31.250000,32.020000,32.020000,913100
2020-05-04,31.590000,34.130001,31.420000,34.110001,34.110001,652700
2020-05-05,34.779999,36.779999,34.439999,35.299999,35.299999,612100
2020-05-06,36.130001,37.020000,34.570000,35.840000,35.840000,871600
2020-05-07,31.980000,32.134998,30.510000,31.250000,31.250000,4249200