Date,Open,High,Low,Close,Adj Close,Volume
2016-08-01,26.250000,26.799999,25.750000,26.500000,26.500000,34400
2016-08-02,26.250000,26.250000,25.049999,25.500000,25.500000,10900
2016-08-03,25.500000,25.500000,23.549999,24.500000,24.500000,15600
2016-08-04,24.450001,24.549999,23.150000,23.150000,23.150000,5200
2016-08-05,24.950001,24.950001,22.750000,23.500000,23.500000,4900
2016-08-08,24.049999,24.950001,24.000000,24.799999,24.799999,6900
2016-08-09,26.100000,26.350000,25.750000,26.000000,26.000000,16400
2016-08-10,26.250000,26.250000,24.700001,25.000000,25.000000,4000
2016-08-11,25.900000,25.900000,25.200001,25.200001,25.200001,800
2016-08-12,24.145000,25.950001,24.145000,25.950001,25.950001,1000
2016-08-15,25.000000,25.000000,24.150000,24.950001,24.950001,2900
2016-08-16,24.650000,25.250000,24.299999,24.450001,24.450001,2000
2016-08-17,23.650000,24.049999,23.500000,24.049999,24.049999,4400
2016-08-18,23.650000,23.650000,21.500000,21.950001,21.950001,8100
2016-08-19,21.500000,23.000000,21.500000,22.950001,22.950001,5200
2016-08-22,22.900000,23.250000,22.170000,23.200001,23.200001,5000
2016-08-23,24.700001,24.700001,23.725000,23.950001,23.950001,3400
2016-08-24,24.500000,24.500000,23.450001,23.799999,23.799999,3800
2016-08-25,23.459999,23.750000,23.459999,23.700001,23.700001,1200
2016-08-26,23.200001,24.100000,23.150000,24.100000,24.100000,300
2016-08-29,23.549999,23.850000,23.275000,23.850000,23.850000,1300
2016-08-30,23.650000,23.650000,23.250000,23.549999,23.549999,500
2016-08-31,23.049999,23.200001,22.250000,22.350000,22.350000,4100
2016-09-01,22.100000,22.200001,21.549999,22.000000,22.000000,4600
2016-09-02,22.000000,22.150000,21.200001,22.150000,22.150000,3100
2016-09-06,23.350000,23.350000,22.450001,22.950001,22.950001,6500
2016-09-07,22.750000,23.150000,22.299999,23.150000,23.150000,900
2016-09-08,23.200001,23.400000,23.150000,23.150000,23.150000,2100
2016-09-09,22.750000,22.850000,22.100000,22.170000,22.170000,9600
2016-09-12,22.549999,23.049999,22.500000,23.049999,23.049999,1100
2016-09-13,23.250000,23.250000,22.900000,23.049999,23.049999,1000
2016-09-14,23.049999,23.049999,22.150000,22.650000,22.650000,3100
2016-09-15,22.650000,22.650000,22.299999,22.299999,22.299999,400
2016-09-16,22.450001,23.250000,22.299999,22.600000,22.600000,3300
2016-09-19,23.500000,23.799999,23.450001,23.799999,23.799999,2800
2016-09-20,23.299999,23.299999,22.549999,23.250000,23.250000,1500
2016-09-21,22.799999,22.799999,22.010000,22.500000,22.500000,2600
2016-09-22,22.500000,22.549999,21.950001,22.450001,22.450001,1400
2016-09-23,22.250000,22.650000,21.900000,22.650000,22.650000,800
2016-09-26,22.450001,22.450001,21.950001,22.200001,22.200001,1400
2016-09-27,22.100000,22.400000,22.000000,22.400000,22.400000,1400
2016-09-28,22.500000,23.200001,22.260000,23.200001,23.200001,1000
2016-09-29,22.900000,22.900000,21.850000,22.700001,22.700001,1500
2016-09-30,23.500000,23.500000,22.850000,23.000000,23.000000,2200
2016-10-03,23.040001,23.040001,22.150000,22.924999,22.924999,900
2016-10-04,23.000000,23.150000,22.850000,23.150000,23.150000,900
2016-10-05,22.750000,22.850000,22.500000,22.850000,22.850000,2400
2016-10-06,22.750000,22.750000,22.299999,22.700001,22.700001,1700
2016-10-07,22.900000,23.049999,22.500000,23.049999,23.049999,500
2016-10-10,22.500000,22.500000,21.750000,22.000000,22.000000,2000
2016-10-11,21.500000,22.299999,21.500000,22.049999,22.049999,600
2016-10-12,22.100000,22.100000,21.850000,22.000000,22.000000,300
2016-10-13,21.750000,21.850000,20.150000,21.600000,21.600000,2700
2016-10-14,21.250000,22.299999,20.600000,21.100000,21.100000,500
2016-10-17,21.049999,21.500000,20.350000,20.950001,20.950001,1300
2016-10-18,20.600000,21.450001,20.150000,21.150000,21.150000,1000
2016-10-19,20.250000,20.500000,19.799999,20.500000,20.500000,600
2016-10-20,19.799999,19.850000,19.250000,19.250000,19.250000,1300
2016-10-21,19.250000,19.309999,18.400000,19.309999,19.309999,1400
2016-10-24,19.200001,20.395000,19.200001,20.200001,20.200001,3800
2016-10-25,20.799999,20.799999,20.799999,20.799999,20.799999,0
2016-10-26,20.799999,21.400000,19.799999,21.400000,21.400000,900
2016-10-27,20.900000,21.000000,20.000000,20.299999,20.299999,2600
2016-10-28,20.129999,21.500000,20.100000,21.500000,21.500000,1700
2016-10-31,21.150000,21.200001,20.955000,20.955000,20.955000,500
2016-11-01,20.650000,20.750000,20.500000,20.750000,20.750000,800
2016-11-02,20.299999,20.799999,20.299999,20.549999,20.549999,800
2016-11-03,20.500000,20.500000,20.500000,20.500000,20.500000,0
2016-11-04,20.450001,20.500000,20.000000,20.500000,20.500000,300
2016-11-07,19.200001,19.750000,18.900000,19.750000,19.750000,400
2016-11-08,19.299999,20.700001,18.799999,18.799999,18.799999,500
2016-11-09,19.100000,19.350000,17.400000,17.799999,17.799999,4600
2016-11-10,18.100000,19.325001,17.695000,19.000000,19.000000,1900
2016-11-11,18.900000,18.900000,18.250000,18.650000,18.650000,600
2016-11-14,18.700001,19.250000,17.600000,18.250000,18.250000,3100
2016-11-15,17.780001,17.875000,17.760000,17.760000,17.760000,200
2016-11-16,17.760000,17.760000,17.760000,17.760000,17.760000,0
2016-11-17,17.500000,17.500000,17.250000,17.299999,17.299999,400
2016-11-18,17.799999,17.799999,17.799999,17.799999,17.799999,100
2016-11-21,16.900000,17.200001,16.549999,17.200001,17.200001,700
2016-11-22,16.950001,16.950001,16.950001,16.950001,16.950001,0
2016-11-23,16.950001,16.950001,16.950001,16.950001,16.950001,0
2016-11-25,16.905001,16.905001,16.905001,16.905001,16.905001,100
2016-11-28,16.850000,16.900000,16.650000,16.650000,16.650000,300
2016-11-29,17.150000,17.150000,16.440001,16.440001,16.440001,100
2016-11-30,16.000000,16.000000,16.000000,16.000000,16.000000,800
2016-12-01,14.650000,14.700000,13.550000,14.230000,14.230000,2500
2016-12-02,13.750000,14.750000,13.750000,14.750000,14.750000,1400
2016-12-05,14.650000,14.800000,13.300000,14.100000,14.100000,4300
2016-12-06,14.100000,14.165000,13.650000,13.650000,13.650000,2300
2016-12-07,13.500000,13.500000,12.750000,13.350000,13.350000,1800
2016-12-08,13.600000,14.400000,13.600000,14.000000,14.000000,500
2016-12-09,14.000000,14.000000,14.000000,14.000000,14.000000,0
2016-12-12,14.000000,14.000000,14.000000,14.000000,14.000000,0
2016-12-13,14.000000,14.000000,14.000000,14.000000,14.000000,0
2016-12-14,14.000000,14.000000,14.000000,14.000000,14.000000,0
2016-12-15,14.000000,14.000000,14.000000,14.000000,14.000000,0
2016-12-16,14.000000,14.000000,14.000000,14.000000,14.000000,0
2016-12-19,13.100000,13.750000,13.000000,13.650000,13.650000,500
2016-12-20,13.650000,13.650000,13.650000,13.650000,13.650000,0
2016-12-21,12.300000,13.650000,12.300000,13.300000,13.300000,400
2016-12-22,13.300000,13.300000,13.300000,13.300000,13.300000,0
2016-12-23,11.500000,13.750000,11.500000,13.465000,13.465000,1000
2016-12-27,14.850000,15.000000,14.000000,14.000000,14.000000,3700
2016-12-28,14.750000,16.100000,14.750000,15.400000,15.400000,1600
2016-12-29,14.500000,15.250000,14.500000,15.200000,15.200000,400
2016-12-30,15.450000,15.450000,15.450000,15.450000,15.450000,0
2017-01-03,15.950000,15.950000,15.340000,15.340000,15.340000,400
2017-01-04,15.950000,17.500000,15.950000,16.400000,16.400000,2200
2017-01-05,17.250000,17.250000,17.250000,17.250000,17.250000,200
2017-01-06,16.250000,16.250000,16.250000,16.250000,16.250000,0
2017-01-09,16.950001,17.500000,16.250000,16.740000,16.740000,2200
2017-01-10,17.725000,17.750000,17.379999,17.629999,17.629999,400
2017-01-11,16.250000,16.600000,16.250000,16.600000,16.600000,1000
2017-01-12,22.250000,43.900002,20.235001,30.549999,30.549999,1502100
2017-01-13,27.000000,28.725000,20.500000,21.750000,21.750000,103900
2017-01-17,22.500000,22.500000,17.500000,18.049999,18.049999,26900
2017-01-18,19.350000,20.000000,18.750000,19.299999,19.299999,18500
2017-01-19,19.750000,19.799999,18.549999,18.799999,18.799999,5300
2017-01-20,18.400000,19.100000,18.350000,19.100000,19.100000,6400
2017-01-23,17.000000,17.799999,17.000000,17.700001,17.700001,10600
2017-01-24,16.500000,17.110001,16.250000,16.900000,16.900000,9700
2017-01-25,17.600000,18.049999,16.549999,16.799999,16.799999,8900
2017-01-26,17.000000,17.150000,15.750000,16.450001,16.450001,6700
2017-01-27,16.450001,16.450001,15.545000,15.900000,15.900000,4500
2017-01-30,15.700000,16.250000,15.500000,15.695000,15.695000,8100
2017-01-31,14.700000,15.800000,14.700000,15.485000,15.485000,6300
2017-02-01,15.850000,19.250000,15.850000,17.250000,17.250000,15700
2017-02-02,18.200001,28.549999,17.780001,20.100000,20.100000,82000
2017-02-03,19.500000,20.049999,17.400000,18.700001,18.700001,13600
2017-02-06,20.350000,21.225000,19.650000,20.250000,20.250000,7100
2017-02-07,20.549999,21.695000,20.549999,20.850000,20.850000,5500
2017-02-08,27.100000,33.849998,23.700001,24.799999,24.799999,1134600
2017-02-09,23.150000,25.950001,23.150000,24.950001,24.950001,44500
2017-02-10,24.500000,25.500000,24.500000,25.299999,25.299999,16700
2017-02-13,25.250000,25.750000,24.450001,25.750000,25.750000,20300
2017-02-14,25.600000,33.750000,25.600000,30.600000,30.600000,311100
2017-02-15,30.000000,32.000000,28.620001,30.000000,30.000000,47900
2017-02-16,30.750000,30.750000,28.750000,29.150000,29.150000,20500
2017-02-17,28.850000,29.850000,28.500000,29.150000,29.150000,7200
2017-02-21,35.500000,38.849998,32.650002,33.599998,33.599998,379000
2017-02-22,34.349998,34.349998,29.850000,30.250000,30.250000,29300
2017-02-23,30.150000,32.200001,30.150000,31.100000,31.100000,8100
2017-02-24,31.250000,32.365002,30.100000,30.700001,30.700001,6300
2017-02-27,31.750000,32.500000,30.700001,31.250000,31.250000,9900
2017-02-28,31.100000,34.950001,31.100000,32.950001,32.950001,33800
2017-03-01,33.700001,35.000000,33.150002,34.049999,34.049999,13400
2017-03-02,34.250000,36.450001,34.049999,34.250000,34.250000,14300
2017-03-03,36.250000,36.250000,32.799999,33.700001,33.700001,4500
2017-03-06,33.549999,33.549999,31.299999,31.750000,31.750000,8000
2017-03-07,31.400000,32.150002,30.000000,32.049999,32.049999,6900
2017-03-08,32.200001,33.349998,31.700001,32.549999,32.549999,6200
2017-03-09,32.250000,32.549999,31.025000,31.750000,31.750000,3400
2017-03-10,31.840000,34.195000,31.629999,33.250000,33.250000,3600
2017-03-13,32.799999,33.025002,31.799999,31.950001,31.950001,7700
2017-03-14,31.600000,31.750000,31.200001,31.299999,31.299999,3900
2017-03-15,31.750000,32.375000,31.500000,31.799999,31.799999,3500
2017-03-16,31.450001,31.950001,30.500000,31.150000,31.150000,2700
2017-03-17,31.750000,32.549999,31.200001,31.750000,31.750000,1900
2017-03-20,31.750000,31.750000,31.200001,31.200001,31.200001,2600
2017-03-21,31.500000,31.500000,30.000000,30.049999,30.049999,5600
2017-03-22,29.850000,30.594999,29.115000,29.700001,29.700001,5800
2017-03-23,32.150002,32.150002,30.250000,31.135000,31.135000,4400
2017-03-24,30.500000,32.064999,30.500000,31.320000,31.320000,1100
2017-03-27,43.849998,67.500000,42.750000,54.500000,54.500000,1825000
2017-03-28,51.599998,53.750000,39.500000,41.500000,41.500000,250200
2017-03-29,39.000000,44.450001,38.200001,43.700001,43.700001,69500
2017-03-30,43.500000,45.450001,41.400002,44.900002,44.900002,32300
2017-03-31,46.150002,46.150002,40.500000,43.000000,43.000000,25100
2017-04-03,49.450001,53.209999,44.750000,47.549999,47.549999,293400
2017-04-04,48.349998,48.349998,44.900002,45.500000,45.500000,47700
2017-04-05,45.000000,46.349998,43.759998,46.299999,46.299999,26300
2017-04-06,45.650002,47.950001,42.750000,47.849998,47.849998,28100
2017-04-07,44.099998,46.299999,40.000000,43.450001,43.450001,39200
2017-04-10,43.650002,44.000000,41.599998,43.250000,43.250000,8600
2017-04-11,42.599998,43.049999,41.310001,42.150002,42.150002,5000
2017-04-12,42.299999,42.299999,40.599998,41.349998,41.349998,10100
2017-04-13,41.250000,41.650002,40.599998,41.250000,41.250000,4900
2017-04-17,40.750000,41.750000,40.049999,41.599998,41.599998,5400
2017-04-18,41.049999,41.450001,39.299999,40.000000,40.000000,13300
2017-04-19,39.900002,40.799999,39.250000,40.049999,40.049999,8400
2017-04-20,41.000000,41.380001,40.049999,40.299999,40.299999,3900
2017-04-21,40.250000,40.700001,39.599998,39.700001,39.700001,1800
2017-04-24,40.599998,40.700001,40.150002,40.500000,40.500000,3500
2017-04-25,41.150002,46.150002,40.450001,41.599998,41.599998,53500
2017-04-26,41.049999,41.049999,40.110001,40.250000,40.250000,2900
2017-04-27,45.000000,47.500000,43.000000,45.665001,45.665001,47300
2017-04-28,47.450001,49.450001,45.750000,46.299999,46.299999,19300
2017-05-01,45.650002,47.125000,44.000000,44.450001,44.450001,7900
2017-05-02,44.250000,44.799999,42.500000,44.700001,44.700001,9400
2017-05-03,47.400002,48.000000,45.650002,46.849998,46.849998,46900
2017-05-04,48.500000,48.500000,45.349998,46.099998,46.099998,7800
2017-05-05,47.500000,47.549999,46.500000,47.200001,47.200001,7800
2017-05-08,47.400002,47.549999,46.255001,47.450001,47.450001,5600
2017-05-09,48.500000,51.200001,48.334999,50.250000,50.250000,35700
2017-05-10,50.500000,51.000000,49.505001,50.700001,50.700001,10100
2017-05-11,51.450001,51.974998,50.000000,50.049999,50.049999,14000
2017-05-12,51.075001,51.075001,49.599998,50.000000,50.000000,6000
2017-05-15,50.950001,51.950001,50.755001,51.599998,51.599998,4400
2017-05-16,51.250000,52.799999,51.250000,51.799999,51.799999,7500
2017-05-17,49.950001,49.950001,44.950001,47.400002,47.400002,14800
2017-05-18,46.849998,48.299999,45.000000,47.549999,47.549999,10200
2017-05-19,47.299999,48.950001,46.669998,47.849998,47.849998,3400
2017-05-22,48.580002,48.580002,46.849998,47.500000,47.500000,2900
2017-05-23,50.150002,50.150002,47.250000,47.950001,47.950001,5400
2017-05-24,47.250000,47.794998,45.750000,46.099998,46.099998,5600
2017-05-25,46.150002,47.950001,46.150002,46.900002,46.900002,3400
2017-05-26,47.549999,48.500000,46.049999,46.200001,46.200001,2000
2017-05-30,49.900002,49.900002,45.500000,46.150002,46.150002,4800
2017-05-31,45.500000,46.924999,45.500000,45.650002,45.650002,2000
2017-06-01,45.549999,46.599998,44.755001,44.900002,44.900002,5900
2017-06-02,44.200001,45.500000,44.049999,44.049999,44.049999,4000
2017-06-05,43.750000,44.005001,42.549999,42.799999,42.799999,5400
2017-06-06,42.150002,43.665001,41.049999,42.450001,42.450001,10400
2017-06-07,41.049999,41.799999,40.000000,40.000000,40.000000,7400
2017-06-08,39.049999,39.709999,37.580002,38.700001,38.700001,11500
2017-06-09,38.750000,39.450001,38.000000,38.000000,38.000000,4100
2017-06-12,44.150002,45.599998,40.299999,40.950001,40.950001,10400
2017-06-13,42.700001,43.650002,41.310001,43.650002,43.650002,6600
2017-06-14,44.650002,44.650002,41.049999,41.450001,41.450001,2600
2017-06-15,40.799999,40.849998,38.500000,39.200001,39.200001,4400
2017-06-16,39.150002,42.134998,38.750000,40.250000,40.250000,5100
2017-06-19,40.200001,41.099998,39.750000,41.099998,41.099998,2500
2017-06-20,40.500000,42.549999,40.325001,42.400002,42.400002,3700
2017-06-21,42.099998,43.750000,40.049999,40.049999,40.049999,6000
2017-06-22,40.450001,42.450001,40.200001,41.750000,41.750000,2000
2017-06-23,42.950001,42.950001,40.830002,42.099998,42.099998,4400
2017-06-26,43.400002,44.974998,42.450001,42.650002,42.650002,10900
2017-06-27,42.250000,42.735001,40.400002,40.500000,40.500000,3200
2017-06-28,39.799999,41.750000,39.799999,41.049999,41.049999,5000
2017-06-29,41.299999,43.400002,40.650002,43.200001,43.200001,5000
2017-06-30,42.900002,44.299999,40.299999,40.299999,40.299999,7500
2017-07-03,40.049999,40.599998,38.299999,39.099998,39.099998,4600
2017-07-05,39.700001,39.950001,38.450001,39.625000,39.625000,5800
2017-07-06,39.049999,40.700001,38.450001,40.700001,40.700001,6800
2017-07-07,40.400002,42.064999,39.500000,39.500000,39.500000,5100
2017-07-10,39.250000,39.485001,38.500000,38.650002,38.650002,1600
2017-07-11,37.900002,40.000000,37.900002,39.000000,39.000000,2200
2017-07-12,39.000000,39.950001,38.500000,39.500000,39.500000,7200
2017-07-13,38.849998,39.700001,38.849998,39.000000,39.000000,2700
2017-07-14,39.070000,40.250000,38.875000,40.250000,40.250000,6500
2017-07-17,39.299999,39.950001,38.500000,38.500000,38.500000,8300
2017-07-18,38.500000,38.599998,36.900002,36.900002,36.900002,3600
2017-07-19,36.700001,38.900002,36.700001,38.849998,38.849998,6800
2017-07-20,37.500000,38.700001,37.110001,37.900002,37.900002,5200
2017-07-21,37.450001,39.055000,37.150002,37.599998,37.599998,2600
2017-07-24,38.650002,39.700001,37.500000,38.400002,38.400002,8600
2017-07-25,39.250000,39.549999,37.794998,38.049999,38.049999,3900
2017-07-26,38.400002,39.099998,37.500000,37.750000,37.750000,4000
2017-07-27,38.349998,39.250000,37.299999,37.349998,37.349998,4100
2017-07-28,38.200001,38.400002,37.450001,37.450001,37.450001,300
2017-07-31,38.400002,39.450001,37.049999,37.099998,37.099998,1700
2017-08-01,38.200001,38.825001,37.250000,38.825001,38.825001,700
2017-08-02,37.750000,38.250000,36.299999,36.599998,36.599998,4400
2017-08-03,36.500000,36.900002,34.400002,35.349998,35.349998,12900
2017-08-04,34.205002,36.900002,34.205002,34.250000,34.250000,4000
2017-08-07,33.549999,33.549999,32.599998,33.150002,33.150002,4100
2017-08-08,32.750000,34.400002,32.750000,33.000000,33.000000,3600
2017-08-09,33.900002,33.900002,33.055000,33.189999,33.189999,1700
2017-08-10,33.599998,33.610001,31.350000,31.400000,31.400000,2600
2017-08-11,32.500000,32.500000,30.799999,31.250000,31.250000,1100
2017-08-14,31.049999,32.750000,31.049999,32.250000,32.250000,2200
2017-08-15,32.049999,33.049999,31.700001,32.200001,32.200001,700
2017-08-16,31.500000,32.500000,31.450001,31.549999,31.549999,2300
2017-08-17,32.750000,33.195000,32.000000,32.900002,32.900002,2100
2017-08-18,34.000000,37.000000,32.965000,35.299999,35.299999,10300
2017-08-21,35.750000,37.244999,35.000000,35.500000,35.500000,4800
2017-08-22,35.150002,36.445000,34.099998,34.950001,34.950001,6200
2017-08-23,34.549999,36.799999,34.549999,36.299999,36.299999,8500
2017-08-24,35.400002,36.349998,35.299999,36.150002,36.150002,800
2017-08-25,36.430000,36.500000,36.000000,36.000000,36.000000,1000
2017-08-28,37.750000,37.750000,35.400002,36.000000,36.000000,2600
2017-08-29,35.799999,37.750000,35.680000,37.400002,37.400002,8200
2017-08-30,36.500000,40.290001,36.500000,39.849998,39.849998,8800
2017-08-31,40.500000,44.650002,39.500000,43.900002,43.900002,8900
2017-09-01,45.000000,47.250000,43.900002,45.650002,45.650002,13800
2017-09-05,51.200001,56.900002,49.000000,50.299999,50.299999,68500
2017-09-06,51.500000,51.500000,47.700001,49.950001,49.950001,20000
2017-09-07,42.500000,46.334999,40.799999,42.299999,42.299999,45600
2017-09-08,42.450001,43.000000,41.750000,41.900002,41.900002,3200
2017-09-11,41.000000,41.720001,39.000000,40.049999,40.049999,12100
2017-09-12,40.450001,42.750000,40.450001,40.750000,40.750000,4900
2017-09-13,40.599998,40.950001,39.950001,40.099998,40.099998,3700
2017-09-14,40.349998,44.349998,40.099998,41.549999,41.549999,5100
2017-09-15,42.000000,43.900002,40.700001,41.150002,41.150002,4300
2017-09-18,40.500000,41.250000,39.000000,39.000000,39.000000,6800
2017-09-19,39.349998,41.250000,38.500000,40.299999,40.299999,13400
2017-09-20,40.750000,41.799999,39.750000,40.099998,40.099998,3200
2017-09-21,40.000000,41.849998,40.000000,40.450001,40.450001,300
2017-09-22,40.849998,42.000000,40.849998,41.400002,41.400002,800
2017-09-25,42.400002,42.564999,41.599998,41.799999,41.799999,10000
2017-09-26,41.799999,42.900002,41.599998,42.099998,42.099998,3400
2017-09-27,41.950001,41.950001,40.500000,40.549999,40.549999,3800
2017-09-28,41.250000,41.250000,40.150002,40.299999,40.299999,3900
2017-09-29,40.250000,40.310001,39.750000,39.750000,39.750000,1200
2017-10-02,39.500000,40.764999,39.500000,40.650002,40.650002,4400
2017-10-03,40.000000,40.299999,39.250000,39.349998,39.349998,2000
2017-10-04,39.750000,40.000000,39.049999,39.384998,39.384998,800
2017-10-05,39.580002,40.255001,39.580002,39.849998,39.849998,500
2017-10-06,40.000000,40.700001,40.000000,40.700001,40.700001,400
2017-10-09,40.500000,40.869999,40.000000,40.099998,40.099998,2400
2017-10-10,40.000000,40.250000,39.500000,39.500000,39.500000,1300
2017-10-11,38.950001,40.205002,38.950001,39.500000,39.500000,2700
2017-10-12,39.099998,40.500000,39.099998,39.099998,39.099998,1700
2017-10-13,39.500000,40.450001,39.055000,40.450001,40.450001,2000
2017-10-16,39.500000,39.950001,39.150002,39.150002,39.150002,2400
2017-10-17,39.000000,40.000000,39.000000,39.900002,39.900002,2800
2017-10-18,39.500000,39.950001,38.950001,39.299999,39.299999,700
2017-10-19,38.950001,39.150002,38.549999,39.099998,39.099998,1500
2017-10-20,39.650002,40.450001,39.005001,39.599998,39.599998,600
2017-10-23,39.349998,40.250000,39.000000,39.450001,39.450001,1100
2017-10-24,39.450001,40.799999,39.450001,39.799999,39.799999,2000
2017-10-25,47.450001,52.500000,43.799999,44.099998,44.099998,340300
2017-10-26,43.000000,44.400002,40.250000,44.000000,44.000000,19200
2017-10-27,43.500000,45.900002,43.500000,45.250000,45.250000,5700
2017-10-30,44.799999,45.500000,43.000000,43.500000,43.500000,4600
2017-10-31,43.525002,46.500000,42.650002,46.500000,46.500000,4500
2017-11-01,46.000000,47.599998,44.150002,45.099998,45.099998,4700
2017-11-02,44.349998,44.450001,40.500000,42.150002,42.150002,15600
2017-11-03,42.250000,46.500000,40.599998,43.450001,43.450001,7900
2017-11-06,42.500000,43.500000,42.500000,42.750000,42.750000,2800
2017-11-07,42.950001,42.950001,41.900002,42.049999,42.049999,3800
2017-11-08,42.215000,42.215000,41.049999,41.049999,41.049999,3000
2017-11-09,41.000000,41.049999,40.599998,41.049999,41.049999,3200
2017-11-10,41.700001,41.700001,41.099998,41.200001,41.200001,900
2017-11-13,41.099998,41.099998,38.150002,38.500000,38.500000,9200
2017-11-14,38.250000,40.000000,37.330002,38.549999,38.549999,4200
2017-11-15,38.250000,40.400002,38.115002,39.950001,39.950001,2800
2017-11-16,38.299999,42.099998,38.299999,39.799999,39.799999,16100
2017-11-17,40.099998,40.650002,39.099998,39.900002,39.900002,2700
2017-11-20,40.450001,40.450001,38.549999,38.750000,38.750000,2900
2017-11-21,40.805000,40.805000,38.250000,39.000000,39.000000,8600
2017-11-22,39.250000,40.020000,36.500000,37.500000,37.500000,12400
2017-11-24,37.500000,37.950001,37.299999,37.950001,37.950001,1900
2017-11-27,38.000000,38.049999,35.500000,36.849998,36.849998,6400
2017-11-28,36.750000,39.750000,36.264999,38.799999,38.799999,14000
2017-11-29,36.349998,41.750000,36.349998,41.500000,41.500000,14300
2017-11-30,40.950001,43.450001,40.950001,41.799999,41.799999,5300
2017-12-01,43.575001,43.575001,41.250000,43.395000,43.395000,10000
2017-12-04,41.500000,41.500000,37.049999,38.500000,38.500000,18500
2017-12-05,37.785000,39.450001,37.700001,38.299999,38.299999,2800
2017-12-06,37.599998,38.500000,35.599998,35.650002,35.650002,4200
2017-12-07,36.549999,38.009998,36.500000,37.650002,37.650002,1200
2017-12-08,38.900002,39.200001,36.700001,39.000000,39.000000,3300
2017-12-11,38.250000,38.900002,37.549999,37.650002,37.650002,7400
2017-12-12,37.549999,38.645000,36.669998,37.750000,37.750000,6200
2017-12-13,37.250000,37.700001,36.450001,36.549999,36.549999,3100
2017-12-14,36.599998,37.645000,36.049999,36.549999,36.549999,2200
2017-12-15,36.250000,36.665001,34.500000,34.599998,34.599998,7800
2017-12-18,33.099998,35.154999,33.099998,34.849998,34.849998,3100
2017-12-19,34.750000,35.299999,32.599998,32.599998,32.599998,13000
2017-12-20,32.049999,34.299999,31.100000,33.549999,33.549999,4900
2017-12-21,33.549999,36.535000,33.549999,36.535000,36.535000,4300
2017-12-22,35.049999,35.674999,34.349998,35.299999,35.299999,3600
2017-12-26,35.299999,36.599998,35.299999,35.650002,35.650002,2500
2017-12-27,35.349998,36.230000,32.570000,34.200001,34.200001,4300
2017-12-28,33.875000,35.750000,33.099998,34.820000,34.820000,8600
2017-12-29,35.750000,36.500000,35.000000,35.000000,35.000000,5700
2018-01-02,35.049999,38.750000,35.049999,38.750000,38.750000,6600
2018-01-03,38.500000,39.744999,35.000000,35.599998,35.599998,3700
2018-01-04,60.000000,67.500000,48.049999,49.049999,49.049999,766900
2018-01-05,50.000000,52.000000,46.500000,49.950001,49.950001,70600
2018-01-08,50.000000,50.000000,47.500000,47.849998,47.849998,68200
2018-01-09,48.450001,49.700001,40.000000,43.250000,43.250000,40800
2018-01-10,42.750000,45.900002,41.250000,44.549999,44.549999,15800
2018-01-11,44.049999,45.950001,43.000000,44.650002,44.650002,9300
2018-01-12,45.450001,46.000000,43.000000,43.799999,43.799999,5500
2018-01-16,45.349998,45.529999,42.500000,44.400002,44.400002,12000
2018-01-17,44.400002,44.400002,42.650002,43.900002,43.900002,5900
2018-01-18,43.450001,44.500000,42.599998,43.750000,43.750000,6900
2018-01-19,44.400002,47.325001,44.150002,46.250000,46.250000,28700
2018-01-22,46.650002,47.500000,45.349998,45.799999,45.799999,15400
2018-01-23,45.799999,46.575001,43.750000,45.400002,45.400002,15400
2018-01-24,45.650002,46.750000,44.000000,44.450001,44.450001,6200
2018-01-25,43.724998,44.799999,42.650002,44.799999,44.799999,16000
2018-01-26,44.275002,46.000000,42.750000,45.299999,45.299999,15400
2018-01-29,42.799999,43.599998,41.500000,42.950001,42.950001,27600
2018-01-30,41.900002,43.439999,41.674999,42.000000,42.000000,15400
2018-01-31,42.099998,42.900002,42.000000,42.000000,42.000000,5600
2018-02-01,42.000000,42.849998,41.750000,42.000000,42.000000,6600
2018-02-02,42.000000,42.000000,40.000000,40.150002,40.150002,11600
2018-02-05,40.000000,40.000000,37.750000,38.000000,38.000000,12300
2018-02-06,38.549999,41.150002,37.750000,39.549999,39.549999,9200
2018-02-07,40.250000,41.000000,39.750000,39.750000,39.750000,5800
2018-02-08,40.000000,40.549999,38.500000,38.500000,38.500000,5800
2018-02-09,39.250000,39.250000,38.000000,38.799999,38.799999,6200
2018-02-12,38.750000,39.375000,37.299999,37.400002,37.400002,20800
2018-02-13,37.349998,39.445000,36.750000,37.849998,37.849998,2800
2018-02-14,38.750000,40.400002,38.055000,39.349998,39.349998,13300
2018-02-15,38.799999,40.150002,37.799999,38.349998,38.349998,7400
2018-02-16,38.599998,38.599998,36.849998,37.150002,37.150002,14200
2018-02-20,37.400002,39.250000,36.750000,37.150002,37.150002,7600
2018-02-21,37.549999,38.000000,36.250000,37.049999,37.049999,13800
2018-02-22,36.799999,37.549999,36.799999,37.549999,37.549999,1900
2018-02-23,37.849998,37.900002,36.900002,36.900002,36.900002,400
2018-02-26,37.500000,37.744999,36.650002,36.900002,36.900002,3000
2018-02-27,37.730000,37.730000,36.500000,36.500000,36.500000,4200
2018-02-28,36.299999,36.360001,35.500000,36.049999,36.049999,1900
2018-03-01,35.950001,36.240002,35.250000,35.549999,35.549999,3800
2018-03-02,35.250000,37.750000,35.099998,37.650002,37.650002,1300
2018-03-05,36.700001,38.000000,35.650002,38.000000,38.000000,4500
2018-03-06,37.950001,38.000000,36.400002,37.230000,37.230000,4000
2018-03-07,37.250000,37.400002,37.250000,37.400002,37.400002,200
2018-03-08,37.150002,37.400002,36.750000,36.750000,36.750000,1700
2018-03-09,36.555000,37.009998,36.549999,36.799999,36.799999,700
2018-03-12,37.400002,37.500000,35.700001,37.500000,37.500000,3500
2018-03-13,37.500000,37.500000,36.000000,36.099998,36.099998,4600
2018-03-14,36.950001,36.950001,35.599998,36.799999,36.799999,2300
2018-03-15,36.500000,36.500000,35.700001,35.849998,35.849998,3000
2018-03-16,36.099998,36.099998,35.549999,36.049999,36.049999,1800
2018-03-19,35.750000,36.049999,35.549999,35.750000,35.750000,1300
2018-03-20,35.700001,36.099998,35.250000,35.450001,35.450001,12900
2018-03-21,35.500000,36.400002,35.099998,35.450001,35.450001,7700
2018-03-22,36.250000,37.150002,35.099998,35.200001,35.200001,15000
2018-03-23,35.099998,36.299999,35.000000,35.250000,35.250000,2800
2018-03-26,34.750000,35.150002,33.750000,34.049999,34.049999,10300
2018-03-27,33.599998,34.285000,31.250000,31.600000,31.600000,7400
2018-03-28,32.250000,32.250000,30.600000,31.000000,31.000000,2900
2018-03-29,32.525002,33.450001,31.500000,31.900000,31.900000,3900
2018-04-02,31.299999,34.500000,31.299999,32.700001,32.700001,3800
2018-04-03,32.750000,33.400002,32.505001,32.599998,32.599998,1300
2018-04-04,33.250000,33.250000,32.500000,33.250000,33.250000,2600
2018-04-05,33.200001,33.500000,32.599998,32.700001,32.700001,6500
2018-04-06,33.200001,33.200001,32.000000,32.700001,32.700001,2800
2018-04-09,37.000000,39.250000,32.549999,35.200001,35.200001,33700
2018-04-10,35.250000,35.750000,33.605000,34.700001,34.700001,4500
2018-04-11,35.000000,35.500000,33.705002,34.400002,34.400002,3400
2018-04-12,34.049999,35.549999,34.049999,34.750000,34.750000,2300
2018-04-13,35.000000,35.700001,34.320000,34.950001,34.950001,4400
2018-04-16,35.000000,35.900002,34.099998,34.400002,34.400002,16000
2018-04-17,34.150002,35.750000,34.150002,34.200001,34.200001,6000
2018-04-18,34.049999,35.505001,34.049999,34.099998,34.099998,1300
2018-04-19,34.250000,35.349998,34.205002,34.349998,34.349998,700
2018-04-20,34.349998,34.400002,33.209999,33.849998,33.849998,2100
2018-04-23,33.400002,33.990002,33.200001,33.250000,33.250000,3100
2018-04-24,33.250000,33.250000,32.000000,32.000000,32.000000,4100
2018-04-25,32.650002,34.049999,32.235001,34.049999,34.049999,1700
2018-04-26,33.349998,33.750000,33.000000,33.150002,33.150002,1100
2018-04-27,33.150002,33.365002,32.549999,32.700001,32.700001,1400
2018-04-30,32.700001,33.250000,32.500000,32.599998,32.599998,3100
2018-05-01,32.189999,33.900002,32.049999,32.500000,32.500000,2700
2018-05-02,32.299999,33.750000,32.299999,33.400002,33.400002,2500
2018-05-03,33.000000,33.450001,32.799999,33.349998,33.349998,2400
2018-05-04,33.000000,35.349998,33.000000,33.799999,33.799999,8500
2018-05-07,34.299999,34.299999,33.200001,34.000000,34.000000,900
2018-05-08,33.500000,34.200001,33.365002,33.700001,33.700001,1500
2018-05-09,34.275002,35.349998,34.049999,34.950001,34.950001,3200
2018-05-10,34.950001,35.500000,33.564999,34.200001,34.200001,6100
2018-05-11,33.750000,34.500000,33.599998,33.889999,33.889999,1700
2018-05-14,33.924999,35.250000,33.724998,34.700001,34.700001,2100
2018-05-15,34.500000,36.000000,34.500000,35.549999,35.549999,6300
2018-05-16,35.750000,35.750000,35.009998,35.349998,35.349998,3400
2018-05-17,35.049999,35.744999,35.000000,35.000000,35.000000,2800
2018-05-18,35.650002,36.299999,35.549999,36.150002,36.150002,3500
2018-05-21,36.200001,36.834999,35.625000,35.849998,35.849998,3100
2018-05-22,35.599998,36.055000,34.500000,34.500000,34.500000,6200
2018-05-23,34.900002,35.000000,34.615002,34.799999,34.799999,1600
2018-05-24,34.900002,35.000000,33.849998,34.900002,34.900002,5200
2018-05-25,34.349998,35.599998,34.349998,34.599998,34.599998,700
2018-05-29,34.000000,36.500000,33.775002,35.549999,35.549999,6800
2018-05-30,35.500000,36.950001,35.500000,36.400002,36.400002,2500
2018-05-31,36.750000,39.000000,35.500000,37.000000,37.000000,9500
2018-06-01,37.400002,37.500000,36.825001,37.349998,37.349998,1600
2018-06-04,37.500000,37.500000,35.685001,36.000000,36.000000,4700
2018-06-05,36.200001,36.400002,35.959999,36.294998,36.294998,2100
2018-06-06,36.650002,37.450001,36.634998,36.750000,36.750000,800
2018-06-07,37.200001,37.200001,34.820000,35.950001,35.950001,3100
2018-06-08,35.695000,35.974998,35.695000,35.750000,35.750000,300
2018-06-11,35.950001,36.750000,35.650002,36.474998,36.474998,1000
2018-06-12,37.200001,37.200001,35.650002,36.349998,36.349998,4600
2018-06-13,35.900002,36.500000,35.099998,35.400002,35.400002,1300
2018-06-14,35.400002,36.450001,35.400002,36.450001,36.450001,500
2018-06-15,36.299999,36.500000,35.849998,36.500000,36.500000,900
2018-06-18,36.494999,37.200001,36.299999,36.564999,36.564999,1100
2018-06-19,35.900002,35.900002,35.349998,35.750000,35.750000,1000
2018-06-20,35.950001,35.950001,35.509998,35.799999,35.799999,500
2018-06-21,35.650002,35.950001,35.650002,35.849998,35.849998,300
2018-06-22,36.000000,36.000000,35.650002,35.799999,35.799999,1100
2018-06-25,35.599998,35.849998,35.555000,35.750000,35.750000,1100
2018-06-26,35.750000,35.900002,35.674999,35.849998,35.849998,900
2018-06-27,35.900002,35.900002,35.349998,35.750000,35.750000,1100
2018-06-28,35.500000,35.500000,34.529999,35.450001,35.450001,800
2018-06-29,35.750000,35.750000,35.549999,35.750000,35.750000,500
2018-07-02,35.750000,35.799999,33.150002,35.400002,35.400002,2100
2018-07-03,35.799999,35.849998,34.500000,35.599998,35.599998,2000
2018-07-05,36.500000,37.500000,36.000000,36.000000,36.000000,3500
2018-07-06,36.000000,37.200001,36.000000,36.049999,36.049999,2900
2018-07-09,37.099998,37.099998,36.105000,36.700001,36.700001,1100
2018-07-10,36.445000,37.000000,36.185001,36.500000,36.500000,5000
2018-07-11,36.000000,36.950001,36.000000,36.650002,36.650002,1000
2018-07-12,36.450001,36.750000,36.250000,36.599998,36.599998,500
2018-07-13,36.700001,36.750000,36.700001,36.750000,36.750000,400
2018-07-16,34.000000,36.750000,34.000000,36.200001,36.200001,2300
2018-07-17,36.139999,36.750000,36.000000,36.750000,36.750000,1300
2018-07-18,36.549999,36.750000,35.279999,36.650002,36.650002,2300
2018-07-19,36.570000,36.750000,35.509998,36.750000,36.750000,3800
2018-07-20,36.724998,36.750000,35.525002,36.325001,36.325001,2100
2018-07-23,36.400002,36.724998,35.005001,36.650002,36.650002,300
2018-07-24,36.099998,36.235001,35.029999,35.799999,35.799999,2700
2018-07-25,35.549999,35.549999,35.049999,35.400002,35.400002,700
2018-07-26,35.099998,35.150002,33.099998,33.494999,33.494999,3400
2018-07-27,33.450001,34.549999,29.594999,32.450001,32.450001,23500
2018-07-30,32.299999,32.299999,28.725000,30.410000,30.410000,9100
2018-07-31,30.250000,31.150000,30.250000,31.150000,31.150000,600
2018-08-01,31.420000,31.575001,30.309999,30.309999,30.309999,1900
2018-08-02,30.400000,30.410000,28.200001,28.200001,28.200001,14000
2018-08-03,29.250000,29.250000,28.170000,29.250000,29.250000,1500
2018-08-06,29.049999,30.950001,26.250000,28.400000,28.400000,12600
2018-08-07,28.000000,29.500000,26.955000,27.750000,27.750000,5200
2018-08-08,27.750000,28.705000,27.059999,27.195000,27.195000,5800
2018-08-09,28.150000,28.150000,26.000000,26.600000,26.600000,2100
2018-08-10,26.305000,26.750000,23.549999,25.000000,25.000000,10100
2018-08-13,25.299999,26.500000,24.299999,24.299999,24.299999,3000
2018-08-14,24.250000,25.475000,22.500000,22.900000,22.900000,12400
2018-08-15,22.825001,23.950001,22.000000,22.105000,22.105000,6700
2018-08-16,22.000000,26.195000,22.000000,26.110001,26.110001,7200
2018-08-17,25.350000,25.945000,22.580000,24.850000,24.850000,15600
2018-08-20,25.000000,25.000000,23.250000,23.750000,23.750000,4600
2018-08-21,23.750000,24.879999,23.750000,24.150000,24.150000,1600
2018-08-22,24.000000,24.200001,22.900000,23.850000,23.850000,4300
2018-08-23,23.799999,24.299999,23.049999,24.100000,24.100000,2700
2018-08-24,23.815001,24.200001,23.805000,23.950001,23.950001,400
2018-08-27,24.250000,24.250000,23.860001,24.250000,24.250000,1900
2018-08-28,24.100000,25.000000,24.100000,25.000000,25.000000,2000
2018-08-29,25.000000,26.250000,25.000000,26.240000,26.240000,5200
2018-08-30,25.700001,27.750000,25.555000,27.250000,27.250000,5000
2018-08-31,27.049999,27.750000,25.350000,27.750000,27.750000,3000
2018-09-04,26.549999,26.700001,24.950001,24.950001,24.950001,2000
2018-09-05,24.900000,25.545000,24.900000,25.235001,25.235001,1300
2018-09-06,24.750000,25.000000,23.750000,24.850000,24.850000,2600
2018-09-07,25.495001,26.049999,24.150000,25.250000,25.250000,700
2018-09-10,24.900000,25.500000,24.900000,24.900000,24.900000,500
2018-09-11,25.250000,25.250000,24.900000,25.000000,25.000000,800
2018-09-12,24.400000,24.900000,24.000000,24.035000,24.035000,2400
2018-09-13,24.895000,24.895000,24.000000,24.100000,24.100000,500
2018-09-14,24.450001,24.549999,23.500000,24.350000,24.350000,1700
2018-09-17,24.250000,25.285000,24.250000,25.285000,25.285000,2200
2018-09-18,25.250000,25.299999,24.000000,25.299999,25.299999,800
2018-09-19,24.500000,24.754999,24.150000,24.150000,24.150000,1000
2018-09-20,24.250000,25.145000,24.000000,25.100000,25.100000,1100
2018-09-21,24.549999,25.100000,24.200001,25.100000,25.100000,900
2018-09-24,24.000000,24.900000,24.000000,24.415001,24.415001,800
2018-09-25,24.490000,24.850000,24.120001,24.629999,24.629999,900
2018-09-26,24.055000,24.950001,23.750000,24.950001,24.950001,1100
2018-09-27,23.950001,24.520000,23.950001,24.000000,24.000000,1300
2018-09-28,24.000000,24.000000,23.750000,23.799999,23.799999,700
2018-10-01,23.405001,23.830000,22.799999,22.799999,22.799999,900
2018-10-02,22.879999,23.695000,22.879999,23.200001,23.200001,1100
2018-10-03,22.950001,23.700001,22.250000,22.950001,22.950001,2700
2018-10-04,23.650000,24.049999,23.000000,24.049999,24.049999,400
2018-10-05,24.250000,24.250000,22.665001,23.049999,23.049999,1100
2018-10-08,23.985001,24.400000,23.500000,24.035000,24.035000,400
2018-10-09,23.600000,24.000000,23.600000,23.600000,23.600000,1400
2018-10-10,23.600000,24.250000,23.600000,23.870001,23.870001,2500
2018-10-11,23.900000,24.850000,23.895000,24.750000,24.750000,1300
2018-10-12,24.950001,24.950001,24.049999,24.350000,24.350000,500
2018-10-15,26.750000,29.500000,24.250000,25.500000,25.500000,10400
2018-10-16,25.950001,25.950001,24.549999,24.549999,24.549999,2300
2018-10-17,25.250000,26.150000,24.250000,25.350000,25.350000,1500
2018-10-18,26.150000,28.549999,25.049999,25.500000,25.500000,5400
2018-10-19,25.500000,26.945000,25.500000,26.129999,26.129999,3300
2018-10-22,30.000000,30.049999,25.059999,26.650000,26.650000,8000
2018-10-23,25.500000,26.590000,24.350000,24.400000,24.400000,3500
2018-10-24,25.025000,26.750000,24.299999,24.500000,24.500000,2100
2018-10-25,24.500000,25.180000,22.250000,23.700001,23.700001,3900
2018-10-26,23.750000,24.135000,23.000000,23.605000,23.605000,1600
2018-10-29,23.950001,24.549999,21.924999,22.100000,22.100000,3100
2018-10-30,22.100000,23.730000,22.100000,22.250000,22.250000,400
2018-10-31,22.350000,23.200001,21.900000,22.000000,22.000000,2000
2018-11-01,22.000000,24.395000,22.000000,23.500000,23.500000,5200
2018-11-02,24.334999,24.334999,23.299999,23.549999,23.549999,1300
2018-11-05,24.600000,25.000000,23.150000,24.450001,24.450001,4700
2018-11-06,24.450001,24.450001,24.150000,24.450001,24.450001,1000
2018-11-07,24.450001,24.450001,23.200001,24.200001,24.200001,1600
2018-11-08,23.650000,23.950001,23.245001,23.750000,23.750000,1700
2018-11-09,23.650000,23.700001,23.650000,23.700001,23.700001,100
2018-11-12,23.700001,23.700001,22.834999,22.834999,22.834999,800
2018-11-13,22.650000,23.000000,22.000000,22.250000,22.250000,1100
2018-11-14,22.100000,22.235001,21.900000,21.900000,21.900000,1900
2018-11-15,21.750000,21.750000,19.000000,21.200001,21.200001,1000
2018-11-16,20.500000,21.200001,20.500000,21.100000,21.100000,800
2018-11-19,20.700001,20.700001,19.049999,19.549999,19.549999,4200
2018-11-20,18.700001,20.184999,18.049999,20.150000,20.150000,1100
2018-11-21,19.900000,19.900000,18.650000,19.100000,19.100000,2400
2018-11-23,19.950001,21.750000,19.799999,21.230000,21.230000,2300
2018-11-26,19.250000,20.305000,19.250000,19.500000,19.500000,600
2018-11-27,19.299999,19.299999,17.145000,18.075001,18.075001,7400
2018-11-28,18.100000,18.500000,17.190001,17.500000,17.500000,1300
2018-11-29,17.250000,17.250000,15.550000,15.550000,15.550000,10200
2018-11-30,15.500000,16.700001,15.200000,16.700001,16.700001,4400
2018-12-03,15.500000,18.495001,15.500000,18.000000,18.000000,5200
2018-12-04,17.700001,19.250000,16.250000,16.350000,16.350000,5100
2018-12-06,16.150000,16.850000,15.000000,15.400000,15.400000,3300
2018-12-07,16.000000,16.754999,16.000000,16.250000,16.250000,900
2018-12-10,15.950000,16.150000,15.800000,16.000000,16.000000,1000
2018-12-11,16.000000,16.190001,15.150000,15.950000,15.950000,3400
2018-12-12,15.750000,16.500000,15.700000,15.700000,15.700000,2700
2018-12-13,15.815000,16.400000,15.350000,15.500000,15.500000,2100
2018-12-14,15.250000,15.500000,13.750000,14.050000,14.050000,3900
2018-12-17,14.000000,15.000000,11.950000,12.500000,12.500000,5300
2018-12-18,12.050000,13.950000,12.050000,12.850000,12.850000,2800
2018-12-19,15.000000,15.000000,13.500000,13.950000,13.950000,8300
2018-12-20,14.400000,14.400000,13.500000,14.000000,14.000000,2700
2018-12-21,13.500000,13.900000,13.500000,13.800000,13.800000,1900
2018-12-24,13.750000,14.000000,13.620000,13.800000,13.800000,6400
2018-12-26,13.500000,13.800000,12.500000,12.500000,12.500000,3400
2018-12-27,12.950000,13.450000,11.850000,13.100000,13.100000,3800
2018-12-28,12.160000,13.000000,11.500000,11.800000,11.800000,11800
2018-12-31,11.500000,12.250000,10.500000,10.500000,10.500000,9600
2019-01-02,11.250000,11.550000,11.000000,11.550000,11.550000,1400
2019-01-03,11.800000,13.100000,11.800000,13.100000,13.100000,2600
2019-01-04,13.450000,13.850000,13.000000,13.150000,13.150000,1300
2019-01-07,13.100000,13.750000,13.100000,13.700000,13.700000,200
2019-01-08,14.000000,15.875000,13.750000,15.250000,15.250000,2200
2019-01-09,15.250000,15.250000,14.850000,14.850000,14.850000,200
2019-01-10,15.600000,15.600000,13.800000,13.800000,13.800000,700
2019-01-11,13.520000,15.550000,13.520000,14.120000,14.120000,200
2019-01-14,13.450000,14.050000,13.450000,13.800000,13.800000,1000
2019-01-15,14.565000,14.565000,13.400000,13.935000,13.935000,800
2019-01-16,13.650000,15.515000,13.400000,14.950000,14.950000,700
2019-01-17,14.400000,14.500000,13.500000,14.500000,14.500000,1300
2019-01-18,14.250000,14.250000,14.250000,14.250000,14.250000,100
2019-01-22,14.605000,15.200000,14.000000,14.200000,14.200000,1100
2019-01-23,15.000000,15.000000,14.020000,14.510000,14.510000,2000
2019-01-24,14.850000,15.000000,14.000000,14.500000,14.500000,1400
2019-01-25,14.950000,14.950000,13.500000,13.500000,13.500000,3700
2019-01-28,14.250000,15.600000,12.500000,12.500000,12.500000,8100
2019-01-29,12.700000,12.700000,11.500000,12.000000,12.000000,8000
2019-01-30,12.750000,12.750000,11.250000,11.250000,11.250000,6400
2019-01-31,12.000000,12.250000,11.500000,11.940000,11.940000,1600
2019-02-01,11.800000,11.800000,10.500000,11.250000,11.250000,10500
2019-02-04,11.750000,11.750000,10.800000,10.800000,10.800000,9200
2019-02-05,11.250000,11.600000,9.000000,9.750000,9.750000,46400
2019-02-06,10.200000,10.200000,8.490000,8.600000,8.600000,22200
2019-02-07,8.600000,19.150000,7.000000,11.450000,11.450000,298000
2019-02-08,6.300000,6.300000,5.700000,5.750000,5.750000,484000
2019-02-11,6.150000,6.150000,5.550000,5.600000,5.600000,70300
2019-02-12,5.650000,5.950000,5.300000,5.400000,5.400000,67400
2019-02-13,5.950000,5.950000,5.400000,5.650000,5.650000,63800
2019-02-14,5.750000,5.800000,5.050000,5.250000,5.250000,68500
2019-02-15,5.400000,5.400000,5.000000,5.100000,5.100000,35600
2019-02-19,5.200000,5.600000,5.200000,5.350000,5.350000,106800
2019-02-20,5.500000,5.650000,5.300000,5.650000,5.650000,45000
2019-02-21,5.600000,6.000000,5.450000,5.700000,5.700000,158800
2019-02-22,5.750000,5.850000,5.200000,5.700000,5.700000,115300
2019-02-25,5.600000,5.750000,5.400000,5.500000,5.500000,45000
2019-02-26,5.700000,5.700000,5.500000,5.550000,5.550000,29500
2019-02-27,5.500000,5.650000,5.250000,5.250000,5.250000,38400
2019-02-28,5.300000,5.400000,5.250000,5.250000,5.250000,19300
2019-03-01,5.300000,5.600000,5.250000,5.500000,5.500000,44800
2019-03-04,5.550000,5.750000,5.300000,5.300000,5.300000,74000
2019-03-05,5.400000,5.450000,4.750000,5.000000,5.000000,67800
2019-03-06,5.000000,5.050000,4.650000,4.850000,4.850000,50000
2019-03-07,4.750000,5.150000,4.650000,4.950000,4.950000,45800
2019-03-08,5.700000,5.700000,5.050000,5.100000,5.100000,392600
2019-03-11,6.250000,6.750000,5.500000,5.610000,5.610000,6271700
2019-03-12,5.450000,5.500000,5.250000,5.300000,5.300000,758800
2019-03-13,5.500000,5.500000,5.050000,5.250000,5.250000,427600
2019-03-14,5.200000,5.350000,5.100000,5.100000,5.100000,197200
2019-03-15,5.100000,5.300000,5.100000,5.100000,5.100000,191700
2019-03-18,5.200000,5.250000,5.000000,5.140000,5.140000,164600
2019-03-19,5.100000,5.250000,5.050000,5.150000,5.150000,75300
2019-03-20,5.150000,5.250000,5.100000,5.250000,5.250000,190400
2019-03-21,5.200000,5.500000,5.200000,5.350000,5.350000,280400
2019-03-22,5.350000,5.400000,4.900000,4.955000,4.955000,373900
2019-03-25,5.000000,5.000000,4.700000,4.750000,4.750000,184900
2019-03-26,5.000000,5.000000,4.650000,4.855000,4.855000,252100
2019-03-27,5.400000,5.550000,4.880000,4.955000,4.955000,975900
2019-03-28,4.905000,5.000000,4.800000,4.975000,4.975000,112700
2019-03-29,5.200000,5.200000,4.900000,5.055000,5.055000,175500
2019-04-01,5.100000,5.150000,4.725000,4.800000,4.800000,250900
2019-04-02,4.850000,5.000000,4.700000,4.845000,4.845000,174800
2019-04-03,4.990000,4.990000,4.775000,4.895000,4.895000,107100
2019-04-04,4.800000,4.900000,4.750000,4.855000,4.855000,41000
2019-04-05,4.900000,4.900000,4.750000,4.900000,4.900000,220300
2019-04-08,4.900000,5.100000,4.805000,5.000000,5.000000,133700
2019-04-09,5.000000,5.100000,4.900000,4.920000,4.920000,235700
2019-04-10,5.100000,5.100000,4.900000,4.970000,4.970000,30600
2019-04-11,5.050000,5.050000,4.900000,4.950000,4.950000,130000
2019-04-12,4.905000,5.050000,4.760000,4.785000,4.785000,151800
2019-04-15,4.900000,4.915000,4.400000,4.550000,4.550000,188700
2019-04-16,4.600000,4.725000,4.500000,4.500000,4.500000,141500
2019-04-17,4.625000,4.725000,4.255000,4.375000,4.375000,194100
2019-04-18,4.400000,4.595000,4.255000,4.450000,4.450000,56200
2019-04-22,4.300000,4.450000,4.300000,4.305000,4.305000,42200
2019-04-23,4.350000,4.645000,4.350000,4.400000,4.400000,59200
2019-04-24,4.300000,4.550000,4.300000,4.510000,4.510000,44000
2019-04-25,4.545000,4.545000,4.375000,4.415000,4.415000,25900
2019-04-26,4.495000,4.550000,4.375000,4.540000,4.540000,35200
2019-04-29,4.450000,4.610000,4.325000,4.325000,4.325000,59500
2019-04-30,4.500000,4.500000,4.260000,4.325000,4.325000,42500
2019-05-01,4.350000,4.450000,4.285000,4.400000,4.400000,62000
2019-05-02,4.400000,4.400000,4.270000,4.310000,4.310000,37900
2019-05-03,4.255000,4.300000,4.050000,4.215000,4.215000,181700
2019-05-06,4.300000,4.300000,4.125000,4.225000,4.225000,43500
2019-05-07,4.200000,4.250000,4.100000,4.200000,4.200000,40200
2019-05-08,4.195000,4.250000,4.045000,4.045000,4.045000,60700
2019-05-09,4.045000,4.050000,3.880000,4.000000,4.000000,62000
2019-05-10,3.865000,4.075000,3.755000,3.820000,3.820000,113100
2019-05-13,3.850000,3.850000,3.500000,3.550000,3.550000,179000
2019-05-14,3.505000,3.745000,3.505000,3.745000,3.745000,30400
2019-05-15,3.745000,3.850000,3.605000,3.685000,3.685000,65500
2019-05-16,3.700000,4.000000,3.065000,3.385000,3.385000,342100
2019-05-17,3.110000,3.400000,3.110000,3.150000,3.150000,83800
2019-05-20,3.175000,3.340000,3.150000,3.200000,3.200000,39700
2019-05-21,3.150000,3.400000,3.150000,3.250000,3.250000,66900
2019-05-22,3.385000,3.600000,3.250000,3.545000,3.545000,104100
2019-05-23,3.550000,3.550000,3.300000,3.535000,3.535000,62400
2019-05-24,3.445000,3.620000,3.160000,3.360000,3.360000,44500
2019-05-28,3.250000,3.550000,3.210000,3.375000,3.375000,29300
2019-05-29,3.540000,3.540000,3.275000,3.350000,3.350000,19100
2019-05-30,3.245000,3.425000,3.245000,3.390000,3.390000,15600
2019-05-31,3.450000,3.695000,3.235000,3.500000,3.500000,236200
2019-06-03,3.650000,3.650000,3.300000,3.310000,3.310000,73200
2019-06-04,3.200000,3.450000,3.155000,3.200000,3.200000,25300
2019-06-05,3.305000,3.650000,2.750000,3.005000,3.005000,154800
2019-06-06,2.900000,3.170000,2.900000,3.015000,3.015000,74000
2019-06-07,2.965000,3.170000,2.705000,2.955000,2.955000,233300
2019-06-10,2.875000,3.100000,2.850000,2.900000,2.900000,130900
2019-06-11,2.905000,3.090000,2.900000,3.000000,3.000000,37000
2019-06-12,3.000000,3.090000,2.850000,2.900000,2.900000,108800
2019-06-13,3.040000,3.040000,2.860000,2.950000,2.950000,34400
2019-06-14,2.985000,3.050000,2.750000,2.900000,2.900000,76900
2019-06-17,2.950000,2.950000,2.800000,2.940000,2.940000,15100
2019-06-18,2.900000,3.050000,2.805000,3.000000,3.000000,41000
2019-06-19,2.950000,3.150000,2.900000,3.000000,3.000000,21800
2019-06-20,3.000000,3.125000,2.900000,2.990000,2.990000,65400
2019-06-21,2.950000,2.990000,2.850000,2.850000,2.850000,8000
2019-06-24,2.850000,2.900000,2.550000,2.725000,2.725000,78100
2019-06-25,2.600000,2.800000,2.555000,2.600000,2.600000,63900
2019-06-26,2.555000,2.750000,2.355000,2.415000,2.415000,81000
2019-06-27,2.450000,2.650000,2.450000,2.450000,2.450000,73700
2019-06-28,2.500000,2.650000,2.390000,2.550000,2.550000,40100
2019-07-01,2.400000,2.545000,2.350000,2.450000,2.450000,18400
2019-07-02,2.500000,2.850000,2.400000,2.590000,2.590000,111100
2019-07-03,2.505000,2.800000,2.505000,2.750000,2.750000,14100
2019-07-05,2.700000,2.750000,2.650000,2.705000,2.705000,18600
2019-07-08,2.755000,2.850000,2.525000,2.530000,2.530000,59800
2019-07-09,2.525000,2.695000,2.525000,2.600000,2.600000,16500
2019-07-10,2.550000,2.650000,2.525000,2.600000,2.600000,37500
2019-07-11,2.600000,2.600000,2.500000,2.555000,2.555000,77900
2019-07-12,2.565000,2.650000,2.550000,2.600000,2.600000,10800
2019-07-15,2.650000,2.650000,2.450000,2.500000,2.500000,53400
2019-07-16,2.590000,2.600000,2.400000,2.580000,2.580000,12900
2019-07-17,2.600000,2.600000,2.430000,2.430000,2.430000,11200
2019-07-18,2.600000,2.600000,2.465000,2.485000,2.485000,8700
2019-07-19,2.510000,2.600000,2.350000,2.550000,2.550000,30100
2019-07-22,2.500000,2.600000,2.415000,2.600000,2.600000,73800
2019-07-23,2.600000,2.600000,2.400000,2.500000,2.500000,23300
2019-07-24,2.650000,2.650000,2.500000,2.540000,2.540000,14700
2019-07-25,2.600000,2.850000,2.480000,2.500000,2.500000,46300
2019-07-26,2.650000,2.800000,2.650000,2.750000,2.750000,84400
2019-07-29,2.750000,3.900000,2.750000,3.300000,3.300000,913100
2019-07-30,3.300000,3.450000,3.195000,3.445000,3.445000,157500
2019-07-31,3.425000,3.445000,2.950000,3.000000,3.000000,81200
2019-08-01,2.850000,2.885000,2.450000,2.500000,2.500000,86200
2019-08-02,2.675000,2.750000,2.500000,2.650000,2.650000,47400
2019-08-05,2.780000,2.890000,2.500000,2.500000,2.500000,88600
2019-08-06,2.640000,2.750000,2.550000,2.645000,2.645000,25600
2019-08-07,2.600000,2.600000,2.250000,2.300000,2.300000,156700
2019-08-08,2.350000,2.375000,2.100000,2.150000,2.150000,78500
2019-08-09,2.200000,2.200000,2.015000,2.075000,2.075000,43200
2019-08-12,3.050000,4.600000,2.665000,2.900000,2.900000,10592000
2019-08-13,2.950000,3.080000,2.475000,2.600000,2.600000,1144500
2019-08-14,2.750000,2.900000,2.510000,2.735000,2.735000,338400
2019-08-15,2.750000,3.100000,2.550000,2.575000,2.575000,259600
2019-08-16,2.650000,2.650000,2.395000,2.450000,2.450000,253100
2019-08-19,2.550000,2.725000,2.500000,2.725000,2.725000,147400
2019-08-20,2.600000,2.750000,2.600000,2.700000,2.700000,48900
2019-08-21,2.600000,3.195000,2.600000,2.880000,2.880000,413500
2019-08-22,2.950000,2.950000,2.650000,2.680000,2.680000,77300
2019-08-23,2.710000,2.750000,2.550000,2.630000,2.630000,55100
2019-08-26,2.650000,2.665000,2.500000,2.525000,2.525000,78100
2019-08-27,2.500000,2.600000,2.500000,2.500000,2.500000,44600
2019-08-28,2.630000,2.650000,2.550000,2.550000,2.550000,55300
2019-08-29,2.600000,2.625000,2.355000,2.525000,2.525000,171400
2019-08-30,2.575000,2.575000,2.350000,2.355000,2.355000,37600
2019-09-03,2.370000,2.575000,2.350000,2.500000,2.500000,68900
2019-09-04,2.500000,2.575000,2.400000,2.450000,2.450000,25700
2019-09-05,2.400000,2.740000,2.355000,2.535000,2.535000,40300
2019-09-06,2.535000,2.700000,2.505000,2.520000,2.520000,9800
2019-09-09,2.625000,2.740000,2.505000,2.600000,2.600000,35600
2019-09-10,2.510000,2.700000,2.500000,2.675000,2.675000,30400
2019-09-11,2.670000,2.900000,2.515000,2.700000,2.700000,442200
2019-09-12,2.700000,2.800000,2.500000,2.595000,2.595000,250500
2019-09-13,2.590000,2.700000,2.515000,2.550000,2.550000,65600
2019-09-16,2.635000,2.670000,2.555000,2.600000,2.600000,34700
2019-09-17,2.550000,2.700000,2.550000,2.600000,2.600000,34600
2019-09-18,2.550000,2.685000,2.550000,2.550000,2.550000,21500
2019-09-19,2.550000,2.700000,2.550000,2.670000,2.670000,10700
2019-09-20,2.685000,2.685000,2.550000,2.585000,2.585000,47200
2019-09-23,2.635000,2.635000,2.425000,2.565000,2.565000,93800
2019-09-24,2.550000,2.550000,2.390000,2.425000,2.425000,24300
2019-09-25,2.450000,2.550000,2.350000,2.420000,2.420000,65600
2019-09-26,2.425000,2.520000,2.350000,2.350000,2.350000,12500
2019-09-27,2.350000,2.500000,2.350000,2.360000,2.360000,14500
2019-09-30,2.350000,2.520000,2.315000,2.440000,2.440000,28800
2019-10-01,2.350000,2.490000,2.320000,2.350000,2.350000,13700
2019-10-02,2.360000,2.470000,2.250000,2.350000,2.350000,58400
2019-10-03,2.300000,2.335000,2.250000,2.320000,2.320000,12500
2019-10-04,2.350000,2.350000,2.275000,2.315000,2.315000,18800
2019-10-07,2.265000,2.400000,2.250000,2.250000,2.250000,38400
2019-10-08,2.300000,2.300000,2.050000,2.160000,2.160000,58300
2019-10-09,2.150000,2.285000,2.095000,2.275000,2.275000,17500
2019-10-10,2.415000,2.415000,2.090000,2.250000,2.250000,16400
2019-10-11,2.100000,2.240000,2.100000,2.150000,2.150000,21400
2019-10-14,2.150000,2.300000,1.950000,2.150000,2.150000,141700
2019-10-15,2.050000,2.450000,2.020000,2.190000,2.190000,135800
2019-10-16,2.235000,2.235000,2.005000,2.050000,2.050000,78700
2019-10-17,2.150000,2.150000,2.000000,2.100000,2.100000,54700
2019-10-18,2.100000,2.200000,2.050000,2.055000,2.055000,21400
2019-10-21,2.130000,2.130000,2.050000,2.130000,2.130000,18500
2019-10-22,2.150000,2.225000,2.010000,2.110000,2.110000,137800
2019-10-23,1.600000,2.800000,1.580000,2.700000,2.700000,1480200
2019-10-24,3.710000,4.030000,2.660000,2.910000,2.910000,9743100
2019-10-25,2.780000,3.450000,2.560000,2.650000,2.650000,496700
2019-10-28,2.940000,2.940000,2.226000,2.460000,2.460000,213500
2019-10-29,2.440000,2.650000,2.100000,2.470000,2.470000,409200
2019-10-30,2.480000,3.090000,2.400000,2.650000,2.650000,531300
2019-10-31,2.730000,2.921000,2.587000,2.610000,2.610000,57500
2019-11-01,2.600000,2.730000,2.590000,2.650000,2.650000,90100
2019-11-04,2.740000,3.000000,2.617000,2.770000,2.770000,159600
2019-11-05,2.870000,2.950000,2.810000,2.840000,2.840000,57900
2019-11-06,2.900000,3.240000,2.800000,3.170000,3.170000,457000
2019-11-07,3.150000,3.150000,2.700000,2.730000,2.730000,124300
2019-11-08,2.720000,2.810000,2.610000,2.720000,2.720000,36600
2019-11-11,2.720000,2.980000,2.720000,2.880000,2.880000,22200
2019-11-12,2.740000,3.080000,2.740000,2.883000,2.883000,79800
2019-11-13,2.841000,2.880000,2.660000,2.740000,2.740000,53700
2019-11-14,2.690000,2.850000,2.520000,2.682000,2.682000,132200
2019-11-15,2.650000,2.731000,2.462000,2.680000,2.680000,42300
2019-11-18,2.710000,2.710000,2.430000,2.490000,2.490000,15200
2019-11-19,2.330000,2.535000,2.325000,2.430000,2.430000,36400
2019-11-20,2.490000,2.550000,2.430000,2.520000,2.520000,22500
2019-11-21,2.530000,2.600000,2.410000,2.500000,2.500000,28100
2019-11-22,2.450000,2.580000,2.450000,2.510000,2.510000,7400
2019-11-25,2.520000,2.620000,2.460000,2.489000,2.489000,19700
2019-11-26,2.497000,2.497000,2.370000,2.380000,2.380000,14800
2019-11-27,2.380000,2.490000,2.380000,2.490000,2.490000,9400
2019-11-29,2.500000,2.540000,2.460000,2.530000,2.530000,9200
2019-12-02,2.500000,2.677000,2.446000,2.640000,2.640000,15700
2019-12-03,2.500000,2.640000,2.499000,2.640000,2.640000,21500
2019-12-04,2.610000,2.874000,2.560000,2.650000,2.650000,78500
2019-12-05,2.632000,2.810000,2.550000,2.618000,2.618000,76300
2019-12-06,2.680000,2.780000,2.520000,2.650000,2.650000,50900
2019-12-09,2.590000,2.630000,2.460000,2.460000,2.460000,15900
2019-12-10,2.530000,2.540000,2.400000,2.435000,2.435000,22200
2019-12-11,2.418000,2.470000,2.300000,2.310000,2.310000,27900
2019-12-12,2.320000,2.320000,2.220000,2.290000,2.290000,15800
2019-12-13,2.300000,2.300000,2.200000,2.290000,2.290000,20400
2019-12-16,2.260000,2.290000,2.210000,2.226000,2.226000,8800
2019-12-17,2.200000,2.320000,2.130000,2.210000,2.210000,36800
2019-12-18,2.250000,2.250000,2.130000,2.170000,2.170000,16200
2019-12-19,2.190000,2.240000,2.140000,2.219000,2.219000,6000
2019-12-20,2.200000,2.211000,2.160000,2.200000,2.200000,9600
2019-12-23,2.250000,2.477000,2.250000,2.340000,2.340000,71100
2019-12-24,2.300000,2.322000,2.180000,2.290000,2.290000,8700
2019-12-26,2.200000,2.290000,2.200000,2.279000,2.279000,3900
2019-12-27,2.269000,2.281000,2.250000,2.250000,2.250000,7600
2019-12-30,2.250000,2.250000,2.170000,2.200000,2.200000,19300
2019-12-31,2.200000,2.231000,2.130000,2.220000,2.220000,29100
2020-01-02,2.250000,2.670000,2.240000,2.390000,2.390000,137800
2020-01-03,2.380000,2.495000,2.380000,2.475000,2.475000,11100
2020-01-06,2.410000,2.450000,2.370000,2.410000,2.410000,7900
2020-01-07,6.280000,6.890000,3.930000,4.090000,4.090000,14449700
2020-01-08,3.600000,3.680000,3.170000,3.240000,3.240000,1620700
2020-01-09,3.110000,3.200000,2.920000,2.960000,2.960000,492500
2020-01-10,2.920000,3.200000,2.850000,3.120000,3.120000,353400
2020-01-13,3.120000,3.220000,2.920000,3.140000,3.140000,453500
2020-01-14,3.000000,3.160000,3.000000,3.060000,3.060000,129800
2020-01-15,3.000000,3.080000,2.810000,2.880000,2.880000,289600
2020-01-16,2.800000,2.860000,2.780000,2.830000,2.830000,109700
2020-01-17,2.870000,2.970000,2.870000,2.920000,2.920000,103100
2020-01-21,2.880000,2.910000,2.780000,2.810000,2.810000,71800
2020-01-22,2.810000,2.845000,2.510000,2.580000,2.580000,238700
2020-01-23,2.540000,2.730000,2.530000,2.730000,2.730000,63500
2020-01-24,2.760000,2.760000,2.500000,2.500000,2.500000,119800
2020-01-27,2.500000,2.510000,2.410000,2.450000,2.450000,42400
2020-01-28,2.440000,2.491000,2.350000,2.370000,2.370000,75100
2020-01-29,2.380000,2.435000,2.310000,2.330000,2.330000,43200
2020-01-30,2.310000,2.390000,2.270000,2.280000,2.280000,39000
2020-01-31,2.290000,2.340000,2.220000,2.270000,2.270000,47600
2020-02-03,2.240000,2.340000,2.240000,2.280000,2.280000,31100
2020-02-04,2.200000,2.550000,2.200000,2.380000,2.380000,570600
2020-02-05,2.480000,2.520000,2.300000,2.350000,2.350000,179400
2020-02-06,2.320000,2.350000,2.280000,2.310000,2.310000,35100
2020-02-07,2.280000,2.430000,2.220000,2.317000,2.317000,154000
2020-02-10,2.340000,2.430000,2.230000,2.265000,2.265000,90900
2020-02-11,2.284000,2.402000,2.230000,2.370000,2.370000,73900
2020-02-12,2.350000,2.390000,2.280000,2.310000,2.310000,55700
2020-02-13,2.300000,2.390000,2.290000,2.330000,2.330000,37500
2020-02-14,2.320000,2.377000,2.260000,2.320000,2.320000,44300
2020-02-18,2.270000,2.316000,2.260000,2.300000,2.300000,36100
2020-02-19,2.300000,2.350000,2.200000,2.340000,2.340000,127000
2020-02-20,2.300000,2.480000,2.300000,2.386000,2.386000,59600
2020-02-21,2.390000,2.600000,2.360000,2.485000,2.485000,136900
2020-02-24,2.480000,2.570000,2.450000,2.450000,2.450000,101400
2020-02-25,2.400000,2.440000,2.265000,2.278000,2.278000,73600
2020-02-26,2.290000,2.380000,2.150000,2.154000,2.154000,54000
2020-02-27,2.180000,2.230000,2.010000,2.090000,2.090000,117500
2020-02-28,2.100000,2.116000,2.020000,2.100000,2.100000,49800
2020-03-02,2.100000,2.163000,2.010000,2.080000,2.080000,38300
2020-03-03,2.100000,2.100000,2.040000,2.070000,2.070000,23700
2020-03-04,2.760000,3.840000,2.350000,3.030000,3.030000,12395900
2020-03-05,2.630000,2.890000,2.520000,2.740000,2.740000,756800
2020-03-06,2.560000,2.612000,2.360000,2.360000,2.360000,248600
2020-03-09,2.110000,2.170000,1.880000,1.990000,1.990000,332900
2020-03-10,2.080000,2.080000,1.820000,1.930000,1.930000,129400
2020-03-11,1.930000,1.930000,1.650000,1.710000,1.710000,178700
2020-03-12,1.510000,1.580000,0.400000,1.240000,1.240000,117200
2020-03-13,1.300000,1.393000,1.200000,1.340000,1.340000,72000
2020-03-16,1.200000,1.340000,1.100000,1.280000,1.280000,52600
2020-03-17,1.232000,1.450000,1.232000,1.450000,1.450000,70400
2020-03-18,1.350000,1.360000,1.170000,1.260000,1.260000,78500
2020-03-19,1.270000,1.570000,1.260000,1.540000,1.540000,179600
2020-03-20,1.650000,1.670000,1.540000,1.580000,1.580000,137200
2020-03-23,1.580000,1.600000,1.410000,1.490000,1.490000,100800
2020-03-24,1.550000,1.590000,1.410000,1.500000,1.500000,37600
2020-03-25,1.460000,1.740000,1.460000,1.590000,1.590000,58800
2020-03-26,1.580000,1.642000,1.450000,1.498000,1.498000,39800
2020-03-27,1.480000,1.560000,1.480000,1.530000,1.530000,17400
2020-03-30,1.480000,1.600000,1.407000,1.470000,1.470000,71500
2020-03-31,1.480000,1.520000,1.450000,1.470000,1.470000,21200
2020-04-01,1.470000,1.490000,1.350000,1.380000,1.380000,38000
2020-04-02,2.420000,4.630000,1.868000,1.970000,1.970000,33769200
2020-04-03,1.890000,2.280000,1.660000,2.070000,2.070000,1503000
2020-04-06,2.000000,2.230000,1.880000,2.070000,2.070000,361700
2020-04-07,2.030000,2.150000,1.910000,1.970000,1.970000,273500
2020-04-08,1.970000,2.060000,1.910000,1.980000,1.980000,151100
2020-04-09,2.000000,2.000000,1.950000,1.970000,1.970000,105000
2020-04-13,1.990000,2.050000,1.910000,2.000000,2.000000,121200
2020-04-14,2.000000,2.170000,1.940000,2.160000,2.160000,163100
2020-04-15,2.120000,2.400000,2.070000,2.240000,2.240000,464900
2020-04-16,2.210000,2.366000,2.210000,2.290000,2.290000,145300
2020-04-17,2.350000,2.350000,2.240000,2.260000,2.260000,65600
2020-04-20,2.250000,2.600000,2.250000,2.330000,2.330000,123600
2020-04-21,2.330000,2.387000,2.160000,2.240000,2.240000,85100
2020-04-22,2.400000,2.400000,2.250000,2.320000,2.320000,61400
2020-04-23,2.390000,2.390000,2.200000,2.290000,2.290000,91900
2020-04-24,2.290000,2.470000,2.250000,2.400000,2.400000,156600
2020-04-27,2.520000,2.900000,2.400000,2.400000,2.400000,371400
2020-04-28,2.400000,2.600000,2.365000,2.460000,2.460000,60900
2020-04-29,2.530000,2.590000,2.391000,2.520000,2.520000,94400
2020-04-30,2.430000,2.520000,2.400000,2.470000,2.470000,43900
2020-05-01,2.520000,2.520000,2.270000,2.410000,2.410000,63800
2020-05-04,2.350000,2.480000,2.340000,2.400000,2.400000,26800
2020-05-05,2.400000,2.450000,2.310000,2.320000,2.320000,32700
2020-05-06,2.300000,2.420000,2.270000,2.310000,2.310000,18400
2020-05-07,2.310000,2.490000,2.310000,2.420000,2.420000,36500