Date,Open,High,Low,Close,Adj Close,Volume
2015-06-26,12.150000,14.870000,12.110000,14.080000,14.080000,3529100
2015-06-29,13.260000,14.240000,13.260000,13.700000,13.700000,332600
2015-06-30,14.860000,14.860000,13.820000,14.100000,14.100000,98600
2015-07-01,14.800000,14.800000,13.750000,14.000000,14.000000,215800
2015-07-02,14.400000,14.400000,13.750000,13.750000,13.750000,107900
2015-07-06,14.090000,14.090000,13.500000,13.950000,13.950000,19700
2015-07-07,13.730000,15.363000,13.600000,14.570000,14.570000,225000
2015-07-08,14.500000,14.500000,14.150000,14.350000,14.350000,160700
2015-07-09,14.430000,14.430000,13.912000,14.110000,14.110000,58100
2015-07-10,14.360000,14.790000,14.200000,14.790000,14.790000,23200
2015-07-13,14.990000,16.959999,14.530000,16.559999,16.559999,174000
2015-07-14,16.559999,16.575001,15.480000,15.780000,15.780000,69300
2015-07-15,15.580000,17.400000,15.580000,17.350000,17.350000,63000
2015-07-16,17.450001,17.450001,16.969999,17.200001,17.200001,36600
2015-07-17,17.250000,17.379999,16.500000,16.660000,16.660000,84700
2015-07-20,16.740000,17.200001,16.520000,17.020000,17.020000,47600
2015-07-21,16.850000,16.850000,14.800000,14.810000,14.810000,191400
2015-07-22,14.950000,15.209000,14.000000,14.210000,14.210000,123500
2015-07-23,14.460000,14.780000,14.000000,14.315000,14.315000,60100
2015-07-24,14.370000,14.964000,14.370000,14.710000,14.710000,30800
2015-07-27,15.320000,15.686000,14.000000,14.150000,14.150000,47800
2015-07-28,14.280000,14.740000,14.210000,14.700000,14.700000,54900
2015-07-29,14.354000,14.860000,14.290000,14.625000,14.625000,43200
2015-07-30,14.740000,15.000000,14.200000,14.800000,14.800000,50500
2015-07-31,15.350000,15.350000,14.400000,14.840000,14.840000,62600
2015-08-03,15.000000,16.469000,14.540000,15.360000,15.360000,172000
2015-08-04,15.660000,15.660000,14.800000,15.050000,15.050000,81400
2015-08-05,15.540000,15.540000,14.610000,15.350000,15.350000,108400
2015-08-06,15.840000,16.059999,15.320000,15.360000,15.360000,121600
2015-08-07,16.000000,16.799999,15.320000,15.640000,15.640000,128300
2015-08-10,16.000000,16.639999,14.611000,16.320000,16.320000,159600
2015-08-11,16.100000,16.750000,15.320000,16.660000,16.660000,36200
2015-08-12,16.590000,16.590000,15.500000,15.870000,15.870000,43100
2015-08-13,15.970000,16.700001,15.970000,16.400000,16.400000,23100
2015-08-14,16.340000,16.790001,15.960000,16.750000,16.750000,83600
2015-08-17,16.549999,17.930000,16.410000,17.430000,17.430000,73500
2015-08-18,17.450001,17.980000,17.170000,17.889999,17.889999,62400
2015-08-19,17.840000,18.250000,17.396000,17.690001,17.690001,98400
2015-08-20,17.590000,17.590000,16.200001,17.180000,17.180000,44700
2015-08-21,16.780001,17.135000,16.120001,16.920000,16.920000,94800
2015-08-24,16.000000,16.219999,15.000000,15.580000,15.580000,85600
2015-08-25,16.059999,16.700001,15.540000,15.780000,15.780000,31800
2015-08-26,16.500000,17.790001,15.740000,17.010000,17.010000,34700
2015-08-27,17.570000,17.570000,16.629999,17.000000,17.000000,69700
2015-08-28,16.809999,18.000000,16.142000,16.299999,16.299999,32300
2015-08-31,16.110001,16.190001,15.450000,16.010000,16.010000,76100
2015-09-01,15.510000,15.810000,15.110000,15.220000,15.220000,57200
2015-09-02,15.710000,15.840000,15.010000,15.700000,15.700000,48500
2015-09-03,15.970000,17.430000,15.345000,16.850000,16.850000,70900
2015-09-04,16.540001,17.309999,15.451000,17.200001,17.200001,33200
2015-09-08,17.200001,18.370001,16.450001,16.840000,16.840000,81500
2015-09-09,16.910000,18.030001,16.825001,17.650000,17.650000,42900
2015-09-10,17.330000,18.230000,17.219999,17.770000,17.770000,44900
2015-09-11,17.610001,18.230000,17.530001,18.230000,18.230000,28000
2015-09-14,18.020000,18.480000,17.020000,17.090000,17.090000,72400
2015-09-15,17.080000,17.700001,16.610001,17.410000,17.410000,53600
2015-09-16,17.330000,17.650000,16.830000,17.000000,17.000000,47600
2015-09-17,16.879999,17.870001,16.879999,17.610001,17.610001,61900
2015-09-18,17.440001,18.200001,16.830000,16.980000,16.980000,392800
2015-09-21,17.139999,17.760000,16.650000,17.750000,17.750000,79200
2015-09-22,17.600000,17.920000,16.615999,17.469999,17.469999,96500
2015-09-23,17.440001,17.930000,17.100000,17.410000,17.410000,79400
2015-09-24,17.330000,17.879999,17.000000,17.790001,17.790001,73100
2015-09-25,17.900000,17.900000,17.120001,17.510000,17.510000,70100
2015-09-28,17.690001,17.690001,17.070000,17.620001,17.620001,134700
2015-09-29,17.490000,17.620001,16.910000,17.100000,17.100000,72400
2015-09-30,17.270000,17.389999,16.530001,16.850000,16.850000,869100
2015-10-01,16.850000,17.100000,16.240000,16.969999,16.969999,106400
2015-10-02,16.830000,17.232000,16.549999,16.770000,16.770000,106500
2015-10-05,16.910000,17.379999,16.680000,17.299999,17.299999,98800
2015-10-06,17.330000,17.559999,16.930000,17.540001,17.540001,63000
2015-10-07,17.450001,18.389999,17.100000,18.299999,18.299999,129300
2015-10-08,18.200001,18.809999,17.243999,18.500000,18.500000,87600
2015-10-09,18.610001,19.719999,18.360001,19.639999,19.639999,78200
2015-10-12,19.660000,19.750000,19.230000,19.520000,19.520000,91100
2015-10-13,19.350000,19.934999,19.139999,19.540001,19.540001,46100
2015-10-14,19.490000,19.735001,18.930000,18.990000,18.990000,82800
2015-10-15,18.990000,19.305000,18.469999,19.000000,19.000000,129200
2015-10-16,19.100000,19.260000,18.809999,18.950001,18.950001,35500
2015-10-19,18.910000,19.120001,18.709999,18.900000,18.900000,43600
2015-10-20,18.889999,18.920000,18.450001,18.879999,18.879999,71000
2015-10-21,18.750000,18.750000,17.629999,17.680000,17.680000,80400
2015-10-22,17.889999,18.400000,17.570000,17.900000,17.900000,61400
2015-10-23,18.110001,18.230000,17.830000,18.040001,18.040001,49300
2015-10-26,18.000000,18.700001,17.959999,18.200001,18.200001,95400
2015-10-27,18.000000,18.052999,17.000000,17.100000,17.100000,64900
2015-10-28,17.370001,17.900000,17.120001,17.760000,17.760000,78900
2015-10-29,17.730000,18.080000,17.490000,17.629999,17.629999,75900
2015-10-30,17.620001,18.065001,17.240000,17.510000,17.510000,84600
2015-11-02,17.600000,18.459999,17.360001,18.219999,18.219999,213900
2015-11-03,18.120001,18.350000,17.549999,17.760000,17.760000,72600
2015-11-04,17.750000,17.910000,17.290001,17.580000,17.580000,30100
2015-11-05,17.650000,17.850000,16.260000,16.850000,16.850000,70800
2015-11-06,16.830000,17.250000,16.719999,17.170000,17.170000,24400
2015-11-09,17.010000,17.850000,17.006001,17.719999,17.719999,59600
2015-11-10,17.900000,17.900000,16.010000,16.459999,16.459999,131000
2015-11-11,16.610001,16.780001,15.560000,15.630000,15.630000,60100
2015-11-12,16.030001,16.030001,15.350000,15.440000,15.440000,42000
2015-11-13,15.380000,15.900000,15.330000,15.390000,15.390000,43100
2015-11-16,15.320000,15.910000,15.320000,15.650000,15.650000,41900
2015-11-17,15.860000,15.940000,15.510000,15.910000,15.910000,29900
2015-11-18,16.020000,16.049999,15.530000,15.990000,15.990000,29800
2015-11-19,15.870000,15.990000,15.630000,15.830000,15.830000,25200
2015-11-20,15.760000,16.040001,15.610000,15.790000,15.790000,35300
2015-11-23,15.740000,16.049999,15.700000,15.910000,15.910000,36800
2015-11-24,15.800000,16.049999,15.660000,15.990000,15.990000,21300
2015-11-25,16.000000,17.000000,16.000000,16.639999,16.639999,38300
2015-11-27,16.750000,17.790001,16.740000,16.750000,16.750000,18200
2015-11-30,16.900000,17.129999,16.080000,16.389999,16.389999,27300
2015-12-01,16.370001,16.879999,16.190001,16.660000,16.660000,24300
2015-12-02,16.219999,16.620001,15.915000,15.960000,15.960000,43800
2015-12-03,16.129999,16.250000,15.555000,15.570000,15.570000,30500
2015-12-04,15.530000,15.990000,15.530000,15.670000,15.670000,26300
2015-12-07,15.670000,15.820000,15.520000,15.640000,15.640000,41600
2015-12-08,15.520000,15.850000,15.380000,15.460000,15.460000,47600
2015-12-09,15.360000,15.700000,15.310000,15.510000,15.510000,24000
2015-12-10,15.450000,15.700000,15.390000,15.490000,15.490000,29800
2015-12-11,15.110000,15.730000,15.105000,15.350000,15.350000,72000
2015-12-14,15.440000,15.800000,15.330000,15.370000,15.370000,34000
2015-12-15,15.550000,15.590000,15.290000,15.430000,15.430000,26100
2015-12-16,15.470000,15.700000,15.320000,15.410000,15.410000,71300
2015-12-17,15.470000,15.510000,15.210000,15.290000,15.290000,74100
2015-12-18,15.290000,15.615000,15.230000,15.250000,15.250000,45600
2015-12-21,15.400000,15.500000,15.110000,15.410000,15.410000,26100
2015-12-22,15.440000,15.490000,15.120000,15.450000,15.450000,22600
2015-12-23,15.540000,16.639999,15.160000,16.430000,16.430000,45700
2015-12-24,16.280001,16.900000,16.280001,16.770000,16.770000,12100
2015-12-28,16.740000,16.770000,16.340000,16.690001,16.690001,17600
2015-12-29,16.709999,16.709999,15.150000,15.420000,15.420000,88300
2015-12-30,15.480000,15.500000,14.610000,14.640000,14.640000,60700
2015-12-31,14.700000,15.010000,14.510000,14.600000,14.600000,43100
2016-01-04,14.520000,15.190000,13.240000,13.960000,13.960000,118100
2016-01-05,13.900000,14.030000,13.770000,13.950000,13.950000,55300
2016-01-06,13.850000,14.000000,13.470000,13.940000,13.940000,233900
2016-01-07,13.750000,14.000000,13.480000,13.610000,13.610000,127300
2016-01-08,13.630000,13.970000,13.510000,13.700000,13.700000,99100
2016-01-11,13.800000,13.800000,13.330000,13.430000,13.430000,64200
2016-01-12,13.460000,13.490000,12.670000,13.010000,13.010000,125500
2016-01-13,13.030000,13.110000,12.460000,12.830000,12.830000,61600
2016-01-14,13.000000,13.690000,11.600000,13.080000,13.080000,162300
2016-01-15,12.830000,13.200000,12.402000,13.200000,13.200000,63500
2016-01-19,13.300000,13.300000,12.900000,13.130000,13.130000,56700
2016-01-20,12.980000,13.340000,12.630000,13.200000,13.200000,44500
2016-01-21,13.320000,13.940000,13.010000,13.240000,13.240000,56000
2016-01-22,13.470000,14.000000,13.190000,13.790000,13.790000,38200
2016-01-25,13.790000,13.930000,13.098000,13.200000,13.200000,26100
2016-01-26,13.160000,13.570000,13.010000,13.220000,13.220000,132400
2016-01-27,13.060000,13.690000,12.810000,13.140000,13.140000,95100
2016-01-28,13.080000,13.280000,13.000000,13.210000,13.210000,26700
2016-01-29,13.330000,13.625000,12.910000,13.400000,13.400000,69100
2016-02-01,13.320000,13.320000,13.060000,13.130000,13.130000,31200
2016-02-02,13.000000,13.100000,12.690000,13.020000,13.020000,54900
2016-02-03,13.290000,13.310000,12.600000,13.060000,13.060000,105700
2016-02-04,12.760000,13.740000,12.750000,13.390000,13.390000,77800
2016-02-05,13.200000,13.240000,12.780000,13.090000,13.090000,225000
2016-02-08,12.920000,13.050000,12.630000,13.020000,13.020000,133800
2016-02-09,12.870000,13.180000,12.720000,12.950000,12.950000,83300
2016-02-10,12.990000,13.540000,12.680000,12.760000,12.760000,30700
2016-02-11,12.720000,12.960000,12.550000,12.750000,12.750000,40800
2016-02-12,12.880000,13.000000,12.610000,12.950000,12.950000,33000
2016-02-16,13.060000,14.010000,12.950000,13.940000,13.940000,94100
2016-02-17,13.910000,15.000000,13.910000,14.330000,14.330000,40800
2016-02-18,14.350000,14.730000,14.330000,14.720000,14.720000,34800
2016-02-19,14.730000,14.760000,14.180000,14.220000,14.220000,33700
2016-02-22,14.260000,14.280000,13.840000,13.860000,13.860000,29100
2016-02-23,14.210000,14.210000,11.770000,12.160000,12.160000,236100
2016-02-24,11.980000,12.090000,11.820000,11.980000,11.980000,83200
2016-02-25,11.890000,12.435000,11.890000,11.990000,11.990000,76900
2016-02-26,12.000000,12.060000,11.710000,11.770000,11.770000,89700
2016-02-29,11.770000,12.050000,11.670000,11.700000,11.700000,51800
2016-03-01,11.700000,12.419000,11.580000,11.810000,11.810000,77900
2016-03-02,11.800000,11.970000,11.510000,11.820000,11.820000,112700
2016-03-03,11.860000,11.970000,11.600000,11.630000,11.630000,47000
2016-03-04,11.730000,11.860000,11.470000,11.580000,11.580000,105000
2016-03-07,11.480000,12.181000,11.070000,11.720000,11.720000,79600
2016-03-08,11.580000,11.900000,11.250000,11.610000,11.610000,125400
2016-03-09,11.800000,11.884000,11.455000,11.690000,11.690000,27400
2016-03-10,11.840000,11.900000,11.280000,11.620000,11.620000,26000
2016-03-11,11.670000,11.810000,11.481000,11.810000,11.810000,54400
2016-03-14,11.970000,11.990000,11.700000,11.920000,11.920000,55300
2016-03-15,12.010000,12.010000,11.810000,11.960000,11.960000,31300
2016-03-16,11.860000,12.080000,11.860000,11.960000,11.960000,41900
2016-03-17,12.020000,12.060000,11.750000,11.980000,11.980000,55800
2016-03-18,12.040000,12.770000,12.000000,12.120000,12.120000,94800
2016-03-21,12.260000,12.290000,11.750000,11.790000,11.790000,33800
2016-03-22,11.860000,12.000000,11.860000,11.890000,11.890000,16400
2016-03-23,11.960000,12.090000,11.890000,12.090000,12.090000,32100
2016-03-24,11.990000,12.160000,11.694000,12.000000,12.000000,27100
2016-03-28,11.900000,12.180000,11.760000,12.120000,12.120000,29000
2016-03-29,12.000000,12.330000,12.000000,12.230000,12.230000,41200
2016-03-30,12.190000,12.330000,12.080000,12.230000,12.230000,27800
2016-03-31,12.230000,12.300000,12.064000,12.240000,12.240000,28700
2016-04-01,12.140000,12.260000,12.090000,12.190000,12.190000,34100
2016-04-04,12.430000,12.430000,12.140000,12.190000,12.190000,17500
2016-04-05,12.130000,12.260000,12.100000,12.160000,12.160000,29800
2016-04-06,12.180000,12.380000,12.070000,12.180000,12.180000,23000
2016-04-07,12.140000,12.270000,12.070000,12.220000,12.220000,25800
2016-04-08,12.240000,12.330000,12.165000,12.300000,12.300000,14800
2016-04-11,12.300000,12.415000,12.210000,12.300000,12.300000,21300
2016-04-12,12.330000,12.460000,12.250000,12.370000,12.370000,27000
2016-04-13,12.370000,12.380000,12.280000,12.370000,12.370000,47100
2016-04-14,12.310000,12.370000,12.290000,12.350000,12.350000,14200
2016-04-15,12.350000,12.410000,12.250000,12.310000,12.310000,11900
2016-04-18,12.330000,12.700000,12.250000,12.640000,12.640000,95000
2016-04-19,12.730000,13.250000,12.630000,12.970000,12.970000,119300
2016-04-20,12.930000,13.160000,12.750000,13.020000,13.020000,17900
2016-04-21,12.990000,13.220000,12.915000,12.950000,12.950000,16400
2016-04-22,12.880000,13.190000,12.810000,12.870000,12.870000,16500
2016-04-25,12.990000,13.090000,12.220000,12.600000,12.600000,40600
2016-04-26,12.750000,13.150000,12.500000,13.100000,13.100000,28500
2016-04-27,13.150000,13.240000,12.770000,13.150000,13.150000,35000
2016-04-28,13.040000,13.095000,12.760000,12.780000,12.780000,18900
2016-04-29,12.750000,12.750000,12.250000,12.540000,12.540000,89800
2016-05-02,12.510000,12.955000,12.090000,12.690000,12.690000,76400
2016-05-03,12.680000,12.950000,12.250000,12.360000,12.360000,73500
2016-05-04,12.250000,12.550000,12.200000,12.300000,12.300000,45300
2016-05-05,12.490000,12.590000,12.180000,12.220000,12.220000,36700
2016-05-06,12.260000,12.420000,12.070000,12.410000,12.410000,31700
2016-05-09,12.500000,12.760000,12.220000,12.350000,12.350000,43000
2016-05-10,12.250000,12.750000,12.250000,12.500000,12.500000,89900
2016-05-11,12.500000,12.800000,12.310000,12.480000,12.480000,48800
2016-05-12,12.550000,12.680000,12.290000,12.520000,12.520000,47800
2016-05-13,12.270000,12.810000,12.185000,12.700000,12.700000,114100
2016-05-16,12.750000,13.000000,12.395000,12.550000,12.550000,54400
2016-05-17,12.510000,13.150000,12.390000,12.930000,12.930000,392400
2016-05-18,13.010000,13.530000,12.820000,13.340000,13.340000,43900
2016-05-19,13.300000,13.570000,12.970000,13.080000,13.080000,18800
2016-05-20,13.180000,13.440000,12.920000,13.430000,13.430000,31000
2016-05-23,13.360000,13.710000,13.140000,13.510000,13.510000,142900
2016-05-24,13.490000,13.680000,13.350000,13.600000,13.600000,33400
2016-05-25,13.700000,13.750000,13.400000,13.670000,13.670000,55800
2016-05-26,13.620000,13.700000,13.435000,13.540000,13.540000,22700
2016-05-27,13.650000,13.990000,13.640000,13.810000,13.810000,39000
2016-05-31,13.810000,14.000000,13.800000,14.000000,14.000000,29400
2016-06-01,13.980000,14.230000,13.880000,14.190000,14.190000,28800
2016-06-02,14.080000,14.350000,13.880000,14.320000,14.320000,33600
2016-06-03,14.420000,14.780000,14.260000,14.600000,14.600000,38500
2016-06-06,14.520000,15.180000,14.440000,15.010000,15.010000,44500
2016-06-07,14.920000,15.020000,14.760000,14.910000,14.910000,26200
2016-06-08,14.930000,15.060000,14.680000,14.950000,14.950000,23600
2016-06-09,14.840000,15.232000,14.531000,15.080000,15.080000,32200
2016-06-10,14.930000,15.210000,14.600000,14.800000,14.800000,32900
2016-06-13,14.680000,15.160000,14.351000,15.090000,15.090000,48500
2016-06-14,15.070000,15.570000,14.330000,14.550000,14.550000,35900
2016-06-15,14.550000,14.630000,14.160000,14.310000,14.310000,29700
2016-06-16,14.170000,14.590000,13.360000,14.460000,14.460000,29700
2016-06-17,14.500000,15.090000,13.980000,15.030000,15.030000,105800
2016-06-20,15.060000,15.060000,14.530000,14.660000,14.660000,27800
2016-06-21,14.600000,14.730000,14.190000,14.620000,14.620000,14700
2016-06-22,14.540000,14.940000,13.924000,14.470000,14.470000,43000
2016-06-23,14.570000,14.830000,14.200000,14.750000,14.750000,24800
2016-06-24,14.180000,14.480000,13.555000,13.980000,13.980000,246600
2016-06-27,13.800000,13.950000,13.340000,13.460000,13.460000,35000
2016-06-28,13.530000,14.000000,13.530000,13.670000,13.670000,36400
2016-06-29,13.750000,13.980000,13.500000,13.920000,13.920000,22000
2016-06-30,13.870000,14.460000,13.670000,14.460000,14.460000,37500
2016-07-01,14.320000,14.970000,14.115000,14.560000,14.560000,16600
2016-07-05,14.580000,14.910000,14.180000,14.330000,14.330000,18100
2016-07-06,14.370000,14.455000,14.140000,14.270000,14.270000,9300
2016-07-07,14.350000,14.460000,14.140000,14.310000,14.310000,16800
2016-07-08,14.400000,14.700000,14.300000,14.620000,14.620000,19100
2016-07-11,14.700000,14.700000,14.460000,14.620000,14.620000,15200
2016-07-12,14.700000,15.000000,14.600000,14.980000,14.980000,24600
2016-07-13,14.900000,15.000000,14.700000,14.920000,14.920000,17600
2016-07-14,15.000000,15.000000,14.680000,14.810000,14.810000,19900
2016-07-15,14.910000,15.120000,14.650000,15.060000,15.060000,21800
2016-07-18,15.140000,15.400000,14.990000,15.170000,15.170000,10700
2016-07-19,15.080000,15.480000,14.870000,15.350000,15.350000,22200
2016-07-20,15.400000,15.500000,14.980000,15.190000,15.190000,18700
2016-07-21,15.100000,15.360000,15.010000,15.270000,15.270000,21500
2016-07-22,15.180000,15.500000,15.120000,15.240000,15.240000,11800
2016-07-25,15.100000,15.345000,14.900000,14.970000,14.970000,27000
2016-07-26,15.060000,15.490000,14.790000,15.380000,15.380000,18500
2016-07-27,15.330000,16.190001,15.270000,16.120001,16.120001,58000
2016-07-28,16.040001,16.200001,15.840000,16.070000,16.070000,17400
2016-07-29,16.110001,16.170000,15.620000,16.080000,16.080000,17700
2016-08-01,15.960000,16.200001,15.820000,16.150000,16.150000,27700
2016-08-02,16.200001,16.200001,16.000000,16.110001,16.110001,10900
2016-08-03,16.219999,16.870001,16.200001,16.690001,16.690001,58100
2016-08-04,16.469999,16.943001,16.320000,16.650000,16.650000,27200
2016-08-05,16.740000,16.879999,16.260000,16.799999,16.799999,57100
2016-08-08,16.700001,16.999001,14.861000,16.930000,16.930000,79900
2016-08-09,17.000000,17.990000,16.260000,17.990000,17.990000,115600
2016-08-10,18.000000,18.000000,16.020000,17.980000,17.980000,24100
2016-08-11,17.860001,18.280001,17.860001,18.190001,18.190001,71700
2016-08-12,18.000000,18.389999,18.000000,18.190001,18.190001,21200
2016-08-15,17.969999,18.280001,17.969999,18.150000,18.150000,29100
2016-08-16,18.000000,18.420000,17.969999,18.230000,18.230000,62800
2016-08-17,18.340000,18.400000,18.190001,18.240000,18.240000,16800
2016-08-18,18.150000,18.410000,18.066000,18.280001,18.280001,17400
2016-08-19,18.200001,18.450001,18.049999,18.190001,18.190001,26000
2016-08-22,18.129999,18.330000,18.129999,18.290001,18.290001,19400
2016-08-23,18.309999,18.540001,18.215000,18.320000,18.320000,23700
2016-08-24,18.209999,18.570000,18.190001,18.420000,18.420000,20300
2016-08-25,18.530001,18.790001,18.410000,18.500000,18.500000,16100
2016-08-26,18.610001,18.840000,18.150000,18.500000,18.500000,11900
2016-08-29,18.700001,18.920000,18.600000,18.680000,18.680000,24100
2016-08-30,18.690001,18.910000,18.490000,18.620001,18.620001,6100
2016-08-31,18.629999,18.982000,18.180000,18.420000,18.420000,9700
2016-09-01,18.280001,18.750000,17.510000,18.350000,18.350000,35500
2016-09-02,18.680000,18.680000,18.309999,18.450001,18.450001,13600
2016-09-06,18.580000,18.700001,18.520000,18.620001,18.620001,26300
2016-09-07,18.690001,19.000000,18.690001,18.889999,18.889999,16200
2016-09-08,18.930000,18.993999,18.570000,18.940001,18.940001,11900
2016-09-09,18.940001,18.940001,18.240000,18.340000,18.340000,32100
2016-09-12,18.150000,19.000000,17.912001,18.980000,18.980000,33200
2016-09-13,18.850000,19.200001,18.309999,18.629999,18.629999,27400
2016-09-14,18.594000,19.780001,18.459000,19.740000,19.740000,32200
2016-09-15,19.650000,19.860001,19.014999,19.650000,19.650000,22500
2016-09-16,19.820000,19.975000,19.129999,19.190001,19.190001,86200
2016-09-19,19.299999,19.299999,18.870001,18.990000,18.990000,20400
2016-09-20,19.150000,19.709999,19.080000,19.469999,19.469999,19000
2016-09-21,19.510000,19.719999,19.430000,19.600000,19.600000,17900
2016-09-22,19.570000,19.780001,19.410000,19.639999,19.639999,26700
2016-09-23,19.917999,19.917999,19.629999,19.660000,19.660000,12300
2016-09-26,19.350000,19.660000,19.094999,19.170000,19.170000,14000
2016-09-27,19.254999,19.500000,19.110001,19.389999,19.389999,13200
2016-09-28,19.510000,19.780001,19.340000,19.639999,19.639999,12700
2016-09-29,19.580000,19.680000,19.070000,19.110001,19.110001,17300
2016-09-30,19.420000,19.594999,19.190001,19.440001,19.440001,17300
2016-10-03,19.309999,19.309999,18.620001,18.730000,18.730000,19000
2016-10-04,18.730000,19.040001,18.270000,19.040001,19.040001,20300
2016-10-05,19.070000,19.160000,18.879999,18.930000,18.930000,16000
2016-10-06,19.020000,19.080000,18.730000,19.040001,19.040001,13800
2016-10-07,18.830000,19.080000,18.799999,19.000000,19.000000,10800
2016-10-10,19.219999,19.219999,18.809999,19.049999,19.049999,26700
2016-10-11,19.049999,19.049999,18.620001,18.780001,18.780001,9500
2016-10-12,18.700001,18.980000,18.700001,18.860001,18.860001,9100
2016-10-13,18.700001,18.870001,18.389999,18.680000,18.680000,13700
2016-10-14,18.590000,19.209999,18.400000,19.020000,19.020000,30400
2016-10-17,19.000000,19.309999,18.750000,18.900000,18.900000,20900
2016-10-18,18.959999,19.040001,18.760000,19.010000,19.010000,10900
2016-10-19,18.980000,19.320000,18.959999,19.139999,19.139999,18700
2016-10-20,19.100000,19.360001,19.030001,19.080000,19.080000,15600
2016-10-21,19.049999,19.190001,19.049999,19.070000,19.070000,5100
2016-10-24,19.209999,19.270000,19.100000,19.200001,19.200001,6700
2016-10-25,19.320000,19.320000,19.049999,19.049999,19.049999,7100
2016-10-26,19.010000,19.200001,18.981001,19.090000,19.090000,9000
2016-10-27,19.020000,19.280001,18.969999,19.000000,19.000000,12400
2016-10-28,18.959999,19.059999,18.900000,19.010000,19.010000,12400
2016-10-31,19.010000,19.250000,18.900000,19.049999,19.049999,7500
2016-11-01,18.900000,19.049999,18.900000,19.000000,19.000000,19300
2016-11-02,19.000000,19.200001,18.799999,18.900000,18.900000,12400
2016-11-03,19.000000,19.000000,18.850000,18.850000,18.850000,19100
2016-11-04,19.049999,19.100000,18.750000,18.900000,18.900000,27400
2016-11-07,19.150000,19.150000,18.900000,19.100000,19.100000,15500
2016-11-08,19.250000,19.750000,19.250000,19.549999,19.549999,25200
2016-11-09,19.450001,19.450001,19.049999,19.250000,19.250000,24700
2016-11-10,19.299999,19.750000,19.200001,19.700001,19.700001,27800
2016-11-11,19.700001,22.000000,19.650000,22.000000,22.000000,63600
2016-11-14,22.000000,22.320000,21.400000,21.549999,21.549999,35100
2016-11-15,21.600000,22.031000,21.350000,21.475000,21.475000,14000
2016-11-16,21.299999,22.549999,20.150000,21.850000,21.850000,17300
2016-11-17,21.750000,21.950001,21.250000,21.549999,21.549999,14000
2016-11-18,21.700001,21.975000,21.049999,21.600000,21.600000,26300
2016-11-21,21.750000,22.049999,21.059999,21.799999,21.799999,16800
2016-11-22,21.750000,22.350000,21.700001,22.000000,22.000000,30500
2016-11-23,21.750000,22.200001,21.750000,22.000000,22.000000,17200
2016-11-25,22.000000,22.049999,21.450001,21.500000,21.500000,12300
2016-11-28,21.500000,22.200001,21.500000,22.049999,22.049999,9900
2016-11-29,22.150000,22.150000,21.900000,21.900000,21.900000,3600
2016-11-30,22.049999,22.100000,21.850000,21.900000,21.900000,8200
2016-12-01,21.799999,22.000000,21.082001,21.450001,21.450001,18000
2016-12-02,21.250000,21.400000,20.459999,21.000000,21.000000,9700
2016-12-05,21.049999,21.750000,21.049999,21.750000,21.750000,18800
2016-12-06,21.700001,22.000000,21.400000,21.900000,21.900000,17600
2016-12-07,21.850000,21.950001,21.700001,21.850000,21.850000,13200
2016-12-08,21.799999,22.250000,21.799999,21.950001,21.950001,24300
2016-12-09,21.900000,22.450001,21.900000,22.200001,22.200001,22500
2016-12-12,22.000000,22.000000,21.850000,21.900000,21.900000,17300
2016-12-13,22.100000,22.695000,21.900000,21.950001,21.950001,32000
2016-12-14,21.799999,22.200001,21.799999,22.100000,22.100000,17500
2016-12-15,22.200001,22.350000,21.850000,22.250000,22.250000,24600
2016-12-16,22.350000,22.750000,22.350000,22.700001,22.700001,74500
2016-12-19,22.799999,23.200001,22.799999,22.950001,22.950001,25300
2016-12-20,22.900000,23.950001,22.900000,23.900000,23.900000,14300
2016-12-21,23.799999,24.500000,23.650000,24.000000,24.000000,13100
2016-12-22,24.049999,24.100000,23.170000,23.700001,23.700001,13400
2016-12-23,23.850000,23.850000,23.400000,23.549999,23.549999,8600
2016-12-27,23.450001,23.600000,23.250000,23.400000,23.400000,9000
2016-12-28,23.400000,23.650000,23.150000,23.299999,23.299999,19200
2016-12-29,23.450001,23.900000,23.450001,23.850000,23.850000,13700
2016-12-30,23.950001,23.950001,23.600000,23.850000,23.850000,17500
2017-01-03,23.950001,23.950001,22.799999,23.000000,23.000000,51900
2017-01-04,23.000000,23.000000,22.424999,22.500000,22.500000,19000
2017-01-05,22.600000,22.750000,22.250000,22.400000,22.400000,12200
2017-01-06,22.600000,22.900000,22.200001,22.350000,22.350000,14800
2017-01-09,22.350000,22.650000,22.200001,22.299999,22.299999,10300
2017-01-10,22.250000,22.500000,22.250000,22.450001,22.450001,7500
2017-01-11,22.350000,22.650000,22.200001,22.450001,22.450001,16400
2017-01-12,22.400000,22.549999,21.632000,22.400000,22.400000,18800
2017-01-13,22.549999,22.799999,22.200001,22.400000,22.400000,16700
2017-01-17,22.150000,22.299999,21.850000,21.900000,21.900000,14300
2017-01-18,22.100000,22.450001,22.100000,22.250000,22.250000,10500
2017-01-19,22.200001,22.299999,22.000000,22.100000,22.100000,5100
2017-01-20,22.100000,22.750000,21.950001,22.700001,22.700001,35600
2017-01-23,22.700001,23.000000,22.695000,22.850000,22.850000,9900
2017-01-24,23.000000,23.000000,22.527000,22.750000,22.750000,16900
2017-01-25,22.750000,23.000000,22.750000,22.950001,22.950001,8900
2017-01-26,22.950001,23.000000,22.750000,22.900000,22.900000,4700
2017-01-27,22.900000,23.299999,22.750000,23.150000,23.150000,15100
2017-01-30,22.799999,23.200001,22.750000,22.900000,22.900000,7800
2017-01-31,23.000000,23.889999,22.605000,22.650000,22.650000,13300
2017-02-01,22.750000,23.340000,22.350000,22.900000,22.900000,22500
2017-02-02,22.900000,22.900000,22.650000,22.750000,22.750000,6900
2017-02-03,23.049999,23.799999,22.805000,23.000000,23.000000,29400
2017-02-06,22.799999,24.000000,22.533001,23.850000,23.850000,35600
2017-02-07,23.850000,24.049999,23.850000,23.900000,23.900000,9500
2017-02-08,24.000000,24.000000,23.700001,23.799999,23.799999,11900
2017-02-09,23.570000,24.799999,23.525000,24.750000,24.750000,17400
2017-02-10,24.799999,24.799999,23.850000,24.000000,24.000000,30200
2017-02-13,24.350000,24.400000,23.950001,24.049999,24.049999,10800
2017-02-14,24.549999,24.549999,23.750000,24.000000,24.000000,11300
2017-02-15,24.150000,24.400000,23.600000,23.700001,23.700001,13000
2017-02-16,23.900000,23.900000,23.400000,23.700001,23.700001,9100
2017-02-17,23.799999,24.000000,23.650000,23.799999,23.799999,15500
2017-02-21,23.950001,24.033001,23.600000,23.700001,23.700001,5300
2017-02-22,23.650000,24.200001,23.600000,23.850000,23.850000,7800
2017-02-23,23.600000,23.945000,23.549999,23.650000,23.650000,8800
2017-02-24,23.600000,24.350000,23.600000,23.799999,23.799999,10400
2017-02-27,24.075001,25.049999,23.985001,25.049999,25.049999,26300
2017-02-28,26.000000,26.000000,24.750000,24.850000,24.850000,25000
2017-03-01,24.650000,24.950001,24.517000,24.950001,24.950001,15700
2017-03-02,24.600000,24.865000,24.299999,24.500000,24.500000,18200
2017-03-03,24.100000,24.950001,23.799999,23.950001,23.950001,82700
2017-03-06,23.950001,23.950001,23.700001,23.750000,23.750000,10700
2017-03-07,23.500000,23.900000,22.844000,23.600000,23.600000,20800
2017-03-08,23.750000,24.750000,23.750000,24.400000,24.400000,76800
2017-03-09,24.049999,24.450001,24.049999,24.100000,24.100000,14400
2017-03-10,24.100000,24.350000,23.900000,24.200001,24.200001,10900
2017-03-13,24.351000,25.000000,24.351000,24.400000,24.400000,26500
2017-03-14,24.500000,24.504999,24.000000,24.500000,24.500000,8300
2017-03-15,24.600000,25.250000,23.950001,25.100000,25.100000,247400
2017-03-16,25.299999,26.049999,24.709999,25.049999,25.049999,64500
2017-03-17,24.799999,26.100000,24.799999,25.950001,25.950001,44800
2017-03-20,25.750000,26.049999,25.150000,25.200001,25.200001,24200
2017-03-21,25.400000,25.900000,24.450001,24.450001,24.450001,23100
2017-03-22,24.299999,24.549999,23.500000,24.200001,24.200001,296700
2017-03-23,24.250000,25.750000,24.250000,25.500000,25.500000,33700
2017-03-24,25.600000,25.950001,25.400000,25.700001,25.700001,25700
2017-03-27,25.850000,26.100000,25.750000,26.000000,26.000000,12000
2017-03-28,25.799999,26.200001,24.850000,26.049999,26.049999,9500
2017-03-29,26.200001,26.200001,25.900000,26.150000,26.150000,15400
2017-03-30,26.250000,27.500000,26.000000,27.500000,27.500000,31800
2017-03-31,27.799999,27.900000,26.750000,27.200001,27.200001,87900
2017-04-03,27.000000,28.000000,27.000000,27.450001,27.450001,28000
2017-04-04,27.549999,27.549999,27.049999,27.150000,27.150000,37600
2017-04-05,27.000000,27.200001,25.700001,25.900000,25.900000,42900
2017-04-06,26.049999,26.350000,25.549999,25.799999,25.799999,57800
2017-04-07,25.950001,26.650000,25.160000,26.000000,26.000000,40100
2017-04-10,26.100000,26.674999,25.049999,25.700001,25.700001,38600
2017-04-11,25.700001,26.100000,25.613001,26.000000,26.000000,27400
2017-04-12,25.900000,25.900000,25.594999,25.650000,25.650000,16500
2017-04-13,25.670000,25.940001,25.299999,25.400000,25.400000,22100
2017-04-17,25.049999,25.600000,25.049999,25.299999,25.299999,34500
2017-04-18,25.049999,25.799999,25.049999,25.450001,25.450001,21800
2017-04-19,25.350000,25.900000,25.200001,25.700001,25.700001,21800
2017-04-20,25.750000,26.350000,25.600000,25.900000,25.900000,33300
2017-04-21,25.750000,26.200001,25.350000,26.049999,26.049999,22100
2017-04-24,26.200001,26.450001,26.100000,26.400000,26.400000,16200
2017-04-25,26.400000,26.600000,26.200001,26.400000,26.400000,21800
2017-04-26,26.350000,26.750000,26.350000,26.600000,26.600000,35200
2017-04-27,27.000000,27.299999,26.750000,27.250000,27.250000,33600
2017-04-28,27.299999,27.500000,26.260000,26.549999,26.549999,39700
2017-05-01,26.750000,26.750000,26.049999,26.100000,26.100000,24800
2017-05-02,26.100000,26.450001,25.650000,26.250000,26.250000,27300
2017-05-03,26.150000,26.200001,25.700001,26.100000,26.100000,30400
2017-05-04,26.250000,26.250000,25.850000,26.000000,26.000000,16700
2017-05-05,26.100000,26.350000,25.549999,26.000000,26.000000,59000
2017-05-08,27.000000,27.326000,26.427999,26.900000,26.900000,56100
2017-05-09,26.900000,28.575001,26.900000,28.049999,28.049999,88400
2017-05-10,27.950001,28.450001,27.504000,28.000000,28.000000,63600
2017-05-11,27.799999,28.250000,27.100000,28.250000,28.250000,47100
2017-05-12,28.100000,28.299999,27.950001,28.100000,28.100000,25000
2017-05-15,28.200001,28.659000,28.100000,28.250000,28.250000,46700
2017-05-16,28.200001,29.150000,28.200001,28.450001,28.450001,38200
2017-05-17,28.150000,28.450001,27.500000,27.650000,27.650000,63000
2017-05-18,27.750000,28.299999,27.450001,27.950001,27.950001,42400
2017-05-19,28.250000,28.250000,27.650000,27.850000,27.850000,32400
2017-05-22,27.650000,27.900000,27.200001,27.850000,27.850000,24900
2017-05-23,27.850000,27.900000,27.500000,27.700001,27.700001,39000
2017-05-24,27.750000,27.850000,27.650000,27.700001,27.700001,22800
2017-05-25,27.900000,27.950001,27.747999,27.850000,27.850000,36800
2017-05-26,28.100000,28.700001,27.850000,28.400000,28.400000,94200
2017-05-30,28.600000,28.825001,28.299999,28.500000,28.500000,82300
2017-05-31,28.700001,29.250000,28.450001,28.650000,28.650000,240300
2017-06-01,28.549999,30.150000,28.350000,29.900000,29.900000,144700
2017-06-02,29.850000,31.049999,29.850000,30.950001,30.950001,132900
2017-06-05,31.000000,35.200001,31.000000,32.000000,32.000000,121100
2017-06-06,32.400002,33.000000,31.600000,31.700001,31.700001,89600
2017-06-07,31.750000,32.049999,31.299999,31.450001,31.450001,73200
2017-06-08,31.500000,31.924999,31.250000,31.400000,31.400000,73400
2017-06-09,31.549999,31.750000,30.650000,31.000000,31.000000,98700
2017-06-12,32.000000,32.950001,31.350000,31.700001,31.700001,213500
2017-06-13,32.200001,32.340000,31.200001,31.400000,31.400000,94300
2017-06-14,31.350000,31.700001,31.299999,31.400000,31.400000,122300
2017-06-15,31.100000,31.700001,30.799999,31.450001,31.450001,181800
2017-06-16,31.250000,32.049999,31.250000,31.799999,31.799999,104500
2017-06-19,31.700001,32.478001,31.700001,32.349998,32.349998,68300
2017-06-20,32.500000,32.900002,32.250000,32.599998,32.599998,69000
2017-06-21,32.650002,32.950001,32.049999,32.400002,32.400002,65600
2017-06-22,32.450001,32.900002,32.069000,32.549999,32.549999,47900
2017-06-23,32.549999,33.599998,32.250000,33.450001,33.450001,214200
2017-06-26,33.700001,34.349998,32.555000,34.000000,34.000000,207900
2017-06-27,33.849998,34.150002,33.000000,33.299999,33.299999,125800
2017-06-28,33.450001,34.200001,32.900002,34.150002,34.150002,47400
2017-06-29,34.099998,34.099998,32.091999,32.450001,32.450001,86100
2017-06-30,32.950001,34.099998,32.250000,32.599998,32.599998,192300
2017-07-03,32.799999,34.299999,31.200001,31.450001,31.450001,49900
2017-07-05,31.299999,32.950001,31.250000,31.799999,31.799999,95000
2017-07-06,31.450001,32.000000,31.150000,31.549999,31.549999,194900
2017-07-07,31.750000,32.450001,31.750000,32.150002,32.150002,53900
2017-07-10,32.599998,32.900002,32.150002,32.724998,32.724998,97700
2017-07-11,32.849998,33.000000,32.299999,32.500000,32.500000,79700
2017-07-12,32.650002,33.000000,32.500000,32.900002,32.900002,57400
2017-07-13,32.950001,33.540001,32.200001,33.049999,33.049999,131400
2017-07-14,33.049999,33.799999,33.049999,33.450001,33.450001,101700
2017-07-17,33.549999,34.349998,33.299999,34.299999,34.299999,81000
2017-07-18,34.000000,34.700001,33.500000,34.650002,34.650002,72900
2017-07-19,34.849998,35.049999,34.500000,34.950001,34.950001,80700
2017-07-20,35.200001,36.525002,34.700001,35.799999,35.799999,99900
2017-07-21,35.849998,36.200001,34.799999,35.299999,35.299999,165900
2017-07-24,35.400002,35.700001,35.049999,35.450001,35.450001,63300
2017-07-25,35.200001,35.700001,34.849998,35.349998,35.349998,95600
2017-07-26,35.150002,35.400002,35.099998,35.299999,35.299999,69000
2017-07-27,35.400002,35.744999,34.700001,35.400002,35.400002,208100
2017-07-28,35.150002,35.700001,34.750000,35.599998,35.599998,53300
2017-07-31,35.599998,35.799999,34.950001,34.950001,34.950001,44100
2017-08-01,35.049999,35.500000,34.750000,35.000000,35.000000,101000
2017-08-02,35.000000,35.049999,33.950001,34.549999,34.549999,218400
2017-08-03,34.450001,34.761002,33.950001,34.450001,34.450001,244600
2017-08-04,34.650002,35.849998,34.000000,35.000000,35.000000,139500
2017-08-07,35.349998,36.099998,35.000000,35.250000,35.250000,187800
2017-08-08,37.000000,38.849998,36.500000,37.799999,37.799999,602400
2017-08-09,37.500000,37.500000,36.450001,36.650002,36.650002,177400
2017-08-10,36.349998,36.400002,35.599998,35.799999,35.799999,355300
2017-08-11,35.849998,36.150002,35.799999,36.000000,36.000000,185200
2017-08-14,36.250000,37.349998,35.936001,37.200001,37.200001,365700
2017-08-15,37.299999,38.400002,37.049999,38.150002,38.150002,192100
2017-08-16,38.099998,39.325001,38.000000,39.000000,39.000000,106300
2017-08-17,38.750000,40.549999,38.400002,40.049999,40.049999,312400
2017-08-18,39.450001,41.299999,39.009998,41.099998,41.099998,206000
2017-08-21,40.700001,41.750000,40.200001,40.650002,40.650002,177900
2017-08-22,40.750000,42.500000,40.750000,42.200001,42.200001,176200
2017-08-23,42.400002,42.450001,41.250000,41.700001,41.700001,183700
2017-08-24,41.500000,42.000000,41.375000,41.799999,41.799999,141900
2017-08-25,41.900002,42.000000,41.400002,41.799999,41.799999,176400
2017-08-28,41.900002,42.000000,41.674999,42.000000,42.000000,119900
2017-08-29,41.599998,41.900002,41.150002,41.400002,41.400002,208400
2017-08-30,41.250000,43.200001,41.250000,42.200001,42.200001,203800
2017-08-31,42.450001,43.150002,42.323002,42.900002,42.900002,158400
2017-09-01,42.849998,43.396999,42.400002,43.000000,43.000000,156400
2017-09-05,42.900002,43.250000,42.250000,43.049999,43.049999,188000
2017-09-06,43.000000,43.849998,42.775002,43.549999,43.549999,187200
2017-09-07,43.150002,44.750000,43.000000,44.700001,44.700001,208500
2017-09-08,44.500000,45.599998,43.849998,43.950001,43.950001,205400
2017-09-11,44.599998,45.650002,44.450001,45.349998,45.349998,190300
2017-09-12,45.549999,46.000000,44.799999,45.099998,45.099998,160700
2017-09-13,45.099998,45.290001,44.150002,44.500000,44.500000,109200
2017-09-14,44.450001,44.799999,44.060001,44.299999,44.299999,114400
2017-09-15,44.299999,45.099998,43.889999,44.700001,44.700001,346200
2017-09-18,44.750000,45.125000,44.299999,44.900002,44.900002,125600
2017-09-19,44.900002,45.275002,44.750000,45.000000,45.000000,139900
2017-09-20,45.049999,45.650002,44.349998,45.400002,45.400002,141800
2017-09-21,45.450001,46.450001,45.139999,46.049999,46.049999,101300
2017-09-22,46.049999,46.150002,45.650002,46.150002,46.150002,130500
2017-09-25,46.150002,46.150002,45.799999,46.099998,46.099998,175500
2017-09-26,46.150002,47.000000,45.950001,46.500000,46.500000,207800
2017-09-27,46.900002,48.217999,46.799999,48.000000,48.000000,139200
2017-09-28,48.000000,48.400002,46.299999,47.049999,47.049999,253700
2017-09-29,47.500000,48.299999,47.150002,47.950001,47.950001,168900
2017-10-02,48.150002,48.950001,47.900002,48.799999,48.799999,133800
2017-10-03,48.799999,49.549999,48.799999,49.549999,49.549999,165000
2017-10-04,49.650002,49.950001,49.000000,49.549999,49.549999,211100
2017-10-05,49.599998,50.049999,48.750000,49.849998,49.849998,217900
2017-10-06,49.549999,50.549999,49.160000,50.299999,50.299999,130900
2017-10-09,50.799999,51.950001,50.549999,51.099998,51.099998,164200
2017-10-10,51.099998,52.250000,50.900002,50.900002,50.900002,172000
2017-10-11,50.950001,52.174000,50.950001,51.650002,51.650002,119000
2017-10-12,51.700001,51.700001,50.599998,50.799999,50.799999,150800
2017-10-13,50.750000,51.099998,50.450001,50.700001,50.700001,106700
2017-10-16,50.500000,51.099998,50.250000,50.900002,50.900002,152700
2017-10-17,50.900002,51.000000,50.150002,50.400002,50.400002,113400
2017-10-18,50.450001,50.549999,49.750000,50.000000,50.000000,179200
2017-10-19,49.650002,50.000000,48.900002,49.549999,49.549999,151800
2017-10-20,49.849998,50.099998,49.099998,49.150002,49.150002,190100
2017-10-23,49.450001,49.450001,48.650002,48.750000,48.750000,149000
2017-10-24,48.700001,49.040001,48.000000,48.250000,48.250000,229100
2017-10-25,48.250000,49.099998,46.500000,46.799999,46.799999,230000
2017-10-26,46.299999,46.450001,40.000000,45.750000,45.750000,290600
2017-10-27,45.400002,46.500000,45.150002,46.349998,46.349998,166100
2017-10-30,46.250000,46.450001,44.900002,45.650002,45.650002,132100
2017-10-31,45.700001,46.650002,45.650002,45.900002,45.900002,166300
2017-11-01,45.950001,46.250000,44.349998,45.099998,45.099998,133800
2017-11-02,44.799999,45.700001,44.099998,45.500000,45.500000,164700
2017-11-03,45.650002,46.250000,44.900002,45.799999,45.799999,106900
2017-11-06,45.950001,47.000000,45.799999,46.450001,46.450001,186500
2017-11-07,48.500000,48.500000,41.200001,42.099998,42.099998,415300
2017-11-08,41.950001,41.950001,40.500000,41.549999,41.549999,231800
2017-11-09,41.250000,42.400002,40.900002,41.500000,41.500000,187800
2017-11-10,41.349998,42.450001,41.200001,41.900002,41.900002,157900
2017-11-13,41.700001,42.049999,40.950001,41.849998,41.849998,133100
2017-11-14,42.150002,43.750000,42.150002,43.400002,43.400002,227800
2017-11-15,43.200001,43.750000,42.349998,42.500000,42.500000,113100
2017-11-16,42.849998,43.799999,42.849998,43.549999,43.549999,107200
2017-11-17,43.500000,43.950001,43.146000,43.650002,43.650002,137600
2017-11-20,43.700001,44.900002,43.650002,44.849998,44.849998,147200
2017-11-21,44.450001,45.700001,44.450001,44.700001,44.700001,187400
2017-11-22,45.000000,45.000000,43.250000,43.750000,43.750000,109700
2017-11-24,43.799999,45.049999,43.799999,44.200001,44.200001,96500
2017-11-27,44.250000,44.599998,43.299999,43.500000,43.500000,247200
2017-11-28,43.549999,44.049999,43.049999,43.849998,43.849998,135200
2017-11-29,43.849998,44.000000,42.349998,42.599998,42.599998,116400
2017-11-30,42.950001,43.450001,42.500000,43.150002,43.150002,132700
2017-12-01,42.799999,43.000000,40.799999,41.849998,41.849998,99200
2017-12-04,42.250000,42.250000,39.599998,39.849998,39.849998,229000
2017-12-05,39.799999,41.200001,39.799999,41.049999,41.049999,122800
2017-12-06,40.900002,41.650002,40.599998,40.650002,40.650002,103500
2017-12-07,40.650002,42.000000,40.650002,41.349998,41.349998,251400
2017-12-08,41.599998,41.900002,41.099998,41.549999,41.549999,142300
2017-12-11,41.450001,42.299999,41.450001,41.650002,41.650002,100900
2017-12-12,41.700001,41.700001,40.849998,41.099998,41.099998,69600
2017-12-13,41.150002,42.500000,41.150002,41.799999,41.799999,79300
2017-12-14,41.849998,42.000000,40.799999,41.000000,41.000000,103900
2017-12-15,41.049999,42.400002,41.049999,42.200001,42.200001,247800
2017-12-18,42.849998,43.349998,42.299999,42.549999,42.549999,105800
2017-12-19,42.549999,42.750000,41.750000,42.000000,42.000000,82000
2017-12-20,42.200001,42.200001,41.400002,41.849998,41.849998,65400
2017-12-21,42.000000,42.150002,41.500000,41.700001,41.700001,49200
2017-12-22,41.650002,41.650002,40.849998,41.150002,41.150002,68900
2017-12-26,40.700001,41.299999,40.200001,41.049999,41.049999,75500
2017-12-27,41.200001,41.950001,40.900002,41.450001,41.450001,88800
2017-12-28,41.950001,41.950001,40.575001,41.150002,41.150002,91900
2017-12-29,41.549999,41.939999,41.299999,41.500000,41.500000,165100
2018-01-02,41.500000,42.000000,40.650002,41.200001,41.200001,148200
2018-01-03,41.200001,42.150002,41.200001,42.150002,42.150002,116200
2018-01-04,42.450001,42.950001,42.049999,42.500000,42.500000,138400
2018-01-05,42.549999,42.700001,41.849998,42.150002,42.150002,145000
2018-01-08,41.700001,42.250000,41.355000,42.000000,42.000000,129300
2018-01-09,42.099998,42.200001,40.849998,41.000000,41.000000,111900
2018-01-10,40.700001,40.950001,40.299999,40.650002,40.650002,87900
2018-01-11,40.599998,41.150002,40.575001,40.950001,40.950001,146700
2018-01-12,41.200001,42.650002,40.959999,42.549999,42.549999,84100
2018-01-16,43.150002,43.299999,41.924999,42.000000,42.000000,150800
2018-01-17,42.349998,42.849998,41.775002,42.700001,42.700001,62700
2018-01-18,42.700001,43.000000,41.849998,42.700001,42.700001,79500
2018-01-19,42.950001,45.000000,42.950001,44.950001,44.950001,110000
2018-01-22,45.200001,45.395000,43.400002,44.049999,44.049999,118400
2018-01-23,44.049999,45.200001,43.650002,45.049999,45.049999,108800
2018-01-24,45.250000,45.299999,43.349998,43.450001,43.450001,101300
2018-01-25,43.799999,44.099998,43.000000,43.450001,43.450001,66000
2018-01-26,43.849998,43.849998,42.896000,43.650002,43.650002,72100
2018-01-29,43.349998,43.750000,43.150002,43.400002,43.400002,69600
2018-01-30,43.099998,43.650002,42.250000,42.250000,42.250000,90600
2018-01-31,42.299999,42.950001,41.549999,42.349998,42.349998,165100
2018-02-01,42.000000,43.000000,41.759998,42.849998,42.849998,97100
2018-02-02,42.349998,42.750000,40.849998,40.900002,40.900002,73100
2018-02-05,40.349998,41.099998,39.200001,39.250000,39.250000,129400
2018-02-06,38.549999,40.450001,37.555000,40.099998,40.099998,144900
2018-02-07,40.150002,40.450001,39.125000,40.099998,40.099998,146100
2018-02-08,40.349998,40.700001,39.049999,39.049999,39.049999,189400
2018-02-09,39.500000,40.250000,38.450001,39.799999,39.799999,144200
2018-02-12,40.000000,40.900002,39.421001,40.599998,40.599998,81800
2018-02-13,40.349998,40.945000,40.200001,40.450001,40.450001,53800
2018-02-14,40.000000,41.275002,40.000000,40.900002,40.900002,68300
2018-02-15,41.250000,41.299999,40.599998,40.849998,40.849998,59400
2018-02-16,40.849998,42.750000,40.849998,42.500000,42.500000,119000
2018-02-20,42.549999,42.900002,42.200001,42.450001,42.450001,84800
2018-02-21,42.900002,43.880001,42.900002,43.200001,43.200001,67500
2018-02-22,43.349998,43.849998,43.200001,43.250000,43.250000,64500
2018-02-23,43.299999,44.500000,43.200001,44.400002,44.400002,97200
2018-02-26,44.450001,45.750000,44.389999,45.250000,45.250000,148000
2018-02-27,43.000000,44.470001,38.250000,39.900002,39.900002,352100
2018-02-28,40.650002,41.950001,39.049999,40.099998,40.099998,223700
2018-03-01,40.150002,40.200001,38.750000,39.900002,39.900002,144000
2018-03-02,39.599998,41.000000,39.349998,40.250000,40.250000,103400
2018-03-05,40.000000,40.500000,39.525002,40.250000,40.250000,91700
2018-03-06,40.200001,41.125000,40.009998,40.950001,40.950001,138900
2018-03-07,40.450001,41.750000,40.000000,41.250000,41.250000,104400
2018-03-08,41.500000,41.750000,40.549999,40.799999,40.799999,70900
2018-03-09,41.150002,42.150002,40.700001,42.000000,42.000000,170000
2018-03-12,42.000000,42.400002,41.200001,41.450001,41.450001,85900
2018-03-13,41.849998,42.049999,40.799999,41.150002,41.150002,114000
2018-03-14,41.549999,41.900002,41.099998,41.349998,41.349998,42600
2018-03-15,41.450001,41.599998,40.750000,41.049999,41.049999,51900
2018-03-16,41.099998,41.400002,40.450001,41.150002,41.150002,100200
2018-03-19,41.049999,41.200001,40.000000,40.599998,40.599998,155800
2018-03-20,40.849998,42.349998,40.849998,42.099998,42.099998,70100
2018-03-21,42.000000,42.400002,41.500000,41.549999,41.549999,43100
2018-03-22,41.150002,41.799999,40.400002,40.500000,40.500000,59100
2018-03-23,40.099998,40.950001,40.099998,40.400002,40.400002,109400
2018-03-26,40.549999,41.349998,40.000000,40.799999,40.799999,229100
2018-03-27,40.849998,41.450001,39.349998,39.549999,39.549999,148900
2018-03-28,39.400002,39.900002,38.500000,39.549999,39.549999,259200
2018-03-29,39.799999,41.150002,39.700001,40.849998,40.849998,120200
2018-04-02,40.799999,40.799999,39.200001,39.849998,39.849998,95000
2018-04-03,40.099998,40.200001,39.450001,39.900002,39.900002,71700
2018-04-04,39.250000,40.099998,38.900002,40.000000,40.000000,111200
2018-04-05,40.450001,41.049999,40.099998,40.849998,40.849998,120500
2018-04-06,40.549999,41.250000,40.549999,40.750000,40.750000,62700
2018-04-09,41.200001,42.049999,40.950001,41.750000,41.750000,118000
2018-04-10,42.099998,43.099998,41.599998,42.700001,42.700001,150000
2018-04-11,42.549999,43.650002,42.549999,43.400002,43.400002,96900
2018-04-12,43.650002,44.445000,43.500000,44.299999,44.299999,91600
2018-04-13,44.599998,44.750000,43.924999,44.099998,44.099998,63200
2018-04-16,44.349998,44.900002,42.922001,44.599998,44.599998,102900
2018-04-17,44.900002,47.424999,44.900002,46.650002,46.650002,230200
2018-04-18,46.700001,48.500000,46.400002,48.400002,48.400002,214000
2018-04-19,48.000000,50.549999,47.950001,50.299999,50.299999,174500
2018-04-20,50.000000,50.549999,48.450001,48.500000,48.500000,131900
2018-04-23,48.700001,49.500000,47.750000,47.900002,47.900002,54700
2018-04-24,48.200001,48.224998,46.849998,47.400002,47.400002,53500
2018-04-25,47.700001,48.349998,47.099998,47.599998,47.599998,83200
2018-04-26,47.849998,48.400002,47.400002,47.450001,47.450001,82400
2018-04-27,47.700001,48.000000,47.450001,47.750000,47.750000,80000
2018-04-30,47.750000,48.549999,47.500000,47.950001,47.950001,142100
2018-05-01,50.000000,50.000000,45.099998,49.250000,49.250000,235100
2018-05-02,49.299999,53.400002,49.299999,52.700001,52.700001,226200
2018-05-03,52.700001,52.950001,51.500000,52.450001,52.450001,101800
2018-05-04,52.599998,54.806999,52.299999,54.049999,54.049999,150600
2018-05-07,53.849998,54.900002,53.505001,54.200001,54.200001,171400
2018-05-08,54.200001,56.000000,54.200001,55.500000,55.500000,301800
2018-05-09,55.549999,57.450001,55.349998,57.099998,57.099998,270800
2018-05-10,57.200001,57.500000,56.400002,56.849998,56.849998,283800
2018-05-11,57.049999,57.650002,56.650002,56.849998,56.849998,95000
2018-05-14,56.950001,57.299999,55.900002,55.950001,55.950001,107800
2018-05-15,55.900002,57.299999,55.650002,57.049999,57.049999,112200
2018-05-16,57.400002,58.400002,56.500000,58.299999,58.299999,169700
2018-05-17,58.099998,58.400002,57.250000,57.599998,57.599998,51400
2018-05-18,57.750000,58.099998,57.299999,57.799999,57.799999,49800
2018-05-21,55.750000,55.900002,53.599998,54.250000,54.250000,219700
2018-05-22,54.000000,54.849998,53.049999,54.099998,54.099998,160500
2018-05-23,53.700001,55.349998,53.700001,54.799999,54.799999,61800
2018-05-24,54.900002,55.494999,54.410000,55.150002,55.150002,103100
2018-05-25,55.099998,56.900002,55.000000,56.000000,56.000000,91600
2018-05-29,55.950001,57.450001,55.049999,57.450001,57.450001,103100
2018-05-30,57.750000,59.400002,57.750000,58.150002,58.150002,144500
2018-05-31,58.000000,59.299999,57.750000,59.200001,59.200001,127700
2018-06-01,59.099998,60.599998,58.049999,60.049999,60.049999,156800
2018-06-04,60.650002,61.650002,59.955002,61.000000,61.000000,121700
2018-06-05,61.000000,63.500000,60.974998,62.750000,62.750000,162400
2018-06-06,62.549999,63.000000,61.950001,62.799999,62.799999,112300
2018-06-07,62.500000,63.299999,58.599998,59.750000,59.750000,145000
2018-06-08,59.750000,61.349998,58.549999,59.849998,59.849998,132300
2018-06-11,59.900002,61.349998,59.549999,61.150002,61.150002,108900
2018-06-12,61.150002,63.000000,60.500000,62.500000,62.500000,114900
2018-06-13,62.500000,63.450001,61.950001,63.349998,63.349998,189400
2018-06-14,63.450001,66.900002,63.395000,65.349998,65.349998,249200
2018-06-15,64.849998,65.849998,64.050003,65.250000,65.250000,202300
2018-06-18,65.050003,66.650002,64.449997,66.500000,66.500000,195700
2018-06-19,66.000000,67.449997,65.800003,66.900002,66.900002,297900
2018-06-20,67.599998,68.500000,66.050003,66.500000,66.500000,199900
2018-06-21,66.400002,67.400002,64.050003,64.250000,64.250000,161900
2018-06-22,64.099998,64.400002,62.299999,63.150002,63.150002,739300
2018-06-25,62.549999,62.849998,60.549999,62.250000,62.250000,217800
2018-06-26,62.549999,63.450001,61.700001,63.049999,63.049999,151600
2018-06-27,63.549999,64.000000,61.000000,61.049999,61.049999,184200
2018-06-28,60.400002,61.450001,59.005001,61.049999,61.049999,295900
2018-06-29,61.450001,61.964001,60.799999,61.150002,61.150002,205300
2018-07-02,60.750000,62.400002,60.599998,62.250000,62.250000,123000
2018-07-03,62.299999,62.650002,61.549999,61.750000,61.750000,75200
2018-07-05,61.900002,62.849998,61.700001,62.250000,62.250000,104000
2018-07-06,62.000000,62.849998,61.400002,62.400002,62.400002,81700
2018-07-09,62.799999,63.349998,62.349998,63.099998,63.099998,117000
2018-07-10,63.000000,63.450001,61.549999,61.599998,61.599998,67200
2018-07-11,61.250000,62.500000,60.205002,61.549999,61.549999,74200
2018-07-12,61.950001,62.900002,61.250000,62.750000,62.750000,84400
2018-07-13,62.650002,63.000000,62.000000,63.000000,63.000000,81100
2018-07-16,62.849998,63.650002,62.599998,62.950001,62.950001,61400
2018-07-17,62.950001,65.449997,62.799999,65.449997,65.449997,152900
2018-07-18,65.500000,65.824997,64.400002,64.500000,64.500000,73300
2018-07-19,64.750000,66.449997,64.400002,66.349998,66.349998,121000
2018-07-20,66.250000,66.650002,65.449997,65.750000,65.750000,99700
2018-07-23,65.699997,67.000000,64.699997,66.699997,66.699997,67400
2018-07-24,67.000000,67.349998,64.800003,65.500000,65.500000,93600
2018-07-25,65.599998,66.925003,65.500000,66.800003,66.800003,61500
2018-07-26,66.750000,68.150002,65.250000,67.750000,67.750000,103000
2018-07-27,67.849998,69.099998,64.000000,64.849998,64.849998,118800
2018-07-30,64.849998,64.849998,60.950001,61.849998,61.849998,122400
2018-07-31,66.750000,72.449997,64.010002,72.199997,72.199997,327600
2018-08-01,72.449997,76.449997,71.349998,75.949997,75.949997,384200
2018-08-02,75.900002,78.189003,75.199997,76.849998,76.849998,252300
2018-08-03,76.849998,76.849998,74.099998,74.599998,74.599998,174000
2018-08-06,74.500000,75.500000,73.849998,75.400002,75.400002,127700
2018-08-07,76.550003,77.574997,74.500000,74.949997,74.949997,188900
2018-08-08,75.050003,75.400002,73.949997,74.750000,74.750000,145500
2018-08-09,75.050003,77.699997,74.099998,76.199997,76.199997,201600
2018-08-10,76.050003,77.050003,75.705002,76.300003,76.300003,122400
2018-08-13,76.550003,77.449997,76.014999,77.199997,77.199997,75700
2018-08-14,78.349998,78.995003,77.150002,77.800003,77.800003,141600
2018-08-15,77.400002,77.900002,76.000000,77.599998,77.599998,116800
2018-08-16,77.550003,78.199997,76.849998,77.800003,77.800003,125300
2018-08-17,77.400002,78.800003,76.449997,77.150002,77.150002,126400
2018-08-20,77.650002,77.650002,75.449997,76.449997,76.449997,239000
2018-08-21,76.650002,78.250000,76.155998,77.500000,77.500000,96800
2018-08-22,77.449997,78.599998,76.150002,78.050003,78.050003,142800
2018-08-23,77.550003,79.699997,77.500000,78.949997,78.949997,78500
2018-08-24,79.199997,81.949997,79.199997,80.900002,80.900002,151700
2018-08-27,81.500000,82.849998,80.599998,82.199997,82.199997,135300
2018-08-28,82.000000,82.699997,81.150002,81.750000,81.750000,135600
2018-08-29,82.099998,83.300003,81.400002,81.900002,81.900002,136500
2018-08-30,82.050003,84.800003,82.050003,84.349998,84.349998,125700
2018-08-31,84.000000,86.000000,83.400002,85.400002,85.400002,131000
2018-09-04,85.699997,89.199997,85.500000,88.250000,88.250000,161300
2018-09-05,88.199997,88.699997,84.050003,85.900002,85.900002,187900
2018-09-06,85.750000,87.175003,84.849998,85.550003,85.550003,110100
2018-09-07,85.199997,87.050003,84.199997,85.900002,85.900002,119200
2018-09-10,86.349998,89.224998,86.150002,88.900002,88.900002,129400
2018-09-11,88.000000,90.449997,86.525002,89.099998,89.099998,262100
2018-09-12,89.400002,90.650002,86.800003,88.349998,88.349998,145600
2018-09-13,89.050003,91.199997,89.050003,90.849998,90.849998,122200
2018-09-14,90.650002,91.489998,88.400002,88.849998,88.849998,164400
2018-09-17,89.000000,89.278999,85.699997,85.900002,85.900002,169400
2018-09-18,85.900002,88.650002,85.900002,86.699997,86.699997,180900
2018-09-19,86.949997,87.824997,82.699997,83.800003,83.800003,211900
2018-09-20,84.199997,85.500000,81.040001,82.750000,82.750000,216000
2018-09-21,83.000000,84.000000,80.250000,80.550003,80.550003,357100
2018-09-24,79.650002,82.199997,78.051003,81.250000,81.250000,180300
2018-09-25,81.699997,82.949997,81.699997,82.349998,82.349998,150400
2018-09-26,82.500000,82.925003,79.699997,80.000000,80.000000,175400
2018-09-27,80.199997,81.800003,78.349998,79.500000,79.500000,176900
2018-09-28,79.250000,81.175003,78.139999,78.400002,78.400002,224300
2018-10-01,78.889999,79.449997,75.360001,76.019997,76.019997,201000
2018-10-02,75.290001,76.730003,72.739998,74.029999,74.029999,341600
2018-10-03,74.230003,75.629997,73.070000,74.970001,74.970001,126200
2018-10-04,74.720001,74.720001,72.089996,72.449997,72.449997,201700
2018-10-05,72.449997,73.800003,70.269997,71.419998,71.419998,230800
2018-10-08,71.070000,71.598000,65.169998,67.930000,67.930000,271500
2018-10-09,67.570000,69.120003,65.730003,67.000000,67.000000,179500
2018-10-10,66.940002,66.940002,62.759998,63.380001,63.380001,242500
2018-10-11,62.549999,67.042000,62.099998,62.639999,62.639999,302300
2018-10-12,66.050003,66.050003,63.537998,64.930000,64.930000,269400
2018-10-15,64.779999,65.444000,62.615002,63.240002,63.240002,231500
2018-10-16,63.799999,65.849998,63.139999,65.599998,65.599998,125400
2018-10-17,65.199997,66.540001,64.620003,65.500000,65.500000,169400
2018-10-18,65.489998,65.489998,62.160000,63.349998,63.349998,184800
2018-10-19,63.980000,64.360001,60.020000,60.070000,60.070000,135200
2018-10-22,60.450001,61.450001,59.655998,61.000000,61.000000,516600
2018-10-23,59.490002,60.779999,58.505001,60.470001,60.470001,185900
2018-10-24,60.500000,61.070000,57.070000,57.150002,57.150002,261700
2018-10-25,57.650002,59.680000,57.080002,59.029999,59.029999,148800
2018-10-26,58.009998,59.290001,56.360001,58.139999,58.139999,204400
2018-10-29,59.209999,62.049999,59.209999,59.810001,59.810001,552000
2018-10-30,56.380001,56.820000,51.150002,54.360001,54.360001,754300
2018-10-31,54.799999,59.630001,54.689999,57.099998,57.099998,316300
2018-11-01,57.099998,59.500000,56.709999,58.869999,58.869999,447500
2018-11-02,59.000000,59.869999,56.966000,57.939999,57.939999,185800
2018-11-05,57.860001,58.720001,56.750000,57.810001,57.810001,188900
2018-11-06,57.910000,58.930000,57.549999,58.230000,58.230000,163800
2018-11-07,59.240002,61.175999,58.070000,60.299999,60.299999,175000
2018-11-08,60.279999,60.279999,58.410000,59.450001,59.450001,148500
2018-11-09,59.060001,59.549999,58.039001,59.490002,59.490002,122200
2018-11-12,59.320000,59.500000,56.930000,57.970001,57.970001,200800
2018-11-13,57.919998,58.439999,56.799999,57.150002,57.150002,146600
2018-11-14,57.680000,58.305000,56.229000,57.200001,57.200001,248300
2018-11-15,56.889999,58.509998,56.680000,58.270000,58.270000,115800
2018-11-16,57.669998,58.139999,56.950001,57.849998,57.849998,131500
2018-11-19,57.619999,57.619999,55.139999,55.560001,55.560001,213100
2018-11-20,53.840000,57.509998,53.500000,55.810001,55.810001,301300
2018-11-21,56.680000,57.639999,56.029999,57.020000,57.020000,107800
2018-11-23,56.660000,57.639999,56.660000,56.869999,56.869999,23000
2018-11-26,57.500000,58.509998,57.380001,58.310001,58.310001,85200
2018-11-27,58.400002,58.459999,56.750000,57.000000,57.000000,102000
2018-11-28,57.689999,61.610001,57.509998,61.200001,61.200001,186800
2018-11-29,60.990002,62.834999,60.660000,61.820000,61.820000,109300
2018-11-30,61.270000,61.950001,60.044998,61.290001,61.290001,132300
2018-12-03,62.450001,63.770000,61.000000,61.770000,61.770000,125000
2018-12-04,61.419998,62.166000,59.500000,60.299999,60.299999,362800
2018-12-06,58.730000,60.950001,58.314999,60.779999,60.779999,121500
2018-12-07,60.490002,60.709999,59.529999,60.070000,60.070000,161900
2018-12-10,59.700001,62.000000,59.459999,60.580002,60.580002,97600
2018-12-11,61.580002,61.580002,59.830002,60.680000,60.680000,61300
2018-12-12,61.500000,62.959999,61.180000,61.310001,61.310001,109700
2018-12-13,61.630001,61.770000,59.849998,60.360001,60.360001,111700
2018-12-14,59.740002,60.990002,59.270000,60.240002,60.240002,81800
2018-12-17,60.070000,60.180000,55.849998,56.040001,56.040001,196300
2018-12-18,56.560001,59.180000,56.299999,59.070000,59.070000,206800
2018-12-19,59.330002,60.259998,57.320000,57.959999,57.959999,130300
2018-12-20,57.860001,58.290001,55.720001,57.099998,57.099998,185300
2018-12-21,57.450001,57.785999,55.730000,56.169998,56.169998,204700
2018-12-24,56.160000,56.910000,54.500000,54.500000,54.500000,128300
2018-12-26,54.779999,57.189999,54.509998,57.189999,57.189999,93500
2018-12-27,56.400002,57.860001,55.590000,57.860001,57.860001,101900
2018-12-28,58.009998,58.509998,56.400002,57.669998,57.669998,80700
2018-12-31,58.139999,59.220001,57.779999,59.220001,59.220001,125900
2019-01-02,57.939999,59.180000,56.900002,59.040001,59.040001,161700
2019-01-03,58.290001,58.400002,55.205002,56.330002,56.330002,191600
2019-01-04,57.110001,57.930000,55.000000,57.169998,57.169998,148900
2019-01-07,57.160000,59.664001,57.060001,59.290001,59.290001,85100
2019-01-08,60.000000,60.618999,59.470001,59.660000,59.660000,107700
2019-01-09,60.150002,62.040001,60.080002,61.630001,61.630001,194200
2019-01-10,61.200001,61.549999,60.180000,60.590000,60.590000,88800
2019-01-11,60.389999,61.380001,59.549999,61.240002,61.240002,67200
2019-01-14,60.740002,60.889999,59.340000,60.070000,60.070000,68900
2019-01-15,60.080002,61.650002,60.080002,61.340000,61.340000,47300
2019-01-16,61.730000,62.439999,60.669998,60.770000,60.770000,58800
2019-01-17,60.509998,62.000000,60.240002,61.450001,61.450001,106200
2019-01-18,61.860001,62.318001,61.299999,61.889999,61.889999,59000
2019-01-22,61.669998,61.930000,60.450001,61.240002,61.240002,97800
2019-01-23,61.709999,62.799999,60.840000,61.900002,61.900002,105300
2019-01-24,61.910000,62.290001,61.455002,61.990002,61.990002,125000
2019-01-25,62.740002,64.330002,62.680000,63.369999,63.369999,57600
2019-01-28,63.000000,63.160000,61.099998,61.209999,61.209999,70300
2019-01-29,61.180000,61.180000,59.750000,60.189999,60.189999,66300
2019-01-30,60.650002,61.139999,59.009998,61.139999,61.139999,55700
2019-01-31,61.180000,63.540001,60.000000,63.310001,63.310001,91300
2019-02-01,63.340000,64.475998,63.320000,64.150002,64.150002,55800
2019-02-04,64.309998,64.900002,64.000000,64.099998,64.099998,105100
2019-02-05,64.269997,64.730003,63.290001,63.689999,63.689999,58700
2019-02-06,63.700001,63.740002,62.064999,63.139999,63.139999,50300
2019-02-07,62.790001,63.299999,61.599998,62.369999,62.369999,42900
2019-02-08,61.900002,63.799999,61.820000,63.689999,63.689999,124700
2019-02-11,64.199997,64.730003,63.419998,64.300003,64.300003,99400
2019-02-12,64.610001,65.000000,63.799999,65.000000,65.000000,115800
2019-02-13,64.940002,66.500000,64.519997,65.059998,65.059998,233200
2019-02-14,64.959999,66.320000,64.779999,65.629997,65.629997,128500
2019-02-15,65.949997,67.779999,65.410004,67.750000,67.750000,113900
2019-02-19,68.190002,68.809998,67.440002,67.459999,67.459999,77400
2019-02-20,67.500000,68.251999,67.089996,68.070000,68.070000,59700
2019-02-21,68.059998,69.081001,67.650002,68.790001,68.790001,93200
2019-02-22,69.120003,70.620003,68.699997,70.540001,70.540001,95800
2019-02-25,70.980003,72.269997,70.669998,71.029999,71.029999,114400
2019-02-26,70.949997,71.379997,69.290001,69.309998,69.309998,113000
2019-02-27,68.410004,69.819000,67.290001,69.410004,69.410004,109800
2019-02-28,69.419998,73.095001,69.000000,72.279999,72.279999,191300
2019-03-01,68.150002,69.500000,63.500000,65.720001,65.720001,376600
2019-03-04,66.389999,68.769997,65.430000,68.660004,68.660004,220900
2019-03-05,68.629997,68.629997,66.102997,68.230003,68.230003,165400
2019-03-06,68.150002,68.805000,67.610001,68.800003,68.800003,148500
2019-03-07,68.260002,68.529999,65.739998,66.300003,66.300003,177000
2019-03-08,65.550003,68.209999,65.500000,68.099998,68.099998,154600
2019-03-11,68.209999,70.839996,68.209999,70.800003,70.800003,116000
2019-03-12,70.550003,71.830002,70.169998,71.510002,71.510002,103000
2019-03-13,71.430000,73.599998,70.800003,72.940002,72.940002,179800
2019-03-14,72.510002,74.099998,71.955002,73.959999,73.959999,119200
2019-03-15,74.050003,74.790001,73.500000,74.360001,74.360001,237300
2019-03-18,74.739998,75.360001,73.430000,73.809998,73.809998,107300
2019-03-19,73.949997,74.750000,73.199997,74.339996,74.339996,92300
2019-03-20,74.339996,75.900002,73.720001,75.550003,75.550003,135200
2019-03-21,75.139999,78.080002,75.000000,77.919998,77.919998,117300
2019-03-22,77.750000,78.050003,75.440002,75.750000,75.750000,161200
2019-03-25,75.110001,78.110001,74.930000,77.639999,77.639999,131900
2019-03-26,78.209999,81.699997,77.690002,79.470001,79.470001,260800
2019-03-27,79.480003,80.214996,76.040001,77.000000,77.000000,168600
2019-03-28,77.250000,78.720001,76.519997,78.370003,78.370003,99300
2019-03-29,79.150002,80.000000,78.230003,79.400002,79.400002,194000
2019-04-01,80.209999,80.473000,77.739998,78.559998,78.559998,217900
2019-04-02,78.570000,80.489998,78.300003,80.099998,80.099998,97800
2019-04-03,80.480003,81.989998,80.000000,81.459999,81.459999,112300
2019-04-04,81.470001,81.820000,79.002998,80.320000,80.320000,108900
2019-04-05,80.419998,81.639999,80.029999,81.430000,81.430000,88100
2019-04-08,81.629997,81.638000,80.019997,81.519997,81.519997,132300
2019-04-09,81.190002,81.800003,79.949997,81.110001,81.110001,78400
2019-04-10,81.120003,82.279999,81.120003,81.750000,81.750000,61900
2019-04-11,81.739998,82.500000,80.761002,82.449997,82.449997,64600
2019-04-12,82.760002,82.940002,81.629997,82.699997,82.699997,67200
2019-04-15,82.309998,85.220001,82.300003,85.029999,85.029999,98100
2019-04-16,85.339996,87.650002,85.040001,87.500000,87.500000,172500
2019-04-17,87.830002,89.400002,87.000000,88.019997,88.019997,227000
2019-04-18,88.000000,89.269997,87.519997,88.779999,88.779999,110000
2019-04-22,88.779999,94.697998,88.681000,92.879997,92.879997,226400
2019-04-23,93.419998,96.035004,93.224998,94.879997,94.879997,185200
2019-04-24,95.059998,97.068001,94.070000,94.550003,94.550003,101400
2019-04-25,94.800003,95.516998,93.309998,94.570000,94.570000,131600
2019-04-26,94.959999,95.940002,94.320000,95.800003,95.800003,248600
2019-04-29,95.550003,97.408997,95.050003,97.010002,97.010002,110300
2019-04-30,97.650002,98.650002,96.029999,97.110001,97.110001,116300
2019-05-01,97.199997,97.690002,95.150002,96.239998,96.239998,152100
2019-05-02,96.000000,98.160004,95.449997,97.040001,97.040001,182000
2019-05-03,88.000000,94.589996,84.279999,93.760002,93.760002,467200
2019-05-06,91.540001,96.224998,91.237999,95.065002,95.065002,194400
2019-05-07,93.980003,96.300003,93.010002,95.360001,95.360001,174700
2019-05-08,95.550003,97.790001,95.550003,97.040001,97.040001,132100
2019-05-09,95.570000,96.779999,95.309998,96.459999,96.459999,205300
2019-05-10,96.139999,97.279999,94.800003,95.580002,95.580002,78100
2019-05-13,93.239998,93.239998,91.573997,92.050003,92.050003,148000
2019-05-14,92.699997,93.544998,92.029999,92.970001,92.970001,66300
2019-05-15,92.180000,94.430000,92.000000,93.260002,93.260002,82600
2019-05-16,93.290001,96.599998,93.010002,95.629997,95.629997,98200
2019-05-17,94.989998,99.279999,94.900002,96.730003,96.730003,110500
2019-05-20,96.349998,97.129997,94.870003,95.059998,95.059998,82500
2019-05-21,95.779999,97.860001,95.750000,96.250000,96.250000,112800
2019-05-22,96.150002,97.768997,95.339996,96.400002,96.400002,86400
2019-05-23,95.470001,96.660004,94.449997,96.500000,96.500000,124800
2019-05-24,96.900002,97.680000,93.433998,95.059998,95.059998,126000
2019-05-28,95.349998,97.666000,94.250000,96.809998,96.809998,273500
2019-05-29,95.720001,96.970001,95.440002,95.809998,95.809998,123200
2019-05-30,96.400002,97.930000,95.839996,96.540001,96.540001,64800
2019-05-31,95.330002,97.500000,94.949997,96.400002,96.400002,88000
2019-06-03,96.360001,97.239998,94.160004,95.400002,95.400002,188700
2019-06-04,96.470001,96.580002,94.800003,96.290001,96.290001,164000
2019-06-05,96.209999,100.930000,96.209999,99.120003,99.120003,133500
2019-06-06,99.650002,100.669998,98.309998,99.860001,99.860001,89500
2019-06-07,100.059998,102.760002,100.059998,101.959999,101.959999,106300
2019-06-10,102.970001,104.411003,102.239998,103.050003,103.050003,102200
2019-06-11,103.260002,103.610001,98.480003,99.760002,99.760002,121400
2019-06-12,99.769997,100.269997,97.820000,99.220001,99.220001,141400
2019-06-13,99.620003,99.620003,97.029999,97.889999,97.889999,151700
2019-06-14,97.389999,98.709999,96.019997,97.559998,97.559998,85000
2019-06-17,98.029999,105.863998,97.559998,104.190002,104.190002,134300
2019-06-18,105.129997,108.000000,105.129997,105.540001,105.540001,99600
2019-06-19,106.139999,107.489998,105.220001,106.690002,106.690002,122100
2019-06-20,108.150002,109.000000,106.019997,107.430000,107.430000,129200
2019-06-21,106.709999,109.889999,106.260002,107.699997,107.699997,445800
2019-06-24,106.940002,107.400002,101.099998,101.800003,101.800003,177100
2019-06-25,102.300003,102.599998,99.139999,100.190002,100.190002,115200
2019-06-26,100.839996,102.559998,96.349998,98.110001,98.110001,245700
2019-06-27,98.150002,100.610001,98.150002,100.290001,100.290001,78400
2019-06-28,100.690002,102.459999,99.190002,102.269997,102.269997,162200
2019-07-01,104.339996,104.339996,100.855003,103.230003,103.230003,170700
2019-07-02,103.389999,104.089996,102.330002,102.839996,102.839996,67300
2019-07-03,103.510002,103.510002,102.190002,103.180000,103.180000,60000
2019-07-05,102.849998,103.500000,100.650002,103.080002,103.080002,177200
2019-07-08,102.230003,104.308998,101.190002,104.010002,104.010002,211800
2019-07-09,103.790001,105.879997,103.190002,105.750000,105.750000,299300
2019-07-10,106.709999,108.000000,106.010002,106.470001,106.470001,142100
2019-07-11,106.830002,106.830002,105.290001,106.459999,106.459999,92200
2019-07-12,106.680000,106.910004,104.769997,106.419998,106.419998,82300
2019-07-15,106.410004,106.410004,103.769997,106.099998,106.099998,112400
2019-07-16,105.400002,107.964996,104.654999,105.190002,105.190002,181900
2019-07-17,105.540001,107.669998,104.739998,106.980003,106.980003,123200
2019-07-18,106.500000,108.000000,105.239998,107.610001,107.610001,288400
2019-07-19,107.669998,108.699997,106.699997,106.739998,106.739998,222600
2019-07-22,107.239998,107.449997,103.559998,103.940002,103.940002,95900
2019-07-23,104.180000,104.180000,101.709999,103.910004,103.910004,116200
2019-07-24,103.639999,105.730003,102.510002,105.139999,105.139999,102400
2019-07-25,104.800003,104.995003,103.440002,104.250000,104.250000,116500
2019-07-26,104.910004,106.415001,104.250000,105.800003,105.800003,144800
2019-07-29,105.639999,107.040001,101.779999,103.180000,103.180000,327000
2019-07-30,93.930000,98.400002,88.434998,97.459999,97.459999,734000
2019-07-31,97.099998,98.860001,95.379997,96.550003,96.550003,285100
2019-08-01,96.309998,103.110001,96.309998,99.190002,99.190002,252100
2019-08-02,99.010002,100.070000,97.589996,98.570000,98.570000,154400
2019-08-05,95.199997,96.269997,93.019997,94.800003,94.800003,274200
2019-08-06,95.760002,98.029999,93.309998,94.400002,94.400002,220100
2019-08-07,93.330002,96.480003,92.705002,95.669998,95.669998,93600
2019-08-08,96.400002,97.769997,95.325996,96.660004,96.660004,111900
2019-08-09,96.139999,96.989998,94.690002,94.830002,94.830002,120500
2019-08-12,94.080002,95.175003,93.010002,94.029999,94.029999,145200
2019-08-13,93.959999,96.519997,93.300003,96.419998,96.419998,101700
2019-08-14,94.779999,96.849998,94.239998,95.769997,95.769997,168800
2019-08-15,95.779999,98.019997,94.370003,97.660004,97.660004,202600
2019-08-16,98.489998,100.400002,97.339996,98.510002,98.510002,126700
2019-08-19,99.599998,100.070000,95.699997,95.800003,95.800003,107000
2019-08-20,95.199997,97.684998,94.400002,97.250000,97.250000,85900
2019-08-21,98.440002,100.419998,97.300003,99.250000,99.250000,106700
2019-08-22,99.599998,100.459999,96.970001,98.019997,98.019997,59300
2019-08-23,97.849998,99.839996,95.559998,95.800003,95.800003,143200
2019-08-26,96.989998,98.260002,95.000000,98.220001,98.220001,135700
2019-08-27,98.760002,100.099998,97.330002,97.860001,97.860001,108200
2019-08-28,97.529999,100.309998,96.080002,99.309998,99.309998,126700
2019-08-29,100.309998,102.089996,99.239998,102.029999,102.029999,163500
2019-08-30,102.930000,104.500000,98.309998,98.769997,98.769997,214500
2019-09-03,97.949997,100.275002,95.730003,98.260002,98.260002,221700
2019-09-04,98.580002,100.180000,97.290001,97.849998,97.849998,277900
2019-09-05,99.089996,99.089996,95.839996,98.739998,98.739998,175400
2019-09-06,98.589996,99.089996,96.809998,97.000000,97.000000,98000
2019-09-09,96.949997,97.010002,93.500000,94.959999,94.959999,285500
2019-09-10,94.570000,95.389999,91.010002,94.099998,94.099998,157900
2019-09-11,94.190002,98.199997,91.730003,96.540001,96.540001,119200
2019-09-12,97.349998,100.500000,96.180000,99.690002,99.690002,128200
2019-09-13,99.820000,100.660004,96.845001,97.349998,97.349998,118500
2019-09-16,96.430000,99.550003,95.290001,98.169998,98.169998,126900
2019-09-17,98.139999,100.320000,98.139999,100.050003,100.050003,117800
2019-09-18,99.849998,100.114998,97.500000,99.570000,99.570000,122100
2019-09-19,100.120003,101.349998,98.540001,100.389999,100.389999,125100
2019-09-20,100.260002,102.690002,94.000000,96.800003,96.800003,411200
2019-09-23,96.620003,97.070000,92.720001,92.900002,92.900002,113700
2019-09-24,93.779999,95.279999,90.730003,92.449997,92.449997,138400
2019-09-25,92.040001,94.650002,91.000000,94.510002,94.510002,118600
2019-09-26,94.330002,95.279999,92.120003,93.709999,93.709999,103200
2019-09-27,93.949997,94.639999,91.379997,93.129997,93.129997,144600
2019-09-30,92.940002,95.809998,91.389999,95.139999,95.139999,165300
2019-10-01,95.000000,96.349998,94.059998,94.660004,94.660004,192800
2019-10-02,94.029999,94.199997,91.544998,92.730003,92.730003,112700
2019-10-03,92.750000,94.930000,89.699997,94.849998,94.849998,141600
2019-10-04,95.199997,96.580002,94.769997,95.940002,95.940002,70000
2019-10-07,95.309998,97.519997,94.209999,96.800003,96.800003,124300
2019-10-08,96.139999,96.849998,92.589996,93.050003,93.050003,76900
2019-10-09,93.910004,96.190002,93.599998,95.550003,95.550003,114100
2019-10-10,95.500000,95.900002,93.660004,93.970001,93.970001,91500
2019-10-11,94.690002,96.019997,94.000000,95.279999,95.279999,86200
2019-10-14,95.220001,95.389999,93.209999,94.349998,94.349998,51800
2019-10-15,93.870003,94.519997,93.230003,93.690002,93.690002,133700
2019-10-16,94.680000,94.680000,90.489998,92.000000,92.000000,124900
2019-10-17,92.410004,93.309998,90.900002,91.529999,91.529999,111600
2019-10-18,90.949997,91.800003,86.910004,87.019997,87.019997,163000
2019-10-21,86.930000,88.455002,86.449997,88.190002,88.190002,132900
2019-10-22,88.449997,89.129997,85.800003,86.459999,86.459999,108100
2019-10-23,85.980003,88.599998,85.980003,87.129997,87.129997,85000
2019-10-24,87.790001,90.220001,86.690002,90.040001,90.040001,93800
2019-10-25,89.959999,91.639999,89.860001,90.800003,90.800003,91800
2019-10-28,91.110001,92.199997,90.063004,92.129997,92.129997,120700
2019-10-29,92.190002,98.239998,92.190002,94.959999,94.959999,142300
2019-10-30,95.510002,99.730003,94.389999,99.720001,99.720001,107500
2019-10-31,99.669998,100.080002,96.889999,97.230003,97.230003,108000
2019-11-01,97.309998,99.260002,97.230003,98.820000,98.820000,124300
2019-11-04,99.820000,99.820000,95.709999,95.879997,95.879997,86500
2019-11-05,95.879997,96.349998,93.410004,95.620003,95.620003,88000
2019-11-06,95.570000,95.800003,94.370003,95.550003,95.550003,65600
2019-11-07,95.500000,96.540001,95.040001,95.970001,95.970001,127700
2019-11-08,95.910004,97.342003,95.830002,96.349998,96.349998,72000
2019-11-11,96.139999,99.815002,95.160004,99.540001,99.540001,112500
2019-11-12,99.440002,103.650002,98.940002,102.510002,102.510002,136300
2019-11-13,101.669998,103.599998,101.540001,102.779999,102.779999,75900
2019-11-14,103.419998,103.820000,102.540001,102.930000,102.930000,77800
2019-11-15,102.250000,103.000000,101.000000,102.040001,102.040001,106200
2019-11-18,101.949997,103.959999,101.949997,102.559998,102.559998,41300
2019-11-19,102.449997,104.099998,102.449997,103.290001,103.290001,99400
2019-11-20,103.599998,105.169998,102.347000,104.900002,104.900002,158800
2019-11-21,105.199997,107.588997,104.989998,106.930000,106.930000,132200
2019-11-22,107.500000,108.389999,106.010002,107.739998,107.739998,65500
2019-11-25,108.449997,113.760002,108.449997,113.309998,113.309998,112200
2019-11-26,113.800003,115.900002,113.620003,113.980003,113.980003,119600
2019-11-27,114.379997,116.470001,113.268997,115.269997,115.269997,76200
2019-11-29,113.889999,114.449997,112.309998,112.919998,112.919998,67800
2019-12-02,113.110001,115.349998,111.709999,113.470001,113.470001,110100
2019-12-03,112.010002,114.779999,112.010002,114.419998,114.419998,380800
2019-12-04,116.080002,116.980003,114.080002,114.540001,114.540001,151200
2019-12-05,114.550003,115.445000,112.500000,113.230003,113.230003,112500
2019-12-06,113.970001,114.055000,112.910004,113.949997,113.949997,69700
2019-12-09,113.050003,113.849998,112.309998,113.099998,113.099998,120000
2019-12-10,112.919998,113.900002,111.910004,112.269997,112.269997,94000
2019-12-11,112.510002,112.510002,109.449997,110.209999,110.209999,105200
2019-12-12,109.610001,110.349998,106.620003,107.180000,107.180000,78600
2019-12-13,106.529999,108.370003,106.022003,106.589996,106.589996,73100
2019-12-16,106.720001,107.620003,105.267998,106.190002,106.190002,109600
2019-12-17,106.269997,107.349998,105.474998,107.309998,107.309998,123000
2019-12-18,107.400002,108.650002,107.269997,108.099998,108.099998,82400
2019-12-19,108.230003,108.834999,107.930000,108.760002,108.760002,55400
2019-12-20,109.099998,109.709999,108.000000,109.639999,109.639999,187600
2019-12-23,110.010002,111.239998,108.980003,111.059998,111.059998,64600
2019-12-24,110.849998,111.250000,110.000000,110.349998,110.349998,34000
2019-12-26,110.349998,111.250000,109.489998,110.074997,110.074997,60700
2019-12-27,110.430000,111.175003,109.265999,111.089996,111.089996,46800
2019-12-30,110.720001,111.139999,107.480003,108.639999,108.639999,98100
2019-12-31,108.510002,110.970001,107.510002,109.949997,109.949997,141500
2020-01-02,110.610001,113.940002,110.610001,113.489998,113.489998,122800
2020-01-03,111.820000,113.709999,111.820000,112.269997,112.269997,91500
2020-01-06,111.180000,113.570000,110.570000,112.970001,112.970001,56900
2020-01-07,112.650002,115.230003,112.500000,114.169998,114.169998,52000
2020-01-08,114.410004,115.754997,113.473000,115.300003,115.300003,88600
2020-01-09,116.309998,118.779999,115.790001,118.620003,118.620003,72600
2020-01-10,119.139999,120.430000,118.300003,120.050003,120.050003,67900
2020-01-13,120.779999,122.059998,120.220001,121.139999,121.139999,102400
2020-01-14,120.599998,122.605003,120.139999,121.010002,121.010002,93300
2020-01-15,120.730003,123.739998,120.250000,121.930000,121.930000,115900
2020-01-16,122.849998,123.550003,122.250000,122.849998,122.849998,108600
2020-01-17,123.580002,124.699997,122.849998,124.099998,124.099998,81400
2020-01-21,123.580002,124.500000,122.514999,123.419998,123.419998,73900
2020-01-22,124.379997,126.250000,124.379997,125.389999,125.389999,70000
2020-01-23,125.360001,126.040001,124.550003,125.570000,125.570000,62800
2020-01-24,126.180000,127.294998,123.010002,124.680000,124.680000,56300
2020-01-27,122.510002,125.430000,122.099998,125.059998,125.059998,49400
2020-01-28,125.660004,127.809998,125.660004,127.599998,127.599998,59100
2020-01-29,128.160004,129.309998,127.330002,128.610001,128.610001,61000
2020-01-30,128.179993,132.509995,128.179993,132.229996,132.229996,75700
2020-01-31,132.429993,132.927994,130.660004,131.440002,131.440002,91500
2020-02-03,131.009995,132.699997,130.024994,132.460007,132.460007,117900
2020-02-04,133.949997,137.800003,132.800003,137.529999,137.529999,62400
2020-02-05,138.520004,138.709000,133.369995,133.520004,133.520004,112600
2020-02-06,134.110001,138.082993,134.110001,137.100006,137.100006,54000
2020-02-07,136.660004,137.865005,136.009995,136.850006,136.850006,43400
2020-02-10,136.910004,137.820007,136.279999,136.690002,136.690002,62200
2020-02-11,137.660004,138.024994,136.809998,137.699997,137.699997,91600
2020-02-12,138.050003,138.649994,136.669998,137.399994,137.399994,52100
2020-02-13,137.100006,139.089996,137.100006,137.800003,137.800003,67600
2020-02-14,137.809998,140.460007,136.716003,139.990005,139.990005,67200
2020-02-18,140.000000,143.113007,139.500000,141.009995,141.009995,79800
2020-02-19,141.729996,145.669998,141.354996,144.899994,144.899994,129900
2020-02-20,144.520004,148.074997,139.520004,143.059998,143.059998,86800
2020-02-21,142.820007,142.820007,133.440002,133.800003,133.800003,89700
2020-02-24,126.300003,129.789993,122.112999,128.289993,128.289993,238400
2020-02-25,128.740005,130.250000,124.300003,125.040001,125.040001,122300
2020-02-26,125.459999,127.570000,123.220001,123.720001,123.720001,69100
2020-02-27,120.910004,124.190002,117.620003,118.440002,118.440002,151200
2020-02-28,114.660004,123.040001,114.449997,122.970001,122.970001,212600
2020-03-02,122.980003,124.349998,119.680000,123.440002,123.440002,178900
2020-03-03,118.000000,124.199997,115.690002,119.989998,119.989998,302800
2020-03-04,121.139999,122.260002,117.129997,120.019997,120.019997,206400
2020-03-05,117.870003,121.790001,117.739998,120.470001,120.470001,198400
2020-03-06,116.870003,118.370003,113.669998,117.339996,117.339996,158000
2020-03-09,110.419998,114.940002,105.790001,106.540001,106.540001,257600
2020-03-10,109.669998,109.814003,101.010002,107.220001,107.220001,133400
2020-03-11,104.629997,104.869003,98.080002,98.099998,98.099998,196100
2020-03-12,91.519997,92.790001,81.010002,86.010002,86.010002,427700
2020-03-13,90.330002,101.260002,87.210999,101.110001,101.110001,252500
2020-03-16,92.550003,92.550003,84.070000,84.989998,84.989998,311000
2020-03-17,85.970001,115.339996,84.875000,109.940002,109.940002,304500
2020-03-18,102.510002,102.510002,83.220001,85.820000,85.820000,332500
2020-03-19,84.269997,99.000000,83.500000,92.089996,92.089996,201500
2020-03-20,93.980003,97.589996,86.309998,87.599998,87.599998,244600
2020-03-23,87.000000,96.690002,83.500000,89.849998,89.849998,194800
2020-03-24,95.279999,104.519997,93.040001,103.830002,103.830002,201300
2020-03-25,104.000000,118.000000,100.779999,101.055000,101.055000,163500
2020-03-26,103.599998,113.599998,103.599998,106.000000,106.000000,142500
2020-03-27,104.839996,108.550003,101.464996,104.959999,104.959999,162200
2020-03-30,105.989998,110.160004,104.410004,107.599998,107.599998,160200
2020-03-31,106.959999,118.150002,104.769997,110.949997,110.949997,239800
2020-04-01,106.690002,108.790001,96.055000,96.820000,96.820000,161300
2020-04-02,94.919998,97.870003,86.370003,90.220001,90.220001,166200
2020-04-03,89.849998,93.220001,86.000999,87.169998,87.169998,167900
2020-04-06,89.910004,94.565002,89.629997,91.809998,91.809998,208500
2020-04-07,95.110001,98.599998,92.010002,93.470001,93.470001,161000
2020-04-08,95.750000,102.459999,93.000000,100.820000,100.820000,135800
2020-04-09,103.860001,106.910004,96.000000,98.510002,98.510002,226200
2020-04-13,98.019997,98.019997,91.362999,95.320000,95.320000,193300
2020-04-14,99.050003,103.364998,98.555000,100.570000,100.570000,105500
2020-04-15,96.660004,104.769997,96.150002,104.500000,104.500000,169400
2020-04-16,105.620003,105.889999,98.930000,101.230003,101.230003,155800
2020-04-17,103.690002,107.949997,102.900002,106.870003,106.870003,117900
2020-04-20,105.110001,107.589996,103.678001,106.000000,106.000000,153600
2020-04-21,102.510002,104.260002,98.010002,99.389999,99.389999,145000
2020-04-22,102.209999,103.470001,99.300003,101.150002,101.150002,59200
2020-04-23,101.000000,105.000000,100.735001,103.529999,103.529999,107500
2020-04-24,103.440002,106.389999,101.250000,104.889999,104.889999,89000
2020-04-27,107.000000,107.779999,102.709999,103.019997,103.019997,136000
2020-04-28,104.830002,104.830002,99.059998,100.820000,100.820000,132200
2020-04-29,104.040001,110.785004,102.639999,109.790001,109.790001,301500
2020-04-30,108.349998,111.110001,106.540001,109.860001,109.860001,160700
2020-05-01,105.849998,109.620003,105.849998,107.800003,107.800003,142500
2020-05-04,105.330002,107.779999,103.931000,105.260002,105.260002,147500
2020-05-05,96.849998,114.230003,92.519997,111.500000,111.500000,432900
2020-05-06,111.500000,120.320000,111.040001,117.820000,117.820000,277900
2020-05-07,118.449997,125.239998,118.449997,124.070000,124.070000,173400