Date,Open,High,Low,Close,Adj Close,Volume
2017-05-25,15.000000,16.750000,14.600000,15.010000,15.010000,4949200
2017-05-26,15.250000,17.389999,15.229000,17.110001,17.110001,1725800
2017-05-30,18.190001,18.940001,17.299999,17.900000,17.900000,1244500
2017-05-31,18.480000,18.480000,17.309999,17.650000,17.650000,671800
2017-06-01,17.440001,18.299999,16.782000,17.945000,17.945000,414200
2017-06-02,17.799999,18.190001,17.540001,17.850000,17.850000,292100
2017-06-05,17.809999,19.650000,17.500000,19.580000,19.580000,742300
2017-06-06,19.879999,20.719000,18.600000,18.660000,18.660000,748200
2017-06-07,18.629999,19.500000,18.180000,19.420000,19.420000,337000
2017-06-08,19.219999,20.000000,19.139999,19.190001,19.190001,299800
2017-06-09,19.090000,19.455000,18.500000,18.650000,18.650000,269700
2017-06-12,17.950001,18.600000,17.750000,18.370001,18.370001,319300
2017-06-13,18.500000,19.340000,18.500000,18.900000,18.900000,228800
2017-06-14,18.799999,19.323000,18.290001,18.420000,18.420000,266100
2017-06-15,18.420000,18.600000,17.809999,18.160000,18.160000,178500
2017-06-16,18.120001,18.889999,18.049999,18.219999,18.219999,394400
2017-06-19,17.969999,18.049999,17.049999,17.969999,17.969999,358000
2017-06-20,17.840000,18.070000,17.410000,17.610001,17.610001,117100
2017-06-21,17.500000,17.709999,16.920000,17.190001,17.190001,305300
2017-06-22,17.209999,17.440001,16.930000,17.020000,17.020000,320900
2017-06-23,17.090000,18.590000,17.000000,18.469999,18.469999,808500
2017-06-26,18.400000,18.650000,18.100000,18.250000,18.250000,488400
2017-06-27,18.120001,18.445999,17.650000,18.020000,18.020000,485500
2017-06-28,18.049999,18.250000,17.850000,18.110001,18.110001,387200
2017-06-29,17.930000,18.900000,17.930000,18.350000,18.350000,308700
2017-06-30,18.200001,18.499001,18.030001,18.150000,18.150000,216800
2017-07-03,18.139999,18.340000,17.525000,17.709999,17.709999,170500
2017-07-05,17.670000,17.850000,17.020000,17.809999,17.809999,215800
2017-07-06,17.770000,17.790001,17.250000,17.629999,17.629999,157800
2017-07-07,17.570000,19.270000,17.469999,18.860001,18.860001,422200
2017-07-10,18.799999,19.650000,18.639999,18.780001,18.780001,326000
2017-07-11,18.709999,19.379999,18.340000,19.090000,19.090000,242900
2017-07-12,19.240000,20.500000,18.910000,20.150000,20.150000,558900
2017-07-13,20.209999,20.209999,19.520000,19.790001,19.790001,218800
2017-07-14,19.860001,20.868000,19.719999,20.330000,20.330000,282600
2017-07-17,20.500000,21.450001,20.000000,20.240000,20.240000,214200
2017-07-18,20.379999,21.249001,20.051001,20.950001,20.950001,208200
2017-07-19,21.160000,21.350000,20.719999,20.969999,20.969999,154100
2017-07-20,21.100000,21.400000,21.093000,21.219999,21.219999,62700
2017-07-21,21.250000,21.493000,20.150000,20.530001,20.530001,95700
2017-07-24,20.500000,20.740000,19.510000,19.980000,19.980000,129700
2017-07-25,20.059999,20.500000,20.049999,20.250000,20.250000,72200
2017-07-26,20.200001,20.629999,19.760000,20.500000,20.500000,104100
2017-07-27,20.559999,20.559999,19.500000,19.790001,19.790001,114500
2017-07-28,19.680000,19.740000,19.020000,19.510000,19.510000,336800
2017-07-31,19.510000,19.830000,19.090000,19.559999,19.559999,189400
2017-08-01,19.629999,20.480000,19.455000,20.309999,20.309999,129200
2017-08-02,20.809999,20.840000,19.270000,19.610001,19.610001,246400
2017-08-03,19.780001,20.840000,19.680000,20.840000,20.840000,314200
2017-08-04,19.000000,20.020000,18.450001,19.709999,19.709999,418500
2017-08-07,19.760000,22.427999,19.610001,22.170000,22.170000,288400
2017-08-08,21.900000,23.280001,21.448000,22.299999,22.299999,234300
2017-08-09,22.250000,22.879999,21.360001,21.450001,21.450001,158100
2017-08-10,21.469999,21.596001,19.709999,19.889999,19.889999,177600
2017-08-11,19.910000,20.570000,19.870001,20.459999,20.459999,121200
2017-08-14,20.719999,21.096001,20.106001,20.770000,20.770000,67000
2017-08-15,20.650000,21.014999,20.180000,20.559999,20.559999,75000
2017-08-16,20.690001,20.969999,20.160999,20.610001,20.610001,61600
2017-08-17,20.610001,20.639999,20.150000,20.250000,20.250000,92000
2017-08-18,20.150000,20.540001,20.110001,20.520000,20.520000,52500
2017-08-21,20.469999,20.627001,20.250000,20.420000,20.420000,41600
2017-08-22,20.590000,21.000000,20.139999,20.680000,20.680000,96100
2017-08-23,20.510000,21.850000,20.510000,21.260000,21.260000,219900
2017-08-24,21.410000,21.861000,20.900000,21.420000,21.420000,121100
2017-08-25,21.590000,21.900000,21.149000,21.879999,21.879999,173700
2017-08-28,21.900000,22.860001,21.618000,22.540001,22.540001,259000
2017-08-29,22.799999,23.150000,22.440001,22.450001,22.450001,129000
2017-08-30,22.690001,22.889999,22.350000,22.809999,22.809999,85900
2017-08-31,23.040001,23.275999,22.506001,22.889999,22.889999,132500
2017-09-01,23.170000,23.170000,22.080000,22.240000,22.240000,83100
2017-09-05,22.240000,23.799999,22.209999,23.639999,23.639999,229100
2017-09-06,23.790001,25.260000,22.750000,24.830000,24.830000,199300
2017-09-07,24.750000,26.990000,24.030001,25.820000,25.820000,161700
2017-09-08,25.969999,26.389999,25.270000,26.150000,26.150000,176900
2017-09-11,26.480000,27.364000,25.860001,27.090000,27.090000,136200
2017-09-12,27.320000,27.893999,26.451000,27.030001,27.030001,102500
2017-09-13,27.059999,27.594999,25.815001,25.950001,25.950001,114300
2017-09-14,26.000000,26.860001,25.500000,26.430000,26.430000,113100
2017-09-15,26.469999,26.700001,25.740000,25.790001,25.790001,239900
2017-09-18,25.879999,26.559999,24.809000,25.070000,25.070000,137500
2017-09-19,25.299999,25.520000,25.049999,25.049999,25.049999,95500
2017-09-20,25.129999,25.260000,23.469999,23.700001,23.700001,170800
2017-09-21,23.620001,23.763000,22.430000,23.150000,23.150000,133800
2017-09-22,23.120001,23.415001,22.780001,22.879999,22.879999,61800
2017-09-25,23.000000,23.563999,21.830000,22.330000,22.330000,128500
2017-09-26,22.309999,23.700001,22.020000,22.950001,22.950001,67300
2017-09-27,23.000000,23.440001,23.000000,23.350000,23.350000,62600
2017-09-28,23.270000,25.240000,23.040001,25.080000,25.080000,221600
2017-09-29,26.530001,28.650000,25.299999,28.459999,28.459999,342800
2017-10-02,27.770000,27.889999,23.170000,24.010000,24.010000,678100
2017-10-03,24.680000,24.930000,23.559999,24.139999,24.139999,248200
2017-10-04,24.410000,24.479000,22.850000,22.980000,22.980000,324400
2017-10-05,23.219999,24.799999,22.850000,23.490000,23.490000,254000
2017-10-06,23.639999,24.500000,23.309999,24.160000,24.160000,89100
2017-10-09,24.270000,25.270000,24.164000,24.360001,24.360001,109400
2017-10-10,24.530001,24.980000,23.176001,23.290001,23.290001,196800
2017-10-11,23.540001,23.915001,23.129999,23.280001,23.280001,123900
2017-10-12,23.320000,24.400000,23.280001,23.690001,23.690001,78900
2017-10-13,23.830000,24.139999,23.450001,23.690001,23.690001,87300
2017-10-16,23.650000,23.889999,23.299999,23.320000,23.320000,53600
2017-10-17,23.500000,23.500000,23.250000,23.260000,23.260000,63500
2017-10-18,23.420000,23.500000,22.770000,23.020000,23.020000,171200
2017-10-19,23.000000,23.230000,22.879999,23.000000,23.000000,93100
2017-10-20,23.000000,24.010000,23.000000,23.110001,23.110001,81400
2017-10-23,23.000000,23.200001,21.940001,22.250000,22.250000,168200
2017-10-24,22.120001,23.469999,22.000000,22.490000,22.490000,87400
2017-10-25,22.500000,23.174999,22.100000,22.270000,22.270000,152200
2017-10-26,22.389999,23.930000,22.389999,23.020000,23.020000,162800
2017-10-27,23.469999,23.663000,22.850000,23.270000,23.270000,156500
2017-10-30,23.440001,23.740000,22.805000,22.950001,22.950001,110500
2017-10-31,23.090000,23.391001,22.730000,23.100000,23.100000,91300
2017-11-01,23.190001,23.760000,22.809999,22.910000,22.910000,137700
2017-11-02,22.969999,24.400000,22.655001,24.320000,24.320000,159300
2017-11-03,22.790001,24.421000,22.139999,22.660000,22.660000,292900
2017-11-06,22.750000,23.068001,22.379999,22.469999,22.469999,94900
2017-11-07,22.600000,23.500000,22.480000,22.580000,22.580000,124400
2017-11-08,22.610001,23.190001,22.375000,22.690001,22.690001,65700
2017-11-09,22.500000,22.690001,22.309999,22.400000,22.400000,68200
2017-11-10,22.280001,22.948999,22.280001,22.600000,22.600000,70300
2017-11-13,22.700001,23.320000,22.400000,23.250000,23.250000,83800
2017-11-14,22.500000,23.000000,21.900000,22.219999,22.219999,212100
2017-11-15,21.900000,22.180000,20.559999,21.240000,21.240000,299300
2017-11-16,20.250000,20.260000,19.750000,20.049999,20.049999,2163600
2017-11-17,20.139999,20.180000,19.900000,20.020000,20.020000,305900
2017-11-20,19.959999,20.080000,19.680000,19.690001,19.690001,354800
2017-11-21,19.900000,20.940001,19.830000,20.670000,20.670000,903300
2017-11-22,20.799999,21.500000,20.549999,21.500000,21.500000,260200
2017-11-24,21.670000,21.818001,20.870001,21.160000,21.160000,69700
2017-11-27,22.000000,22.000000,20.750000,21.190001,21.190001,376700
2017-11-28,21.150000,21.490000,21.075001,21.209999,21.209999,440200
2017-11-29,21.209999,21.510000,21.160000,21.480000,21.480000,435200
2017-11-30,21.639999,22.090000,21.110001,22.020000,22.020000,529800
2017-12-01,22.250000,22.260000,20.719999,20.719999,20.719999,500900
2017-12-04,20.990000,21.400000,20.400000,21.200001,21.200001,273400
2017-12-05,21.320000,21.750000,21.010000,21.139999,21.139999,109600
2017-12-06,21.190001,21.475000,21.010000,21.200001,21.200001,117100
2017-12-07,21.250000,21.400000,20.510000,20.760000,20.760000,198900
2017-12-08,20.360001,20.500000,19.740000,20.059999,20.059999,501000
2017-12-11,20.059999,20.240000,19.620001,20.110001,20.110001,275000
2017-12-12,20.180000,20.688000,19.879999,20.240000,20.240000,405300
2017-12-13,20.250000,20.759001,20.030001,20.590000,20.590000,242600
2017-12-14,20.629999,20.790001,20.010000,20.459999,20.459999,232400
2017-12-15,20.660000,21.330000,19.840000,20.860001,20.860001,857000
2017-12-18,21.500000,27.139999,20.590000,25.459999,25.459999,3023900
2017-12-19,26.959999,28.469999,25.263000,26.150000,26.150000,1526200
2017-12-20,27.719999,27.809999,26.584999,27.280001,27.280001,902900
2017-12-21,28.430000,28.430000,26.000000,26.879999,26.879999,489200
2017-12-22,26.959999,28.670000,26.250000,27.930000,27.930000,549200
2017-12-26,28.580000,30.230000,28.059999,29.500000,29.500000,728700
2017-12-27,29.690001,31.600000,29.690001,30.320000,30.320000,920500
2017-12-28,30.170000,33.779999,30.170000,33.599998,33.599998,1001000
2017-12-29,33.650002,34.529999,31.190001,31.480000,31.480000,832200
2018-01-02,32.820000,33.286999,32.060001,33.060001,33.060001,748000
2018-01-03,33.980000,36.080002,33.340000,35.730000,35.730000,677200
2018-01-04,40.200001,40.200001,36.900002,37.759998,37.759998,1153000
2018-01-05,39.490002,43.259998,38.599998,39.680000,39.680000,1841300
2018-01-08,39.000000,39.490002,32.730000,36.099998,36.099998,2183100
2018-01-09,37.259998,37.390999,31.100000,31.870001,31.870001,1442300
2018-01-10,31.650000,35.029999,31.250000,34.570000,34.570000,768100
2018-01-11,33.250000,38.299999,33.250000,36.750000,36.750000,1404400
2018-01-12,37.369999,37.978001,36.011002,36.759998,36.759998,610200
2018-01-16,38.490002,38.490002,37.500000,37.689999,37.689999,518300
2018-01-17,38.270000,38.980000,37.849998,38.430000,38.430000,466200
2018-01-18,36.990002,37.830002,34.240002,36.150002,36.150002,733500
2018-01-19,35.110001,36.380001,35.071999,35.509998,35.509998,372900
2018-01-22,35.500000,35.500000,33.650002,33.709999,33.709999,449400
2018-01-23,33.700001,34.000000,31.606001,32.040001,32.040001,697600
2018-01-24,32.000000,33.450001,32.000000,32.099998,32.099998,315200
2018-01-25,32.299999,32.910000,32.189999,32.259998,32.259998,162900
2018-01-26,32.500000,32.689999,30.250000,31.389999,31.389999,534700
2018-01-29,31.410000,31.971001,30.250000,30.940001,30.940001,352900
2018-01-30,30.469999,30.799999,29.620001,30.370001,30.370001,345500
2018-01-31,30.549999,31.469999,30.500000,31.000000,31.000000,249900
2018-02-01,30.930000,31.705000,29.650000,29.799999,29.799999,329200
2018-02-02,29.600000,29.700001,28.100000,28.610001,28.610001,452900
2018-02-05,28.000000,28.379999,27.070000,27.530001,27.530001,411300
2018-02-06,26.260000,29.150000,26.000000,28.879999,28.879999,338100
2018-02-07,28.820000,29.840000,27.590000,27.719999,27.719999,215700
2018-02-08,27.780001,28.370001,27.320999,27.750000,27.750000,181300
2018-02-09,27.969999,28.629999,27.049999,28.000000,28.000000,274800
2018-02-12,28.549999,30.690001,28.500000,30.000000,30.000000,255500
2018-02-13,30.010000,31.000000,29.733999,30.639999,30.639999,170600
2018-02-14,29.650000,30.639999,29.020000,29.990000,29.990000,595400
2018-02-15,30.610001,30.879999,29.860001,30.459999,30.459999,289100
2018-02-16,30.500000,30.730000,30.299999,30.440001,30.440001,233800
2018-02-20,30.510000,30.879000,29.410000,29.520000,29.520000,282100
2018-02-21,29.440001,30.709999,29.330000,30.639999,30.639999,229300
2018-02-22,30.639999,30.700001,30.010000,30.620001,30.620001,279800
2018-02-23,30.799999,30.900000,28.049999,28.740000,28.740000,732100
2018-02-26,28.059999,28.629999,27.500000,27.730000,27.730000,739800
2018-02-27,27.500000,28.190001,27.400000,27.740000,27.740000,491000
2018-02-28,27.850000,28.010000,27.000000,27.040001,27.040001,392700
2018-03-01,27.000000,29.110001,27.000000,28.910000,28.910000,529200
2018-03-02,28.820000,29.110001,28.469999,28.740000,28.740000,390000
2018-03-05,28.770000,28.980000,27.530001,28.799999,28.799999,492200
2018-03-06,29.000000,29.110001,28.395000,28.520000,28.520000,351000
2018-03-07,28.180000,29.120001,28.180000,29.110001,29.110001,312800
2018-03-08,29.010000,29.280001,28.580000,28.709999,28.709999,312900
2018-03-09,28.740000,29.112000,27.660000,28.280001,28.280001,380500
2018-03-12,28.180000,29.129999,28.180000,29.070000,29.070000,276900
2018-03-13,29.000000,29.160000,27.209999,27.280001,27.280001,349500
2018-03-14,27.200001,28.410000,27.049999,27.850000,27.850000,228600
2018-03-15,27.549999,27.750000,24.940001,25.959999,25.959999,766700
2018-03-16,26.000000,26.629999,25.570000,26.360001,26.360001,405800
2018-03-19,26.600000,26.750000,26.100000,26.430000,26.430000,383200
2018-03-20,26.690001,26.889999,26.350000,26.760000,26.760000,458200
2018-03-21,26.840000,27.770000,26.510000,26.770000,26.770000,477100
2018-03-22,26.200001,26.608999,26.010000,26.370001,26.370001,349600
2018-03-23,26.010000,26.600000,25.570000,26.260000,26.260000,322300
2018-03-26,26.740000,26.879999,25.820000,26.379999,26.379999,436700
2018-03-27,26.500000,26.750000,25.600000,26.070000,26.070000,325700
2018-03-28,25.969999,26.150000,24.920000,24.980000,24.980000,323300
2018-03-29,25.160000,26.104000,24.910000,25.180000,25.180000,353400
2018-04-02,25.230000,26.459999,25.200001,26.240000,26.240000,256800
2018-04-03,26.340000,26.820000,25.850000,26.100000,26.100000,222200
2018-04-04,25.540001,27.650000,25.263000,27.309999,27.309999,209000
2018-04-05,27.290001,28.280001,26.820000,28.250000,28.250000,280400
2018-04-06,27.889999,28.260000,26.299999,26.940001,26.940001,355200
2018-04-09,27.549999,28.379999,27.100000,27.510000,27.510000,335900
2018-04-10,27.860001,28.129000,27.639999,27.870001,27.870001,183500
2018-04-11,27.900000,28.219999,27.260000,27.750000,27.750000,152500
2018-04-12,27.930000,27.930000,26.520000,27.270000,27.270000,256500
2018-04-13,27.120001,27.260000,25.400000,25.580000,25.580000,472800
2018-04-16,25.500000,26.617001,25.290001,26.260000,26.260000,225500
2018-04-17,26.299999,27.000000,26.049999,26.840000,26.840000,368400
2018-04-18,27.160000,27.600000,26.323000,27.270000,27.270000,261700
2018-04-19,27.299999,29.087000,27.299999,28.430000,28.430000,404900
2018-04-20,28.430000,28.742001,27.549999,27.709999,27.709999,192700
2018-04-23,27.650000,27.726000,25.920000,26.290001,26.290001,359200
2018-04-24,26.299999,27.000000,26.110001,26.379999,26.379999,339500
2018-04-25,26.500000,26.850000,25.010000,25.969999,25.969999,343400
2018-04-26,26.070000,27.490000,26.070000,26.559999,26.559999,223800
2018-04-27,26.680000,27.280001,26.591999,26.910000,26.910000,220800
2018-04-30,27.000000,27.323000,26.590000,27.110001,27.110001,198200
2018-05-01,28.299999,28.500000,27.466000,27.799999,27.799999,547700
2018-05-02,28.160000,28.750000,27.900000,28.420000,28.420000,387800
2018-05-03,28.459999,29.040001,28.000000,28.820000,28.820000,539800
2018-05-04,28.990000,29.100000,25.740000,26.250000,26.250000,1016500
2018-05-07,26.450001,26.785000,26.150000,26.270000,26.270000,317300
2018-05-08,26.070000,26.680000,25.600000,26.270000,26.270000,323200
2018-05-09,26.459999,27.400000,26.363001,27.139999,27.139999,308300
2018-05-10,27.030001,29.860001,27.030001,29.469999,29.469999,720400
2018-05-11,30.000000,31.900000,29.924999,31.120001,31.120001,1223500
2018-05-14,31.780001,31.900000,30.400000,30.790001,30.790001,526500
2018-05-15,30.850000,31.191999,29.750000,30.270000,30.270000,388600
2018-05-16,30.469999,31.325001,30.016001,30.639999,30.639999,308000
2018-05-17,30.639999,31.620001,30.590000,31.450001,31.450001,332900
2018-05-18,31.150000,32.189999,31.000000,31.490000,31.490000,466100
2018-05-21,31.770000,32.000000,30.341000,30.600000,30.600000,367500
2018-05-22,30.440001,31.190001,29.850000,29.940001,29.940001,317600
2018-05-23,29.920000,30.770000,29.610001,30.440001,30.440001,214400
2018-05-24,30.500000,30.950001,30.070000,30.889999,30.889999,231300
2018-05-25,31.000000,31.663000,30.910000,31.190001,31.190001,207500
2018-05-29,31.150000,31.499001,31.000000,31.450001,31.450001,375400
2018-05-30,31.450001,31.709999,31.049999,31.510000,31.510000,333200
2018-05-31,31.459999,32.000000,31.350000,31.889999,31.889999,329900
2018-06-01,31.910000,34.400002,31.900000,32.790001,32.790001,700300
2018-06-04,33.160000,33.630001,32.570000,33.580002,33.580002,354800
2018-06-05,33.630001,35.000000,33.630001,34.490002,34.490002,418000
2018-06-06,34.730000,35.840000,34.380001,35.549999,35.549999,569500
2018-06-07,35.770000,35.909000,32.849998,33.560001,33.560001,633300
2018-06-08,33.410000,33.990002,32.860001,33.529999,33.529999,330000
2018-06-11,33.509998,34.400002,33.500000,33.750000,33.750000,379900
2018-06-12,34.139999,34.990002,34.040001,34.930000,34.930000,385200
2018-06-13,35.000000,38.500000,34.974998,38.410000,38.410000,933400
2018-06-14,38.869999,40.715000,38.200001,40.009998,40.009998,1079200
2018-06-15,41.000000,43.430000,40.470001,42.340000,42.340000,1238000
2018-06-18,41.509998,43.610001,41.500000,43.060001,43.060001,851900
2018-06-19,42.360001,42.669998,39.889999,41.180000,41.180000,920600
2018-06-20,40.180000,40.379002,38.009998,39.650002,39.650002,1055600
2018-06-21,39.520000,39.570000,36.700001,37.139999,37.139999,875000
2018-06-22,37.419998,37.500000,35.230000,35.549999,35.549999,647500
2018-06-25,35.139999,35.150002,32.630001,33.950001,33.950001,700800
2018-06-26,34.119999,36.299999,34.119999,35.160000,35.160000,604300
2018-06-27,35.160000,35.500000,33.060001,33.439999,33.439999,518300
2018-06-28,33.380001,35.639999,32.740002,35.360001,35.360001,433400
2018-06-29,35.930000,37.271000,35.678001,36.160000,36.160000,480100
2018-07-02,34.950001,35.009998,32.139999,33.639999,33.639999,1002600
2018-07-03,33.740002,34.340000,33.150002,33.590000,33.590000,240400
2018-07-05,33.770000,34.026001,31.080000,31.600000,31.600000,744400
2018-07-06,31.650000,33.369999,31.379999,33.119999,33.119999,412700
2018-07-09,33.169998,33.750000,31.820000,33.220001,33.220001,415300
2018-07-10,33.250000,33.490002,31.680000,31.809999,31.809999,437400
2018-07-11,31.500000,32.700001,31.500000,32.209999,32.209999,242400
2018-07-12,31.959999,34.070000,31.809999,33.500000,33.500000,878700
2018-07-13,34.279999,34.529999,32.560001,33.130001,33.130001,1234000
2018-07-16,33.389999,34.119999,32.599998,32.730000,32.730000,773700
2018-07-17,32.730000,33.619999,32.049999,33.580002,33.580002,440800
2018-07-18,33.720001,34.250000,32.985001,33.900002,33.900002,392600
2018-07-19,33.810001,34.380001,33.200001,33.310001,33.310001,312500
2018-07-20,33.450001,33.820999,32.759998,33.110001,33.110001,288700
2018-07-23,33.169998,33.959000,32.450001,33.750000,33.750000,273900
2018-07-24,33.750000,33.750000,31.900000,32.340000,32.340000,715600
2018-07-25,32.250000,33.544998,32.150002,33.200001,33.200001,384500
2018-07-26,32.990002,34.150002,32.230000,33.930000,33.930000,330800
2018-07-27,33.790001,34.220001,31.264000,32.209999,32.209999,490800
2018-07-30,32.299999,32.488998,29.801001,30.940001,30.940001,626800
2018-07-31,30.830000,31.645000,29.850000,31.080000,31.080000,459800
2018-08-01,31.230000,31.950001,30.340000,31.879999,31.879999,502500
2018-08-02,31.870001,33.349998,31.410000,33.070000,33.070000,472100
2018-08-03,31.870001,33.349998,29.690001,30.504999,30.504999,1381700
2018-08-06,30.500000,32.970001,30.500000,31.750000,31.750000,616700
2018-08-07,32.000000,32.840000,31.563999,31.770000,31.770000,416200
2018-08-08,32.009998,33.990002,31.896999,33.959999,33.959999,506000
2018-08-09,33.830002,35.529999,33.790001,35.000000,35.000000,938700
2018-08-10,35.230000,37.500000,35.180000,37.349998,37.349998,987100
2018-08-13,37.250000,37.949001,35.110001,35.470001,35.470001,801700
2018-08-14,35.619999,36.299999,35.400002,35.860001,35.860001,342100
2018-08-15,35.709999,36.070000,34.383999,35.959999,35.959999,421200
2018-08-16,36.000000,36.269001,35.529999,35.889999,35.889999,256700
2018-08-17,35.900002,36.290001,35.110001,36.189999,36.189999,247900
2018-08-20,36.200001,36.980000,36.000999,36.230000,36.230000,336400
2018-08-21,34.990002,35.470001,33.150002,33.250000,33.250000,1751500
2018-08-22,33.160000,34.070000,33.160000,33.779999,33.779999,393200
2018-08-23,33.830002,34.369999,33.150002,33.930000,33.930000,363400
2018-08-24,34.070000,35.700001,33.955002,34.840000,34.840000,550400
2018-08-27,35.000000,35.590000,34.605999,35.259998,35.259998,350000
2018-08-28,35.250000,35.470001,34.250000,34.619999,34.619999,340600
2018-08-29,34.560001,35.330002,34.381001,34.689999,34.689999,356600
2018-08-30,34.750000,35.090000,34.320000,34.970001,34.970001,318200
2018-08-31,34.950001,35.339001,34.509998,34.930000,34.930000,266400
2018-09-04,34.950001,36.349998,34.930000,35.880001,35.880001,739800
2018-09-05,35.950001,36.000000,32.599998,34.090000,34.090000,999100
2018-09-06,33.880001,35.150002,33.250000,34.820000,34.820000,402200
2018-09-07,34.400002,35.790001,34.146999,35.009998,35.009998,354600
2018-09-10,35.360001,36.740002,35.220001,36.459999,36.459999,607100
2018-09-11,36.660000,37.500000,36.009998,37.450001,37.450001,722400
2018-09-12,37.490002,37.639999,35.400002,36.459999,36.459999,393100
2018-09-13,36.500000,37.480000,36.384998,36.730000,36.730000,362500
2018-09-14,36.630001,37.000000,36.035000,36.840000,36.840000,306700
2018-09-17,36.470001,36.740002,35.169998,35.189999,35.189999,343300
2018-09-18,35.310001,36.009998,35.189999,35.980000,35.980000,316800
2018-09-19,35.980000,36.410000,33.970001,35.049999,35.049999,467200
2018-09-20,35.630001,35.860001,34.759998,35.630001,35.630001,354900
2018-09-21,35.570000,35.971001,34.160000,34.380001,34.380001,873200
2018-09-24,33.799999,34.500000,33.000000,34.320000,34.320000,387600
2018-09-25,34.459999,34.889999,34.070000,34.230000,34.230000,254600
2018-09-26,34.400002,34.400002,33.380001,34.139999,34.139999,224600
2018-09-27,34.049999,34.500000,33.599998,33.660000,33.660000,209400
2018-09-28,33.380001,33.860001,32.799999,33.099998,33.099998,267000
2018-10-01,32.750000,32.750000,29.754999,30.240000,30.240000,1534700
2018-10-02,30.240000,30.825001,28.379999,28.420000,28.420000,600100
2018-10-03,28.500000,29.139999,28.219999,28.990000,28.990000,624500
2018-10-04,28.690001,28.900000,27.950001,28.559999,28.559999,667200
2018-10-05,28.299999,28.940001,27.570000,28.459999,28.459999,407900
2018-10-08,28.860001,28.950001,26.500000,27.280001,27.280001,560000
2018-10-09,27.010000,27.830000,25.709999,27.000000,27.000000,657300
2018-10-10,26.690001,26.709999,23.879999,24.280001,24.280001,1065400
2018-10-11,23.910000,25.000000,23.350000,23.379999,23.379999,673900
2018-10-12,25.740000,26.320000,24.959999,25.510000,25.510000,831100
2018-10-15,26.260000,27.000000,25.000000,25.309999,25.309999,572900
2018-10-16,25.330000,25.872999,24.200001,25.170000,25.170000,574700
2018-10-17,25.750000,26.350000,25.200001,26.150000,26.150000,638200
2018-10-18,26.480000,26.480000,24.049999,24.620001,24.620001,579300
2018-10-19,24.750000,25.330000,23.000000,23.760000,23.760000,805400
2018-10-22,23.830000,24.920000,23.400000,24.719999,24.719999,391300
2018-10-23,23.750000,24.518999,22.799999,24.250000,24.250000,603300
2018-10-24,24.309999,24.889999,22.610001,22.990000,22.990000,487600
2018-10-25,23.139999,25.020000,23.105000,24.510000,24.510000,554400
2018-10-26,23.590000,24.799999,23.510000,24.139999,24.139999,424000
2018-10-29,24.540001,25.080000,23.150000,23.510000,23.510000,443000
2018-10-30,23.750000,25.680000,23.500000,25.330000,25.330000,481800
2018-10-31,25.770000,26.209999,24.840000,25.709999,25.709999,488100
2018-11-01,26.240000,26.350000,24.629999,26.090000,26.090000,952800
2018-11-02,27.000000,28.000000,24.799999,25.590000,25.590000,944000
2018-11-05,25.590000,27.389999,25.427000,27.160000,27.160000,578200
2018-11-06,26.790001,27.780001,26.350000,26.559999,26.559999,488700
2018-11-07,26.910000,28.780001,26.770000,28.209999,28.209999,447200
2018-11-08,28.160000,28.620001,27.639999,28.020000,28.020000,262200
2018-11-09,27.700001,27.700001,25.590000,25.980000,25.980000,400800
2018-11-12,25.379999,26.760000,25.100000,26.459999,26.459999,346500
2018-11-13,26.760000,27.170000,25.840000,26.530001,26.530001,256900
2018-11-14,26.709999,27.139000,25.440001,26.660000,26.660000,307000
2018-11-15,26.549999,27.389999,26.353001,27.219999,27.219999,332200
2018-11-16,27.020000,27.900000,26.799999,27.549999,27.549999,412700
2018-11-19,27.500000,27.853001,24.520000,25.520000,25.520000,605800
2018-11-20,24.230000,25.650000,24.030001,25.400000,25.400000,735000
2018-11-21,25.510000,26.860001,25.510000,26.180000,26.180000,377000
2018-11-23,26.240000,26.959999,26.180000,26.540001,26.540001,102200
2018-11-26,26.920000,27.219999,26.320000,27.190001,27.190001,266400
2018-11-27,26.980000,27.740000,26.228001,27.620001,27.620001,437700
2018-11-28,28.000000,29.629999,27.950001,29.090000,29.090000,502200
2018-11-29,29.500000,29.700001,28.790001,29.190001,29.190001,366500
2018-11-30,29.469999,30.400000,29.360001,30.059999,30.059999,395600
2018-12-03,31.000000,31.360001,29.580000,30.049999,30.049999,426700
2018-12-04,30.000000,30.976999,28.670000,28.700001,28.700001,550500
2018-12-06,28.059999,29.650000,27.620001,29.520000,29.520000,666500
2018-12-07,29.990000,30.040001,28.260000,28.459999,28.459999,380900
2018-12-10,28.430000,29.799999,28.420000,29.459999,29.459999,300800
2018-12-11,29.860001,30.510000,28.955000,29.059999,29.059999,275200
2018-12-12,29.600000,30.240000,28.950001,29.219999,29.219999,297800
2018-12-13,28.500000,29.010000,26.330000,26.650000,26.650000,903200
2018-12-14,26.600000,27.200001,26.299999,26.730000,26.730000,409300
2018-12-17,26.420000,26.780001,24.799999,25.129999,25.129999,504700
2018-12-18,25.660000,26.379999,25.000000,26.070000,26.070000,527600
2018-12-19,26.030001,27.450001,25.530001,26.059999,26.059999,428600
2018-12-20,25.830000,26.572001,24.440001,25.469999,25.469999,473300
2018-12-21,25.420000,25.420000,24.084000,24.930000,24.930000,649300
2018-12-24,24.650000,26.209999,24.650000,25.900000,25.900000,333100
2018-12-26,26.170000,27.889999,26.170000,27.820000,27.820000,411900
2018-12-27,27.559999,27.980000,26.959000,27.799999,27.799999,310800
2018-12-28,27.950001,28.180000,27.139999,27.610001,27.610001,304800
2018-12-31,27.840000,28.000000,26.250000,26.709999,26.709999,459900
2019-01-02,26.250000,27.320000,26.010000,26.500000,26.500000,467800
2019-01-03,26.070000,26.139999,25.360001,25.610001,25.610001,328600
2019-01-04,25.950001,26.940001,25.219999,26.910000,26.910000,377100
2019-01-07,27.000000,28.340000,27.000000,28.320000,28.320000,476800
2019-01-08,28.730000,29.219999,28.370001,29.170000,29.170000,528700
2019-01-09,29.219999,30.035000,28.995001,29.520000,29.520000,302200
2019-01-10,29.450001,30.440001,29.070000,30.350000,30.350000,448200
2019-01-11,30.480000,31.440001,30.129999,30.930000,30.930000,659500
2019-01-14,30.900000,30.900000,29.520000,29.639999,29.639999,389400
2019-01-15,29.700001,31.440001,29.700001,31.049999,31.049999,390300
2019-01-16,31.280001,31.549999,30.590000,31.020000,31.020000,323700
2019-01-17,31.000000,31.650000,30.805000,31.549999,31.549999,631100
2019-01-18,32.270000,32.389999,30.620001,31.160000,31.160000,1031400
2019-01-22,31.129999,31.790001,31.010000,31.780001,31.780001,435200
2019-01-23,31.820000,32.110001,31.100000,31.570000,31.570000,242700
2019-01-24,31.709999,32.090000,31.180000,31.180000,31.180000,225900
2019-01-25,31.500000,32.027000,31.200001,31.900000,31.900000,401200
2019-01-28,31.540001,32.080002,31.340000,31.830000,31.830000,223300
2019-01-29,31.930000,32.380001,31.540001,31.660000,31.660000,196000
2019-01-30,31.930000,32.169998,31.420000,31.549999,31.549999,206400
2019-01-31,31.580000,32.360001,31.580000,32.189999,32.189999,441200
2019-02-01,31.240000,31.770000,30.500000,31.690001,31.690001,376300
2019-02-04,31.719999,32.450001,31.719999,32.200001,32.200001,345900
2019-02-05,32.560001,32.650002,32.018002,32.419998,32.419998,331600
2019-02-06,32.400002,32.750000,31.799999,32.049999,32.049999,166500
2019-02-07,31.700001,35.000000,31.309999,34.189999,34.189999,2385000
2019-02-08,34.730000,36.900002,34.290001,36.779999,36.779999,1836000
2019-02-11,37.020000,37.669998,35.599998,35.770000,35.770000,1210300
2019-02-12,36.130001,37.400002,35.400002,37.380001,37.380001,820300
2019-02-13,37.840000,38.230000,37.009998,37.150002,37.150002,703900
2019-02-14,37.060001,39.130001,37.049999,38.470001,38.470001,734200
2019-02-15,38.750000,38.980000,38.080002,38.970001,38.970001,572700
2019-02-19,38.799999,39.514999,37.740002,38.270000,38.270000,808900
2019-02-20,38.340000,39.139999,38.080002,38.320000,38.320000,541800
2019-02-21,38.119999,39.169998,38.110001,38.750000,38.750000,714900
2019-02-22,36.500000,36.720001,33.500000,35.580002,35.580002,1859500
2019-02-25,36.000000,36.459999,35.430000,36.369999,36.369999,678500
2019-02-26,35.700001,37.070000,35.540001,36.790001,36.790001,591500
2019-02-27,36.660000,37.344002,36.540001,36.910000,36.910000,296900
2019-02-28,36.709999,36.939999,36.119999,36.490002,36.490002,369500
2019-03-01,36.810001,37.279999,36.459999,36.709999,36.709999,466100
2019-03-04,36.950001,36.950001,33.830002,35.259998,35.259998,787100
2019-03-05,35.270000,36.380001,34.625000,36.270000,36.270000,553400
2019-03-06,36.169998,36.169998,35.049999,35.939999,35.939999,507300
2019-03-07,35.740002,35.990002,34.959999,35.529999,35.529999,442400
2019-03-08,34.900002,35.430000,34.693001,35.029999,35.029999,372400
2019-03-11,35.070000,36.139999,34.907001,35.730000,35.730000,327300
2019-03-12,35.799999,35.840000,35.240002,35.500000,35.500000,405900
2019-03-13,35.580002,36.169998,35.330002,35.360001,35.360001,407300
2019-03-14,35.150002,36.153999,35.000000,35.900002,35.900002,491700
2019-03-15,36.070000,36.070000,35.259998,35.400002,35.400002,694800
2019-03-18,35.389999,35.790001,35.200001,35.529999,35.529999,592200
2019-03-19,35.660000,35.840000,35.340000,35.660000,35.660000,317000
2019-03-20,35.680000,35.980000,35.200001,35.470001,35.470001,222500
2019-03-21,35.330002,36.250000,35.299999,36.070000,36.070000,229900
2019-03-22,35.889999,36.000000,34.485001,34.709999,34.709999,457000
2019-03-25,34.500000,34.549999,33.650002,34.340000,34.340000,288800
2019-03-26,34.490002,34.959000,34.060001,34.599998,34.599998,233400
2019-03-27,34.599998,34.599998,32.799999,33.470001,33.470001,342500
2019-03-28,33.590000,34.230000,33.209999,33.529999,33.529999,232800
2019-03-29,33.759998,34.474998,33.250000,34.430000,34.430000,312200
2019-04-01,34.770000,34.921001,33.750000,33.959999,33.959999,273000
2019-04-02,33.849998,34.310001,33.310001,34.209999,34.209999,187700
2019-04-03,34.439999,34.660999,33.904999,34.189999,34.189999,171900
2019-04-04,34.099998,34.236000,32.419998,33.029999,33.029999,321300
2019-04-05,33.020000,33.657001,32.599998,32.830002,32.830002,241400
2019-04-08,32.700001,32.786999,31.555000,32.570000,32.570000,237600
2019-04-09,32.360001,33.380001,32.216999,32.360001,32.360001,232200
2019-04-10,32.369999,32.813000,31.760000,31.980000,31.980000,275200
2019-04-11,32.049999,32.580002,31.790001,32.320000,32.320000,224900
2019-04-12,32.459999,32.669998,31.850000,32.570000,32.570000,211700
2019-04-15,32.700001,33.459999,32.340000,32.939999,32.939999,286800
2019-04-16,33.150002,33.240002,32.110001,32.360001,32.360001,286600
2019-04-17,32.500000,33.000000,31.965000,32.590000,32.590000,335800
2019-04-18,32.590000,32.799999,31.400000,32.680000,32.680000,399500
2019-04-22,32.680000,33.099998,32.535000,32.889999,32.889999,261000
2019-04-23,32.959999,33.669998,32.959999,33.520000,33.520000,257000
2019-04-24,33.740002,34.660000,33.520000,33.740002,33.740002,291800
2019-04-25,33.400002,34.529999,33.049999,34.259998,34.259998,255600
2019-04-26,34.230000,35.509998,34.020000,35.270000,35.270000,302300
2019-04-29,35.299999,35.799999,35.139999,35.439999,35.439999,371600
2019-04-30,35.500000,36.165001,35.389999,36.090000,36.090000,288500
2019-05-01,36.250000,36.340000,35.729000,35.750000,35.750000,558000
2019-05-02,35.630001,36.224998,34.709999,36.119999,36.119999,539500
2019-05-03,31.090000,33.320000,31.010000,32.119999,32.119999,2074600
2019-05-06,31.320000,33.139999,30.551001,33.090000,33.090000,711400
2019-05-07,32.930000,33.560001,32.849998,33.270000,33.270000,547600
2019-05-08,32.990002,34.150002,32.900002,33.529999,33.529999,470700
2019-05-09,33.240002,34.139999,32.459999,33.720001,33.720001,338400
2019-05-10,33.610001,35.330002,33.240002,35.090000,35.090000,492100
2019-05-13,34.430000,34.930000,32.790001,32.889999,32.889999,495700
2019-05-14,33.340000,34.000000,33.195000,33.869999,33.869999,272800
2019-05-15,33.630001,34.410000,33.360001,34.150002,34.150002,249800
2019-05-16,35.110001,36.740002,34.790001,35.419998,35.419998,679900
2019-05-17,35.070000,35.330002,34.564999,34.959999,34.959999,276000
2019-05-20,34.549999,34.950001,33.599998,33.740002,33.740002,243200
2019-05-21,34.099998,34.430000,33.599998,33.830002,33.830002,197300
2019-05-22,33.650002,35.040001,33.650002,34.860001,34.860001,262300
2019-05-23,35.160000,36.369999,33.830002,33.980000,33.980000,451700
2019-05-24,34.310001,35.349998,34.259998,34.700001,34.700001,285200
2019-05-28,35.000000,35.400002,34.349998,35.139999,35.139999,563400
2019-05-29,34.970001,35.299999,34.220001,35.259998,35.259998,436600
2019-05-30,35.259998,36.376999,35.009998,36.119999,36.119999,421200
2019-05-31,35.520000,36.520000,35.436001,36.130001,36.130001,331800
2019-06-03,36.000000,36.570000,32.650002,33.299999,33.299999,677900
2019-06-04,33.919998,34.560001,33.459999,34.360001,34.360001,507700
2019-06-05,34.540001,34.790001,33.040001,34.730000,34.730000,445500
2019-06-06,34.060001,34.480000,33.150002,34.220001,34.220001,326800
2019-06-07,34.230000,34.680000,32.000000,32.779999,32.779999,888500
2019-06-10,33.060001,34.130001,32.189999,32.270000,32.270000,548400
2019-06-11,32.599998,32.599998,30.430000,31.360001,31.360001,946700
2019-06-12,31.160000,32.259998,31.160000,32.060001,32.060001,412800
2019-06-13,32.110001,32.880001,31.680000,32.599998,32.599998,466200
2019-06-14,32.360001,32.700001,31.965000,32.500000,32.500000,437400
2019-06-17,32.570000,34.880001,32.290001,34.680000,34.680000,695500
2019-06-18,34.970001,37.123001,34.814999,36.799999,36.799999,984400
2019-06-19,37.000000,37.799999,36.349998,37.759998,37.759998,606000
2019-06-20,38.000000,39.049999,37.820000,38.830002,38.830002,642100
2019-06-21,38.669998,39.915001,38.139999,39.750000,39.750000,1967100
2019-06-24,39.689999,39.689999,36.564999,36.790001,36.790001,808800
2019-06-25,36.910000,37.279999,35.070000,35.169998,35.169998,534600
2019-06-26,35.270000,35.990002,34.009998,34.330002,34.330002,494400
2019-06-27,34.349998,36.240002,34.310001,36.080002,36.080002,890800
2019-06-28,36.080002,36.869999,35.750000,36.070000,36.070000,4969100
2019-07-01,36.400002,36.720001,35.040001,35.529999,35.529999,513000
2019-07-02,35.840000,35.840000,34.860001,35.529999,35.529999,305800
2019-07-03,35.590000,36.790001,35.421001,36.689999,36.689999,254100
2019-07-05,36.419998,36.869999,35.930000,36.349998,36.349998,295800
2019-07-08,36.200001,37.549999,36.132000,37.250000,37.250000,381500
2019-07-09,37.220001,38.220001,37.160000,38.029999,38.029999,375100
2019-07-10,38.180000,38.650002,37.549999,38.560001,38.560001,530400
2019-07-11,38.630001,39.200001,38.049999,38.470001,38.470001,315000
2019-07-12,38.680000,38.689999,37.560001,38.220001,38.220001,275400
2019-07-15,38.330002,38.375999,37.220001,38.049999,38.049999,278200
2019-07-16,37.889999,37.900002,36.680000,36.980000,36.980000,333100
2019-07-17,37.000000,37.060001,36.430000,36.520000,36.520000,349400
2019-07-18,36.189999,36.730000,35.720001,36.610001,36.610001,318500
2019-07-19,36.630001,37.159000,36.000000,36.009998,36.009998,335900
2019-07-22,36.270000,36.650002,35.910000,36.330002,36.330002,354500
2019-07-23,36.419998,37.000000,35.580002,36.900002,36.900002,519200
2019-07-24,36.950001,39.939999,36.560001,39.889999,39.889999,1065300
2019-07-25,39.840000,41.040001,39.330002,41.029999,41.029999,453000
2019-07-26,39.610001,41.529999,39.250000,39.889999,39.889999,580000
2019-07-29,39.919998,40.119999,38.840000,39.369999,39.369999,277500
2019-07-30,39.259998,40.099998,39.180000,39.410000,39.410000,309300
2019-07-31,39.419998,40.189999,38.689999,39.290001,39.290001,409000
2019-08-01,39.310001,40.099998,38.474998,38.549999,38.549999,408700
2019-08-02,38.169998,38.750000,37.459999,38.709999,38.709999,407600
2019-08-05,38.369999,39.080002,37.250999,38.950001,38.950001,602200
2019-08-06,39.230000,39.990002,39.115002,39.820000,39.820000,871000
2019-08-07,39.410000,41.209999,38.840000,40.840000,40.840000,633400
2019-08-08,41.310001,43.580002,40.980000,43.240002,43.240002,1228000
2019-08-09,45.049999,51.990002,44.200001,51.450001,51.450001,2682500
2019-08-12,51.529999,54.119999,50.330002,53.799999,53.799999,1422700
2019-08-13,51.450001,55.200001,50.759998,55.009998,55.009998,1467900
2019-08-14,53.450001,57.630001,53.450001,56.580002,56.580002,1319600
2019-08-15,56.799999,57.360001,55.201000,56.130001,56.130001,925400
2019-08-16,56.490002,60.290001,56.490002,59.540001,59.540001,1252400
2019-08-19,60.150002,61.009998,58.240002,59.900002,59.900002,890700
2019-08-20,59.770000,59.900002,56.680000,57.869999,57.869999,1101600
2019-08-21,59.090000,61.270000,58.202000,58.959999,58.959999,957400
2019-08-22,59.009998,60.560001,57.790001,60.240002,60.240002,723800
2019-08-23,60.240002,62.939999,59.720001,60.060001,60.060001,880300
2019-08-26,60.540001,61.830002,59.939999,61.430000,61.430000,414500
2019-08-27,62.049999,62.049999,58.924999,60.060001,60.060001,595700
2019-08-28,59.490002,59.490002,57.900002,58.369999,58.369999,678700
2019-08-29,58.779999,60.330002,58.369999,59.709999,59.709999,349600
2019-08-30,60.060001,61.000000,58.500000,59.470001,59.470001,520300
2019-09-03,59.250000,59.810001,57.139999,57.290001,57.290001,926400
2019-09-04,57.650002,58.910000,57.080002,58.000000,58.000000,537000
2019-09-05,55.849998,56.549999,52.610001,55.299999,55.299999,2730100
2019-09-06,55.389999,55.900002,52.090000,52.599998,52.599998,1089800
2019-09-09,52.590000,52.590000,48.200001,49.000000,49.000000,1969200
2019-09-10,48.639999,49.240002,47.580002,48.119999,48.119999,988100
2019-09-11,48.599998,49.790001,47.349998,49.080002,49.080002,668300
2019-09-12,49.470001,50.410000,48.570000,48.660000,48.660000,585900
2019-09-13,48.509998,48.848000,46.590000,47.500000,47.500000,900900
2019-09-16,46.619999,48.630001,46.049999,48.049999,48.049999,653000
2019-09-17,48.400002,49.240002,48.290001,48.980000,48.980000,527300
2019-09-18,48.540001,48.845001,46.450001,48.200001,48.200001,599700
2019-09-19,48.299999,49.084000,47.294998,47.570000,47.570000,468900
2019-09-20,47.450001,49.070000,47.060001,48.650002,48.650002,1289800
2019-09-23,48.680000,49.230000,47.490002,48.349998,48.349998,414400
2019-09-24,48.889999,49.610001,47.599998,48.750000,48.750000,648600
2019-09-25,48.549999,51.139999,47.820000,50.459999,50.459999,792400
2019-09-26,50.709999,50.900002,47.294998,48.380001,48.380001,561700
2019-09-27,48.549999,48.549999,45.080002,46.230000,46.230000,732300
2019-09-30,46.290001,48.055000,45.990002,47.500000,47.500000,433400
2019-10-01,47.810001,48.279999,46.910000,47.290001,47.290001,359000
2019-10-02,47.540001,47.790001,46.264999,47.230000,47.230000,491500
2019-10-03,46.340000,48.970001,46.009998,48.330002,48.330002,576800
2019-10-04,49.070000,49.709999,48.250000,48.939999,48.939999,378600
2019-10-07,48.459999,49.110001,47.939999,48.270000,48.270000,414700
2019-10-08,48.080002,48.320000,46.330002,47.480000,47.480000,349100
2019-10-09,47.849998,48.790001,47.599998,47.939999,47.939999,233000
2019-10-10,47.880001,48.900002,47.141998,48.680000,48.680000,466600
2019-10-11,50.009998,51.279999,49.810001,50.490002,50.490002,677500
2019-10-14,50.880001,52.450001,50.647999,50.820000,50.820000,636600
2019-10-15,50.840000,51.490002,49.000000,50.330002,50.330002,545900
2019-10-16,50.000000,50.000000,44.910000,45.185001,45.185001,1032000
2019-10-17,45.680000,46.500000,43.049999,43.310001,43.310001,1080000
2019-10-18,43.209999,43.560001,40.700001,41.480000,41.480000,1212700
2019-10-21,41.610001,42.509998,40.980000,41.939999,41.939999,691700
2019-10-22,42.439999,43.700001,41.039001,41.349998,41.349998,560300
2019-10-23,41.119999,43.160000,40.840000,41.680000,41.680000,371400
2019-10-24,42.689999,44.200001,41.849998,43.680000,43.680000,588800
2019-10-25,43.540001,44.900002,42.825001,44.650002,44.650002,452300
2019-10-28,45.340000,45.340000,43.283001,44.230000,44.230000,397600
2019-10-29,44.730000,45.090000,44.119999,44.340000,44.340000,307200
2019-10-30,44.680000,45.580002,44.169998,45.240002,45.240002,498400
2019-10-31,45.090000,45.307999,42.180000,44.639999,44.639999,839000
2019-11-01,42.439999,45.320000,40.750000,44.400002,44.400002,1464400
2019-11-04,44.810001,46.256001,43.285000,43.599998,43.599998,690200
2019-11-05,43.500000,44.099998,41.299999,42.549999,42.549999,722500
2019-11-06,42.310001,42.599998,40.810001,42.270000,42.270000,570200
2019-11-07,41.660000,42.349998,40.500000,41.070000,41.070000,586500
2019-11-08,40.910000,42.340000,40.349998,41.950001,41.950001,452800
2019-11-11,41.480000,42.709999,41.029999,42.689999,42.689999,294300
2019-11-12,42.529999,42.750000,41.625000,41.849998,41.849998,561100
2019-11-13,41.820000,41.974998,41.119999,41.340000,41.340000,454900
2019-11-14,41.349998,42.980000,41.250000,42.840000,42.840000,337600
2019-11-15,43.270000,43.990002,42.869999,43.849998,43.849998,271900
2019-11-18,43.980000,44.250000,43.243000,43.450001,43.450001,460700
2019-11-19,43.509998,43.827000,43.090000,43.560001,43.560001,425100
2019-11-20,43.419998,44.939999,43.290001,44.060001,44.060001,511500
2019-11-21,44.220001,44.610001,42.060001,42.070000,42.070000,332400
2019-11-22,42.049999,42.405998,39.849998,40.599998,40.599998,570000
2019-11-25,40.810001,44.299999,40.810001,43.799999,43.799999,600200
2019-11-26,44.070000,45.470001,43.400002,43.619999,43.619999,373300
2019-11-27,43.740002,44.415001,43.630001,43.980000,43.980000,202100
2019-11-29,43.840000,43.939999,42.900002,43.080002,43.080002,125800
2019-12-02,42.790001,42.990002,39.759998,40.790001,40.790001,632300
2019-12-03,39.919998,41.562000,39.919998,41.209999,41.209999,427800
2019-12-04,41.410000,41.950001,40.860001,41.220001,41.220001,482900
2019-12-05,41.200001,41.650002,40.630001,41.000000,41.000000,301800
2019-12-06,41.099998,41.299999,40.770000,41.000000,41.000000,282300
2019-12-09,40.950001,41.369999,40.639999,40.669998,40.669998,217400
2019-12-10,40.610001,41.459999,40.389999,41.320000,41.320000,262500
2019-12-11,41.270000,41.270000,39.480000,39.570000,39.570000,392800
2019-12-12,39.570000,40.630001,38.750000,40.439999,40.439999,558000
2019-12-13,41.070000,42.150002,40.730000,41.669998,41.669998,478700
2019-12-16,42.209999,43.145000,42.009998,42.320000,42.320000,460800
2019-12-17,42.790001,42.910999,40.020000,40.130001,40.130001,434700
2019-12-18,40.490002,41.049999,39.959999,40.139999,40.139999,344400
2019-12-19,40.450001,41.750000,40.209999,41.279999,41.279999,482500
2019-12-20,41.660000,41.959999,41.330002,41.709999,41.709999,1080700
2019-12-23,41.709999,41.750000,39.389999,40.020000,40.020000,744400
2019-12-24,39.830002,39.849998,37.771000,38.209999,38.209999,587200
2019-12-26,38.500000,39.110001,37.599998,38.560001,38.560001,646200
2019-12-27,38.669998,38.750000,37.520000,37.730000,37.730000,541200
2019-12-30,37.770000,37.898998,36.869999,37.700001,37.700001,429200
2019-12-31,37.650002,38.811001,37.500000,38.209999,38.209999,540500
2020-01-02,38.669998,39.349998,38.049999,38.779999,38.779999,658400
2020-01-03,38.330002,38.830002,37.930000,38.130001,38.130001,602500
2020-01-06,38.130001,38.990002,38.090000,38.889999,38.889999,285600
2020-01-07,38.950001,39.980000,38.740002,39.020000,39.020000,396800
2020-01-08,39.020000,40.389999,38.830002,40.110001,40.110001,470100
2020-01-09,40.669998,43.500000,39.720001,42.889999,42.889999,1437300
2020-01-10,44.700001,45.840000,43.810001,44.340000,44.340000,1919500
2020-01-13,45.900002,50.000000,45.810001,49.389999,49.389999,2535500
2020-01-14,49.500000,50.480000,47.820000,49.310001,49.310001,1454900
2020-01-15,49.900002,53.680000,49.696999,53.000000,53.000000,1845600
2020-01-16,54.000000,55.020000,52.950001,54.110001,54.110001,1399000
2020-01-17,54.560001,56.299999,52.619999,53.090000,53.090000,1307400
2020-01-21,53.000000,53.414001,49.250000,49.549999,49.549999,1436600
2020-01-22,50.020000,51.330002,49.130001,49.849998,49.849998,837900
2020-01-23,49.799999,49.840000,47.698002,48.544998,48.544998,985500
2020-01-24,49.110001,50.450001,47.910000,48.650002,48.650002,720600
2020-01-27,49.209999,49.259998,46.880001,47.820000,47.820000,1002100
2020-01-28,48.360001,49.939999,47.750000,49.810001,49.810001,611700
2020-01-29,50.840000,51.529999,49.820000,50.770000,50.770000,874500
2020-01-30,50.790001,51.938999,50.419998,51.529999,51.529999,605500
2020-01-31,51.500000,51.630001,50.540001,51.040001,51.040001,542400
2020-02-03,50.720001,51.900002,49.549999,51.770000,51.770000,782600
2020-02-04,52.849998,55.450001,52.284000,54.799999,54.799999,881800
2020-02-05,55.889999,56.160000,50.680000,52.549999,52.549999,1186600
2020-02-06,53.090000,54.060001,52.480000,53.240002,53.240002,543400
2020-02-07,53.279999,53.869999,52.509998,53.160000,53.160000,331300
2020-02-10,53.250000,54.770000,53.250000,54.549999,54.549999,463600
2020-02-11,54.849998,55.590000,53.770000,54.380001,54.380001,653700
2020-02-12,54.830002,55.889999,53.608002,55.860001,55.860001,540800
2020-02-13,55.470001,57.540001,55.090000,57.340000,57.340000,1080400
2020-02-14,59.209999,61.105999,58.360001,59.820000,59.820000,1342300
2020-02-18,61.980000,63.770000,60.029999,63.299999,63.299999,1318400
2020-02-19,63.270000,63.500000,60.779999,62.070000,62.070000,1575600
2020-02-20,61.889999,63.669998,60.299999,62.680000,62.680000,1420900
2020-02-21,56.119999,56.200001,47.092999,48.650002,48.650002,5664500
2020-02-24,46.060001,48.279999,45.020000,46.779999,46.779999,2129400
2020-02-25,47.500000,48.070000,45.373001,47.230000,47.230000,1855000
2020-02-26,47.060001,48.500000,46.419998,47.090000,47.090000,1026400
2020-02-27,45.200001,46.779999,44.000000,45.020000,45.020000,1475300
2020-02-28,42.720001,44.950001,42.099998,44.150002,44.150002,1718700
2020-03-02,45.590000,46.240002,43.419998,45.889999,45.889999,1199100
2020-03-03,47.330002,49.000000,45.209999,46.880001,46.880001,1729100
2020-03-04,48.000000,51.110001,47.299999,50.849998,50.849998,1310300
2020-03-05,49.680000,50.139999,48.220001,48.959999,48.959999,962600
2020-03-06,47.310001,47.750000,44.759998,46.099998,46.099998,1132700
2020-03-09,42.000000,45.389999,40.250000,43.349998,43.349998,1298200
2020-03-10,45.279999,45.389999,42.119999,43.139999,43.139999,971800
2020-03-11,42.060001,42.650002,39.599998,40.410000,40.410000,1131100
2020-03-12,36.389999,38.340000,32.660000,35.279999,35.279999,1632300
2020-03-13,37.740002,38.009998,32.590000,35.700001,35.700001,1375000
2020-03-16,32.000000,35.360001,29.360001,32.290001,32.290001,1275100
2020-03-17,32.330002,38.869999,31.480000,35.919998,35.919998,1555800
2020-03-18,33.439999,35.570000,29.139999,31.540001,31.540001,1663300
2020-03-19,31.250000,36.419998,29.070000,35.369999,35.369999,1136600
2020-03-20,37.160000,38.750000,33.430000,35.419998,35.419998,1052100
2020-03-23,35.049999,36.560001,32.500000,32.750000,32.750000,1263500
2020-03-24,35.000000,38.189999,34.799999,38.000000,38.000000,776300
2020-03-25,38.500000,41.919998,37.509998,38.349998,38.349998,875500
2020-03-26,38.880001,42.689999,38.619999,41.630001,41.630001,863600
2020-03-27,40.049999,40.700001,38.750000,39.000000,39.000000,645700
2020-03-30,39.259998,41.110001,39.040001,40.799999,40.799999,593400
2020-03-31,40.320000,42.000000,39.380001,40.230000,40.230000,991500
2020-04-01,38.720001,38.930000,35.000000,35.720001,35.720001,1447300
2020-04-02,35.410000,35.740002,32.623001,34.930000,34.930000,1005900
2020-04-03,35.630001,36.230000,30.680000,31.360001,31.360001,1766700
2020-04-06,33.560001,36.130001,33.259998,35.290001,35.290001,1194500
2020-04-07,37.400002,37.980000,34.500000,35.529999,35.529999,1458900
2020-04-08,36.330002,36.990002,34.924999,36.700001,36.700001,877300
2020-04-09,37.470001,39.200001,36.209999,36.889999,36.889999,1019900
2020-04-13,39.330002,40.970001,37.544998,39.970001,39.970001,1496300
2020-04-14,40.590000,41.099998,38.910000,40.709999,40.709999,1329500
2020-04-15,39.000000,40.369999,38.369999,39.529999,39.529999,655400
2020-04-16,40.169998,44.200001,39.709999,43.820000,43.820000,1313300
2020-04-17,45.889999,46.060001,42.181000,42.570000,42.570000,1104900
2020-04-20,41.910000,44.480000,41.200001,43.270000,43.270000,664900
2020-04-21,42.490002,42.970001,38.500000,39.490002,39.490002,1306900
2020-04-22,41.570000,42.983002,41.110001,42.090000,42.090000,909100
2020-04-23,42.150002,43.490002,41.450001,42.070000,42.070000,711300
2020-04-24,42.349998,42.770000,41.369999,42.360001,42.360001,515900
2020-04-27,43.639999,44.650002,43.009998,43.639999,43.639999,770800
2020-04-28,44.410000,44.990002,41.959999,43.720001,43.720001,568600
2020-04-29,44.500000,46.750000,43.500000,46.320000,46.320000,992700
2020-04-30,46.410000,47.360001,44.599998,45.669998,45.669998,709300
2020-05-01,44.840000,45.200001,41.759998,42.250000,42.250000,1265900
2020-05-04,41.689999,44.869999,41.029999,44.360001,44.360001,798100
2020-05-05,45.349998,47.252998,44.825001,46.520000,46.520000,727700
2020-05-06,47.020000,49.480000,46.599998,49.230000,49.230000,1135400
2020-05-07,51.000000,53.840000,49.529999,53.230000,53.230000,1699000