Date,Open,High,Low,Close,Adj Close,Volume
2018-06-21,17.400000,20.879999,17.350000,20.200001,20.200001,3507600
2018-06-22,19.790001,20.450001,18.740000,20.000000,20.000000,333200
2018-06-25,20.000000,20.490000,19.020000,19.830000,19.830000,576500
2018-06-26,20.040001,20.700001,19.010000,20.000000,20.000000,535800
2018-06-27,20.000000,22.620001,19.730000,22.240000,22.240000,498900
2018-06-28,22.230000,23.740000,21.459999,23.410000,23.410000,300700
2018-06-29,23.400000,24.920000,23.209999,24.170000,24.170000,114600
2018-07-02,24.360001,25.120001,23.510000,24.000000,24.000000,251800
2018-07-03,24.080000,25.030001,23.700001,25.020000,25.020000,28800
2018-07-05,25.209999,25.209999,24.040001,24.360001,24.360001,137100
2018-07-06,24.889999,24.889999,22.500000,23.500000,23.500000,114800
2018-07-09,23.780001,24.370001,23.530001,24.070000,24.070000,107500
2018-07-10,24.200001,24.200001,23.379999,23.879999,23.879999,61000
2018-07-11,23.900000,24.000000,22.059999,22.270000,22.270000,55100
2018-07-12,22.520000,22.520000,19.450001,20.930000,20.930000,116400
2018-07-13,20.930000,23.500000,20.549999,21.070000,21.070000,90500
2018-07-16,21.570000,21.760000,20.250000,21.010000,21.010000,100400
2018-07-17,20.870001,21.770000,20.200001,20.430000,20.430000,127700
2018-07-18,21.250000,22.379999,20.299999,20.780001,20.780001,57500
2018-07-19,21.209999,21.209999,20.070000,20.350000,20.350000,31200
2018-07-20,20.410000,20.600000,20.049999,20.209999,20.209999,18500
2018-07-23,20.580000,22.000000,20.299999,21.180000,21.180000,126800
2018-07-24,21.370001,22.500000,20.570000,21.680000,21.680000,177700
2018-07-25,21.450001,21.990000,20.520000,21.510000,21.510000,83500
2018-07-26,21.360001,22.150000,20.809999,22.100000,22.100000,129000
2018-07-27,21.950001,22.500000,21.790001,22.500000,22.500000,70000
2018-07-30,23.110001,23.150000,21.590000,22.000000,22.000000,71300
2018-07-31,22.000000,22.230000,21.080000,21.920000,21.920000,57200
2018-08-01,22.080000,22.900000,22.080000,22.350000,22.350000,84000
2018-08-02,22.150000,22.360001,21.500000,22.049999,22.049999,91800
2018-08-03,22.150000,22.250000,21.719999,22.049999,22.049999,40300
2018-08-06,22.389999,22.490000,22.010000,22.180000,22.180000,31300
2018-08-07,22.280001,22.450001,21.870001,21.990000,21.990000,40700
2018-08-08,22.000000,22.500000,21.010000,22.379999,22.379999,118600
2018-08-09,22.350000,22.520000,21.750000,22.080000,22.080000,17000
2018-08-10,21.410000,22.209999,21.410000,21.950001,21.950001,37600
2018-08-13,21.870001,23.000000,20.959999,22.500000,22.500000,74000
2018-08-14,22.049999,22.760000,21.100000,22.129999,22.129999,26200
2018-08-15,22.030001,22.990000,21.709999,22.950001,22.950001,23300
2018-08-16,22.910000,24.370001,22.110001,23.639999,23.639999,59300
2018-08-17,23.600000,23.600000,22.600000,22.809999,22.809999,31700
2018-08-20,22.760000,23.200001,21.850000,23.160000,23.160000,31400
2018-08-21,23.250000,23.320000,22.580000,23.200001,23.200001,65200
2018-08-22,23.129999,23.840000,22.850000,23.299999,23.299999,31200
2018-08-23,23.180000,23.500000,22.549999,23.290001,23.290001,46600
2018-08-24,23.360001,23.490000,22.570000,23.340000,23.340000,11100
2018-08-27,23.450001,23.790001,23.139999,23.150000,23.150000,68300
2018-08-28,23.230000,23.580000,22.530001,23.200001,23.200001,35100
2018-08-29,23.209999,23.330000,22.540001,23.209999,23.209999,38100
2018-08-30,23.299999,24.299999,22.900000,23.719999,23.719999,59900
2018-08-31,23.639999,24.250000,23.059999,23.980000,23.980000,90600
2018-09-04,23.980000,26.000000,23.350000,25.610001,25.610001,459500
2018-09-05,25.430000,30.250000,24.950001,29.290001,29.290001,213600
2018-09-06,29.290001,29.940001,26.780001,27.700001,27.700001,207400
2018-09-07,29.450001,29.450001,26.500000,28.000000,28.000000,150800
2018-09-10,28.190001,32.000000,27.600000,31.850000,31.850000,143400
2018-09-11,32.099998,32.250000,26.440001,29.940001,29.940001,188700
2018-09-12,29.900000,30.500000,29.299999,30.150000,30.150000,81900
2018-09-13,30.000000,30.490000,28.840000,30.080000,30.080000,77800
2018-09-14,30.160000,30.860001,28.879999,30.030001,30.030001,84000
2018-09-17,30.090000,31.969999,27.020000,28.110001,28.110001,110200
2018-09-18,28.170000,29.000000,27.070000,28.780001,28.780001,187900
2018-09-19,28.820000,30.000000,27.010000,27.709999,27.709999,147700
2018-09-20,27.840000,29.350000,27.290001,27.430000,27.430000,160700
2018-09-21,27.459999,27.750000,24.760000,26.690001,26.690001,1866000
2018-09-24,26.549999,27.000000,25.240000,26.389999,26.389999,88100
2018-09-25,26.870001,28.959999,26.469999,28.459999,28.459999,156000
2018-09-26,28.440001,28.490000,27.490000,28.190001,28.190001,38600
2018-09-27,28.290001,29.000000,27.750000,28.709999,28.709999,57900
2018-09-28,28.799999,29.000000,28.010000,28.959999,28.959999,80200
2018-10-01,29.110001,29.480000,27.940001,28.709999,28.709999,107600
2018-10-02,28.879999,29.469999,28.430000,28.879999,28.879999,166700
2018-10-03,28.980000,28.980000,27.100000,28.930000,28.930000,42400
2018-10-04,28.809999,28.820000,27.670000,27.990000,27.990000,54600
2018-10-05,28.080000,28.080000,26.750000,27.129999,27.129999,50200
2018-10-08,27.120001,27.340000,25.879999,26.330000,26.330000,53500
2018-10-09,26.160000,27.600000,25.740000,27.389999,27.389999,42200
2018-10-10,27.379999,28.500000,26.760000,27.809999,27.809999,43000
2018-10-11,27.670000,29.170000,25.000000,25.389999,25.389999,56800
2018-10-12,25.650000,27.700001,25.530001,26.360001,26.360001,65200
2018-10-15,26.480000,27.980000,24.820000,25.760000,25.760000,55300
2018-10-16,25.959999,27.150000,25.530001,26.690001,26.690001,93000
2018-10-17,26.549999,27.490000,25.400000,27.120001,27.120001,178800
2018-10-18,27.040001,27.500000,25.840000,26.350000,26.350000,76000
2018-10-19,26.200001,27.070000,25.590000,26.090000,26.090000,70300
2018-10-22,26.090000,26.770000,25.549999,26.129999,26.129999,46800
2018-10-23,25.740000,27.000000,25.500000,26.330000,26.330000,31700
2018-10-24,26.330000,26.520000,25.000000,25.590000,25.590000,31300
2018-10-25,25.820000,26.680000,25.610001,26.450001,26.450001,38200
2018-10-26,26.080000,26.299999,25.480000,25.930000,25.930000,51700
2018-10-29,26.340000,26.450001,24.250000,24.760000,24.760000,22200
2018-10-30,24.610001,26.200001,23.799999,25.719999,25.719999,19300
2018-10-31,26.049999,26.290001,24.379999,26.040001,26.040001,39000
2018-11-01,26.290001,26.750000,25.680000,26.459999,26.459999,116000
2018-11-02,26.540001,27.370001,25.900000,26.170000,26.170000,37400
2018-11-05,26.190001,26.490000,25.410000,25.870001,25.870001,48400
2018-11-06,25.799999,26.430000,25.260000,25.610001,25.610001,43000
2018-11-07,25.670000,26.320000,24.840000,25.770000,25.770000,46100
2018-11-08,25.469999,26.719999,25.469999,26.600000,26.600000,24500
2018-11-09,26.469999,26.469999,25.120001,25.879999,25.879999,20400
2018-11-12,25.840000,26.299999,24.270000,25.559999,25.559999,95800
2018-11-13,26.209999,27.209999,25.290001,25.510000,25.510000,43600
2018-11-14,25.870001,26.469999,24.400000,24.870001,24.870001,54100
2018-11-15,24.620001,25.129999,21.440001,22.510000,22.510000,180900
2018-11-16,22.240000,23.799999,22.059999,23.389999,23.389999,37700
2018-11-19,23.450001,23.770000,21.240000,22.590000,22.590000,49600
2018-11-20,22.180000,23.330000,22.000000,22.410000,22.410000,25500
2018-11-21,22.570000,23.510000,21.260000,22.799999,22.799999,386400
2018-11-23,23.370001,23.480000,22.360001,22.980000,22.980000,15300
2018-11-26,23.180000,26.740000,21.809999,22.389999,22.389999,40500
2018-11-27,22.290001,22.959999,21.549999,21.959999,21.959999,47000
2018-11-28,22.010000,23.360001,20.959999,22.719999,22.719999,74700
2018-11-29,22.590000,23.000000,21.480000,21.930000,21.930000,34300
2018-11-30,22.000000,23.440001,21.250000,22.209999,22.209999,97200
2018-12-03,22.020000,22.139999,19.500000,19.990000,19.990000,163800
2018-12-04,20.190001,21.969999,20.190001,20.870001,20.870001,302900
2018-12-06,20.410000,22.480000,20.410000,21.809999,21.809999,191800
2018-12-07,22.000000,22.370001,20.400000,21.350000,21.350000,47200
2018-12-10,21.580000,21.580000,20.000000,20.870001,20.870001,46800
2018-12-11,21.350000,22.010000,20.900000,21.860001,21.860001,58700
2018-12-12,22.219999,22.990000,21.580000,22.010000,22.010000,91300
2018-12-13,22.129999,22.500000,21.080000,21.600000,21.600000,91900
2018-12-14,21.400000,22.440001,21.250000,22.110001,22.110001,85300
2018-12-17,22.240000,22.580000,20.870001,21.190001,21.190001,124000
2018-12-18,21.510000,21.910000,19.520000,20.240000,20.240000,188000
2018-12-19,20.200001,21.650000,20.070000,20.730000,20.730000,136700
2018-12-20,20.480000,20.900000,16.100000,16.870001,16.870001,151400
2018-12-21,17.030001,17.240000,15.470000,16.400000,16.400000,595400
2018-12-24,16.209999,16.700001,15.010000,16.150000,16.150000,71500
2018-12-26,16.129999,17.209999,16.059999,16.750000,16.750000,103000
2018-12-27,16.580000,17.030001,15.720000,16.620001,16.620001,128100
2018-12-28,16.740000,17.990000,15.760000,16.610001,16.610001,157500
2018-12-31,16.770000,16.770000,15.340000,16.540001,16.540001,85600
2019-01-02,16.459999,18.370001,16.020000,17.250000,17.250000,71900
2019-01-03,17.160000,18.260000,16.820000,17.930000,17.930000,117900
2019-01-04,18.389999,19.990000,18.000000,19.330000,19.330000,105500
2019-01-07,19.500000,19.860001,18.709999,19.139999,19.139999,76000
2019-01-08,19.340000,19.900000,18.799999,19.010000,19.010000,114400
2019-01-09,19.330000,19.500000,18.190001,18.530001,18.530001,215600
2019-01-10,18.389999,18.870001,17.600000,18.600000,18.600000,205900
2019-01-11,18.510000,18.510000,17.660000,17.930000,17.930000,97200
2019-01-14,17.719999,18.430000,17.270000,17.430000,17.430000,138400
2019-01-15,17.510000,18.990000,17.330000,17.830000,17.830000,459800
2019-01-16,6.000000,6.100000,4.700000,5.980000,5.980000,6328600
2019-01-17,5.500000,5.930000,5.100000,5.390000,5.390000,2118700
2019-01-18,5.520000,5.570000,5.200000,5.240000,5.240000,674500
2019-01-22,5.420000,5.860000,5.170000,5.720000,5.720000,894900
2019-01-23,5.740000,6.240000,5.500000,5.880000,5.880000,767400
2019-01-24,5.930000,6.100000,5.310000,5.390000,5.390000,464500
2019-01-25,5.440000,5.620000,5.300000,5.380000,5.380000,245800
2019-01-28,5.330000,5.570000,5.250000,5.290000,5.290000,197700
2019-01-29,5.650000,5.650000,5.390000,5.470000,5.470000,303900
2019-01-30,5.470000,5.490000,5.220000,5.300000,5.300000,229700
2019-01-31,5.400000,5.490000,5.290000,5.340000,5.340000,123500
2019-02-01,5.350000,5.500000,5.270000,5.480000,5.480000,133200
2019-02-04,5.490000,5.540000,5.350000,5.440000,5.440000,131800
2019-02-05,5.350000,5.630000,5.350000,5.580000,5.580000,135200
2019-02-06,5.590000,5.590000,5.370000,5.420000,5.420000,105300
2019-02-07,5.390000,5.500000,5.280000,5.400000,5.400000,107300
2019-02-08,5.370000,5.600000,5.370000,5.500000,5.500000,91500
2019-02-11,5.560000,5.560000,5.300000,5.500000,5.500000,82700
2019-02-12,5.530000,5.560000,5.390000,5.490000,5.490000,38500
2019-02-13,5.450000,5.590000,5.410000,5.570000,5.570000,57400
2019-02-14,5.500000,5.840000,5.490000,5.700000,5.700000,334400
2019-02-15,5.710000,5.710000,5.470000,5.640000,5.640000,84800
2019-02-19,5.670000,5.880000,5.500000,5.550000,5.550000,106800
2019-02-20,5.560000,5.720000,5.430000,5.570000,5.570000,71100
2019-02-21,5.560000,5.750000,5.550000,5.670000,5.670000,71400
2019-02-22,5.700000,6.000000,5.620000,6.000000,6.000000,268600
2019-02-25,6.000000,6.000000,5.890000,5.950000,5.950000,271700
2019-02-26,5.870000,5.960000,5.520000,5.520000,5.520000,184300
2019-02-27,5.530000,5.830000,5.230000,5.410000,5.410000,459300
2019-02-28,5.420000,5.690000,5.070000,5.300000,5.300000,305800
2019-03-01,5.310000,5.870000,5.310000,5.760000,5.760000,223700
2019-03-04,5.770000,5.840000,5.260000,5.390000,5.390000,176800
2019-03-05,5.430000,5.680000,5.350000,5.400000,5.400000,218900
2019-03-06,5.670000,5.670000,5.120000,5.200000,5.200000,177800
2019-03-07,4.700000,4.770000,4.500000,4.650000,4.650000,462700
2019-03-08,4.660000,4.660000,4.240000,4.280000,4.280000,331700
2019-03-11,4.300000,4.570000,4.140000,4.430000,4.430000,301100
2019-03-12,4.400000,4.400000,4.140000,4.170000,4.170000,431900
2019-03-13,4.190000,4.240000,4.040000,4.050000,4.050000,418100
2019-03-14,4.050000,4.220000,4.050000,4.060000,4.060000,361800
2019-03-15,4.050000,4.230000,4.000000,4.120000,4.120000,572800
2019-03-18,4.100000,4.290000,4.100000,4.200000,4.200000,255500
2019-03-19,4.180000,4.230000,4.070000,4.090000,4.090000,234900
2019-03-20,4.100000,4.130000,3.900000,4.010000,4.010000,351700
2019-03-21,4.110000,4.260000,3.700000,4.040000,4.040000,398900
2019-03-22,3.980000,4.490000,3.980000,4.360000,4.360000,632800
2019-03-25,4.350000,4.540000,4.220000,4.280000,4.280000,457700
2019-03-26,4.300000,4.420000,4.270000,4.270000,4.270000,153800
2019-03-27,4.280000,4.280000,4.110000,4.140000,4.140000,137700
2019-03-28,4.160000,4.190000,3.980000,3.990000,3.990000,123400
2019-03-29,4.030000,4.120000,3.920000,4.050000,4.050000,149400
2019-04-01,4.080000,4.150000,4.010000,4.070000,4.070000,272900
2019-04-02,4.060000,4.160000,4.040000,4.100000,4.100000,254700
2019-04-03,4.550000,4.700000,4.260000,4.380000,4.380000,6232000
2019-04-04,4.350000,4.350000,4.050000,4.180000,4.180000,846100
2019-04-05,4.200000,4.220000,4.090000,4.130000,4.130000,263300
2019-04-08,4.150000,4.170000,4.040000,4.110000,4.110000,290400
2019-04-09,4.090000,4.180000,3.910000,3.920000,3.920000,349800
2019-04-10,3.900000,3.960000,3.750000,3.830000,3.830000,485200
2019-04-11,3.810000,3.890000,3.740000,3.860000,3.860000,202000
2019-04-12,3.880000,3.970000,3.770000,3.890000,3.890000,332200
2019-04-15,3.880000,3.970000,3.800000,3.930000,3.930000,157800
2019-04-16,4.010000,4.010000,3.810000,3.840000,3.840000,758900
2019-04-17,3.890000,3.890000,3.570000,3.610000,3.610000,441400
2019-04-18,3.610000,3.750000,3.450000,3.710000,3.710000,371700
2019-04-22,3.730000,3.730000,3.530000,3.650000,3.650000,238100
2019-04-23,3.670000,3.840000,3.510000,3.810000,3.810000,284000
2019-04-24,3.820000,3.850000,3.680000,3.720000,3.720000,203800
2019-04-25,3.700000,3.760000,3.610000,3.660000,3.660000,301900
2019-04-26,3.650000,3.790000,3.620000,3.740000,3.740000,226100
2019-04-29,3.770000,3.980000,3.740000,3.930000,3.930000,170700
2019-04-30,4.000000,4.060000,3.770000,3.850000,3.850000,398100
2019-05-01,3.870000,3.940000,3.720000,3.810000,3.810000,150200
2019-05-02,3.790000,3.800000,3.700000,3.750000,3.750000,125100
2019-05-03,3.800000,3.800000,3.620000,3.780000,3.780000,313900
2019-05-06,3.750000,3.980000,3.670000,3.870000,3.870000,247500
2019-05-07,3.830000,3.880000,3.690000,3.800000,3.800000,167000
2019-05-08,3.830000,3.940000,3.790000,3.830000,3.830000,335400
2019-05-09,3.820000,4.030000,3.780000,3.970000,3.970000,225100
2019-05-10,3.980000,3.980000,3.740000,3.800000,3.800000,122600
2019-05-13,3.770000,3.820000,3.670000,3.740000,3.740000,134800
2019-05-14,3.590000,3.780000,3.590000,3.640000,3.640000,204400
2019-05-15,3.580000,3.780000,3.550000,3.730000,3.730000,200900
2019-05-16,3.730000,3.780000,3.620000,3.630000,3.630000,97700
2019-05-17,3.600000,3.670000,3.480000,3.510000,3.510000,128200
2019-05-20,3.480000,3.500000,3.270000,3.360000,3.360000,186200
2019-05-21,3.380000,3.490000,3.360000,3.480000,3.480000,141100
2019-05-22,3.490000,3.540000,3.360000,3.450000,3.450000,140100
2019-05-23,3.450000,3.490000,3.300000,3.330000,3.330000,158700
2019-05-24,3.340000,3.450000,3.300000,3.330000,3.330000,184200
2019-05-28,3.320000,3.330000,3.120000,3.150000,3.150000,266700
2019-05-29,3.150000,3.150000,3.040000,3.050000,3.050000,221700
2019-05-30,3.120000,3.150000,3.000000,3.060000,3.060000,120400
2019-05-31,3.030000,3.130000,2.980000,3.100000,3.100000,167600
2019-06-03,3.140000,3.350000,3.110000,3.240000,3.240000,170500
2019-06-04,3.310000,3.490000,3.310000,3.400000,3.400000,183700
2019-06-05,3.400000,3.410000,3.110000,3.140000,3.140000,165400
2019-06-06,3.150000,3.150000,2.900000,2.950000,2.950000,129900
2019-06-07,2.950000,3.060000,2.880000,3.020000,3.020000,109200
2019-06-10,3.280000,3.560000,3.100000,3.470000,3.470000,1275200
2019-06-11,3.450000,3.450000,3.110000,3.140000,3.140000,437900
2019-06-12,3.130000,3.180000,3.010000,3.070000,3.070000,206900
2019-06-13,3.080000,3.230000,3.040000,3.120000,3.120000,154800
2019-06-14,3.120000,3.130000,2.940000,2.950000,2.950000,197900
2019-06-17,2.960000,3.080000,2.950000,3.000000,3.000000,195600
2019-06-18,3.050000,3.240000,3.030000,3.170000,3.170000,172200
2019-06-19,3.180000,3.220000,3.050000,3.110000,3.110000,129700
2019-06-20,3.230000,3.430000,3.120000,3.270000,3.270000,517600
2019-06-21,3.300000,3.660000,3.300000,3.490000,3.490000,711900
2019-06-24,3.490000,3.630000,3.320000,3.340000,3.340000,220000
2019-06-25,3.340000,3.490000,3.240000,3.240000,3.240000,151900
2019-06-26,3.300000,3.320000,3.150000,3.150000,3.150000,262000
2019-06-27,3.170000,3.580000,3.120000,3.290000,3.290000,455100
2019-06-28,3.260000,3.440000,3.250000,3.340000,3.340000,1449100
2019-07-01,3.370000,3.660000,3.360000,3.610000,3.610000,373000
2019-07-02,3.420000,3.780000,3.360000,3.760000,3.760000,443000
2019-07-03,3.740000,3.750000,3.610000,3.710000,3.710000,88700
2019-07-05,3.700000,4.050000,3.660000,3.760000,3.760000,264500
2019-07-08,3.760000,3.780000,3.560000,3.600000,3.600000,89600
2019-07-09,3.530000,3.870000,3.430000,3.780000,3.780000,198800
2019-07-10,3.800000,3.900000,3.650000,3.750000,3.750000,161200
2019-07-11,3.750000,3.870000,3.680000,3.820000,3.820000,167900
2019-07-12,3.820000,3.880000,3.710000,3.750000,3.750000,176400
2019-07-15,3.780000,3.870000,3.660000,3.810000,3.810000,154200
2019-07-16,3.800000,3.960000,3.630000,3.650000,3.650000,749400
2019-07-17,3.680000,3.770000,3.590000,3.670000,3.670000,90300
2019-07-18,3.670000,3.850000,3.640000,3.770000,3.770000,146400
2019-07-19,3.800000,3.860000,3.610000,3.720000,3.720000,108600
2019-07-22,3.700000,3.770000,3.510000,3.570000,3.570000,116200
2019-07-23,3.600000,3.600000,3.340000,3.440000,3.440000,261700
2019-07-24,3.410000,3.780000,3.400000,3.700000,3.700000,150800
2019-07-25,3.700000,3.710000,3.530000,3.570000,3.570000,89000
2019-07-26,3.580000,3.740000,3.580000,3.730000,3.730000,166700
2019-07-29,3.740000,3.790000,3.600000,3.730000,3.730000,100900
2019-07-30,3.720000,3.790000,3.660000,3.770000,3.770000,85900
2019-07-31,3.790000,3.860000,3.710000,3.720000,3.720000,86000
2019-08-01,3.680000,3.780000,3.600000,3.630000,3.630000,97700
2019-08-02,3.620000,3.660000,3.330000,3.400000,3.400000,147600
2019-08-05,3.350000,3.720000,3.350000,3.670000,3.670000,151000
2019-08-06,3.680000,3.750000,3.520000,3.670000,3.670000,93400
2019-08-07,3.680000,3.680000,3.510000,3.560000,3.560000,41300
2019-08-08,3.580000,3.670000,3.470000,3.540000,3.540000,164400
2019-08-09,3.510000,3.600000,3.460000,3.530000,3.530000,73200
2019-08-12,3.800000,3.850000,3.480000,3.630000,3.630000,168800
2019-08-13,3.370000,3.500000,3.210000,3.220000,3.220000,148100
2019-08-14,3.150000,3.370000,3.150000,3.290000,3.290000,157800
2019-08-15,3.310000,3.400000,3.230000,3.270000,3.270000,87800
2019-08-16,3.310000,3.310000,3.160000,3.220000,3.220000,98600
2019-08-19,3.280000,3.310000,3.070000,3.090000,3.090000,188900
2019-08-20,3.110000,3.320000,3.070000,3.110000,3.110000,127500
2019-08-21,3.210000,3.410000,3.100000,3.150000,3.150000,113900
2019-08-22,3.150000,3.340000,3.060000,3.130000,3.130000,96900
2019-08-23,3.100000,3.210000,2.980000,3.000000,3.000000,251300
2019-08-26,3.010000,3.290000,2.960000,3.250000,3.250000,116500
2019-08-27,3.250000,3.300000,3.020000,3.060000,3.060000,96900
2019-08-28,3.040000,3.200000,2.880000,3.110000,3.110000,81900
2019-08-29,3.130000,3.300000,3.120000,3.230000,3.230000,137100
2019-08-30,3.230000,3.420000,3.170000,3.380000,3.380000,119700
2019-09-03,3.340000,3.490000,3.280000,3.400000,3.400000,79500
2019-09-04,3.370000,3.500000,3.300000,3.470000,3.470000,48900
2019-09-05,3.500000,3.630000,3.400000,3.440000,3.440000,67300
2019-09-06,3.480000,3.690000,3.340000,3.660000,3.660000,103300
2019-09-09,3.640000,3.830000,3.560000,3.640000,3.640000,117500
2019-09-10,3.640000,3.970000,3.570000,3.950000,3.950000,100500
2019-09-11,3.990000,4.130000,3.870000,4.080000,4.080000,254300
2019-09-12,4.250000,4.250000,3.930000,4.000000,4.000000,144400
2019-09-13,4.050000,4.140000,3.930000,4.020000,4.020000,79200
2019-09-16,4.040000,4.120000,4.010000,4.060000,4.060000,92700
2019-09-17,4.010000,4.100000,3.870000,3.990000,3.990000,92000
2019-09-18,3.940000,4.090000,3.770000,4.000000,4.000000,137000
2019-09-19,3.990000,4.040000,3.700000,3.760000,3.760000,152400
2019-09-20,3.740000,4.080000,3.740000,3.850000,3.850000,277400
2019-09-23,3.810000,3.950000,3.810000,3.920000,3.920000,67400
2019-09-24,3.900000,3.940000,3.740000,3.900000,3.900000,118900
2019-09-25,3.920000,3.980000,3.560000,3.630000,3.630000,151600
2019-09-26,3.680000,3.790000,3.380000,3.590000,3.590000,115300
2019-09-27,3.580000,3.800000,3.500000,3.530000,3.530000,89800
2019-09-30,3.490000,3.520000,3.370000,3.490000,3.490000,72000
2019-10-01,3.450000,3.580000,3.290000,3.370000,3.370000,71200
2019-10-02,3.290000,3.360000,3.200000,3.270000,3.270000,56500
2019-10-03,3.290000,3.460000,3.200000,3.290000,3.290000,47400
2019-10-04,3.290000,3.400000,3.110000,3.280000,3.280000,31200
2019-10-07,3.260000,3.350000,3.020000,3.240000,3.240000,266300
2019-10-08,3.240000,3.320000,3.050000,3.200000,3.200000,139700
2019-10-09,3.110000,3.230000,3.010000,3.080000,3.080000,71600
2019-10-10,3.100000,3.160000,2.970000,3.110000,3.110000,72600
2019-10-11,3.170000,3.220000,3.010000,3.090000,3.090000,171400
2019-10-14,3.070000,3.110000,2.610000,2.840000,2.840000,398100
2019-10-15,2.830000,3.390000,2.830000,3.210000,3.210000,191900
2019-10-16,3.230000,3.370000,3.180000,3.320000,3.320000,33500
2019-10-17,3.360000,3.440000,3.220000,3.260000,3.260000,54200
2019-10-18,3.230000,3.360000,3.000000,3.010000,3.010000,47300
2019-10-21,3.080000,3.090000,2.900000,2.990000,2.990000,64900
2019-10-22,3.000000,3.080000,2.900000,3.080000,3.080000,149500
2019-10-23,3.060000,3.070000,2.920000,3.050000,3.050000,71900
2019-10-24,3.150000,3.150000,2.910000,3.020000,3.020000,129100
2019-10-25,3.040000,3.150000,2.990000,3.130000,3.130000,56000
2019-10-28,3.320000,3.420000,3.100000,3.220000,3.220000,108100
2019-10-29,3.210000,3.380000,2.990000,3.020000,3.020000,80500
2019-10-30,3.010000,3.180000,2.930000,3.170000,3.170000,86000
2019-10-31,3.200000,3.370000,3.180000,3.320000,3.320000,102800
2019-11-01,3.350000,3.600000,3.350000,3.600000,3.600000,70400
2019-11-04,3.600000,3.620000,3.450000,3.490000,3.490000,45800
2019-11-05,3.470000,3.470000,3.250000,3.310000,3.310000,53500
2019-11-06,3.290000,3.370000,3.170000,3.180000,3.180000,31000
2019-11-07,3.220000,3.290000,3.050000,3.140000,3.140000,25600
2019-11-08,3.200000,3.280000,3.110000,3.230000,3.230000,59300
2019-11-11,3.250000,3.440000,3.140000,3.300000,3.300000,88700
2019-11-12,3.350000,3.430000,3.210000,3.280000,3.280000,96400
2019-11-13,3.300000,3.500000,3.210000,3.400000,3.400000,72800
2019-11-14,3.350000,3.360000,3.150000,3.260000,3.260000,54900
2019-11-15,3.270000,3.420000,3.180000,3.330000,3.330000,86400
2019-11-18,3.300000,3.300000,3.100000,3.160000,3.160000,39900
2019-11-19,3.170000,3.320000,3.150000,3.200000,3.200000,41300
2019-11-20,3.210000,3.300000,3.150000,3.150000,3.150000,118200
2019-11-21,3.180000,3.230000,3.120000,3.200000,3.200000,44600
2019-11-22,3.210000,3.320000,3.070000,3.100000,3.100000,142600
2019-11-25,3.240000,3.250000,3.130000,3.250000,3.250000,102400
2019-11-26,3.290000,3.640000,3.290000,3.510000,3.510000,197000
2019-11-27,3.590000,4.000000,3.590000,3.890000,3.890000,198100
2019-11-29,3.910000,4.140000,3.790000,4.060000,4.060000,41300
2019-12-02,4.050000,4.050000,3.840000,3.850000,3.850000,75300
2019-12-03,3.800000,3.990000,3.640000,3.850000,3.850000,91300
2019-12-04,3.860000,4.040000,3.780000,3.980000,3.980000,75400
2019-12-05,3.960000,4.030000,3.770000,3.990000,3.990000,87300
2019-12-06,4.020000,4.220000,4.000000,4.150000,4.150000,162700
2019-12-09,4.170000,4.200000,4.020000,4.090000,4.090000,43100
2019-12-10,4.040000,4.320000,3.960000,4.120000,4.120000,201100
2019-12-11,4.140000,4.290000,3.950000,4.200000,4.200000,176800
2019-12-12,4.200000,4.320000,4.050000,4.240000,4.240000,114000
2019-12-13,4.230000,4.310000,4.140000,4.250000,4.250000,41200
2019-12-16,4.320000,4.320000,4.010000,4.120000,4.120000,180100
2019-12-17,4.130000,4.130000,3.850000,3.950000,3.950000,105000
2019-12-18,3.940000,3.990000,3.620000,3.770000,3.770000,145900
2019-12-19,3.830000,3.920000,3.740000,3.800000,3.800000,200100
2019-12-20,3.750000,3.800000,3.600000,3.650000,3.650000,654200
2019-12-23,3.700000,3.840000,3.600000,3.630000,3.630000,119300
2019-12-24,3.500000,3.690000,3.500000,3.640000,3.640000,63200
2019-12-26,3.670000,3.750000,3.540000,3.600000,3.600000,129400
2019-12-27,3.620000,3.690000,3.310000,3.340000,3.340000,138600
2019-12-30,3.350000,3.490000,3.140000,3.150000,3.150000,252200
2019-12-31,3.160000,3.440000,3.120000,3.420000,3.420000,207400
2020-01-02,3.430000,3.750000,3.430000,3.680000,3.680000,150600
2020-01-03,3.670000,3.800000,3.570000,3.660000,3.660000,75600
2020-01-06,3.600000,3.810000,3.530000,3.540000,3.540000,25600
2020-01-07,3.500000,3.870000,3.500000,3.700000,3.700000,116700
2020-01-08,3.660000,3.800000,3.560000,3.600000,3.600000,118000
2020-01-09,3.540000,3.750000,3.540000,3.600000,3.600000,76300
2020-01-10,3.000000,3.390000,2.960000,3.220000,3.220000,2002200
2020-01-13,3.290000,3.400000,3.050000,3.250000,3.250000,216000
2020-01-14,3.250000,3.340000,3.110000,3.240000,3.240000,296800
2020-01-15,3.620000,3.940000,3.550000,3.560000,3.560000,570300
2020-01-16,3.640000,3.900000,3.550000,3.600000,3.600000,336000
2020-01-17,3.900000,4.740000,3.760000,4.600000,4.600000,2290300
2020-01-21,4.700000,5.100000,4.360000,4.650000,4.650000,881200
2020-01-22,4.750000,5.250000,4.680000,5.030000,5.030000,744700
2020-01-23,5.070000,5.140000,4.500000,4.600000,4.600000,520300
2020-01-24,5.000000,5.140000,4.210000,4.440000,4.440000,1373800
2020-01-27,4.310000,4.580000,4.210000,4.500000,4.500000,294400
2020-01-28,4.540000,4.540000,4.100000,4.250000,4.250000,329400
2020-01-29,4.250000,4.330000,3.500000,3.860000,3.860000,758500
2020-01-30,4.060000,4.210000,3.900000,3.910000,3.910000,352200
2020-01-31,3.870000,4.200000,3.750000,4.090000,4.090000,435400
2020-02-03,4.150000,4.210000,3.900000,4.050000,4.050000,206200
2020-02-04,4.110000,4.150000,3.810000,3.940000,3.940000,189800
2020-02-05,3.990000,4.100000,3.930000,3.980000,3.980000,154600
2020-02-06,3.960000,4.070000,3.770000,3.800000,3.800000,211900
2020-02-07,3.760000,3.870000,3.610000,3.670000,3.670000,197700
2020-02-10,3.660000,3.790000,3.610000,3.650000,3.650000,187000
2020-02-11,3.640000,3.750000,3.430000,3.500000,3.500000,418900
2020-02-12,3.520000,3.660000,3.400000,3.580000,3.580000,356900
2020-02-13,3.610000,3.630000,3.420000,3.450000,3.450000,411800
2020-02-14,3.450000,3.580000,3.410000,3.470000,3.470000,195800
2020-02-18,3.460000,3.590000,3.460000,3.550000,3.550000,121100
2020-02-19,3.570000,3.810000,3.570000,3.720000,3.720000,282000
2020-02-20,3.730000,3.770000,3.580000,3.660000,3.660000,76300
2020-02-21,3.670000,3.720000,3.550000,3.610000,3.610000,67800
2020-02-24,3.580000,3.580000,3.340000,3.400000,3.400000,185100
2020-02-25,3.380000,3.420000,3.220000,3.240000,3.240000,144300
2020-02-26,3.200000,3.330000,3.100000,3.120000,3.120000,266800
2020-02-27,3.010000,3.280000,3.000000,3.130000,3.130000,175500
2020-02-28,3.050000,3.270000,3.030000,3.220000,3.220000,152300
2020-03-02,3.250000,3.270000,3.120000,3.170000,3.170000,316100
2020-03-03,3.200000,3.200000,3.030000,3.070000,3.070000,82900
2020-03-04,3.100000,3.220000,3.060000,3.180000,3.180000,119900
2020-03-05,3.140000,3.310000,3.140000,3.160000,3.160000,117200
2020-03-06,3.090000,3.170000,2.910000,2.960000,2.960000,232600
2020-03-09,2.850000,2.890000,2.600000,2.670000,2.670000,184600
2020-03-10,2.730000,2.760000,2.380000,2.410000,2.410000,323100
2020-03-11,2.400000,2.570000,2.400000,2.430000,2.430000,185400
2020-03-12,2.310000,2.490000,2.150000,2.150000,2.150000,244400
2020-03-13,2.200000,2.380000,2.110000,2.240000,2.240000,150000
2020-03-16,2.110000,2.110000,1.810000,1.810000,1.810000,215400
2020-03-17,1.850000,1.980000,1.750000,1.840000,1.840000,160400
2020-03-18,1.800000,1.860000,1.600000,1.830000,1.830000,313900
2020-03-19,1.800000,2.060000,1.800000,2.050000,2.050000,196800
2020-03-20,2.070000,2.270000,1.940000,2.130000,2.130000,106300
2020-03-23,2.080000,2.250000,1.970000,2.210000,2.210000,149600
2020-03-24,2.230000,2.290000,2.110000,2.180000,2.180000,119300
2020-03-25,2.180000,2.300000,2.040000,2.200000,2.200000,115500
2020-03-26,2.190000,2.310000,2.150000,2.220000,2.220000,119700
2020-03-27,2.160000,2.280000,2.070000,2.170000,2.170000,137300
2020-03-30,2.170000,2.370000,2.120000,2.320000,2.320000,110700
2020-03-31,2.370000,2.380000,2.070000,2.160000,2.160000,162900
2020-04-01,2.130000,2.300000,2.090000,2.160000,2.160000,83300
2020-04-02,2.180000,2.210000,2.000000,2.040000,2.040000,90700
2020-04-03,2.030000,2.220000,1.910000,1.990000,1.990000,66200
2020-04-06,2.020000,2.220000,1.990000,2.150000,2.150000,340400
2020-04-07,2.170000,2.250000,2.040000,2.070000,2.070000,134800
2020-04-08,2.150000,2.370000,2.080000,2.250000,2.250000,215200
2020-04-09,2.300000,2.430000,2.300000,2.360000,2.360000,200600
2020-04-13,2.380000,2.500000,2.270000,2.440000,2.440000,101900
2020-04-14,2.480000,2.680000,2.310000,2.610000,2.610000,240600
2020-04-15,2.560000,2.600000,2.350000,2.480000,2.480000,47500
2020-04-16,2.480000,2.540000,2.210000,2.300000,2.300000,111300
2020-04-17,2.380000,2.620000,2.350000,2.510000,2.510000,91700
2020-04-20,2.510000,2.720000,2.450000,2.650000,2.650000,191600
2020-04-21,2.640000,2.640000,2.450000,2.600000,2.600000,52500
2020-04-22,2.670000,3.010000,2.600000,3.000000,3.000000,413100
2020-04-23,3.000000,3.000000,2.610000,2.660000,2.660000,184900
2020-04-24,2.700000,2.740000,2.600000,2.670000,2.670000,117800
2020-04-27,2.770000,2.840000,2.440000,2.460000,2.460000,242000
2020-04-28,2.600000,2.640000,2.420000,2.490000,2.490000,224400
2020-04-29,2.770000,3.000000,2.610000,2.940000,2.940000,381700
2020-04-30,3.000000,3.000000,2.770000,2.830000,2.830000,120000
2020-05-01,2.730000,2.730000,2.560000,2.720000,2.720000,126800
2020-05-04,2.710000,2.950000,2.690000,2.910000,2.910000,453200
2020-05-05,3.260000,3.600000,3.150000,3.240000,3.240000,1233800
2020-05-06,3.330000,3.700000,3.330000,3.650000,3.650000,408600
2020-05-07,4.000000,4.270000,3.750000,3.840000,3.840000,629600