Date,Open,High,Low,Close,Adj Close,Volume
2016-07-20,112.000000,112.000000,112.000000,112.000000,112.000000,0
2016-07-21,112.000000,112.000000,112.000000,112.000000,112.000000,0
2016-07-22,112.000000,112.000000,110.180000,110.180000,110.180000,0
2016-07-25,84.699997,94.500000,84.699997,94.500000,94.500000,2200
2016-07-26,98.000000,98.000000,95.339996,96.599998,96.599998,1700
2016-07-27,116.059998,116.059998,68.739998,77.139999,77.139999,5300
2016-07-28,83.860001,83.860001,68.739998,70.139999,70.139999,1700
2016-07-29,84.279999,84.279999,49.419998,51.939999,51.939999,11600
2016-08-01,60.060001,60.619999,37.520000,40.459999,40.459999,207100
2016-08-02,41.160000,51.799999,39.689999,41.439999,41.439999,141800
2016-08-03,42.700001,42.700001,39.480000,41.160000,41.160000,70800
2016-08-04,41.020000,44.099998,41.020000,42.980000,42.980000,55400
2016-08-05,44.660000,44.660000,38.360001,39.480000,39.480000,103600
2016-08-08,38.500000,42.000000,36.820000,38.360001,38.360001,91400
2016-08-09,39.060001,40.320000,35.980000,36.959999,36.959999,62200
2016-08-10,37.099998,38.779999,36.400002,37.799999,37.799999,63500
2016-08-11,39.480000,39.900002,37.520000,38.779999,38.779999,84800
2016-08-12,39.619999,43.820000,38.779999,42.980000,42.980000,50600
2016-08-15,44.099998,47.459999,43.259998,44.240002,44.240002,36900
2016-08-16,45.500000,46.060001,41.020000,42.279999,42.279999,22700
2016-08-17,42.700001,45.779999,42.518002,45.080002,45.080002,22400
2016-08-18,45.500000,50.959999,44.520000,44.660000,44.660000,27000
2016-08-19,44.660000,47.320000,44.240002,46.619999,46.619999,25400
2016-08-22,48.020000,50.540001,44.520000,44.939999,44.939999,52400
2016-08-23,45.639999,47.459999,43.400002,45.080002,45.080002,26800
2016-08-24,45.500000,47.320000,42.139999,42.279999,42.279999,29300
2016-08-25,41.860001,42.700001,41.160000,41.720001,41.720001,16800
2016-08-26,42.000000,43.540001,41.160000,42.279999,42.279999,18600
2016-08-29,42.560001,42.560001,39.480000,40.180000,40.180000,10300
2016-08-30,40.320000,40.599998,38.779999,40.040001,40.040001,12100
2016-08-31,39.759998,39.759998,37.099998,38.080002,38.080002,29800
2016-09-01,37.799999,38.919998,36.680000,37.099998,37.099998,21700
2016-09-02,36.820000,37.099998,35.279999,37.099998,37.099998,18300
2016-09-06,36.959999,36.959999,32.619999,33.599998,33.599998,29000
2016-09-07,33.459999,33.880001,32.060001,32.200001,32.200001,25500
2016-09-08,32.480000,32.759998,30.240000,30.799999,30.799999,26500
2016-09-09,32.480000,43.259998,32.480000,35.139999,35.139999,326300
2016-09-12,35.279999,37.380001,32.480000,35.419998,35.419998,61100
2016-09-13,35.560001,35.560001,33.040001,33.599998,33.599998,26600
2016-09-14,33.880001,34.580002,33.599998,34.299999,34.299999,13000
2016-09-15,34.580002,34.678001,32.480000,32.900002,32.900002,21300
2016-09-16,32.759998,33.459999,31.500000,31.500000,31.500000,60500
2016-09-19,31.780001,32.900002,31.360001,31.639999,31.639999,13000
2016-09-20,31.920000,34.580002,31.780001,33.040001,33.040001,31800
2016-09-21,33.459999,35.840000,32.900002,35.560001,35.560001,32400
2016-09-22,36.400002,39.619999,36.400002,38.500000,38.500000,30200
2016-09-23,38.919998,40.880001,38.500000,39.060001,39.060001,28200
2016-09-26,39.759998,40.459999,37.799999,38.080002,38.080002,20500
2016-09-27,38.360001,39.186001,38.080002,38.500000,38.500000,10500
2016-09-28,38.639999,38.639999,35.700001,36.680000,36.680000,16400
2016-09-29,36.959999,38.360001,35.700001,35.840000,35.840000,13400
2016-09-30,35.700001,36.750000,35.139999,35.840000,35.840000,11400
2016-10-03,35.840000,38.164001,34.299999,35.000000,35.000000,7100
2016-10-04,35.139999,37.660000,35.139999,36.259998,36.259998,13000
2016-10-05,36.540001,41.160000,36.540001,39.060001,39.060001,27300
2016-10-06,39.340000,40.459999,37.520000,38.639999,38.639999,13700
2016-10-07,38.779999,40.040001,38.500000,39.619999,39.619999,8400
2016-10-10,39.759998,40.599998,38.919998,39.619999,39.619999,9700
2016-10-11,39.759998,41.580002,36.820000,37.099998,37.099998,20500
2016-10-12,37.380001,39.340000,36.119999,37.240002,37.240002,10900
2016-10-13,36.959999,36.959999,35.000000,35.840000,35.840000,15800
2016-10-14,35.700001,36.973999,33.599998,33.599998,33.599998,15200
2016-10-17,33.599998,35.279999,32.200001,33.040001,33.040001,14500
2016-10-18,33.320000,34.299999,32.900002,33.180000,33.180000,16900
2016-10-19,33.459999,33.641998,32.060001,32.480000,32.480000,9800
2016-10-20,32.200001,33.180000,31.639999,32.340000,32.340000,7600
2016-10-21,32.200001,33.740002,31.639999,32.060001,32.060001,7200
2016-10-24,32.340000,34.020000,31.639999,32.340000,32.340000,10900
2016-10-25,32.340000,33.459999,31.920000,32.340000,32.340000,11500
2016-10-26,32.060001,32.900002,31.653999,32.060001,32.060001,6700
2016-10-27,32.480000,32.480000,30.100000,30.520000,30.520000,14800
2016-10-28,30.379999,31.780001,28.993999,30.799999,30.799999,13100
2016-10-31,31.080000,31.780001,29.959999,30.940001,30.940001,7300
2016-11-01,31.500000,31.639999,27.719999,29.400000,29.400000,14900
2016-11-02,28.980000,29.218000,25.900000,26.879999,26.879999,12900
2016-11-03,26.879999,27.299999,26.180000,26.320000,26.320000,15800
2016-11-04,26.040001,27.299999,25.200001,26.040001,26.040001,10300
2016-11-07,28.000000,28.224001,25.200001,26.740000,26.740000,14800
2016-11-08,26.600000,27.580000,25.900000,27.440001,27.440001,7500
2016-11-09,27.580000,28.643999,26.964001,27.860001,27.860001,13200
2016-11-10,28.000000,29.540001,27.299999,29.260000,29.260000,14200
2016-11-11,28.559999,32.900002,28.420000,31.360001,31.360001,12600
2016-11-14,31.500000,33.459999,31.360001,32.340000,32.340000,9200
2016-11-15,29.680000,30.100000,23.660000,27.440001,27.440001,71300
2016-11-16,27.580000,27.719999,26.600000,27.440001,27.440001,25900
2016-11-17,27.719999,27.860001,26.879999,27.160000,27.160000,12400
2016-11-18,26.600000,28.700001,26.600000,28.420000,28.420000,22800
2016-11-21,28.559999,29.680000,28.139999,28.420000,28.420000,7200
2016-11-22,28.559999,28.840000,27.719999,28.559999,28.559999,13600
2016-11-23,28.420000,28.420000,27.580000,28.280001,28.280001,9100
2016-11-25,28.139999,28.153999,27.440001,28.139999,28.139999,3200
2016-11-28,28.139999,28.420000,25.340000,25.900000,25.900000,12200
2016-11-29,26.180000,27.160000,25.480000,26.600000,26.600000,12200
2016-11-30,26.879999,27.860001,26.320000,26.600000,26.600000,11700
2016-12-01,26.600000,26.879999,24.500000,26.040001,26.040001,16700
2016-12-02,25.900000,26.879999,25.480000,26.600000,26.600000,13100
2016-12-05,26.879999,27.160000,26.180000,27.020000,27.020000,8100
2016-12-06,26.879999,27.285999,26.180000,26.879999,26.879999,6500
2016-12-07,26.600000,26.879999,25.900000,26.040001,26.040001,6100
2016-12-08,25.900000,27.860001,25.900000,27.719999,27.719999,7000
2016-12-09,27.719999,28.700001,26.459999,27.860001,27.860001,17200
2016-12-12,27.440001,28.084000,26.879999,27.719999,27.719999,8000
2016-12-13,27.299999,28.139999,26.740000,28.139999,28.139999,8000
2016-12-14,27.860001,27.860001,26.250000,27.020000,27.020000,8600
2016-12-15,26.879999,27.299999,25.340000,25.620001,25.620001,11600
2016-12-16,28.280001,41.580002,28.000000,30.100000,30.100000,282700
2016-12-19,29.260000,29.260000,26.600000,27.580000,27.580000,22600
2016-12-20,27.860001,30.799999,27.160000,30.240000,30.240000,12000
2016-12-21,30.520000,31.360001,29.400000,30.100000,30.100000,7200
2016-12-22,29.820000,31.360001,28.840000,29.820000,29.820000,11500
2016-12-23,30.100000,32.200001,29.540001,30.799999,30.799999,13200
2016-12-27,30.520000,32.060001,30.379999,31.780001,31.780001,5300
2016-12-28,31.500000,32.549999,30.379999,31.080000,31.080000,7200
2016-12-29,31.080000,33.599998,30.520000,33.320000,33.320000,22500
2016-12-30,33.320000,34.299999,32.340000,34.160000,34.160000,5700
2017-01-03,34.580002,36.119999,33.810001,35.000000,35.000000,9000
2017-01-04,35.700001,41.160000,35.139999,40.040001,40.040001,27600
2017-01-05,41.860001,41.860001,39.060001,39.900002,39.900002,23600
2017-01-06,40.180000,41.160000,36.540001,36.959999,36.959999,8100
2017-01-09,36.959999,37.660000,35.560001,35.700001,35.700001,5200
2017-01-10,36.540001,37.240002,33.880001,37.099998,37.099998,17100
2017-01-11,37.099998,39.060001,34.299999,35.560001,35.560001,7700
2017-01-12,35.419998,35.812000,34.580002,34.860001,34.860001,2700
2017-01-13,40.599998,42.000000,35.139999,35.980000,35.980000,23200
2017-01-17,35.700001,37.226002,35.700001,36.400002,36.400002,9300
2017-01-18,36.680000,37.939999,36.119999,37.520000,37.520000,6300
2017-01-19,37.660000,37.660000,35.700001,36.119999,36.119999,3200
2017-01-20,35.840000,37.240002,31.920000,32.900002,32.900002,15500
2017-01-23,32.480000,34.020000,30.799999,32.200001,32.200001,10400
2017-01-24,32.200001,32.200001,30.100000,30.520000,30.520000,13600
2017-01-25,29.959999,30.379999,28.000000,28.420000,28.420000,13600
2017-01-26,28.559999,29.260000,28.420000,28.840000,28.840000,9700
2017-01-27,28.980000,30.379999,28.280001,28.700001,28.700001,11000
2017-01-30,28.420000,28.559999,27.580000,28.420000,28.420000,10800
2017-01-31,28.139999,28.615999,27.299999,27.860001,27.860001,9400
2017-02-01,27.719999,28.125999,26.879999,27.860001,27.860001,8900
2017-02-02,28.000000,28.000000,27.020000,27.580000,27.580000,12400
2017-02-03,28.139999,28.139999,26.600000,26.879999,26.879999,8900
2017-02-06,26.600000,27.860001,26.600000,27.299999,27.299999,9500
2017-02-07,27.719999,27.719999,26.600000,27.580000,27.580000,9900
2017-02-08,27.020000,27.160000,25.900000,26.740000,26.740000,12000
2017-02-09,26.600000,28.000000,26.040001,27.299999,27.299999,10400
2017-02-10,28.280001,28.420000,26.879999,27.299999,27.299999,16800
2017-02-13,27.299999,29.260000,26.320000,26.879999,26.879999,11700
2017-02-14,26.459999,26.992001,25.900000,26.180000,26.180000,17400
2017-02-15,26.180000,27.440001,26.180000,27.299999,27.299999,5500
2017-02-16,27.299999,32.200001,27.299999,31.360001,31.360001,14600
2017-02-17,32.060001,32.312000,29.260000,29.820000,29.820000,11800
2017-02-21,29.680000,30.520000,29.260000,29.540001,29.540001,5200
2017-02-22,29.540001,29.540001,25.900000,26.600000,26.600000,16000
2017-02-23,27.020000,27.580000,26.054001,27.580000,27.580000,7800
2017-02-24,27.580000,27.719999,26.040001,27.440001,27.440001,5500
2017-02-27,27.580000,29.120001,27.299999,28.980000,28.980000,5900
2017-02-28,28.700001,30.100000,27.719999,28.000000,28.000000,16700
2017-03-01,28.420000,29.077999,27.860001,28.280001,28.280001,6400
2017-03-02,28.420000,29.260000,27.020000,27.299999,27.299999,9000
2017-03-03,27.160000,27.440001,26.320000,26.879999,26.879999,8600
2017-03-06,26.459999,27.299999,26.040001,26.459999,26.459999,6200
2017-03-07,26.320000,26.740000,25.900000,25.900000,25.900000,11100
2017-03-08,26.180000,26.879999,25.059999,25.480000,25.480000,15700
2017-03-09,25.620001,26.040001,24.500000,25.200001,25.200001,9400
2017-03-10,27.020000,27.020000,24.780001,24.920000,24.920000,17800
2017-03-13,24.780001,26.040001,24.500000,25.480000,25.480000,12400
2017-03-14,25.200001,28.980000,24.500000,27.860001,27.860001,37100
2017-03-15,28.700001,29.820000,25.340000,26.320000,26.320000,22500
2017-03-16,26.600000,27.719999,25.480000,26.600000,26.600000,6700
2017-03-17,26.040001,29.260000,25.620001,27.299999,27.299999,11900
2017-03-20,27.020000,27.719999,26.320000,27.020000,27.020000,8200
2017-03-21,27.160000,27.719999,25.620001,25.620001,25.620001,8000
2017-03-22,25.900000,27.020000,25.340000,26.180000,26.180000,10100
2017-03-23,26.040001,26.208000,25.200001,25.900000,25.900000,3900
2017-03-24,26.180000,26.180000,25.340000,25.480000,25.480000,3800
2017-03-27,25.200001,26.320000,25.200001,26.180000,26.180000,2300
2017-03-28,25.900000,27.034000,25.480000,26.320000,26.320000,6000
2017-03-29,26.040001,27.860001,26.040001,26.879999,26.879999,13400
2017-03-30,26.600000,28.000000,26.320000,27.440001,27.440001,5600
2017-03-31,27.719999,28.980000,26.459999,28.840000,28.840000,13200
2017-04-03,29.400000,31.080000,28.420000,29.120001,29.120001,19100
2017-04-04,30.044001,30.044001,27.299999,27.860001,27.860001,12300
2017-04-05,28.000000,28.000000,26.320000,26.459999,26.459999,10600
2017-04-06,33.459999,33.599998,25.900000,26.180000,26.180000,23900
2017-04-07,26.180000,27.160000,25.410000,26.180000,26.180000,7100
2017-04-10,28.280001,28.700001,25.620001,26.040001,26.040001,7900
2017-04-11,26.040001,27.440001,25.480000,26.040001,26.040001,8100
2017-04-12,25.760000,27.020000,25.480000,26.180000,26.180000,5500
2017-04-13,26.040001,27.020000,26.040001,26.740000,26.740000,7000
2017-04-17,27.160000,27.440001,26.180000,27.020000,27.020000,8800
2017-04-18,27.160000,27.580000,26.768000,27.299999,27.299999,4800
2017-04-19,27.160000,28.420000,27.160000,28.000000,28.000000,7100
2017-04-20,27.860001,28.559999,27.440001,28.420000,28.420000,7700
2017-04-21,28.420000,28.420000,26.879999,27.160000,27.160000,9600
2017-04-24,27.160000,27.160000,26.459999,27.160000,27.160000,4700
2017-04-25,27.440001,28.000000,27.299999,27.580000,27.580000,4600
2017-04-26,27.580000,27.650000,27.160000,27.580000,27.580000,6000
2017-04-27,27.440001,28.139999,27.160000,28.000000,28.000000,6800
2017-04-28,27.719999,28.139999,27.299999,28.000000,28.000000,4800
2017-05-01,28.000000,28.840000,27.790001,28.280001,28.280001,6800
2017-05-02,28.280001,29.540001,28.280001,28.980000,28.980000,8300
2017-05-03,29.400000,29.400000,28.420000,28.840000,28.840000,17300
2017-05-04,28.840000,29.540001,28.420000,29.400000,29.400000,10300
2017-05-05,29.400000,30.100000,28.280001,29.400000,29.400000,3400
2017-05-08,29.540001,29.959999,27.719999,29.120001,29.120001,11500
2017-05-09,29.120001,29.638000,28.420000,28.840000,28.840000,3700
2017-05-10,28.700001,29.344000,28.559999,28.840000,28.840000,9300
2017-05-11,28.559999,29.120001,28.559999,28.980000,28.980000,3500
2017-05-12,28.840000,29.386000,28.840000,28.980000,28.980000,2000
2017-05-15,28.980000,29.680000,28.420000,28.980000,28.980000,5800
2017-05-16,29.260000,29.260000,28.420000,29.120001,29.120001,3000
2017-05-17,28.840000,29.400000,28.280001,28.840000,28.840000,8600
2017-05-18,28.700001,29.204000,28.000000,28.980000,28.980000,7200
2017-05-19,29.400000,29.400000,28.840000,29.120001,29.120001,4300
2017-05-22,28.980000,29.400000,28.559999,29.260000,29.260000,3300
2017-05-23,29.120001,29.288000,28.700001,28.980000,28.980000,3300
2017-05-24,28.980000,29.400000,28.700001,29.400000,29.400000,5000
2017-05-25,29.959999,31.094000,29.330000,29.680000,29.680000,17900
2017-05-26,29.820000,30.379999,29.400000,29.540001,29.540001,1800
2017-05-30,29.540001,29.680000,29.260000,29.400000,29.400000,5200
2017-05-31,29.540001,30.240000,29.260000,29.540001,29.540001,5800
2017-06-01,29.540001,30.799999,29.302000,30.100000,30.100000,1900
2017-06-02,30.379999,31.416000,29.959999,30.240000,30.240000,3200
2017-06-05,30.379999,30.799999,27.719999,27.860001,27.860001,5800
2017-06-06,27.580000,29.400000,26.600000,28.840000,28.840000,10900
2017-06-07,28.559999,29.540001,28.000000,28.139999,28.139999,2100
2017-06-08,28.280001,28.700001,28.139999,28.420000,28.420000,3100
2017-06-09,28.700001,29.120001,28.000000,28.420000,28.420000,4600
2017-06-12,28.559999,29.120001,27.860001,28.000000,28.000000,5000
2017-06-13,28.000000,29.120001,28.000000,28.980000,28.980000,2000
2017-06-14,29.120001,30.520000,28.559999,30.240000,30.240000,6200
2017-06-15,29.959999,30.379999,29.120001,29.400000,29.400000,1900
2017-06-16,28.840000,29.400000,28.559999,28.559999,28.559999,5500
2017-06-19,28.587999,30.520000,28.559999,30.100000,30.100000,3100
2017-06-20,29.820000,31.080000,29.400000,30.799999,30.799999,5200
2017-06-21,30.940001,34.439999,30.940001,33.880001,33.880001,31800
2017-06-22,33.599998,36.119999,32.340000,35.419998,35.419998,12000
2017-06-23,35.980000,36.119999,31.360001,32.060001,32.060001,143100
2017-06-26,32.060001,32.060001,30.590000,31.219999,31.219999,8700
2017-06-27,31.219999,31.500000,30.114000,30.240000,30.240000,7400
2017-06-28,30.240000,31.080000,28.840000,30.520000,30.520000,12500
2017-06-29,30.240000,31.219999,28.280001,28.280001,28.280001,12500
2017-06-30,28.700001,29.959999,28.000000,28.980000,28.980000,5600
2017-07-03,28.840000,29.820000,28.700001,28.700001,28.700001,2400
2017-07-05,28.420000,28.504000,28.139999,28.139999,28.139999,3300
2017-07-06,28.139999,28.420000,26.600000,26.879999,26.879999,10800
2017-07-07,27.160000,27.440001,26.600000,26.740000,26.740000,2100
2017-07-10,26.600000,26.879999,24.500000,25.059999,25.059999,18400
2017-07-11,25.200001,26.459999,24.920000,25.480000,25.480000,11600
2017-07-12,25.900000,26.320000,25.340000,25.340000,25.340000,3800
2017-07-13,25.480000,25.900000,25.059999,25.340000,25.340000,9700
2017-07-14,25.200001,26.040001,24.780001,24.920000,24.920000,5400
2017-07-17,26.040001,26.040001,24.639999,24.920000,24.920000,6700
2017-07-18,24.920000,25.129999,24.500000,24.639999,24.639999,4800
2017-07-19,24.639999,25.186001,24.080000,24.080000,24.080000,7300
2017-07-20,24.080000,24.639999,23.520000,23.660000,23.660000,13100
2017-07-21,25.480000,30.520000,24.080000,25.480000,25.480000,75600
2017-07-24,26.040001,27.299999,24.695999,26.180000,26.180000,9100
2017-07-25,26.040001,27.580000,25.059999,27.299999,27.299999,7600
2017-07-26,27.580000,27.580000,26.180000,26.320000,26.320000,2500
2017-07-27,26.600000,27.020000,25.200001,26.600000,26.600000,6500
2017-07-28,26.459999,28.139999,25.340000,26.879999,26.879999,3000
2017-07-31,27.299999,27.299999,25.760000,25.760000,25.760000,6200
2017-08-01,25.900000,26.040001,25.340000,25.620001,25.620001,2500
2017-08-02,25.620001,25.872000,24.780001,24.780001,24.780001,2600
2017-08-03,25.396000,25.396000,24.219999,24.639999,24.639999,2900
2017-08-04,24.500000,26.320000,23.799999,26.180000,26.180000,6000
2017-08-07,25.900000,25.900000,24.080000,24.780001,24.780001,4500
2017-08-08,24.780001,25.059999,24.080000,24.080000,24.080000,4100
2017-08-09,23.799999,25.004000,22.400000,22.680000,22.680000,8100
2017-08-10,23.100000,24.500000,22.680000,24.500000,24.500000,6400
2017-08-11,23.799999,24.500000,23.100000,23.520000,23.520000,1700
2017-08-14,23.379999,24.500000,23.379999,23.799999,23.799999,1400
2017-08-15,23.660000,24.219999,23.379999,24.080000,24.080000,3100
2017-08-16,23.940001,24.360001,23.240000,24.080000,24.080000,1400
2017-08-17,24.219999,24.416000,23.379999,23.379999,23.379999,1600
2017-08-18,23.100000,23.520000,22.820000,23.379999,23.379999,2000
2017-08-21,23.940001,25.186001,21.840000,22.260000,22.260000,5700
2017-08-22,22.680000,22.820000,21.280001,21.559999,21.559999,3800
2017-08-23,21.280001,22.260000,20.440001,20.440001,20.440001,5200
2017-08-24,20.299999,21.000000,18.340000,18.760000,18.760000,19700
2017-08-25,19.600000,19.600000,16.799999,17.780001,17.780001,15200
2017-08-28,17.639999,18.059999,16.660000,16.660000,16.660000,12800
2017-08-29,16.520000,20.719999,16.072001,18.760000,18.760000,10100
2017-08-30,18.340000,20.020000,17.639999,17.639999,17.639999,4300
2017-08-31,17.780001,19.950001,17.780001,18.620001,18.620001,12500
2017-09-01,33.880001,34.580002,28.700001,29.540001,29.540001,763700
2017-09-05,29.540001,33.599998,28.700001,30.379999,30.379999,247000
2017-09-06,29.820000,30.660000,25.900000,27.160000,27.160000,93100
2017-09-07,27.440001,27.761999,25.410000,26.459999,26.459999,54300
2017-09-08,26.600000,26.600000,25.200001,25.900000,25.900000,33000
2017-09-11,26.040001,27.719999,25.340000,26.040001,26.040001,32800
2017-09-12,25.900000,26.194000,23.799999,24.780001,24.780001,37300
2017-09-13,24.500000,25.620001,23.940001,25.340000,25.340000,22600
2017-09-14,25.200001,27.299999,24.892000,26.740000,26.740000,29100
2017-09-15,26.879999,29.540001,26.740000,29.540001,29.540001,50600
2017-09-18,29.540001,29.680000,28.139999,28.420000,28.420000,18500
2017-09-19,28.280001,29.120001,28.000000,28.559999,28.559999,10900
2017-09-20,28.700001,29.120001,27.719999,27.860001,27.860001,10900
2017-09-21,28.139999,28.266001,26.809999,27.299999,27.299999,6800
2017-09-22,27.160000,28.000000,26.740000,27.299999,27.299999,6000
2017-09-25,26.879999,29.834000,26.879999,28.420000,28.420000,20300
2017-09-26,28.980000,30.379999,28.643999,29.820000,29.820000,17800
2017-09-27,29.820000,31.360001,29.680000,30.940001,30.940001,20000
2017-09-28,30.660000,31.514000,29.875999,30.240000,30.240000,19500
2017-09-29,32.900002,34.020000,31.219999,32.060001,32.060001,60500
2017-10-02,31.500000,33.180000,30.100000,30.799999,30.799999,18900
2017-10-03,30.660000,31.639999,30.240000,31.360001,31.360001,11000
2017-10-04,31.080000,34.230000,31.080000,32.480000,32.480000,29800
2017-10-05,39.200001,53.900002,37.799999,38.220001,38.220001,1425800
2017-10-06,37.799999,40.599998,35.700001,37.799999,37.799999,76600
2017-10-09,38.220001,38.625999,35.000000,35.279999,35.279999,38000
2017-10-10,35.700001,36.848000,34.299999,36.820000,36.820000,33600
2017-10-11,36.820000,38.779999,35.000000,36.119999,36.119999,27200
2017-10-12,35.700001,35.840000,34.299999,34.580002,34.580002,15600
2017-10-13,34.439999,35.700001,32.900002,34.020000,34.020000,16700
2017-10-16,33.740002,35.139999,31.500000,31.920000,31.920000,27100
2017-10-17,31.639999,35.000000,31.500000,33.740002,33.740002,23800
2017-10-18,33.599998,35.000000,32.060001,32.480000,32.480000,19500
2017-10-19,32.480000,33.880001,32.060001,33.320000,33.320000,14900
2017-10-20,33.459999,34.580002,32.759998,33.040001,33.040001,14500
2017-10-23,32.759998,33.180000,32.060001,32.340000,32.340000,9400
2017-10-24,32.060001,34.580002,32.060001,34.020000,34.020000,15900
2017-10-25,34.299999,36.119999,33.320000,33.880001,33.880001,19000
2017-10-26,33.880001,37.380001,33.880001,37.380001,37.380001,35300
2017-10-27,36.400002,40.599998,35.560001,38.919998,38.919998,35600
2017-10-30,39.759998,43.400002,35.000000,36.820000,36.820000,52800
2017-10-31,36.540001,40.320000,35.419998,39.970001,39.970001,22400
2017-11-01,39.900002,41.146000,38.639999,38.779999,38.779999,10700
2017-11-02,37.939999,38.639999,36.680000,37.380001,37.380001,7500
2017-11-03,36.820000,39.480000,36.400002,38.919998,38.919998,11100
2017-11-06,39.619999,44.099998,39.228001,43.540001,43.540001,41000
2017-11-07,43.680000,43.820000,39.900002,40.320000,40.320000,20600
2017-11-08,40.459999,41.720001,38.500000,40.040001,40.040001,12700
2017-11-09,40.180000,43.301998,39.480000,42.560001,42.560001,16600
2017-11-10,43.820000,43.820000,39.480000,42.279999,42.279999,27200
2017-11-13,42.000000,42.000000,36.400002,36.959999,36.959999,33100
2017-11-14,37.099998,38.080002,36.400002,36.820000,36.820000,12200
2017-11-15,36.540001,41.299999,35.560001,38.500000,38.500000,23100
2017-11-16,38.220001,40.459999,37.939999,39.900002,39.900002,11100
2017-11-17,39.480000,41.020000,39.480000,40.180000,40.180000,13900
2017-11-20,39.480000,41.580002,38.919998,39.900002,39.900002,8600
2017-11-21,40.320000,41.439999,39.200001,40.459999,40.459999,7000
2017-11-22,40.599998,43.400002,40.320000,42.840000,42.840000,15600
2017-11-24,42.840000,43.400002,42.000000,43.400002,43.400002,2500
2017-11-27,43.259998,43.259998,41.160000,41.580002,41.580002,8100
2017-11-28,42.000000,42.279999,41.299999,41.580002,41.580002,9900
2017-11-29,41.720001,42.279999,40.613998,41.720001,41.720001,8400
2017-11-30,42.560001,43.119999,41.439999,42.139999,42.139999,15700
2017-12-01,42.279999,42.419998,40.320000,41.860001,41.860001,9700
2017-12-04,42.000000,51.841999,41.720001,48.299999,48.299999,140400
2017-12-05,48.580002,51.099998,47.599998,48.720001,48.720001,27500
2017-12-06,49.000000,52.919998,48.299999,52.500000,52.500000,29300
2017-12-07,51.939999,54.320000,49.993999,52.779999,52.779999,23700
2017-12-08,53.619999,63.000000,53.619999,59.220001,59.220001,70400
2017-12-11,60.759998,61.180000,49.840000,55.860001,55.860001,31200
2017-12-12,56.840000,58.380001,53.759998,54.599998,54.599998,17800
2017-12-13,54.599998,59.639999,54.599998,58.660000,58.660000,21800
2017-12-14,58.660000,61.040001,55.580002,55.720001,55.720001,16000
2017-12-15,56.700001,59.500000,56.056000,58.520000,58.520000,9300
2017-12-18,59.360001,59.500000,54.880001,56.980000,56.980000,14600
2017-12-19,56.419998,58.520000,55.174000,56.139999,56.139999,12700
2017-12-20,55.720001,58.380001,55.537998,57.820000,57.820000,5500
2017-12-21,58.380001,60.619999,57.400002,59.360001,59.360001,12300
2017-12-22,60.200001,60.200001,57.694000,58.520000,58.520000,7800
2017-12-26,58.520000,60.200001,58.520000,59.639999,59.639999,4400
2017-12-27,59.500000,60.759998,58.380001,58.660000,58.660000,9100
2017-12-28,58.520000,60.480000,57.680000,59.220001,59.220001,11000
2017-12-29,59.220001,60.480000,58.730000,59.360001,59.360001,8400
2018-01-02,59.220001,67.480003,58.660000,66.500000,66.500000,41900
2018-01-03,67.760002,67.900002,60.914001,65.099998,65.099998,25100
2018-01-04,64.959999,67.059998,61.810001,65.239998,65.239998,10300
2018-01-05,65.099998,67.339996,63.000000,65.519997,65.519997,12200
2018-01-08,62.299999,64.540001,57.624001,59.919998,59.919998,17700
2018-01-09,60.060001,62.299999,59.919998,61.599998,61.599998,9300
2018-01-10,62.580002,64.120003,60.480000,63.279999,63.279999,7500
2018-01-11,64.120003,65.239998,61.880001,62.580002,62.580002,8200
2018-01-12,63.000000,65.519997,61.459999,61.599998,61.599998,9400
2018-01-16,60.619999,61.459999,42.840000,44.029999,44.029999,100300
2018-01-17,46.480000,51.240002,45.080002,48.439999,48.439999,48400
2018-01-18,49.000000,49.000000,44.099998,46.759998,46.759998,18500
2018-01-19,46.340000,48.020000,46.200001,46.619999,46.619999,12700
2018-01-22,46.619999,50.400002,46.312000,49.980000,49.980000,13400
2018-01-23,50.400002,51.380001,48.299999,49.279999,49.279999,11200
2018-01-24,50.400002,50.400002,45.080002,47.599998,47.599998,19700
2018-01-25,48.160000,48.580002,46.200001,46.900002,46.900002,8000
2018-01-26,46.900002,47.599998,46.619999,47.180000,47.180000,9400
2018-01-29,48.020000,50.959999,48.020000,50.680000,50.680000,15100
2018-01-30,50.959999,52.220001,47.180000,47.599998,47.599998,10500
2018-01-31,48.299999,49.000000,46.480000,47.459999,47.459999,7400
2018-02-01,47.740002,48.160000,46.060001,47.180000,47.180000,6200
2018-02-02,46.619999,47.180000,43.540001,45.360001,45.360001,12000
2018-02-05,44.660000,45.360001,42.000000,42.840000,42.840000,15200
2018-02-06,42.000000,44.380001,40.880001,42.000000,42.000000,16200
2018-02-07,42.419998,45.220001,41.439999,44.520000,44.520000,14500
2018-02-08,44.799999,44.939999,42.000000,42.139999,42.139999,11500
2018-02-09,42.840000,44.380001,40.599998,43.119999,43.119999,10000
2018-02-12,43.119999,46.340000,42.293999,44.099998,44.099998,5400
2018-02-13,43.680000,45.919998,43.119999,45.779999,45.779999,3400
2018-02-14,45.360001,47.459999,45.009998,47.040001,47.040001,3600
2018-02-15,47.459999,47.459999,45.695999,46.340000,46.340000,3400
2018-02-16,44.799999,47.040001,44.799999,46.060001,46.060001,4600
2018-02-20,45.639999,47.320000,45.192001,45.639999,45.639999,4500
2018-02-21,45.779999,47.040001,43.680000,43.959999,43.959999,8400
2018-02-22,44.380001,46.619999,44.380001,45.779999,45.779999,7500
2018-02-23,46.060001,46.200001,44.099998,45.919998,45.919998,3700
2018-02-26,45.919998,47.180000,44.813999,46.200001,46.200001,7200
2018-02-27,46.340000,47.320000,44.520000,46.759998,46.759998,8400
2018-02-28,46.619999,46.619999,44.099998,44.380001,44.380001,7600
2018-03-01,44.660000,45.220001,41.439999,42.560001,42.560001,9500
2018-03-02,41.860001,45.220001,41.720001,44.660000,44.660000,10500
2018-03-05,44.520000,45.779999,42.840000,43.959999,43.959999,4100
2018-03-06,43.540001,44.099998,41.860001,42.560001,42.560001,7300
2018-03-07,42.000000,43.400002,41.580002,43.119999,43.119999,7200
2018-03-08,42.980000,43.680000,41.580002,42.139999,42.139999,6400
2018-03-09,42.419998,44.380001,41.860001,43.820000,43.820000,13900
2018-03-12,44.099998,46.200001,43.400002,45.080002,45.080002,6500
2018-03-13,45.360001,48.299999,45.360001,47.320000,47.320000,10100
2018-03-14,47.599998,47.880001,42.279999,42.419998,42.419998,12500
2018-03-15,42.700001,43.959999,40.599998,42.419998,42.419998,9600
2018-03-16,42.700001,42.700001,40.852001,41.439999,41.439999,10100
2018-03-19,41.299999,42.419998,38.933998,40.880001,40.880001,18700
2018-03-20,41.160000,42.419998,39.900002,40.040001,40.040001,5300
2018-03-21,40.040001,44.520000,40.040001,42.980000,42.980000,13400
2018-03-22,42.139999,44.240002,41.650002,41.720001,41.720001,8500
2018-03-23,41.860001,43.540001,40.740002,42.700001,42.700001,7500
2018-03-26,43.400002,45.779999,42.658001,44.799999,44.799999,7500
2018-03-27,43.875999,45.793999,40.880001,45.080002,45.080002,9700
2018-03-28,45.360001,47.740002,43.959999,47.040001,47.040001,16900
2018-03-29,47.040001,50.680000,45.639999,45.779999,45.779999,9800
2018-04-02,45.220001,45.220001,43.680000,44.240002,44.240002,8100
2018-04-03,44.520000,47.180000,44.520000,46.480000,46.480000,5800
2018-04-04,45.779999,49.000000,43.680000,48.720001,48.720001,12000
2018-04-05,49.419998,49.419998,47.180000,48.020000,48.020000,2600
2018-04-06,45.779999,47.740002,43.680000,44.380001,44.380001,24200
2018-04-09,44.660000,47.040001,43.540001,46.200001,46.200001,4800
2018-04-10,46.759998,48.439999,45.919998,45.919998,45.919998,6600
2018-04-11,49.700001,53.647999,48.397999,53.060001,53.060001,38100
2018-04-12,53.200001,59.919998,52.919998,57.400002,57.400002,28700
2018-04-13,58.099998,58.660000,51.590000,52.919998,52.919998,20000
2018-04-16,56.000000,65.099998,54.880001,62.439999,62.439999,31700
2018-04-17,63.000000,63.000000,59.080002,60.340000,60.340000,13400
2018-04-18,59.919998,63.560001,59.080002,62.439999,62.439999,19200
2018-04-19,62.299999,63.000000,59.919998,60.200001,60.200001,7500
2018-04-20,60.340000,62.439999,57.680000,59.919998,59.919998,8100
2018-04-23,59.639999,62.285999,57.694000,58.660000,58.660000,5100
2018-04-24,59.220001,60.340000,57.119999,58.799999,58.799999,5800
2018-04-25,58.380001,60.060001,57.119999,59.080002,59.080002,3800
2018-04-26,59.080002,63.000000,57.400002,62.160000,62.160000,12000
2018-04-27,62.580002,63.000000,60.900002,61.880001,61.880001,5600
2018-04-30,62.299999,62.860001,58.981998,62.020000,62.020000,10100
2018-05-01,62.299999,62.439999,60.200001,60.900002,60.900002,10200
2018-05-02,60.480000,62.720001,60.480000,61.320000,61.320000,5700
2018-05-03,60.759998,62.299999,56.560001,57.680000,57.680000,8300
2018-05-04,58.240002,60.900002,56.560001,59.919998,59.919998,5400
2018-05-07,59.919998,62.299999,59.500000,60.759998,60.759998,6900
2018-05-08,61.459999,62.299999,57.792000,58.939999,58.939999,9500
2018-05-09,59.220001,62.034000,59.192001,61.040001,61.040001,4000
2018-05-10,61.599998,73.500000,61.040001,69.720001,69.720001,51000
2018-05-11,70.279999,71.400002,68.180000,69.860001,69.860001,16600
2018-05-14,70.000000,71.540001,69.160004,69.580002,69.580002,14100
2018-05-15,71.400002,82.180000,70.000000,81.480003,81.480003,47600
2018-05-16,81.199997,84.839996,77.980003,79.379997,79.379997,35600
2018-05-17,79.099998,88.900002,78.708000,83.160004,83.160004,35100
2018-05-18,83.300003,85.260002,78.400002,79.379997,79.379997,21900
2018-05-21,79.379997,79.379997,70.699997,78.540001,78.540001,16600
2018-05-22,78.959999,82.599998,76.860001,78.959999,78.959999,7300
2018-05-23,78.820000,81.928001,77.419998,77.699997,77.699997,8800
2018-05-24,77.699997,79.617996,75.879997,76.440002,76.440002,6300
2018-05-25,76.860001,77.980003,74.059998,76.019997,76.019997,5200
2018-05-29,75.879997,79.379997,75.879997,76.860001,76.860001,7800
2018-05-30,77.139999,81.059998,75.599998,76.160004,76.160004,7100
2018-05-31,76.160004,80.080002,76.160004,77.839996,77.839996,6300
2018-06-01,78.680000,79.239998,76.440002,76.860001,76.860001,8600
2018-06-04,77.279999,78.400002,73.779999,74.900002,74.900002,6000
2018-06-05,77.279999,77.279999,73.220001,74.620003,74.620003,7400
2018-06-06,72.800003,75.026001,70.839996,72.940002,72.940002,8100
2018-06-07,73.220001,74.059998,70.139999,71.260002,71.260002,7800
2018-06-08,69.860001,72.239998,59.639999,70.139999,70.139999,11500
2018-06-11,70.699997,75.599998,70.699997,71.540001,71.540001,8400
2018-06-12,71.680000,74.241997,70.980003,70.980003,70.980003,6400
2018-06-13,71.820000,73.919998,71.400002,73.360001,73.360001,3400
2018-06-14,73.500000,73.500000,69.300003,70.559998,70.559998,7500
2018-06-15,70.699997,71.540001,67.494003,69.160004,69.160004,12100
2018-06-18,69.160004,71.400002,68.138000,69.720001,69.720001,5900
2018-06-19,69.580002,69.902000,67.339996,68.320000,68.320000,5400
2018-06-20,67.760002,72.660004,67.760002,71.820000,71.820000,6000
2018-06-21,72.379997,82.739998,72.379997,79.099998,79.099998,70900
2018-06-22,78.400002,83.580002,76.720001,77.559998,77.559998,24800
2018-06-25,78.260002,78.820000,73.080002,74.199997,74.199997,12800
2018-06-26,74.620003,79.365997,74.480003,77.139999,77.139999,15200
2018-06-27,77.699997,81.620003,72.099998,72.800003,72.800003,13500
2018-06-28,73.080002,73.360001,68.879997,70.839996,70.839996,9800
2018-06-29,69.860001,72.379997,68.739998,69.860001,69.860001,7600
2018-07-02,69.580002,71.260002,67.620003,71.260002,71.260002,7300
2018-07-03,71.400002,71.820000,69.019997,69.860001,69.860001,3900
2018-07-05,69.440002,71.260002,69.300003,69.440002,69.440002,6500
2018-07-06,70.000000,73.374001,69.944000,71.260002,71.260002,3800
2018-07-09,71.400002,74.760002,70.559998,72.379997,72.379997,7800
2018-07-10,72.519997,72.519997,69.300003,70.139999,70.139999,5600
2018-07-11,70.000000,71.260002,69.033997,71.120003,71.120003,3300
2018-07-12,71.540001,72.940002,70.419998,70.839996,70.839996,6200
2018-07-13,70.699997,73.360001,69.580002,69.580002,69.580002,5300
2018-07-16,69.580002,69.580002,64.120003,64.260002,64.260002,9900
2018-07-17,65.660004,67.466003,64.903999,66.360001,66.360001,6900
2018-07-18,66.500000,66.919998,60.480000,66.220001,66.220001,12700
2018-07-19,67.059998,69.440002,65.239998,69.160004,69.160004,5300
2018-07-20,69.440002,70.209999,67.269997,68.599998,68.599998,5000
2018-07-23,68.320000,71.260002,68.040001,69.160004,69.160004,7500
2018-07-24,69.440002,71.400002,66.500000,67.059998,67.059998,10400
2018-07-25,66.779999,71.260002,66.779999,70.699997,70.699997,8600
2018-07-26,70.000000,70.699997,68.180000,69.720001,69.720001,4900
2018-07-27,69.300003,70.980003,66.500000,66.779999,66.779999,5500
2018-07-30,66.500000,67.900002,59.639999,61.459999,61.459999,20100
2018-07-31,60.900002,62.299999,58.520000,59.080002,59.080002,21900
2018-08-01,56.139999,62.299999,52.220001,60.340000,60.340000,12200
2018-08-02,59.639999,62.020000,57.820000,61.320000,61.320000,4800
2018-08-03,60.340000,62.720001,60.060001,62.299999,62.299999,6500
2018-08-06,62.020000,64.246002,61.180000,63.000000,63.000000,4300
2018-08-07,61.740002,64.959999,59.639999,63.139999,63.139999,9400
2018-08-08,63.000000,64.120003,59.695999,63.000000,63.000000,4200
2018-08-09,63.000000,65.800003,61.740002,63.000000,63.000000,6100
2018-08-10,64.540001,71.400002,64.540001,67.620003,67.620003,11800
2018-08-13,66.919998,73.080002,66.919998,70.419998,70.419998,12000
2018-08-14,70.000000,77.559998,65.519997,73.779999,73.779999,18300
2018-08-15,74.059998,80.080002,72.800003,76.019997,76.019997,16800
2018-08-16,76.860001,80.779999,74.059998,78.820000,78.820000,13600
2018-08-17,79.239998,79.519997,74.339996,75.599998,75.599998,4700
2018-08-20,81.199997,81.199997,72.954002,74.199997,74.199997,8800
2018-08-21,74.900002,75.180000,72.239998,72.660004,72.660004,3600
2018-08-22,72.940002,76.342003,72.800003,75.599998,75.599998,5200
2018-08-23,76.580002,77.699997,74.900002,77.139999,77.139999,3500
2018-08-24,78.120003,78.120003,74.059998,74.760002,74.760002,4500
2018-08-27,74.620003,76.005997,73.220001,74.620003,74.620003,4300
2018-08-28,74.760002,75.487999,72.940002,73.500000,73.500000,2300
2018-08-29,73.360001,75.879997,73.080002,74.059998,74.059998,6200
2018-08-30,74.199997,79.660004,74.199997,76.860001,76.860001,11400
2018-08-31,77.699997,78.260002,74.339996,77.279999,77.279999,8100
2018-09-04,77.279999,80.220001,75.599998,77.279999,77.279999,9500
2018-09-05,76.860001,79.379997,73.080002,76.160004,76.160004,7800
2018-09-06,75.879997,76.019997,73.891998,74.760002,74.760002,3100
2018-09-07,74.339996,75.222000,71.820000,72.519997,72.519997,4300
2018-09-10,74.059998,74.480003,70.279999,72.660004,72.660004,6300
2018-09-11,70.139999,73.500000,70.139999,71.540001,71.540001,3600
2018-09-12,71.820000,71.820000,68.949997,71.400002,71.400002,7000
2018-09-13,71.120003,71.400002,69.440002,70.419998,70.419998,3400
2018-09-14,70.419998,72.351997,70.139999,71.120003,71.120003,1600
2018-09-17,70.419998,70.980003,64.820000,68.180000,68.180000,9500
2018-09-18,68.180000,72.800003,66.919998,67.620003,67.620003,6300
2018-09-19,69.160004,72.099998,67.199997,71.260002,71.260002,3300
2018-09-20,71.540001,73.779999,70.139999,71.540001,71.540001,4100
2018-09-21,71.820000,72.029999,68.320000,69.300003,69.300003,4500
2018-09-24,68.739998,71.400002,68.320000,70.559998,70.559998,5900
2018-09-25,71.260002,72.940002,70.000000,71.260002,71.260002,4400
2018-09-26,71.820000,72.379997,70.419998,70.699997,70.699997,2000
2018-09-27,71.638000,72.029999,70.000000,70.699997,70.699997,2800
2018-09-28,70.000000,72.239998,69.790001,71.120003,71.120003,1800
2018-10-01,71.400002,71.959999,68.879997,69.160004,69.160004,3200
2018-10-02,68.599998,70.000000,63.279999,66.500000,66.500000,8300
2018-10-03,66.919998,68.180000,63.700001,64.120003,64.120003,13000
2018-10-04,59.500000,64.652000,59.500000,63.840000,63.840000,9600
2018-10-05,63.700001,64.120003,61.880001,63.700001,63.700001,5200
2018-10-08,66.584000,68.879997,62.020000,64.400002,64.400002,7600
2018-10-09,63.840000,65.589996,61.459999,63.279999,63.279999,10300
2018-10-10,63.000000,63.279999,60.340000,60.619999,60.619999,5500
2018-10-11,60.759998,63.980000,60.200001,60.759998,60.759998,3800
2018-10-12,61.320000,62.299999,58.099998,59.598000,59.598000,12700
2018-10-15,58.520000,61.040001,54.599998,60.340000,60.340000,19300
2018-10-16,60.340000,62.299999,60.200001,61.459999,61.459999,4200
2018-10-17,61.599998,61.740002,60.060001,60.900002,60.900002,2600
2018-10-18,60.900002,60.900002,58.799999,59.779999,59.779999,3400
2018-10-19,59.779999,59.807999,55.020000,56.279999,56.279999,5900
2018-10-22,56.000000,56.000000,51.939999,53.200001,53.200001,6700
2018-10-23,52.220001,53.466000,49.700001,51.099998,51.099998,6100
2018-10-24,51.939999,54.320000,43.820000,44.520000,44.520000,9600
2018-10-25,43.400002,45.779999,43.400002,44.799999,44.799999,8800
2018-10-26,44.380001,45.360001,43.400002,43.400002,43.400002,5100
2018-10-29,43.959999,44.099998,40.320000,40.740002,40.740002,7800
2018-10-30,40.740002,50.259998,40.740002,50.259998,50.259998,7000
2018-10-31,51.520000,54.599998,47.040001,47.180000,47.180000,10000
2018-11-01,48.453999,54.599998,47.880001,52.639999,52.639999,8500
2018-11-02,53.060001,53.200001,50.119999,50.820000,50.820000,2500
2018-11-05,51.799999,52.990002,50.400002,51.380001,51.380001,3000
2018-11-06,51.520000,52.919998,49.700001,52.360001,52.360001,2600
2018-11-07,52.639999,52.639999,48.160000,48.580002,48.580002,3300
2018-11-08,48.720001,51.099998,48.720001,49.980000,49.980000,4300
2018-11-09,50.540001,51.085999,46.900002,47.040001,47.040001,2400
2018-11-12,48.104000,48.299999,44.939999,45.639999,45.639999,2400
2018-11-13,46.200001,47.459999,44.799999,45.360001,45.360001,2100
2018-11-14,45.919998,48.636002,42.279999,43.400002,43.400002,6000
2018-11-15,38.500000,39.410000,34.439999,37.520000,37.520000,21600
2018-11-16,37.939999,40.880001,36.540001,39.900002,39.900002,7200
2018-11-19,41.355999,41.720001,36.259998,36.820000,36.820000,3500
2018-11-20,35.980000,39.354000,35.000000,35.000000,35.000000,9800
2018-11-21,35.139999,37.380001,35.139999,36.680000,36.680000,5700
2018-11-23,36.161999,36.610001,35.000000,36.400002,36.400002,4600
2018-11-26,36.400002,38.220001,34.299999,34.720001,34.720001,6500
2018-11-27,35.000000,35.490002,32.200001,33.599998,33.599998,3500
2018-11-28,33.459999,33.740002,31.500000,31.780001,31.780001,10500
2018-11-29,31.780001,33.599998,31.780001,33.320000,33.320000,2700
2018-11-30,33.180000,33.320000,31.920000,32.200001,32.200001,3100
2018-12-03,32.759998,35.139999,32.507999,34.720001,34.720001,5700
2018-12-04,34.720001,35.070000,33.040001,33.740002,33.740002,3300
2018-12-06,33.040001,33.740002,31.080000,31.639999,31.639999,6800
2018-12-07,31.780001,32.703999,29.400000,30.799999,30.799999,3000
2018-12-10,31.360001,31.360001,28.559999,28.700001,28.700001,7300
2018-12-11,28.980000,29.959999,28.000000,28.000000,28.000000,5000
2018-12-12,28.840000,30.100000,28.000000,30.100000,30.100000,3800
2018-12-13,30.100000,30.100000,26.879999,28.000000,28.000000,6700
2018-12-14,27.580000,28.280001,27.020000,27.299999,27.299999,6200
2018-12-17,27.719999,27.719999,25.200001,26.180000,26.180000,11200
2018-12-18,25.760000,27.650000,22.540001,22.959999,22.959999,9200
2018-12-19,22.400000,23.506001,22.260000,22.260000,22.260000,11000
2018-12-20,22.274000,22.274000,19.600000,19.600000,19.600000,13100
2018-12-21,19.320000,20.846001,17.360001,17.780001,17.780001,15300
2018-12-24,17.920000,17.920000,16.940001,17.360001,17.360001,6900
2018-12-26,17.360001,18.535999,17.080000,18.200001,18.200001,9300
2018-12-27,18.480000,18.830000,17.500000,18.200001,18.200001,7100
2018-12-28,18.200001,19.459999,18.059999,18.340000,18.340000,7600
2018-12-31,18.200001,18.480000,15.540000,17.780001,17.780001,49600
2019-01-02,17.639999,20.299999,17.639999,19.879999,19.879999,10600
2019-01-03,20.299999,20.580000,18.340000,20.440001,20.440001,4600
2019-01-04,21.000000,22.540001,20.299999,21.139999,21.139999,11900
2019-01-07,22.400000,23.072001,20.818001,21.980000,21.980000,6500
2019-01-08,22.120001,22.400000,21.139999,21.559999,21.559999,2000
2019-01-09,21.840000,22.959999,21.700001,22.540001,22.540001,5300
2019-01-10,22.680000,22.959999,21.840000,22.400000,22.400000,3600
2019-01-11,22.400000,22.680000,21.980000,22.260000,22.260000,3500
2019-01-14,22.400000,23.940001,22.400000,22.680000,22.680000,9100
2019-01-15,22.959999,23.379999,21.980000,23.100000,23.100000,2400
2019-01-16,22.959999,23.100000,22.120001,22.120001,22.120001,4900
2019-01-17,22.260000,23.114000,21.840000,21.980000,21.980000,14800
2019-01-18,22.260000,22.680000,21.840000,22.540001,22.540001,5000
2019-01-22,22.400000,22.400000,20.719999,20.719999,20.719999,6900
2019-01-23,21.000000,21.000000,19.740000,20.299999,20.299999,3400
2019-01-24,20.160000,20.719999,19.040001,19.740000,19.740000,2900
2019-01-25,20.020000,20.650000,19.320000,20.020000,20.020000,5100
2019-01-28,19.879999,20.160000,19.040001,20.160000,20.160000,3800
2019-01-29,20.440001,20.440001,19.040001,20.020000,20.020000,23000
2019-01-30,20.440001,20.440001,19.040001,19.879999,19.879999,6400
2019-01-31,20.020000,23.660000,19.600000,22.400000,22.400000,26900
2019-02-01,23.100000,25.059999,22.680000,23.940001,23.940001,16100
2019-02-04,23.940001,25.858000,23.940001,25.620001,25.620001,21500
2019-02-05,26.459999,28.000000,24.639999,25.340000,25.340000,24600
2019-02-06,25.480000,27.719999,25.480000,26.180000,26.180000,9500
2019-02-07,26.180000,26.893999,23.799999,24.780001,24.780001,4400
2019-02-08,24.639999,25.200001,24.219999,24.639999,24.639999,1800
2019-02-11,25.059999,25.059999,24.500000,24.500000,24.500000,2500
2019-02-12,24.639999,25.059999,23.940001,23.940001,23.940001,2600
2019-02-13,23.940001,25.059999,23.799999,24.780001,24.780001,7000
2019-02-14,23.940001,24.780001,22.820000,23.240000,23.240000,3800
2019-02-15,23.240000,23.520000,22.540001,22.680000,22.680000,4000
2019-02-19,22.680000,24.010000,22.680000,23.660000,23.660000,4600
2019-02-20,23.520000,23.940001,22.959999,23.240000,23.240000,1800
2019-02-21,23.379999,24.219999,22.540001,23.379999,23.379999,17300
2019-02-22,23.240000,23.520000,22.959999,22.959999,22.959999,2600
2019-02-25,23.240000,24.080000,22.959999,22.959999,22.959999,3200
2019-02-26,23.100000,23.520000,22.540001,22.680000,22.680000,1100
2019-02-27,22.414000,22.680000,21.000000,21.840000,21.840000,12400
2019-02-28,22.540001,22.540001,21.139999,21.280001,21.280001,3200
2019-03-01,21.840000,22.176001,21.322001,21.980000,21.980000,2600
2019-03-04,21.840000,24.066000,19.320000,20.020000,20.020000,15800
2019-03-05,19.879999,19.879999,19.040001,19.600000,19.600000,6800
2019-03-06,19.740000,20.719999,17.639999,20.719999,20.719999,27800
2019-03-07,11.900000,12.460000,11.060000,12.390000,12.390000,298600
2019-03-08,11.900000,12.390000,11.620000,11.830000,11.830000,142600
2019-03-11,11.900000,12.110000,11.480000,11.830000,11.830000,67600
2019-03-12,12.040000,12.040000,11.620000,11.830000,11.830000,107400
2019-03-13,12.586000,12.600000,11.900000,12.124000,12.124000,87200
2019-03-14,12.306000,12.320000,11.760000,11.900000,11.900000,36000
2019-03-15,12.040000,12.180000,11.480000,11.480000,11.480000,86600
2019-03-18,12.180000,12.740000,11.620000,12.180000,12.180000,61300
2019-03-19,12.600000,12.600000,11.830000,11.830000,11.830000,115500
2019-03-20,12.460000,13.160000,11.634000,11.690000,11.690000,252400
2019-03-21,12.446000,12.446000,11.410000,11.774000,11.774000,71500
2019-03-22,11.900000,13.300000,11.480000,12.740000,12.740000,155500
2019-03-25,13.020000,14.420000,12.460000,13.594000,13.594000,201000
2019-03-26,13.860000,13.860000,12.614000,12.726000,12.726000,67800
2019-03-27,12.628000,13.062000,12.040000,12.138000,12.138000,58000
2019-03-28,12.208000,12.670000,11.914000,12.502000,12.502000,22600
2019-03-29,12.502000,13.300000,12.460000,12.600000,12.600000,28300
2019-04-01,13.020000,13.300000,12.460000,13.020000,13.020000,54300
2019-04-02,13.706000,13.706000,12.040000,12.824000,12.824000,126300
2019-04-03,12.600000,12.600000,11.690000,11.984000,11.984000,101800
2019-04-04,12.110000,12.110000,11.760000,11.900000,11.900000,26100
2019-04-05,11.970000,11.970000,10.920000,11.662000,11.662000,54600
2019-04-08,11.900000,11.900000,10.990000,11.550000,11.550000,39300
2019-04-09,11.620000,11.732000,11.200000,11.256000,11.256000,35900
2019-04-10,11.452000,11.900000,11.200000,11.480000,11.480000,37100
2019-04-11,11.620000,12.138000,11.410000,12.040000,12.040000,61700
2019-04-12,11.774000,12.040000,11.480000,11.620000,11.620000,45200
2019-04-15,11.900000,12.026000,11.242000,11.550000,11.550000,55600
2019-04-16,11.704000,11.830000,11.340000,11.452000,11.452000,29600
2019-04-17,11.438000,11.620000,11.060000,11.060000,11.060000,35700
2019-04-18,11.074000,11.480000,11.046000,11.340000,11.340000,34900
2019-04-22,11.200000,11.200000,10.780000,11.144000,11.144000,77400
2019-04-23,11.200000,11.200000,10.850000,11.060000,11.060000,50500
2019-04-24,10.976000,10.990000,10.234000,10.514000,10.514000,89700
2019-04-25,10.640000,10.640000,10.234000,10.262000,10.262000,25500
2019-04-26,10.486000,10.766000,9.940000,10.570000,10.570000,24400
2019-04-29,10.766000,10.766000,10.360000,10.738000,10.738000,23600
2019-04-30,10.780000,10.780000,10.080000,10.192000,10.192000,28500
2019-05-01,10.220000,10.416000,9.660000,9.870000,9.870000,43800
2019-05-02,9.940000,9.940000,9.380000,9.800000,9.800000,30700
2019-05-03,9.884000,10.500000,9.520000,10.206000,10.206000,37500
2019-05-06,10.220000,10.780000,9.940000,10.682000,10.682000,32500
2019-05-07,10.570000,11.480000,9.940000,11.284000,11.284000,55500
2019-05-08,11.480000,11.760000,11.214000,11.620000,11.620000,39900
2019-05-09,11.620000,11.620000,10.962000,11.340000,11.340000,22000
2019-05-10,11.340000,11.746000,11.046000,11.410000,11.410000,20200
2019-05-13,11.410000,11.410000,10.920000,10.934000,10.934000,14800
2019-05-14,10.920000,11.214000,10.500000,10.934000,10.934000,23000
2019-05-15,11.186000,11.340000,10.640000,11.060000,11.060000,14400
2019-05-16,11.200000,11.340000,10.780000,11.060000,11.060000,29100
2019-05-17,11.158000,11.340000,10.710000,11.046000,11.046000,29800
2019-05-20,11.340000,11.340000,10.514000,10.724000,10.724000,29500
2019-05-21,11.060000,11.060000,10.164000,10.640000,10.640000,43600
2019-05-22,10.500000,10.920000,10.290000,10.374000,10.374000,21500
2019-05-23,10.374000,10.640000,9.940000,10.094000,10.094000,20700
2019-05-24,10.346000,10.584000,9.940000,9.940000,9.940000,22200
2019-05-28,10.220000,10.780000,9.940000,10.192000,10.192000,19300
2019-05-29,10.220000,10.500000,9.814000,10.150000,10.150000,11800
2019-05-30,10.220000,10.220000,9.940000,10.010000,10.010000,12600
2019-05-31,10.010000,10.598000,9.744000,10.150000,10.150000,28700
2019-06-03,10.290000,10.500000,10.010000,10.206000,10.206000,34000
2019-06-04,10.234000,11.760000,9.842000,10.542000,10.542000,72900
2019-06-05,11.060000,11.340000,10.360000,10.696000,10.696000,47500
2019-06-06,10.836000,11.200000,10.430000,10.514000,10.514000,35400
2019-06-07,10.500000,11.606000,10.234000,11.214000,11.214000,58300
2019-06-10,11.620000,12.838000,11.200000,11.900000,11.900000,132800
2019-06-11,12.600000,12.600000,11.368000,12.040000,12.040000,54300
2019-06-12,11.802000,12.040000,11.242000,11.438000,11.438000,27800
2019-06-13,11.620000,12.180000,11.480000,12.040000,12.040000,37800
2019-06-14,11.900000,13.020000,11.900000,12.320000,12.320000,60100
2019-06-17,12.110000,12.740000,11.970000,12.432000,12.432000,30100
2019-06-18,12.600000,13.020000,12.530000,12.810000,12.810000,41800
2019-06-19,13.020000,13.580000,12.460000,13.496000,13.496000,69400
2019-06-20,13.496000,14.560000,13.300000,13.510000,13.510000,77400
2019-06-21,13.692000,13.692000,12.180000,13.370000,13.370000,54800
2019-06-24,13.160000,13.440000,12.600000,13.160000,13.160000,18200
2019-06-25,13.300000,13.720000,12.040000,12.376000,12.376000,72700
2019-06-26,13.300000,13.300000,12.152000,12.460000,12.460000,33000
2019-06-27,12.320000,12.600000,11.200000,11.984000,11.984000,50900
2019-06-28,12.110000,12.796000,11.760000,12.418000,12.418000,48900
2019-07-01,12.600000,12.880000,12.110000,12.250000,12.250000,16500
2019-07-02,12.460000,12.740000,11.760000,11.942000,11.942000,27000
2019-07-03,11.774000,12.320000,11.760000,11.788000,11.788000,18800
2019-07-05,12.110000,12.740000,11.900000,12.320000,12.320000,25700
2019-07-08,12.600000,12.600000,11.900000,12.166000,12.166000,19200
2019-07-09,12.166000,12.306000,11.802000,11.872000,11.872000,25000
2019-07-10,11.900000,12.180000,11.802000,11.802000,11.802000,18100
2019-07-11,11.802000,12.152000,11.550000,11.886000,11.886000,18600
2019-07-12,12.180000,12.880000,11.900000,12.068000,12.068000,54300
2019-07-15,12.460000,12.572000,12.068000,12.180000,12.180000,22300
2019-07-16,12.180000,12.390000,11.760000,12.320000,12.320000,46500
2019-07-17,12.320000,12.334000,12.040000,12.180000,12.180000,14800
2019-07-18,12.460000,12.460000,12.068000,12.236000,12.236000,11200
2019-07-19,12.404000,12.670000,12.068000,12.152000,12.152000,60700
2019-07-22,12.334000,12.656000,12.320000,12.390000,12.390000,29500
2019-07-23,12.600000,12.600000,12.264000,12.334000,12.334000,31000
2019-07-24,12.348000,13.286000,12.320000,12.922000,12.922000,76400
2019-07-25,13.020000,13.160000,12.320000,12.460000,12.460000,63400
2019-07-26,12.124000,12.586000,12.012000,12.054000,12.054000,39000
2019-07-29,12.194000,12.348000,11.354000,11.802000,11.802000,55500
2019-07-30,12.306000,12.600000,12.026000,12.110000,12.110000,53400
2019-07-31,12.600000,13.230000,12.320000,12.460000,12.460000,66600
2019-08-01,12.740000,14.280000,12.600000,13.160000,13.160000,113300
2019-08-02,13.286000,13.286000,12.460000,13.020000,13.020000,44500
2019-08-05,12.880000,13.020000,12.642000,12.684000,12.684000,24500
2019-08-06,12.740000,13.300000,12.684000,12.880000,12.880000,48100
2019-08-07,12.880000,13.468000,12.334000,13.034000,13.034000,53900
2019-08-08,13.160000,14.140000,12.754000,13.762000,13.762000,80800
2019-08-09,12.600000,12.740000,11.270000,12.432000,12.432000,136400
2019-08-12,11.760000,11.816000,6.860000,10.780000,10.780000,150900
2019-08-13,10.360000,11.130000,9.954000,10.360000,10.360000,44600
2019-08-14,10.374000,11.200000,10.332000,10.458000,10.458000,45800
2019-08-15,10.500000,11.032000,10.262000,10.360000,10.360000,24100
2019-08-16,10.500000,10.920000,10.360000,10.738000,10.738000,17900
2019-08-19,10.920000,12.040000,10.500000,11.340000,11.340000,48900
2019-08-20,11.480000,11.480000,10.920000,10.920000,10.920000,15600
2019-08-21,11.060000,11.480000,10.360000,10.850000,10.850000,36500
2019-08-22,10.920000,10.920000,10.500000,10.780000,10.780000,18000
2019-08-23,10.878000,10.962000,10.360000,10.402000,10.402000,31600
2019-08-26,10.486000,10.836000,10.220000,10.500000,10.500000,30100
2019-08-27,10.500000,10.640000,9.954000,10.150000,10.150000,30900
2019-08-28,10.304000,10.332000,9.282000,9.730000,9.730000,34900
2019-08-29,9.800000,9.940000,9.380000,9.618000,9.618000,45200
2019-08-30,9.688000,9.940000,9.688000,9.702000,9.702000,15100
2019-09-03,9.520000,9.926000,9.380000,9.618000,9.618000,21700
2019-09-04,9.520000,9.800000,9.450000,9.520000,9.520000,12700
2019-09-05,9.520000,9.772000,9.282000,9.534000,9.534000,36000
2019-09-06,9.534000,9.772000,9.366000,9.394000,9.394000,15600
2019-09-09,9.380000,9.590000,8.848000,9.128000,9.128000,29100
2019-09-10,9.100000,9.646000,8.932000,9.296000,9.296000,16800
2019-09-11,9.534000,9.772000,9.170000,9.506000,9.506000,21500
2019-09-12,9.520000,9.660000,9.240000,9.268000,9.268000,21200
2019-09-13,9.310000,9.618000,9.240000,9.268000,9.268000,27500
2019-09-16,9.268000,9.520000,9.240000,9.380000,9.380000,18900
2019-09-17,9.394000,9.520000,9.282000,9.310000,9.310000,21600
2019-09-18,9.450000,9.646000,9.282000,9.324000,9.324000,18900
2019-09-19,9.380000,9.590000,9.310000,9.366000,9.366000,39900
2019-09-20,9.380000,9.660000,9.254000,9.660000,9.660000,32700
2019-09-23,9.604000,10.360000,9.394000,9.520000,9.520000,42200
2019-09-24,9.800000,9.800000,8.568000,9.100000,9.100000,31600
2019-09-25,8.820000,9.100000,8.820000,8.890000,8.890000,14100
2019-09-26,8.890000,9.240000,8.400000,8.596000,8.596000,24900
2019-09-27,8.708000,8.820000,8.400000,8.610000,8.610000,14100
2019-09-30,8.665997,9.001996,7.979997,8.231997,8.231997,336200
2019-10-01,8.203997,8.259996,7.713997,7.979997,7.979997,323600
2019-10-02,7.979997,7.993997,7.307997,7.489997,7.489997,406700
2019-10-03,7.489997,7.951997,7.489997,7.671997,7.671997,178400
2019-10-04,7.979997,8.301996,7.699997,8.203997,8.203997,661000
2019-10-07,8.399997,8.399997,7.839997,8.091997,8.091997,399800
2019-10-08,8.119997,8.385997,7.909997,8.343997,8.343997,282800
2019-10-09,8.343997,8.343997,7.909997,7.979997,7.979997,352000
2019-10-10,7.951997,8.119997,7.839997,7.993997,7.993997,132900
2019-10-11,8.021996,8.259996,7.839997,7.937997,7.937997,362800
2019-10-14,8.133997,8.133997,7.699997,7.951997,7.951997,310900
2019-10-15,7.839997,8.259996,7.839997,7.895997,7.895997,215800
2019-10-16,8.021996,9.001996,7.909997,8.889997,8.889997,449900
2019-10-17,8.959996,9.659996,8.833997,8.987996,8.987996,285100
2019-10-18,9.099997,9.099997,8.693996,8.945996,8.945996,151400
2019-10-21,8.945996,9.379996,8.889997,8.959996,8.959996,183500
2019-10-22,8.973996,9.239996,8.959996,9.225996,9.225996,234800
2019-10-23,9.155996,9.239996,8.833997,9.197996,9.197996,120800
2019-10-24,9.099997,9.099997,8.133997,8.259996,8.259996,473600
2019-10-25,8.231997,8.861997,8.119997,8.679996,8.679996,311800
2019-10-28,8.763996,8.763996,7.853997,8.259996,8.259996,464500
2019-10-29,8.385997,8.595997,7.853997,7.867997,7.867997,292300
2019-10-30,7.909997,7.979997,7.363997,7.573997,7.573997,549200
2019-10-31,7.811997,7.909997,7.181997,7.797997,7.797997,434100
2019-11-01,7.419997,8.259996,7.293997,8.063996,8.063996,259800
2019-11-04,8.301996,8.399997,8.077997,8.371997,8.371997,354500
2019-11-05,8.399997,9.239996,8.399997,9.099997,9.099997,659900
2019-11-06,8.945996,9.099997,8.259996,8.889997,8.889997,296900
2019-11-07,9.071997,9.379996,8.455997,8.539996,8.539996,319400
2019-11-08,8.848000,9.464000,8.694000,9.170000,9.170000,52000
2019-11-11,9.086000,10.066000,8.694000,9.800000,9.800000,44100
2019-11-12,10.094000,10.332000,9.534000,9.534000,9.534000,35100
2019-11-13,9.520000,9.940000,8.792000,9.002000,9.002000,35600
2019-11-14,8.750000,8.960000,8.260000,8.680000,8.680000,30100
2019-11-15,8.652000,8.680000,8.260000,8.638000,8.638000,18600
2019-11-18,8.540000,9.100000,8.162000,8.666000,8.666000,20600
2019-11-19,8.638000,8.960000,8.400000,8.456000,8.456000,15600
2019-11-20,8.540000,8.932000,8.400000,8.820000,8.820000,8900
2019-11-21,8.932000,8.960000,8.694000,8.862000,8.862000,4000
2019-11-22,9.100000,9.100000,8.610000,9.016000,9.016000,11800
2019-11-25,8.820000,9.100000,8.750000,8.848000,8.848000,8300
2019-11-26,9.100000,9.100000,8.750000,9.002000,9.002000,11300
2019-11-27,9.520000,9.660000,9.030000,9.100000,9.100000,27600
2019-11-29,8.694000,9.310000,8.680000,9.100000,9.100000,5900
2019-12-02,8.792000,9.800000,8.792000,9.142000,9.142000,21300
2019-12-03,9.240000,9.240000,8.890000,8.960000,8.960000,13300
2019-12-04,9.100000,9.142000,8.820000,8.820000,8.820000,6800
2019-12-05,8.960000,8.960000,7.462000,8.274000,8.274000,38300
2019-12-06,9.100000,9.100000,8.176000,8.400000,8.400000,38100
2019-12-09,8.470000,8.960000,8.400000,8.582000,8.582000,16500
2019-12-10,8.540000,8.820000,8.470000,8.778000,8.778000,19300
2019-12-11,8.680000,8.792000,8.400000,8.610000,8.610000,7500
2019-12-12,8.610000,8.750000,8.260000,8.568000,8.568000,12500
2019-12-13,8.540000,8.652000,7.980000,8.218000,8.218000,22900
2019-12-16,8.624000,8.820000,7.630000,7.840000,7.840000,54400
2019-12-17,7.840000,8.260000,7.350000,7.364000,7.364000,52100
2019-12-18,7.420000,8.260000,7.420000,7.756000,7.756000,27000
2019-12-19,7.840000,8.190000,7.700000,7.924000,7.924000,25300
2019-12-20,8.106000,8.162000,7.644000,7.700000,7.700000,18200
2019-12-23,8.120000,8.120000,7.700000,7.910000,7.910000,23600
2019-12-24,7.910000,8.050000,7.910000,7.980000,7.980000,8100
2019-12-26,7.700000,8.540000,7.700000,8.400000,8.400000,32400
2019-12-27,8.540000,9.086000,8.176000,8.274000,8.274000,50300
2019-12-30,8.540000,8.890000,8.456000,8.806000,8.806000,35100
2019-12-31,8.960000,9.366000,8.554000,9.170000,9.170000,34300
2020-01-02,9.660000,9.660000,8.694000,9.002000,9.002000,32500
2020-01-03,8.988000,9.380000,8.960000,9.254000,9.254000,19700
2020-01-06,9.380000,9.744000,9.100000,9.730000,9.730000,24900
2020-01-07,9.800000,9.800000,9.380000,9.520000,9.520000,26100
2020-01-08,9.674000,10.220000,9.380000,9.730000,9.730000,41400
2020-01-09,9.800000,9.828000,9.394000,9.478000,9.478000,13500
2020-01-10,9.394000,9.478000,8.820000,9.016000,9.016000,32200
2020-01-13,9.660000,9.660000,8.554000,8.904000,8.904000,65900
2020-01-14,8.904000,9.002000,8.610000,8.750000,8.750000,23000
2020-01-15,8.680000,9.590000,8.680000,9.268000,9.268000,50100
2020-01-16,9.324000,9.800000,9.310000,9.730000,9.730000,32500
2020-01-17,9.660000,9.800000,9.380000,9.520000,9.520000,23800
2020-01-21,9.562000,9.660000,9.030000,9.128000,9.128000,28200
2020-01-22,8.960000,9.506000,8.960000,9.212000,9.212000,12700
2020-01-23,9.324000,9.380000,8.960000,9.240000,9.240000,17100
2020-01-24,9.310000,9.422000,8.820000,8.904000,8.904000,16700
2020-01-27,8.820000,9.086000,8.470000,8.806000,8.806000,27500
2020-01-28,8.848000,9.100000,8.540000,8.834000,8.834000,15800
2020-01-29,8.820000,9.100000,8.624000,8.862000,8.862000,28200
2020-01-30,8.960000,9.240000,8.680000,8.820000,8.820000,32300
2020-01-31,8.820000,8.820000,8.134000,8.260000,8.260000,43100
2020-02-03,7.700000,7.840000,7.210000,7.266000,7.266000,85400
2020-02-04,7.420000,7.966000,6.930000,7.406000,7.406000,44900
2020-02-05,7.294000,7.700000,7.266000,7.280000,7.280000,27600
2020-02-06,7.294000,7.462000,7.014000,7.028000,7.028000,30800
2020-02-07,7.098000,7.420000,6.930000,7.000000,7.000000,30600
2020-02-10,6.930000,7.280000,6.860000,7.028000,7.028000,19600
2020-02-11,7.042000,7.546000,7.000000,7.182000,7.182000,31200
2020-02-12,7.084000,7.280000,6.734000,6.846000,6.846000,83700
2020-02-13,6.818000,6.986000,6.160000,6.720000,6.720000,40900
2020-02-14,7.098000,7.350000,6.510000,6.720000,6.720000,53800
2020-02-18,7.280000,7.280000,6.580000,6.972000,6.972000,24700
2020-02-19,7.000000,7.070000,6.580000,6.860000,6.860000,28200
2020-02-20,6.986000,7.056000,6.636000,6.846000,6.846000,76500
2020-02-21,6.860000,6.986000,6.566000,6.692000,6.692000,40100
2020-02-24,6.860000,6.860000,6.314000,6.580000,6.580000,23100
2020-02-25,6.846000,6.846000,5.894000,6.230000,6.230000,46900
2020-02-26,6.160000,6.440000,5.670000,6.160000,6.160000,29700
2020-02-27,6.020000,6.132000,5.166000,5.530000,5.530000,76800
2020-02-28,7.882000,8.260000,5.740000,6.020000,6.020000,292600
2020-03-02,6.160000,6.300000,5.404000,5.726000,5.726000,136900
2020-03-03,5.530000,5.670000,5.334000,5.404000,5.404000,67000
2020-03-04,5.320000,6.258000,5.054000,6.020000,6.020000,151300
2020-03-05,6.076000,6.160000,5.460000,5.600000,5.600000,65600
2020-03-06,5.628000,5.628000,5.180000,5.278000,5.278000,60300
2020-03-09,5.320000,5.320000,4.620000,4.760000,4.760000,55200
2020-03-10,4.830000,5.096000,4.410000,4.970000,4.970000,40400
2020-03-11,4.872000,7.700000,4.760000,5.880000,5.880000,1114000
2020-03-12,4.662000,5.460000,3.500000,3.850000,3.850000,285900
2020-03-13,4.018000,4.340000,2.940000,3.290000,3.290000,162400
2020-03-16,3.150000,4.452000,3.150000,3.920000,3.920000,128800
2020-03-17,4.200000,4.480000,3.360000,3.668000,3.668000,71300
2020-03-18,3.500000,3.780000,3.262000,3.500000,3.500000,38300
2020-03-19,3.780000,4.214000,3.248000,3.892000,3.892000,71400
2020-03-20,4.480000,4.480000,3.416000,3.864000,3.864000,87800
2020-03-23,3.052000,3.766000,3.052000,3.584000,3.584000,25100
2020-03-24,3.710000,4.270000,3.710000,4.074000,4.074000,58900
2020-03-25,4.270000,4.340000,3.780000,3.976000,3.976000,51800
2020-03-26,4.186000,4.298000,3.794000,3.836000,3.836000,56300
2020-03-27,3.220000,4.870000,3.100000,3.990000,3.990000,294300
2020-03-30,4.390000,4.880000,4.050000,4.150000,4.150000,190400
2020-03-31,4.150000,4.160000,3.400000,3.700000,3.700000,122700
2020-04-01,3.530000,3.700000,3.420000,3.530000,3.530000,55600
2020-04-02,3.480000,3.590000,3.150000,3.280000,3.280000,100200
2020-04-03,3.240000,3.240000,3.058000,3.110000,3.110000,70400
2020-04-06,3.100000,3.400000,3.100000,3.250000,3.250000,128500
2020-04-07,3.270000,3.592000,3.154000,3.310000,3.310000,86100
2020-04-08,3.330000,3.670000,3.300000,3.640000,3.640000,47000
2020-04-09,3.700000,4.000000,3.607000,3.840000,3.840000,82600
2020-04-13,3.830000,3.903000,3.660000,3.741000,3.741000,39100
2020-04-14,3.710000,4.370000,3.710000,4.310000,4.310000,98800
2020-04-15,4.250000,4.300000,3.800000,4.180000,4.180000,54300
2020-04-16,4.426000,4.426000,3.436000,3.650000,3.650000,65800
2020-04-17,3.720000,4.087000,3.660000,3.960000,3.960000,70000
2020-04-20,3.930000,4.100000,3.850000,3.860000,3.860000,23900
2020-04-21,3.830000,4.062000,3.661000,3.890000,3.890000,41600
2020-04-22,3.733000,4.077000,3.733000,3.820000,3.820000,45900
2020-04-23,3.880000,4.209000,3.850000,4.010000,4.010000,48000
2020-04-24,3.960000,4.486000,3.960000,4.280000,4.280000,74600
2020-04-27,4.250000,4.663000,4.160000,4.227000,4.227000,49700
2020-04-28,4.260000,4.800000,3.960000,4.650000,4.650000,106100
2020-04-29,4.840000,5.304000,4.550000,4.900000,4.900000,153400
2020-04-30,5.070000,5.610000,4.830000,5.000000,5.000000,187400
2020-05-01,5.030000,5.431000,5.020000,5.250000,5.250000,125400
2020-05-04,5.250000,5.250000,4.800000,5.030000,5.030000,76200
2020-05-05,5.110000,5.140000,4.875000,4.970000,4.970000,31700
2020-05-06,4.960000,5.140000,4.850000,5.080000,5.080000,38400
2020-05-07,5.075000,5.390000,4.920000,5.040000,5.040000,84500