Date,Open,High,Low,Close,Adj Close,Volume
2017-01-09,0.007000,0.007000,0.007000,0.007000,0.007000,200
2017-01-10,0.100000,0.166000,0.100000,0.166000,0.166000,1400
2017-01-11,5.200000,26.490000,5.200000,26.490000,26.490000,2900
2017-01-12,30.500000,30.500000,14.010000,17.209999,17.209999,2600
2017-01-13,17.150000,17.150000,14.100000,15.600000,15.600000,1900
2017-01-17,17.670000,19.719999,17.030001,17.030001,17.030001,1700
2017-01-18,16.430000,16.930000,16.059999,16.059999,16.059999,1000
2017-01-19,17.770000,24.778000,16.400000,24.200001,24.200001,57300
2017-01-20,22.000000,24.000000,19.360001,23.290001,23.290001,117000
2017-01-23,23.100000,23.100000,20.049999,20.340000,20.340000,48300
2017-01-24,19.000000,19.940001,14.780000,15.180000,15.180000,82400
2017-01-25,15.300000,16.610001,14.980000,15.120000,15.120000,104300
2017-01-26,15.000000,15.100000,14.300000,14.660000,14.660000,77400
2017-01-27,14.850000,15.090000,11.500000,11.950000,11.950000,80100
2017-01-30,11.540000,14.000000,11.540000,13.070000,13.070000,30000
2017-01-31,12.800000,14.540000,12.800000,13.800000,13.800000,56200
2017-02-01,13.750000,13.750000,12.525000,12.610000,12.610000,34600
2017-02-02,12.593000,13.000000,12.540000,12.650000,12.650000,19800
2017-02-03,12.970000,13.780000,12.610000,13.150000,13.150000,29800
2017-02-06,12.890000,16.400000,12.880000,15.760000,15.760000,56200
2017-02-07,16.500000,17.403000,15.540000,16.910000,16.910000,52400
2017-02-08,18.000000,18.500000,17.545000,18.010000,18.010000,47900
2017-02-09,18.549999,18.809999,17.150000,17.549999,17.549999,34200
2017-02-10,16.129999,16.170000,14.440000,15.210000,15.210000,47600
2017-02-13,16.000000,16.032000,15.000000,15.010000,15.010000,24200
2017-02-14,14.000000,15.500000,13.750000,14.100000,14.100000,27400
2017-02-15,15.250000,18.562000,14.550000,16.750000,16.750000,118500
2017-02-16,18.250000,18.250000,15.270000,15.490000,15.490000,44700
2017-02-17,15.170000,17.510000,14.750000,15.300000,15.300000,77000
2017-02-21,15.280000,16.260000,15.250000,15.260000,15.260000,62800
2017-02-22,15.300000,16.139999,15.000000,15.120000,15.120000,83800
2017-02-23,15.400000,15.940000,14.750000,14.750000,14.750000,42100
2017-02-24,14.650000,15.500000,13.800000,13.900000,13.900000,51200
2017-02-27,13.940000,14.480000,13.750000,14.200000,14.200000,29400
2017-02-28,14.430000,14.830000,14.050000,14.220000,14.220000,49500
2017-03-01,14.510000,15.000000,14.200000,14.650000,14.650000,26300
2017-03-02,14.500000,15.308000,14.330000,14.580000,14.580000,37900
2017-03-03,14.500000,15.287000,14.300000,14.520000,14.520000,42400
2017-03-06,14.330000,15.470000,13.680000,13.980000,13.980000,93400
2017-03-07,13.930000,14.790000,13.500000,13.510000,13.510000,50200
2017-03-08,13.500000,14.190000,13.170000,13.780000,13.780000,46800
2017-03-09,14.050000,14.050000,13.170000,13.600000,13.600000,21100
2017-03-10,13.500000,14.100000,13.190000,13.310000,13.310000,40900
2017-03-13,13.350000,13.350000,12.630000,12.900000,12.900000,64600
2017-03-14,12.840000,13.030000,12.130000,12.260000,12.260000,23200
2017-03-15,12.320000,12.670000,12.030000,12.180000,12.180000,22500
2017-03-16,12.070000,12.700000,12.020000,12.020000,12.020000,28600
2017-03-17,12.090000,12.090000,10.390000,10.750000,10.750000,96500
2017-03-20,10.700000,10.820000,10.100000,10.730000,10.730000,46300
2017-03-21,10.720000,10.750000,10.460000,10.730000,10.730000,16700
2017-03-22,10.650000,11.490000,10.150000,10.440000,10.440000,18100
2017-03-23,10.150000,10.750000,10.150000,10.250000,10.250000,10700
2017-03-24,10.500000,10.800000,10.160000,10.390000,10.390000,15400
2017-03-27,10.340000,10.600000,10.150000,10.580000,10.580000,30900
2017-03-28,10.590000,10.700000,10.480000,10.660000,10.660000,12800
2017-03-29,10.690000,10.700000,10.250000,10.410000,10.410000,16200
2017-03-30,10.354000,10.720000,10.220000,10.720000,10.720000,6700
2017-03-31,10.510000,11.210000,10.510000,11.080000,11.080000,40400
2017-04-03,11.384000,11.420000,10.790000,11.330000,11.330000,18400
2017-04-04,11.115000,11.350000,10.830000,10.870000,10.870000,18400
2017-04-05,10.930000,11.450000,10.570000,10.610000,10.610000,9100
2017-04-06,10.575000,10.980000,10.510000,10.950000,10.950000,26200
2017-04-07,10.830000,11.247000,10.650000,10.840000,10.840000,3900
2017-04-10,11.217000,11.217000,10.370000,10.390000,10.390000,8900
2017-04-11,10.470000,10.983000,10.260000,10.370000,10.370000,3600
2017-04-12,10.200000,10.288000,10.000000,10.100000,10.100000,17200
2017-04-13,10.090000,10.149000,9.800000,9.800000,9.800000,13500
2017-04-17,9.525000,9.700000,9.250000,9.250000,9.250000,7500
2017-04-18,9.210000,9.360000,8.350000,8.900000,8.900000,44800
2017-04-19,8.880000,9.395000,8.400000,8.600000,8.600000,15800
2017-04-20,8.650000,9.040000,8.501000,8.550000,8.550000,8600
2017-04-21,8.530000,8.961000,7.830000,8.530000,8.530000,21500
2017-04-24,8.460000,8.460000,8.130000,8.210000,8.210000,6500
2017-04-25,8.480000,8.701000,8.050000,8.320000,8.320000,21800
2017-04-26,8.140000,8.760000,8.140000,8.510000,8.510000,18100
2017-04-27,8.580000,8.720000,8.450000,8.510000,8.510000,5600
2017-04-28,8.520000,8.560000,7.750000,7.770000,7.770000,30700
2017-05-01,7.750000,7.970000,7.450000,7.900000,7.900000,21900
2017-05-02,8.060000,8.564000,7.960000,8.210000,8.210000,8600
2017-05-03,8.170000,8.440000,7.510000,8.250000,8.250000,13800
2017-05-04,8.102000,8.240000,8.100000,8.100000,8.100000,12100
2017-05-05,8.130000,8.770000,8.120000,8.270000,8.270000,16400
2017-05-08,8.340000,8.350000,8.030000,8.340000,8.340000,13300
2017-05-09,7.570000,8.280000,7.570000,7.990000,7.990000,32300
2017-05-10,7.860000,8.340000,7.850000,8.000000,8.000000,11700
2017-05-11,8.113000,8.349000,7.910000,8.060000,8.060000,11100
2017-05-12,8.000000,8.300000,8.000000,8.290000,8.290000,11900
2017-05-15,8.300000,8.750000,8.043000,8.740000,8.740000,22400
2017-05-16,9.070000,9.070000,8.400000,8.680000,8.680000,3200
2017-05-17,8.330000,8.621000,8.330000,8.460000,8.460000,5200
2017-05-18,8.500000,8.590000,8.500000,8.520000,8.520000,2300
2017-05-19,8.264000,8.480000,8.264000,8.400000,8.400000,2800
2017-05-22,8.255000,8.465000,8.200000,8.330000,8.330000,4900
2017-05-23,8.460000,8.460000,7.930000,7.930000,7.930000,9600
2017-05-24,7.990000,8.100000,7.900000,8.100000,8.100000,11100
2017-05-25,8.100000,8.400000,8.100000,8.230000,8.230000,3700
2017-05-26,8.240000,8.380000,7.995000,8.030000,8.030000,4200
2017-05-30,7.860000,8.220000,7.860000,8.210000,8.210000,3600
2017-05-31,7.860000,8.220000,7.860000,8.220000,8.220000,15600
2017-06-01,8.033000,8.400000,8.010000,8.400000,8.400000,4900
2017-06-02,8.117000,8.420000,8.117000,8.380000,8.380000,8600
2017-06-05,8.540000,8.540000,8.420000,8.430000,8.430000,3500
2017-06-06,8.496000,8.530000,8.420000,8.440000,8.440000,8400
2017-06-07,8.479000,8.480000,8.420000,8.430000,8.430000,5700
2017-06-08,8.479000,8.530000,8.400000,8.430000,8.430000,13300
2017-06-09,8.360000,8.540000,8.360000,8.490000,8.490000,12400
2017-06-12,8.480000,8.480000,8.230000,8.230000,8.230000,14700
2017-06-13,8.410000,8.430000,8.230000,8.330000,8.330000,5000
2017-06-14,8.220000,8.410000,8.220000,8.320000,8.320000,5600
2017-06-15,8.320000,8.320000,8.050000,8.290000,8.290000,5400
2017-06-16,8.244000,8.380000,7.840000,7.860000,7.860000,24600
2017-06-19,7.930000,8.221000,7.930000,8.000000,8.000000,9500
2017-06-20,8.180000,8.180000,8.010000,8.130000,8.130000,18600
2017-06-21,8.180000,8.340000,8.010000,8.140000,8.140000,27100
2017-06-22,8.133000,8.150000,8.100000,8.130000,8.130000,6900
2017-06-23,8.160000,8.210000,6.960000,7.320000,7.320000,97100
2017-06-26,7.450000,7.550000,7.220000,7.270000,7.270000,52600
2017-06-27,7.230000,7.790000,6.900000,6.900000,6.900000,35100
2017-06-28,6.920000,7.610000,6.920000,7.490000,7.490000,29400
2017-06-29,7.460000,7.690000,7.260000,7.360000,7.360000,5500
2017-06-30,7.368000,8.010000,7.368000,8.010000,8.010000,20000
2017-07-03,7.970000,8.240000,7.800000,7.900000,7.900000,7700
2017-07-05,8.010000,8.010000,7.480000,7.930000,7.930000,21000
2017-07-06,7.960000,7.960000,7.300000,7.470000,7.470000,28700
2017-07-07,7.702000,7.702000,7.250000,7.250000,7.250000,6800
2017-07-10,7.314000,7.550000,7.170000,7.170000,7.170000,22900
2017-07-11,7.400000,7.550000,7.271000,7.450000,7.450000,12700
2017-07-12,7.500000,7.634000,7.130000,7.160000,7.160000,14200
2017-07-13,7.170000,7.500000,7.170000,7.390000,7.390000,16400
2017-07-14,7.520000,7.719000,7.250000,7.260000,7.260000,15000
2017-07-17,7.380000,7.880000,7.380000,7.570000,7.570000,7600
2017-07-18,7.861000,7.861000,7.250000,7.260000,7.260000,10500
2017-07-19,7.260000,7.670000,7.130000,7.590000,7.590000,21100
2017-07-20,7.640000,7.730000,7.120000,7.170000,7.170000,43800
2017-07-21,7.283000,7.283000,7.100000,7.230000,7.230000,1200
2017-07-24,7.150000,7.380000,7.128000,7.270000,7.270000,10300
2017-07-25,7.190000,7.190000,7.030000,7.070000,7.070000,8500
2017-07-26,7.100000,7.232000,7.070000,7.070000,7.070000,9700
2017-07-27,7.179000,7.179000,6.850000,6.870000,6.870000,6300
2017-07-28,7.120000,7.220000,6.957000,7.020000,7.020000,8800
2017-07-31,7.080000,7.106000,6.890000,6.890000,6.890000,7000
2017-08-01,6.870000,7.095000,6.870000,6.870000,6.870000,5000
2017-08-02,6.870000,6.880000,6.500000,6.500000,6.500000,9200
2017-08-03,6.505000,6.812000,6.500000,6.680000,6.680000,12700
2017-08-04,6.680000,7.660000,6.647000,7.580000,7.580000,10100
2017-08-07,7.520000,7.680000,7.383000,7.660000,7.660000,10100
2017-08-08,7.750000,7.930000,7.610000,7.820000,7.820000,15200
2017-08-09,7.720000,7.902000,7.500000,7.520000,7.520000,20300
2017-08-10,7.500000,7.780000,7.500000,7.670000,7.670000,12300
2017-08-11,7.777000,7.820000,7.560000,7.680000,7.680000,18200
2017-08-14,7.680000,7.680000,7.400000,7.640000,7.640000,7400
2017-08-15,7.640000,7.640000,6.900000,6.980000,6.980000,14900
2017-08-16,7.190000,7.499000,7.078000,7.300000,7.300000,18300
2017-08-17,7.500000,7.500000,7.120000,7.270000,7.270000,5100
2017-08-18,7.240000,7.250000,7.050000,7.090000,7.090000,5000
2017-08-21,7.250000,7.250000,6.950000,7.000000,7.000000,8600
2017-08-22,6.929000,7.260000,6.929000,7.250000,7.250000,10700
2017-08-23,7.140000,7.350000,7.078000,7.320000,7.320000,11500
2017-08-24,7.100000,7.270000,7.100000,7.240000,7.240000,6900
2017-08-25,7.010000,7.158000,6.900000,7.110000,7.110000,11900
2017-08-28,7.220000,7.240000,7.100000,7.190000,7.190000,10200
2017-08-29,7.250000,7.250000,7.150000,7.240000,7.240000,10700
2017-08-30,7.249000,7.300000,7.160000,7.300000,7.300000,1700
2017-08-31,7.200000,7.436000,7.200000,7.220000,7.220000,11000
2017-09-01,7.990000,8.190000,7.530000,8.020000,8.020000,26700
2017-09-05,8.050000,8.050000,7.640000,7.640000,7.640000,15500
2017-09-06,7.700000,7.700000,7.410000,7.430000,7.430000,4300
2017-09-07,7.254000,7.440000,7.150000,7.440000,7.440000,23400
2017-09-08,7.520000,7.880000,7.360000,7.540000,7.540000,26900
2017-09-11,7.695000,7.695000,7.550000,7.610000,7.610000,10400
2017-09-12,7.670000,7.670000,7.400000,7.620000,7.620000,6100
2017-09-13,7.590000,7.750000,7.460000,7.470000,7.470000,6200
2017-09-14,7.470000,7.680000,7.350000,7.520000,7.520000,13500
2017-09-15,7.510000,7.620000,7.330000,7.330000,7.330000,15700
2017-09-18,7.330000,7.450000,7.210000,7.210000,7.210000,4100
2017-09-19,7.200000,7.210000,7.119000,7.130000,7.130000,7100
2017-09-20,7.110000,7.110000,6.970000,6.970000,6.970000,3100
2017-09-21,7.010000,7.057000,6.750000,6.800000,6.800000,9900
2017-09-22,6.850000,6.880000,6.700000,6.760000,6.760000,2000
2017-09-25,6.790000,6.790000,6.550000,6.630000,6.630000,19500
2017-09-26,6.650000,6.650000,6.540000,6.540000,6.540000,3900
2017-09-27,6.636000,6.636000,6.584000,6.609000,6.609000,1600
2017-09-28,6.548000,6.586000,6.548000,6.586000,6.586000,1500
2017-09-29,6.550000,7.150000,6.550000,7.110000,7.110000,16900
2017-10-02,7.100000,7.440000,6.980000,7.350000,7.350000,6000
2017-10-03,7.300000,7.400000,7.300000,7.340000,7.340000,8400
2017-10-04,7.355000,7.410000,7.350000,7.350000,7.350000,7000
2017-10-05,7.250000,7.280000,7.250000,7.260000,7.260000,1400
2017-10-06,7.300000,7.310000,7.250000,7.250000,7.250000,2400
2017-10-09,7.250000,7.265000,7.250000,7.250000,7.250000,1100
2017-10-10,7.241000,7.241000,7.105000,7.110000,7.110000,4000
2017-10-11,7.001000,7.004000,6.801000,6.840000,6.840000,8300
2017-10-12,6.840000,6.840000,6.750000,6.750000,6.750000,1200
2017-10-13,6.700000,6.772000,6.700000,6.715000,6.715000,3200
2017-10-16,6.735000,6.793000,6.650000,6.730000,6.730000,3200
2017-10-17,6.798000,6.798000,6.650000,6.700000,6.700000,4800
2017-10-18,6.602000,6.640000,6.600000,6.640000,6.640000,2400
2017-10-19,6.655000,6.660000,6.634000,6.650000,6.650000,1200
2017-10-20,6.930000,6.930000,6.570000,6.583000,6.583000,12600
2017-10-23,6.580000,6.590000,6.460000,6.460000,6.460000,12400
2017-10-24,6.450000,6.500000,6.450000,6.480000,6.480000,5200
2017-10-25,6.380000,6.480000,6.380000,6.390000,6.390000,7400
2017-10-26,6.443000,6.443000,6.400000,6.400000,6.400000,6000
2017-10-27,6.432000,6.443000,6.432000,6.440000,6.440000,800
2017-10-30,6.380000,6.425000,6.310000,6.350000,6.350000,5200
2017-10-31,6.311000,6.350000,6.290000,6.300000,6.300000,14100
2017-11-01,6.300000,6.300000,6.100000,6.100000,6.100000,5600
2017-11-02,6.060000,6.060000,5.590000,5.600000,5.600000,21700
2017-11-03,5.570000,5.632000,5.120000,5.180000,5.180000,10500
2017-11-06,5.205000,5.330000,5.205000,5.297000,5.297000,9000
2017-11-07,5.210000,5.219000,5.130000,5.140000,5.140000,1500
2017-11-08,5.080000,5.098000,5.020000,5.030000,5.030000,20500
2017-11-09,4.960000,4.960000,4.770000,4.770000,4.770000,10700
2017-11-10,4.770000,4.979000,4.770000,4.810000,4.810000,11600
2017-11-13,4.870000,4.979000,4.800000,4.900000,4.900000,9600
2017-11-14,4.933000,4.933000,4.770000,4.770000,4.770000,6700
2017-11-15,4.680000,4.680000,4.320000,4.460000,4.460000,15800
2017-11-16,4.264000,4.671000,4.090000,4.100000,4.100000,18900
2017-11-17,4.120000,4.496000,4.120000,4.320000,4.320000,9000
2017-11-20,4.440000,4.450000,4.301000,4.430000,4.430000,8200
2017-11-21,4.400000,4.500000,4.170000,4.390000,4.390000,21000
2017-11-22,4.250000,4.285000,4.050000,4.100000,4.100000,36500
2017-11-24,4.100000,4.200000,4.070000,4.090000,4.090000,16500
2017-11-27,4.070000,4.090000,3.870000,3.900000,3.900000,8700
2017-11-28,3.900000,3.900000,3.800000,3.820000,3.820000,12400
2017-11-29,3.890000,4.100000,3.750000,3.820000,3.820000,10100
2017-11-30,3.871000,3.950000,3.820000,3.850000,3.850000,19800
2017-12-01,3.850000,4.039000,3.850000,4.030000,4.030000,11100
2017-12-04,3.900000,4.080000,3.860000,3.860000,3.860000,10800
2017-12-05,3.831000,3.840000,3.600000,3.778000,3.778000,11500
2017-12-06,3.680000,3.680000,3.500000,3.520000,3.520000,7000
2017-12-07,3.550000,3.798000,3.440000,3.460000,3.460000,28600
2017-12-08,3.511000,3.522000,3.330000,3.430000,3.430000,37300
2017-12-11,3.350000,3.350000,3.060000,3.220000,3.220000,18000
2017-12-12,3.220000,3.220000,3.100000,3.160000,3.160000,7500
2017-12-13,3.100000,3.750000,3.100000,3.390000,3.390000,29800
2017-12-14,3.390000,3.390000,3.250000,3.257000,3.257000,12300
2017-12-15,3.163000,3.220000,3.100000,3.160000,3.160000,18500
2017-12-18,3.200000,3.325000,3.200000,3.200000,3.200000,10500
2017-12-19,3.400000,3.400000,3.060000,3.230000,3.230000,21600
2017-12-20,3.310000,3.430000,3.050000,3.300000,3.300000,13400
2017-12-21,3.200000,3.226000,3.090000,3.120000,3.120000,13100
2017-12-22,3.080000,3.240000,3.050000,3.200000,3.200000,17200
2017-12-26,3.220000,3.220000,3.101000,3.140000,3.140000,11100
2017-12-27,3.270000,3.390000,3.120000,3.120000,3.120000,18300
2017-12-28,3.110000,3.223000,3.106000,3.153000,3.153000,18900
2017-12-29,3.220000,3.800000,3.220000,3.520000,3.520000,51400
2018-01-02,3.390000,9.990000,3.390000,8.890000,8.890000,301800
2018-01-03,7.570000,8.000000,6.600000,6.820000,6.820000,198400
2018-01-04,6.060000,6.350000,5.440000,6.350000,6.350000,142000
2018-01-05,6.030000,7.430000,5.462000,7.430000,7.430000,104500
2018-01-08,7.400000,8.060000,7.040000,7.040000,7.040000,105400
2018-01-09,8.050000,8.050000,6.028000,6.290000,6.290000,103700
2018-01-10,6.230000,6.241000,5.510000,5.620000,5.620000,98600
2018-01-11,5.920000,5.920000,4.810000,4.860000,4.860000,174000
2018-01-12,3.000000,3.150000,2.960000,3.020000,3.020000,2243400
2018-01-16,3.050000,3.150000,3.000000,3.020000,3.020000,348100
2018-01-17,3.070000,3.140000,2.962000,3.020000,3.020000,140400
2018-01-18,3.020000,3.034000,3.000000,3.010000,3.010000,170000
2018-01-19,3.050000,3.050000,2.750000,2.790000,2.790000,237600
2018-01-22,2.880000,3.028000,2.800000,2.950000,2.950000,178000
2018-01-23,3.200000,3.200000,2.940000,3.050000,3.050000,234800
2018-01-24,3.060000,3.070000,2.750000,2.930000,2.930000,149900
2018-01-25,2.960000,3.080000,2.850000,2.910000,2.910000,109200
2018-01-26,2.990000,2.990000,2.810000,2.810000,2.810000,73500
2018-01-29,2.920000,2.929000,2.690000,2.700000,2.700000,174500
2018-01-30,2.700000,2.800000,2.630000,2.710000,2.710000,57300
2018-01-31,2.750000,2.874000,2.750000,2.750000,2.750000,59900
2018-02-01,2.660000,2.860000,2.660000,2.680000,2.680000,38400
2018-02-02,2.660000,2.729000,2.610000,2.610000,2.610000,74900
2018-02-05,2.610000,2.637000,2.460000,2.482000,2.482000,52800
2018-02-06,2.460000,2.590000,2.350000,2.574000,2.574000,64900
2018-02-07,2.600000,2.650000,2.460000,2.570000,2.570000,23500
2018-02-08,2.514000,2.640000,2.500000,2.550000,2.550000,18200
2018-02-09,2.600000,2.660000,2.250000,2.590000,2.590000,79500
2018-02-12,2.440000,2.716000,2.405000,2.690000,2.690000,46500
2018-02-13,2.640000,2.670000,2.550000,2.550000,2.550000,21300
2018-02-14,2.550000,2.790000,2.550000,2.630000,2.630000,12400
2018-02-15,2.640000,2.790000,2.550000,2.639000,2.639000,25400
2018-02-16,2.650000,2.650000,2.530000,2.650000,2.650000,67500
2018-02-20,2.580000,2.780000,2.550000,2.550000,2.550000,31600
2018-02-21,2.660000,2.660000,2.410000,2.540000,2.540000,38700
2018-02-22,2.450000,2.550000,2.450000,2.490000,2.490000,27200
2018-02-23,2.570000,2.570000,2.490000,2.510000,2.510000,11900
2018-02-26,2.570000,2.640000,2.510000,2.510000,2.510000,39800
2018-02-27,2.540000,2.590000,2.490000,2.500000,2.500000,29700
2018-02-28,2.530000,2.530000,2.403000,2.440000,2.440000,18600
2018-03-01,2.400000,2.430000,2.350000,2.370000,2.370000,34100
2018-03-02,2.350000,2.580000,2.350000,2.500000,2.500000,45000
2018-03-05,2.510000,2.545000,2.350000,2.400000,2.400000,41400
2018-03-06,2.400000,2.400000,2.300000,2.310000,2.310000,27800
2018-03-07,2.270000,2.450000,2.270000,2.350000,2.350000,28600
2018-03-08,2.370000,2.590000,2.340000,2.590000,2.590000,47000
2018-03-09,2.570000,2.900000,2.510000,2.770000,2.770000,206400
2018-03-12,2.650000,2.683000,2.410000,2.560000,2.560000,71800
2018-03-13,2.500000,2.570000,2.470000,2.500000,2.500000,44800
2018-03-14,2.510000,2.990000,2.500000,2.900000,2.900000,412000
2018-03-15,2.900000,3.650000,2.840000,3.070000,3.070000,1840400
2018-03-16,3.100000,3.480000,2.730000,3.450000,3.450000,603400
2018-03-19,3.450000,3.450000,3.200000,3.360000,3.360000,206200
2018-03-20,3.350000,3.590000,3.050000,3.420000,3.420000,310500
2018-03-21,3.400000,3.950000,3.290000,3.720000,3.720000,453600
2018-03-22,3.870000,3.900000,3.390000,3.400000,3.400000,234800
2018-03-23,3.460000,3.490000,3.100000,3.100000,3.100000,102700
2018-03-26,3.150000,3.240000,2.800000,3.020000,3.020000,189800
2018-03-27,3.010000,3.079000,2.830000,2.850000,2.850000,48400
2018-03-28,2.850000,2.864000,2.651000,2.800000,2.800000,71400
2018-03-29,2.820000,2.959000,2.780000,2.950000,2.950000,28200
2018-04-02,2.950000,3.140000,2.760000,2.890000,2.890000,55600
2018-04-03,2.811000,2.977000,2.731000,2.870000,2.870000,25600
2018-04-04,2.820000,3.018000,2.820000,2.960000,2.960000,28900
2018-04-05,3.100000,3.200000,2.990000,3.120000,3.120000,81700
2018-04-06,3.160000,3.200000,3.101000,3.150000,3.150000,56100
2018-04-09,3.190000,3.190000,2.960000,2.990000,2.990000,53100
2018-04-10,2.980000,3.360000,2.960000,3.250000,3.250000,109200
2018-04-11,3.250000,3.573000,3.170000,3.490000,3.490000,105900
2018-04-12,3.490000,3.500000,3.310000,3.350000,3.350000,44300
2018-04-13,3.400000,3.450000,3.340000,3.393000,3.393000,31800
2018-04-16,3.440000,3.440000,3.160000,3.220000,3.220000,54500
2018-04-17,3.290000,3.300000,3.010000,3.140000,3.140000,54300
2018-04-18,3.140000,3.220000,3.050000,3.100000,3.100000,19500
2018-04-19,3.076000,3.250000,3.076000,3.250000,3.250000,14800
2018-04-20,3.073000,3.160000,3.073000,3.156000,3.156000,15700
2018-04-23,3.160000,3.160000,3.090000,3.090000,3.090000,25000
2018-04-24,3.180000,3.188000,3.060000,3.100000,3.100000,18000
2018-04-25,3.100000,3.150000,3.010000,3.080000,3.080000,38900
2018-04-26,3.080000,3.100000,3.000000,3.010000,3.010000,18800
2018-04-27,3.030000,4.300000,3.030000,3.360000,3.360000,2768300
2018-04-30,3.400000,3.421000,2.920000,3.100000,3.100000,314100
2018-05-01,3.070000,3.104000,2.980000,3.020000,3.020000,131800
2018-05-02,3.000000,3.205000,2.960000,3.074000,3.074000,78600
2018-05-03,3.110000,3.300000,3.030000,3.300000,3.300000,84300
2018-05-04,3.330000,3.330000,3.081000,3.230000,3.230000,41700
2018-05-07,3.170000,3.260000,3.160000,3.160000,3.160000,30500
2018-05-08,3.140000,3.228000,3.070000,3.110000,3.110000,24500
2018-05-09,3.160000,3.190000,3.110000,3.170000,3.170000,47200
2018-05-10,3.200000,3.320000,3.110000,3.180000,3.180000,50400
2018-05-11,3.180000,3.200000,3.060000,3.100000,3.100000,59800
2018-05-14,3.150000,3.150000,2.980000,3.010000,3.010000,29900
2018-05-15,3.010000,3.110000,3.010000,3.030000,3.030000,46800
2018-05-16,3.040000,3.040000,2.960000,3.000000,3.000000,47400
2018-05-17,2.969000,3.040000,2.900000,3.010000,3.010000,54500
2018-05-18,3.020000,3.110000,2.970000,3.080000,3.080000,24500
2018-05-21,3.120000,3.180000,2.950000,2.970000,2.970000,35700
2018-05-22,2.960000,3.120000,2.960000,3.060000,3.060000,29400
2018-05-23,3.020000,3.040000,2.900000,2.950000,2.950000,39100
2018-05-24,2.950000,3.010000,2.930000,2.970000,2.970000,12500
2018-05-25,2.950000,3.000000,2.920000,2.950000,2.950000,8900
2018-05-29,2.950000,2.959000,2.920000,2.930000,2.930000,9200
2018-05-30,2.930000,3.010000,2.920000,2.920000,2.920000,9500
2018-05-31,2.980000,3.040000,2.920000,3.010000,3.010000,13300
2018-06-01,3.000000,3.000000,2.920000,2.980000,2.980000,13400
2018-06-04,2.940000,2.940000,2.786000,2.880000,2.880000,37800
2018-06-05,2.910000,2.980000,2.790000,2.970000,2.970000,37400
2018-06-06,2.980000,3.040000,2.885000,2.950000,2.950000,9500
2018-06-07,2.990000,3.000000,2.920000,3.000000,3.000000,13900
2018-06-08,3.000000,3.000000,2.920000,2.940000,2.940000,23300
2018-06-11,2.925000,3.000000,2.925000,2.970000,2.970000,10900
2018-06-12,2.950000,2.990000,2.920000,2.920000,2.920000,13900
2018-06-13,2.960000,2.960000,2.850000,2.900000,2.900000,16600
2018-06-14,2.860000,2.946000,2.860000,2.880000,2.880000,20500
2018-06-15,2.900000,2.930000,2.830000,2.830000,2.830000,23400
2018-06-18,2.810000,3.090000,2.810000,3.030000,3.030000,34300
2018-06-19,2.960000,3.100000,2.921000,2.990000,2.990000,26000
2018-06-20,3.010000,3.040000,2.960000,3.000000,3.000000,10900
2018-06-21,3.064000,3.080000,2.960000,3.080000,3.080000,35900
2018-06-22,3.030000,3.063000,2.950000,3.010000,3.010000,21600
2018-06-25,2.970000,3.030000,2.730000,2.820000,2.820000,85300
2018-06-26,2.900000,2.980000,2.850000,2.980000,2.980000,30200
2018-06-27,2.980000,3.040000,2.890000,3.040000,3.040000,22700
2018-06-28,3.080000,3.100000,2.960000,2.960000,2.960000,18000
2018-06-29,2.970000,3.330000,2.970000,3.330000,3.330000,68300
2018-07-02,3.320000,3.320000,3.020000,3.200000,3.200000,21300
2018-07-03,3.230000,3.270000,3.150000,3.220000,3.220000,15500
2018-07-05,3.220000,3.330000,3.160000,3.170000,3.170000,37300
2018-07-06,3.180000,3.290000,3.180000,3.290000,3.290000,21300
2018-07-09,3.284000,3.440000,3.260000,3.400000,3.400000,159400
2018-07-10,3.440000,3.500000,3.220000,3.350000,3.350000,69700
2018-07-11,3.313000,3.340000,3.190000,3.300000,3.300000,56600
2018-07-12,3.280000,3.450000,3.200000,3.210000,3.210000,30100
2018-07-13,3.301000,3.301000,3.050000,3.100000,3.100000,19500
2018-07-16,3.112000,3.163000,3.060000,3.090000,3.090000,12500
2018-07-17,3.090000,3.120000,3.010000,3.120000,3.120000,10400
2018-07-18,3.140000,3.150000,3.040000,3.130000,3.130000,12100
2018-07-19,3.090000,3.130000,3.050000,3.050000,3.050000,16600
2018-07-20,3.060000,3.153000,3.000000,3.020000,3.020000,19500
2018-07-23,2.917000,3.070000,2.900000,2.980000,2.980000,12600
2018-07-24,3.030000,3.090000,2.920000,2.930000,2.930000,11200
2018-07-25,2.940000,3.040000,2.900000,2.910000,2.910000,26000
2018-07-26,2.910000,2.997000,2.900000,2.900000,2.900000,31700
2018-07-27,2.900000,2.990000,2.900000,2.950000,2.950000,37200
2018-07-30,2.930000,2.990000,2.860000,2.860000,2.860000,35000
2018-07-31,2.955000,2.955000,2.820000,2.850000,2.850000,19400
2018-08-01,2.850000,2.880000,2.760000,2.820000,2.820000,30200
2018-08-02,2.840000,2.870000,2.790000,2.790000,2.790000,19900
2018-08-03,2.790000,2.860000,2.730000,2.730000,2.730000,12800
2018-08-06,2.700000,2.800000,2.683000,2.690000,2.690000,15600
2018-08-07,2.700000,2.700000,2.510000,2.621000,2.621000,46600
2018-08-08,2.650000,2.650000,2.500000,2.510000,2.510000,44800
2018-08-09,2.520000,2.560000,2.494000,2.560000,2.560000,29500
2018-08-10,2.520000,2.570000,2.420000,2.570000,2.570000,27700
2018-08-13,2.550000,2.570000,2.421000,2.510000,2.510000,20000
2018-08-14,2.420000,2.570000,2.420000,2.460000,2.460000,31200
2018-08-15,2.510000,2.540000,2.420000,2.470000,2.470000,14800
2018-08-16,2.430000,2.550000,2.430000,2.440000,2.440000,31900
2018-08-17,2.490000,2.549000,2.420000,2.420000,2.420000,24500
2018-08-20,2.490000,2.610000,2.460000,2.590000,2.590000,11000
2018-08-21,2.670000,2.700000,2.600000,2.600000,2.600000,36100
2018-08-22,2.570000,3.100000,2.570000,2.800000,2.800000,119300
2018-08-23,2.760000,2.947000,2.760000,2.860000,2.860000,17600
2018-08-24,3.010000,3.050000,2.720000,2.840000,2.840000,58200
2018-08-27,2.760000,2.990000,2.760000,2.760000,2.760000,20700
2018-08-28,2.900000,2.945000,2.810000,2.810000,2.810000,16900
2018-08-29,2.880000,2.960000,2.880000,2.960000,2.960000,11900
2018-08-30,3.000000,3.099000,2.920000,3.060000,3.060000,87400
2018-08-31,3.100000,3.120000,2.913000,2.913000,2.913000,8400
2018-09-04,2.918000,2.990000,2.820000,2.920000,2.920000,41300
2018-09-05,2.860000,3.060000,2.860000,2.890000,2.890000,9400
2018-09-06,2.980000,3.030000,2.890000,3.000000,3.000000,25600
2018-09-07,2.980000,3.099000,2.960000,2.970000,2.970000,25000
2018-09-10,2.913000,2.990000,2.910000,2.950000,2.950000,11100
2018-09-11,3.020000,3.389000,2.980000,3.250000,3.250000,168200
2018-09-12,3.250000,3.320000,3.040000,3.125000,3.125000,41100
2018-09-13,3.130000,3.200000,3.030000,3.030000,3.030000,83600
2018-09-14,3.030000,3.090000,2.800000,2.820000,2.820000,61000
2018-09-17,2.800000,2.930000,2.600000,2.610000,2.610000,37000
2018-09-18,2.600000,2.980000,2.600000,2.680000,2.680000,56700
2018-09-19,2.790000,2.800000,2.620000,2.620000,2.620000,40200
2018-09-20,2.700000,2.730000,2.620000,2.690000,2.690000,52500
2018-09-21,2.700000,2.950000,2.630000,2.950000,2.950000,38400
2018-09-24,2.910000,2.910000,2.730000,2.800000,2.800000,21600
2018-09-25,2.820000,3.050000,2.791000,3.000000,3.000000,22000
2018-09-26,3.050000,3.050000,2.860000,2.950000,2.950000,6800
2018-09-27,3.000000,3.020000,2.900000,2.960000,2.960000,5700
2018-09-28,2.930000,3.210000,2.930000,3.210000,3.210000,52800
2018-10-01,3.200000,3.200000,2.900000,3.060000,3.060000,50700
2018-10-02,3.000000,3.090000,2.950000,3.000000,3.000000,18400
2018-10-03,2.970000,3.150000,2.950000,3.130000,3.130000,33500
2018-10-04,3.120000,3.130000,3.030000,3.060000,3.060000,15600
2018-10-05,3.070000,3.100000,3.050000,3.100000,3.100000,8200
2018-10-08,3.020000,3.135000,3.010000,3.065000,3.065000,11500
2018-10-09,3.020000,3.075000,2.960000,3.050000,3.050000,7500
2018-10-10,3.070000,3.100000,3.000000,3.000000,3.000000,9600
2018-10-11,3.000000,3.000000,2.800000,2.900000,2.900000,34400
2018-10-12,2.960000,3.000000,2.870000,2.870000,2.870000,12600
2018-10-15,3.000000,3.000000,2.820000,2.980000,2.980000,17200
2018-10-16,2.888000,2.990000,2.880000,2.950000,2.950000,3700
2018-10-17,2.970000,3.100000,2.970000,3.080000,3.080000,43400
2018-10-18,3.210000,3.420000,3.100000,3.340000,3.340000,166800
2018-10-19,3.390000,3.400000,2.900000,3.320000,3.320000,92300
2018-10-22,3.480000,3.589000,3.300000,3.330000,3.330000,135100
2018-10-23,3.270000,3.270000,3.089000,3.150000,3.150000,42800
2018-10-24,3.250000,3.540000,3.240000,3.440000,3.440000,93200
2018-10-25,2.800000,2.900000,2.730000,2.810000,2.810000,273500
2018-10-26,2.810000,2.812000,2.606000,2.640000,2.640000,98400
2018-10-29,2.620000,2.620000,2.500000,2.530000,2.530000,45300
2018-10-30,2.510000,2.590000,2.450000,2.550000,2.550000,26300
2018-10-31,2.550000,2.590000,2.530000,2.590000,2.590000,81000
2018-11-01,2.640000,2.800000,2.561000,2.800000,2.800000,60200
2018-11-02,2.650000,2.823000,2.560000,2.770000,2.770000,30800
2018-11-05,2.740000,2.883000,2.700000,2.750000,2.750000,61900
2018-11-06,2.750000,2.850000,2.750000,2.750000,2.750000,35800
2018-11-07,2.700000,2.800000,2.700000,2.740000,2.740000,25700
2018-11-08,2.800000,2.800000,2.740000,2.780000,2.780000,32700
2018-11-09,2.751000,2.790000,2.630000,2.750000,2.750000,28000
2018-11-12,2.700000,2.800000,2.600000,2.640000,2.640000,81600
2018-11-13,2.610000,2.680000,2.480000,2.560000,2.560000,23200
2018-11-14,2.600000,2.670000,2.540000,2.560000,2.560000,31800
2018-11-15,2.540000,2.660000,2.450000,2.560000,2.560000,22100
2018-11-16,2.658000,2.658000,2.400000,2.400000,2.400000,13400
2018-11-19,2.390000,2.678000,2.390000,2.480000,2.480000,9300
2018-11-20,2.480000,2.620000,2.260000,2.300000,2.300000,61800
2018-11-21,2.400000,2.503000,2.390000,2.500000,2.500000,38800
2018-11-23,2.500000,2.550000,2.320000,2.520000,2.520000,34800
2018-11-26,2.590000,2.600000,2.450000,2.450000,2.450000,24700
2018-11-27,2.450000,2.490000,2.370000,2.390000,2.390000,9100
2018-11-28,2.400000,2.590000,2.400000,2.480000,2.480000,39000
2018-11-29,2.490000,2.559000,2.460000,2.520000,2.520000,24500
2018-11-30,2.520000,2.575000,2.458000,2.490000,2.490000,33700
2018-12-03,2.540000,2.550000,2.470000,2.500000,2.500000,12200
2018-12-04,2.510000,2.552000,2.491000,2.520000,2.520000,8500
2018-12-06,2.450000,2.460000,2.301000,2.380000,2.380000,24500
2018-12-07,2.420000,2.442000,2.360000,2.440000,2.440000,16200
2018-12-10,2.400000,2.430000,2.340000,2.340000,2.340000,30200
2018-12-11,2.390000,2.390000,2.110000,2.130000,2.130000,50500
2018-12-12,2.460000,2.460000,2.140000,2.170000,2.170000,14200
2018-12-13,2.187000,2.251000,2.187000,2.230000,2.230000,11100
2018-12-14,2.210000,2.400000,2.150000,2.150000,2.150000,15800
2018-12-17,2.130000,2.200000,2.081000,2.090000,2.090000,9000
2018-12-18,2.166000,2.166000,1.990000,1.990000,1.990000,18400
2018-12-19,2.010000,2.109000,1.860000,1.900000,1.900000,35600
2018-12-20,1.950000,1.970000,1.800000,1.800000,1.800000,43600
2018-12-21,1.850000,2.050000,1.800000,1.900000,1.900000,57000
2018-12-24,1.990000,1.990000,1.900000,1.950000,1.950000,15400
2018-12-26,1.880000,1.928000,1.700000,1.700000,1.700000,59400
2018-12-27,1.910000,1.919000,1.620000,1.700000,1.700000,20800
2018-12-28,1.660000,1.830000,1.510000,1.680000,1.680000,57200
2018-12-31,1.700000,2.140000,1.700000,2.050000,2.050000,33100
2019-01-02,2.110000,2.390000,2.110000,2.390000,2.390000,29300
2019-01-03,2.400000,2.400000,2.110000,2.133000,2.133000,9700
2019-01-04,2.250000,2.386000,2.250000,2.350000,2.350000,9000
2019-01-07,2.320000,2.386000,2.300000,2.350000,2.350000,7000
2019-01-08,2.350000,2.390000,2.240000,2.250000,2.250000,10600
2019-01-09,2.240000,2.340000,2.240000,2.260000,2.260000,10000
2019-01-10,2.300000,2.300000,2.200000,2.290000,2.290000,13800
2019-01-11,2.260000,2.310000,2.120000,2.140000,2.140000,12900
2019-01-14,2.150000,2.380000,2.150000,2.320000,2.320000,18700
2019-01-15,2.350000,2.390000,2.250000,2.340000,2.340000,21000
2019-01-16,2.350000,2.450000,2.322000,2.370000,2.370000,23500
2019-01-17,2.390000,2.430000,2.350000,2.388000,2.388000,9700
2019-01-18,2.390000,2.400000,2.230000,2.370000,2.370000,41400
2019-01-22,2.300000,2.339000,2.250000,2.250000,2.250000,14900
2019-01-23,2.310000,2.399000,2.160000,2.170000,2.170000,6300
2019-01-24,2.220000,2.300000,2.140000,2.230000,2.230000,24000
2019-01-25,2.290000,2.380000,2.250000,2.290000,2.290000,36600
2019-01-28,2.340000,2.340000,2.216000,2.230000,2.230000,9200
2019-01-29,2.270000,2.345000,2.260000,2.300000,2.300000,13400
2019-01-30,2.184000,2.400000,2.090000,2.180000,2.180000,19300
2019-01-31,2.210000,2.210000,2.131000,2.170000,2.170000,8300
2019-02-01,2.190000,2.330000,2.190000,2.320000,2.320000,14500
2019-02-04,2.340000,2.340000,2.270000,2.300000,2.300000,15700
2019-02-05,2.260000,2.329000,2.230000,2.250000,2.250000,11900
2019-02-06,2.304000,2.330000,2.280000,2.300000,2.300000,11100
2019-02-07,2.312000,2.350000,2.290000,2.320000,2.320000,18200
2019-02-08,2.250000,2.350000,2.250000,2.280000,2.280000,18100
2019-02-11,2.280000,2.450000,2.248000,2.390000,2.390000,93400
2019-02-12,2.410000,2.450000,2.410000,2.440000,2.440000,30600
2019-02-13,2.440000,2.450000,2.300000,2.420000,2.420000,25500
2019-02-14,2.400000,2.500000,2.350000,2.420000,2.420000,42800
2019-02-15,2.360000,2.500000,2.302000,2.500000,2.500000,23400
2019-02-19,2.500000,2.500000,2.404000,2.470000,2.470000,28800
2019-02-20,2.470000,2.490000,2.410000,2.450000,2.450000,31200
2019-02-21,2.450000,2.600000,2.442000,2.590000,2.590000,81300
2019-02-22,2.600000,2.700000,2.590000,2.660000,2.660000,118000
2019-02-25,2.689000,2.690000,2.380000,2.450000,2.450000,75500
2019-02-26,2.430000,2.430000,2.310000,2.310000,2.310000,34500
2019-02-27,2.345000,2.398000,2.310000,2.330000,2.330000,8500
2019-02-28,2.328000,2.360000,2.320000,2.330000,2.330000,8500
2019-03-01,2.370000,2.378000,2.260000,2.260000,2.260000,25400
2019-03-04,2.280000,2.280000,2.180000,2.190000,2.190000,19400
2019-03-05,2.170000,2.220000,2.110000,2.110000,2.110000,19400
2019-03-06,2.130000,2.280000,2.130000,2.200000,2.200000,21100
2019-03-07,2.220000,2.280000,2.080000,2.240000,2.240000,19900
2019-03-08,2.240000,5.450000,2.200000,4.890000,4.890000,6310200
2019-03-11,3.900000,4.090000,3.400000,3.610000,3.610000,2446800
2019-03-12,3.320000,3.600000,3.310000,3.480000,3.480000,381900
2019-03-13,3.990000,3.990000,3.510000,3.640000,3.640000,312000
2019-03-14,3.590000,3.590000,2.900000,3.240000,3.240000,790900
2019-03-15,3.220000,3.270000,2.840000,3.020000,3.020000,428300
2019-03-18,3.000000,3.000000,2.750000,2.800000,2.800000,409900
2019-03-19,2.300000,2.300000,2.210000,2.230000,2.230000,2449000
2019-03-20,2.290000,2.290000,2.210000,2.250000,2.250000,605300
2019-03-21,2.180000,2.300000,1.900000,2.250000,2.250000,578000
2019-03-22,2.250000,2.340000,2.240000,2.280000,2.280000,404500
2019-03-25,2.300000,2.300000,2.160000,2.160000,2.160000,258500
2019-03-26,2.240000,2.250000,2.160000,2.250000,2.250000,110100
2019-03-27,2.230000,2.250000,2.120000,2.150000,2.150000,103000
2019-03-28,2.160000,2.250000,2.121000,2.230000,2.230000,157700
2019-03-29,2.240000,2.240000,2.150000,2.190000,2.190000,177500
2019-04-01,2.240000,2.240000,2.150000,2.220000,2.220000,111800
2019-04-02,2.230000,2.460000,2.230000,2.450000,2.450000,1165800
2019-04-03,2.420000,2.840000,2.363000,2.840000,2.840000,924800
2019-04-04,2.870000,3.250000,2.709000,3.040000,3.040000,1366700
2019-04-05,2.410000,2.520000,2.350000,2.490000,2.490000,1716500
2019-04-08,2.450000,2.495000,2.410000,2.440000,2.440000,224400
2019-04-09,2.440000,2.462000,2.300000,2.310000,2.310000,206900
2019-04-10,2.320000,2.370000,2.250000,2.360000,2.360000,260000
2019-04-11,2.380000,2.380000,2.250000,2.280000,2.280000,179600
2019-04-12,2.290000,2.305000,2.250000,2.280000,2.280000,85900
2019-04-15,2.290000,2.290000,2.250000,2.280000,2.280000,181000
2019-04-16,2.290000,2.370000,2.250000,2.300000,2.300000,299600
2019-04-17,2.330000,2.350000,2.180000,2.210000,2.210000,201100
2019-04-18,2.220000,2.320000,2.210000,2.260000,2.260000,173000
2019-04-22,2.260000,2.350000,2.260000,2.330000,2.330000,146700
2019-04-23,2.340000,2.380000,2.280000,2.360000,2.360000,392900
2019-04-24,2.360000,2.368000,2.300000,2.300000,2.300000,61700
2019-04-25,2.310000,2.310000,2.200000,2.270000,2.270000,101200
2019-04-26,2.260000,2.280000,2.150000,2.190000,2.190000,99100
2019-04-29,2.200000,2.295000,2.200000,2.260000,2.260000,48300
2019-04-30,2.290000,2.296000,2.195000,2.220000,2.220000,31900
2019-05-01,2.230000,2.250000,2.180000,2.240000,2.240000,56600
2019-05-02,2.230000,2.500000,2.190000,2.440000,2.440000,398500
2019-05-03,2.460000,2.470000,2.320000,2.420000,2.420000,154600
2019-05-06,2.400000,2.400000,2.337000,2.340000,2.340000,37600
2019-05-07,2.310000,2.360000,2.280000,2.300000,2.300000,43400
2019-05-08,2.380000,2.380000,2.250000,2.280000,2.280000,37300
2019-05-09,2.263000,2.263000,2.220000,2.260000,2.260000,31600
2019-05-10,2.240000,2.240000,2.160000,2.200000,2.200000,94000
2019-05-13,2.150000,2.170000,2.070000,2.110000,2.110000,98400
2019-05-14,2.083000,2.200000,2.050000,2.080000,2.080000,137700
2019-05-15,2.114000,2.150000,2.050000,2.090000,2.090000,71200
2019-05-16,2.070000,2.130000,2.070000,2.100000,2.100000,38400
2019-05-17,2.100000,2.140000,2.100000,2.123000,2.123000,7900
2019-05-20,2.145000,2.270000,2.120000,2.220000,2.220000,69500
2019-05-21,2.250000,2.250000,2.180000,2.200000,2.200000,32000
2019-05-22,2.270000,2.270000,2.200000,2.220000,2.220000,75000
2019-05-23,2.220000,2.220000,2.075000,2.120000,2.120000,40700
2019-05-24,2.170000,2.206000,2.130000,2.140000,2.140000,22200
2019-05-28,2.150000,2.200000,2.130000,2.190000,2.190000,31000
2019-05-29,2.180000,2.200000,2.130000,2.160000,2.160000,29300
2019-05-30,2.160000,2.230000,2.160000,2.230000,2.230000,41700
2019-05-31,2.220000,2.220000,2.120000,2.160000,2.160000,29000
2019-06-03,2.180000,2.250000,2.150000,2.190000,2.190000,138300
2019-06-04,2.190000,2.230000,2.150000,2.170000,2.170000,39200
2019-06-05,2.240000,2.240000,2.150000,2.170000,2.170000,50500
2019-06-06,2.200000,2.229000,2.130000,2.150000,2.150000,57700
2019-06-07,2.150000,2.207000,2.150000,2.190000,2.190000,46500
2019-06-10,2.190000,2.250000,2.150000,2.210000,2.210000,51300
2019-06-11,2.250000,2.250000,1.960000,2.000000,2.000000,523700
2019-06-12,2.000000,2.040000,1.950000,1.960000,1.960000,132600
2019-06-13,2.100000,2.143000,2.030000,2.120000,2.120000,118100
2019-06-14,2.120000,2.123000,2.090000,2.090000,2.090000,21500
2019-06-17,2.090000,2.150000,2.090000,2.120000,2.120000,45400
2019-06-18,2.100000,2.240000,2.100000,2.240000,2.240000,170000
2019-06-19,2.250000,3.160000,2.210000,3.120000,3.120000,1304800
2019-06-20,2.790000,3.210000,2.600000,3.210000,3.210000,1092200
2019-06-21,3.210000,3.460000,2.870000,3.100000,3.100000,700100
2019-06-24,3.270000,3.290000,3.000000,3.170000,3.170000,501000
2019-06-25,3.150000,3.150000,2.960000,3.050000,3.050000,205500
2019-06-26,3.060000,3.110000,3.000000,3.000000,3.000000,196600
2019-06-27,3.000000,3.035000,2.780000,2.840000,2.840000,192000
2019-06-28,2.950000,3.070000,2.870000,3.070000,3.070000,150300
2019-07-01,3.120000,3.190000,3.050000,3.080000,3.080000,146200
2019-07-02,3.210000,3.210000,3.001000,3.080000,3.080000,61000
2019-07-03,3.100000,3.580000,3.060000,3.480000,3.480000,474000
2019-07-05,3.590000,3.590000,3.010000,3.070000,3.070000,530700
2019-07-08,3.130000,3.200000,3.050000,3.190000,3.190000,151800
2019-07-09,3.190000,3.528000,3.130000,3.150000,3.150000,332600
2019-07-10,3.050000,3.270000,3.050000,3.170000,3.170000,80300
2019-07-11,3.170000,3.440000,3.160000,3.330000,3.330000,153700
2019-07-12,3.330000,3.560000,3.330000,3.480000,3.480000,324500
2019-07-15,3.550000,3.970000,3.470000,3.930000,3.930000,471900
2019-07-16,3.990000,4.080000,3.710000,3.760000,3.760000,447000
2019-07-17,3.710000,3.760000,3.490000,3.520000,3.520000,188400
2019-07-18,3.490000,3.640000,3.450000,3.540000,3.540000,103600
2019-07-19,3.540000,3.749000,3.540000,3.610000,3.610000,118800
2019-07-22,3.600000,3.600000,3.180000,3.270000,3.270000,250700
2019-07-23,3.490000,3.580000,3.390000,3.410000,3.410000,82100
2019-07-24,3.400000,3.550000,3.310000,3.420000,3.420000,95500
2019-07-25,3.350000,3.570000,3.350000,3.430000,3.430000,76700
2019-07-26,3.460000,3.472000,3.020000,3.290000,3.290000,307100
2019-07-29,3.420000,3.420000,3.270000,3.360000,3.360000,39200
2019-07-30,3.370000,3.520000,3.345000,3.360000,3.360000,82600
2019-07-31,3.370000,3.530000,3.320000,3.360000,3.360000,240700
2019-08-01,3.430000,3.430000,3.000000,3.000000,3.000000,422200
2019-08-02,3.100000,3.320000,2.990000,3.300000,3.300000,167000
2019-08-05,3.250000,3.270000,3.100000,3.240000,3.240000,380900
2019-08-06,3.250000,3.320000,3.150000,3.170000,3.170000,22500
2019-08-07,3.120000,3.180000,3.020000,3.100000,3.100000,66800
2019-08-08,3.120000,3.160000,3.020000,3.080000,3.080000,76500
2019-08-09,3.030000,3.300000,3.030000,3.300000,3.300000,87900
2019-08-12,3.280000,3.320000,3.130000,3.160000,3.160000,32500
2019-08-13,3.160000,3.260000,3.160000,3.250000,3.250000,21000
2019-08-14,3.220000,3.240000,3.060000,3.100000,3.100000,80000
2019-08-15,3.120000,3.150000,2.990000,3.070000,3.070000,71400
2019-08-16,3.070000,3.140000,3.055000,3.080000,3.080000,28300
2019-08-19,3.160000,3.234000,3.030000,3.070000,3.070000,28000
2019-08-20,3.050000,3.250000,3.040000,3.220000,3.220000,45200
2019-08-21,3.150000,3.220000,3.087000,3.110000,3.110000,31600
2019-08-22,3.070000,3.110000,3.050000,3.080000,3.080000,19900
2019-08-23,3.050000,3.114000,3.000000,3.020000,3.020000,76200
2019-08-26,3.050000,3.063000,3.000000,3.030000,3.030000,51500
2019-08-27,3.030000,3.160000,2.770000,2.927000,2.927000,206600
2019-08-28,2.940000,3.005000,2.720000,2.740000,2.740000,124800
2019-08-29,2.660000,2.960000,2.500000,2.840000,2.840000,176700
2019-08-30,2.810000,2.900000,2.760000,2.820000,2.820000,83900
2019-09-03,2.760000,2.800000,2.690000,2.710000,2.710000,99400
2019-09-04,2.740000,2.780000,2.710000,2.780000,2.780000,20300
2019-09-05,2.770000,2.830000,2.700000,2.750000,2.750000,52700
2019-09-06,2.760000,2.840000,2.760000,2.820000,2.820000,14700
2019-09-09,2.820000,2.870000,2.790000,2.860000,2.860000,28300
2019-09-10,2.850000,3.050000,2.850000,3.050000,3.050000,75600
2019-09-11,3.040000,3.050000,2.920000,2.920000,2.920000,49600
2019-09-12,2.930000,3.100000,2.930000,3.000000,3.000000,27900
2019-09-13,3.010000,3.080000,2.990000,3.030000,3.030000,25000
2019-09-16,3.050000,3.100000,3.010000,3.060000,3.060000,28400
2019-09-17,3.060000,3.090000,3.000000,3.030000,3.030000,16100
2019-09-18,3.070000,3.090000,2.700000,2.950000,2.950000,208900
2019-09-19,2.840000,2.910000,2.760000,2.810000,2.810000,74800
2019-09-20,2.780000,2.780000,2.620000,2.780000,2.780000,251900
2019-09-23,2.710000,2.780000,2.670000,2.710000,2.710000,43200
2019-09-24,2.720000,2.720000,2.600000,2.680000,2.680000,84500
2019-09-25,2.670000,2.680000,2.600000,2.620000,2.620000,67600
2019-09-26,2.630000,2.750000,2.500000,2.500000,2.500000,113800
2019-09-27,2.540000,2.630000,2.540000,2.630000,2.630000,51800
2019-09-30,2.630000,2.630000,2.500000,2.500000,2.500000,112800
2019-10-01,2.450000,2.600000,2.450000,2.500000,2.500000,45500
2019-10-02,2.500000,2.550000,2.450000,2.520000,2.520000,48600
2019-10-03,2.510000,2.547000,2.420000,2.480000,2.480000,44400
2019-10-04,2.500000,2.540000,2.470000,2.530000,2.530000,27500
2019-10-07,2.530000,2.580000,2.440000,2.440000,2.440000,18800
2019-10-08,2.440000,2.470000,2.400000,2.470000,2.470000,16900
2019-10-09,2.470000,2.490000,2.280000,2.300000,2.300000,64500
2019-10-10,2.260000,2.509000,2.260000,2.380000,2.380000,52000
2019-10-11,2.380000,2.510000,2.310000,2.360000,2.360000,43500
2019-10-14,2.360000,2.390000,2.321000,2.370000,2.370000,8800
2019-10-15,2.380000,2.525000,2.350000,2.510000,2.510000,34100
2019-10-16,2.506000,2.650000,2.470000,2.640000,2.640000,37600
2019-10-17,2.650000,2.650000,2.574000,2.630000,2.630000,17900
2019-10-18,2.511000,2.620000,2.511000,2.600000,2.600000,14500
2019-10-21,2.600000,2.640000,2.460000,2.520000,2.520000,35300
2019-10-22,2.500000,2.540000,2.388000,2.390000,2.390000,36500
2019-10-23,2.435000,2.490000,2.400000,2.480000,2.480000,14800
2019-10-24,2.510000,2.629000,2.390000,2.450000,2.450000,18100
2019-10-25,2.406000,2.490000,2.330000,2.420000,2.420000,33400
2019-10-28,2.360000,2.400000,2.300000,2.380000,2.380000,22600
2019-10-29,2.360000,2.400000,2.300000,2.320000,2.320000,41600
2019-10-30,2.320000,2.500000,2.320000,2.430000,2.430000,69500
2019-10-31,2.400000,2.420000,2.300000,2.330000,2.330000,32500
2019-11-01,2.388000,2.440000,2.330000,2.370000,2.370000,26200
2019-11-04,2.410000,2.470000,2.400000,2.450000,2.450000,54300
2019-11-05,2.450000,2.450000,2.310000,2.310000,2.310000,37000
2019-11-06,2.350000,2.383000,2.170000,2.220000,2.220000,61700
2019-11-07,2.240000,2.320000,2.200000,2.200000,2.200000,74500
2019-11-08,2.240000,2.240000,2.150000,2.200000,2.200000,86100
2019-11-11,2.230000,2.230000,2.161000,2.190000,2.190000,16000
2019-11-12,2.200000,2.213000,2.145000,2.150000,2.150000,91800
2019-11-13,2.150000,2.190000,2.090000,2.100000,2.100000,53800
2019-11-14,2.140000,2.160000,2.120000,2.160000,2.160000,34500
2019-11-15,2.140000,2.195000,2.140000,2.140000,2.140000,26200
2019-11-18,2.130000,2.190000,2.091000,2.150000,2.150000,55900
2019-11-19,2.140000,2.150000,2.090000,2.092000,2.092000,43800
2019-11-20,2.110000,2.140000,2.090000,2.100000,2.100000,37900
2019-11-21,2.090000,2.096000,2.000000,2.040000,2.040000,106600
2019-11-22,2.020000,2.080000,2.020000,2.060000,2.060000,41600
2019-11-25,2.040000,2.060000,1.946000,2.000000,2.000000,128200
2019-11-26,2.030000,2.040000,1.970000,2.040000,2.040000,201000
2019-11-27,2.060000,2.190000,2.060000,2.190000,2.190000,119700
2019-11-29,2.190000,2.278000,2.100000,2.265000,2.265000,35700
2019-12-02,2.190000,2.280000,2.060000,2.270000,2.270000,154200
2019-12-03,2.290000,2.290000,2.180000,2.210000,2.210000,37900
2019-12-04,2.220000,2.250000,2.200000,2.230000,2.230000,22100
2019-12-05,2.210000,2.210000,2.090000,2.140000,2.140000,50700
2019-12-06,2.120000,2.220000,2.110000,2.200000,2.200000,60300
2019-12-09,2.200000,2.250000,2.100000,2.100000,2.100000,80700
2019-12-10,2.110000,2.150000,2.080000,2.108000,2.108000,45900
2019-12-11,2.110000,2.140000,2.070000,2.100000,2.100000,52600
2019-12-12,2.100000,2.100000,2.000000,2.020000,2.020000,131100
2019-12-13,2.020000,2.050000,2.000000,2.030000,2.030000,63200
2019-12-16,2.040000,2.040000,2.014000,2.040000,2.040000,36800
2019-12-17,2.010000,2.050000,2.010000,2.030000,2.030000,23600
2019-12-18,2.010000,2.020000,2.000000,2.010000,2.010000,57300
2019-12-19,2.000000,2.040000,2.000000,2.000000,2.000000,50100
2019-12-20,2.000000,2.040000,2.000000,2.030000,2.030000,31400
2019-12-23,2.020000,2.090000,2.000000,2.080000,2.080000,61600
2019-12-24,2.080000,2.140000,2.080000,2.130000,2.130000,25000
2019-12-26,2.130000,2.130000,2.040000,2.040000,2.040000,46500
2019-12-27,2.050000,2.050000,2.000000,2.010000,2.010000,87400
2019-12-30,2.010000,2.050000,2.010000,2.030000,2.030000,38400
2019-12-31,2.030000,2.200000,2.030000,2.170000,2.170000,132500
2020-01-02,2.200000,2.530000,2.180000,2.470000,2.470000,332500
2020-01-03,2.640000,2.640000,2.300000,2.410000,2.410000,81500
2020-01-06,2.470000,2.480000,2.300000,2.420000,2.420000,50500
2020-01-07,2.480000,2.490000,2.380000,2.487000,2.487000,36600
2020-01-08,2.490000,2.520000,2.450000,2.520000,2.520000,72000
2020-01-09,2.490000,2.520000,2.450000,2.475000,2.475000,40300
2020-01-10,2.500000,2.508000,2.370000,2.386000,2.386000,18500
2020-01-13,2.540000,2.600000,2.350000,2.460000,2.460000,50300
2020-01-14,2.500000,2.760000,2.500000,2.660000,2.660000,221500
2020-01-15,2.500000,2.570000,2.350000,2.410000,2.410000,235000
2020-01-16,2.420000,2.480000,2.410000,2.430000,2.430000,27700
2020-01-17,2.460000,2.460000,2.230000,2.245000,2.245000,153800
2020-01-21,2.200000,2.300000,2.130000,2.170000,2.170000,84900
2020-01-22,2.140000,2.250000,2.100000,2.200000,2.200000,104900
2020-01-23,2.200000,2.300000,2.195000,2.290000,2.290000,44200
2020-01-24,2.210000,2.390000,2.150000,2.200000,2.200000,53000
2020-01-27,2.200000,2.200000,2.020000,2.040000,2.040000,108300
2020-01-28,2.020000,2.135000,1.705000,2.090000,2.090000,289300
2020-01-29,2.130000,2.150000,2.090000,2.105000,2.105000,68200
2020-01-30,2.090000,2.090000,1.960000,2.040000,2.040000,93900
2020-01-31,2.020000,2.070000,2.000000,2.040000,2.040000,48500
2020-02-03,1.980000,2.030000,1.980000,2.000000,2.000000,56500
2020-02-04,1.990000,2.100000,1.990000,2.050000,2.050000,62500
2020-02-05,2.020000,2.120000,2.019000,2.100000,2.100000,25800
2020-02-06,2.090000,2.113000,2.060000,2.100000,2.100000,22300
2020-02-07,2.140000,2.140000,1.900000,1.940000,1.940000,261600
2020-02-10,1.940000,1.940000,1.710000,1.720000,1.720000,312900
2020-02-11,1.680000,1.770000,1.520000,1.520000,1.520000,1548800
2020-02-12,1.550000,1.850000,1.517000,1.700000,1.700000,686100
2020-02-13,1.720000,1.789000,1.620000,1.760000,1.760000,129400
2020-02-14,1.800000,1.869000,1.650000,1.650000,1.650000,129400
2020-02-18,1.760000,1.980000,1.760000,1.870000,1.870000,294800
2020-02-19,2.050000,2.050000,1.770000,1.800000,1.800000,270900
2020-02-20,1.740000,1.794000,1.700000,1.720000,1.720000,152100
2020-02-21,1.720000,1.810000,1.715000,1.810000,1.810000,164700
2020-02-24,1.810000,1.970000,1.810000,1.960000,1.960000,193100
2020-02-25,2.000000,2.120000,1.960000,2.030000,2.030000,243000
2020-02-26,2.080000,2.080000,1.820000,1.850000,1.850000,139100
2020-02-27,1.820000,1.820000,1.700000,1.780000,1.780000,129700
2020-02-28,1.730000,1.790000,1.700000,1.760000,1.760000,77400
2020-03-02,2.010000,2.430000,1.900000,2.260000,2.260000,1098400
2020-03-03,2.300000,2.400000,2.120000,2.220000,2.220000,239700
2020-03-04,2.300000,2.300000,2.100000,2.230000,2.230000,96300
2020-03-05,2.180000,2.370000,2.150000,2.300000,2.300000,181400
2020-03-06,2.280000,2.288000,2.140000,2.160000,2.160000,65500
2020-03-09,1.940000,2.060000,1.860000,1.910000,1.910000,107400
2020-03-10,1.930000,2.030000,1.920000,2.030000,2.030000,36900
2020-03-11,2.000000,2.010000,1.830000,1.850000,1.850000,97700
2020-03-12,1.790000,1.930000,1.720000,1.880000,1.880000,179100
2020-03-13,1.900000,1.900000,1.770000,1.850000,1.850000,116000
2020-03-16,1.700000,1.850000,1.660000,1.740000,1.740000,141200
2020-03-17,1.720000,1.780000,1.700000,1.740000,1.740000,83000
2020-03-18,1.710000,1.840000,1.590000,1.790000,1.790000,133600
2020-03-19,1.780000,1.870000,1.725000,1.816000,1.816000,56700
2020-03-20,1.820000,1.832000,1.690000,1.750000,1.750000,82700
2020-03-23,1.680000,1.760000,1.600000,1.690000,1.690000,110200
2020-03-24,1.720000,1.760000,1.690000,1.760000,1.760000,91300
2020-03-25,1.780000,1.812000,1.700000,1.810000,1.810000,52100
2020-03-26,1.800000,1.860000,1.791000,1.830000,1.830000,33600
2020-03-27,1.780000,1.840000,1.724000,1.836000,1.836000,46800
2020-03-30,1.790000,1.800000,1.680000,1.690000,1.690000,91200
2020-03-31,1.720000,1.780000,1.630000,1.630000,1.630000,87300
2020-04-01,1.640000,1.720000,1.600000,1.650000,1.650000,52500
2020-04-02,1.660000,1.710000,1.610000,1.650000,1.650000,53000
2020-04-03,1.630000,1.700000,1.630000,1.690000,1.690000,18000
2020-04-06,1.690000,1.780000,1.679000,1.700000,1.700000,45800
2020-04-07,1.700000,1.740000,1.670000,1.670000,1.670000,49400
2020-04-08,1.710000,1.740000,1.660000,1.710000,1.710000,42400
2020-04-09,1.700000,1.790000,1.700000,1.740000,1.740000,41200
2020-04-13,1.720000,1.790000,1.710000,1.750000,1.750000,37500
2020-04-14,1.780000,1.880000,1.780000,1.780000,1.780000,77600
2020-04-15,1.780000,1.800000,1.690000,1.790000,1.790000,77000
2020-04-16,1.800000,1.900000,1.737000,1.750000,1.750000,74300
2020-04-17,1.790000,1.880000,1.730000,1.790000,1.790000,40800
2020-04-20,1.720000,1.820000,1.720000,1.750000,1.750000,49100
2020-04-21,1.710000,1.780000,1.710000,1.720000,1.720000,32500
2020-04-22,1.740000,1.800000,1.660000,1.660000,1.660000,36400
2020-04-23,1.680000,1.740000,1.670000,1.700000,1.700000,67700
2020-04-24,1.720000,1.890000,1.710000,1.760000,1.760000,160400
2020-04-27,1.780000,1.830000,1.630000,1.658000,1.658000,257200
2020-04-28,1.640000,1.720000,1.616000,1.700000,1.700000,69000
2020-04-29,1.700000,1.810000,1.690000,1.770000,1.770000,68600
2020-04-30,1.770000,1.800000,1.720000,1.770000,1.770000,22300
2020-05-01,1.710000,1.780000,1.710000,1.720000,1.720000,82200
2020-05-04,1.780000,1.780000,1.700000,1.750000,1.750000,28200
2020-05-05,1.740000,1.868000,1.740000,1.834000,1.834000,69700
2020-05-06,1.840000,2.250000,1.810000,2.030000,2.030000,350000
2020-05-07,2.070000,2.240000,2.070000,2.150000,2.150000,226400