Date,Open,High,Low,Close,Adj Close,Volume
2016-04-20,22.000000,22.000000,22.000000,22.000000,22.000000,0
2016-04-21,26.500000,27.400000,26.000000,26.500000,26.500000,4996100
2016-04-22,26.430000,27.250000,26.250000,26.600000,26.600000,469000
2016-04-25,26.799999,27.000000,26.660000,26.889999,26.889999,169900
2016-04-26,26.900000,28.250000,26.799999,28.139999,28.139999,174300
2016-04-27,27.549999,28.950001,27.250000,27.500000,27.500000,218600
2016-04-28,27.920000,27.940001,27.350000,27.500000,27.500000,131200
2016-04-29,27.400000,28.299999,27.030001,28.120001,28.120001,165500
2016-05-02,28.260000,28.434000,27.670000,27.799999,27.799999,72700
2016-05-03,27.500000,27.760000,27.250000,27.760000,27.760000,90700
2016-05-04,27.750000,27.940001,27.410000,27.799999,27.799999,163700
2016-05-05,27.780001,28.000000,27.400000,27.530001,27.530001,82600
2016-05-06,27.600000,27.910000,27.049999,27.270000,27.270000,167700
2016-05-09,27.070000,28.719999,27.070000,27.590000,27.590000,288900
2016-05-10,27.889999,27.980000,27.379999,27.580000,27.580000,38500
2016-05-11,27.900000,28.000000,27.600000,27.900000,27.900000,47400
2016-05-12,28.000000,28.000000,27.000000,27.230000,27.230000,92800
2016-05-13,27.450001,28.075001,27.150000,27.709999,27.709999,264700
2016-05-16,27.719999,28.490000,27.430000,28.350000,28.350000,215000
2016-05-17,28.469999,28.469999,27.299999,27.600000,27.600000,246500
2016-05-18,27.700001,27.719999,27.420000,27.520000,27.520000,147300
2016-05-19,27.320000,27.780001,27.080000,27.650000,27.650000,183100
2016-05-20,27.500000,27.980000,27.430000,27.610001,27.610001,95300
2016-05-23,27.500000,27.600000,27.270000,27.480000,27.480000,209700
2016-05-24,27.120001,27.510000,27.000000,27.330000,27.330000,205400
2016-05-25,27.389999,27.500000,26.930000,27.059999,27.059999,153600
2016-05-26,27.020000,27.448999,27.020000,27.290001,27.290001,62800
2016-05-27,27.030001,27.379999,26.950001,27.200001,27.200001,144500
2016-05-31,27.230000,28.090000,26.860001,27.990000,27.990000,108700
2016-06-01,27.910000,28.360001,27.775000,28.030001,28.030001,106100
2016-06-02,28.000000,28.455000,27.900000,28.250000,28.250000,156700
2016-06-03,28.219999,28.375000,27.719999,28.260000,28.260000,66800
2016-06-06,28.129999,28.990000,27.820000,28.910000,28.910000,201600
2016-06-07,28.950001,28.950001,28.240000,28.510000,28.510000,221900
2016-06-08,28.450001,28.900000,28.180000,28.600000,28.600000,74900
2016-06-09,28.510000,29.389999,28.230000,29.000000,29.000000,154600
2016-06-10,28.940001,29.200001,27.830000,28.959999,28.959999,109400
2016-06-13,28.889999,29.650000,28.610001,29.209999,29.209999,179000
2016-06-14,29.209999,29.480000,28.389999,28.900000,28.900000,90700
2016-06-15,29.059999,29.219999,28.260000,28.559999,28.559999,93900
2016-06-16,28.450001,28.580000,27.270000,27.740000,27.740000,131900
2016-06-17,27.850000,28.120001,27.160000,27.379999,27.379999,699500
2016-06-20,27.299999,27.950001,26.990000,27.110001,27.110001,101100
2016-06-21,27.170000,27.719999,26.631001,27.150000,27.150000,116100
2016-06-22,27.000000,27.080000,26.000000,26.299999,26.299999,123300
2016-06-23,26.520000,27.950001,26.520000,27.950001,27.950001,155700
2016-06-24,27.049999,28.889999,27.000000,28.110001,28.110001,890100
2016-06-27,28.049999,28.309999,27.500000,27.670000,27.670000,135500
2016-06-28,27.850000,29.000000,27.850000,28.400000,28.400000,147700
2016-06-29,28.650000,29.209999,28.584000,29.000000,29.000000,48900
2016-06-30,28.980000,29.250000,28.770000,28.969999,28.969999,60400
2016-07-01,28.790001,29.045000,28.250000,28.530001,28.530001,72900
2016-07-05,26.000000,26.670000,25.510000,25.709999,25.709999,404400
2016-07-06,25.520000,25.549999,24.780001,25.500000,25.500000,533800
2016-07-07,25.500000,26.680000,25.344999,25.690001,25.690001,145600
2016-07-08,25.799999,25.879999,25.170000,25.680000,25.680000,111600
2016-07-11,25.799999,28.530001,25.799999,27.379999,27.379999,168200
2016-07-12,27.450001,27.820000,26.830000,27.010000,27.010000,54000
2016-07-13,27.270000,27.740000,26.580000,26.799999,26.799999,75500
2016-07-14,26.950001,27.059999,26.049999,26.350000,26.350000,77400
2016-07-15,26.350000,26.690001,25.830000,25.959999,25.959999,130200
2016-07-18,25.860001,26.299999,25.540001,25.780001,25.780001,72000
2016-07-19,25.670000,25.790001,25.004999,25.639999,25.639999,165200
2016-07-20,25.290001,26.680000,25.250000,26.570000,26.570000,316200
2016-07-21,26.400000,26.770000,26.263000,26.590000,26.590000,49300
2016-07-22,26.680000,26.940001,26.360001,26.600000,26.600000,43100
2016-07-25,26.580000,26.799999,26.330000,26.610001,26.610001,70300
2016-07-26,26.610001,26.920000,26.549999,26.590000,26.590000,33600
2016-07-27,26.620001,26.750000,24.020000,24.410000,24.410000,229000
2016-07-28,24.570000,24.780001,23.660000,23.980000,23.980000,220400
2016-07-29,23.889999,24.118999,23.760000,23.850000,23.850000,73400
2016-08-01,23.950001,23.995001,22.660000,22.700001,22.700001,131500
2016-08-02,22.889999,22.889999,21.799999,21.870001,21.870001,182700
2016-08-03,21.870001,22.889999,21.690001,22.870001,22.870001,107200
2016-08-04,22.760000,23.028000,22.656000,22.790001,22.790001,22600
2016-08-05,22.889999,23.110001,22.030001,22.850000,22.850000,29500
2016-08-08,22.780001,23.120001,22.610001,22.680000,22.680000,37700
2016-08-09,24.090000,24.090000,22.540001,22.750000,22.750000,69100
2016-08-10,22.889999,24.190001,22.889999,23.780001,23.780001,203900
2016-08-11,23.910000,23.910000,23.090000,23.299999,23.299999,183600
2016-08-12,23.389999,23.910000,22.830000,22.980000,22.980000,115200
2016-08-15,23.070000,23.580000,22.860001,23.340000,23.340000,44600
2016-08-16,23.340000,23.910000,23.250000,23.590000,23.590000,50900
2016-08-17,23.690001,23.690001,22.650000,22.709999,22.709999,67100
2016-08-18,22.480000,22.889999,22.014999,22.120001,22.120001,84000
2016-08-19,21.650000,21.650000,17.639999,19.809999,19.809999,1132400
2016-08-22,19.850000,20.650000,19.850000,20.330000,20.330000,104600
2016-08-23,20.389999,21.840000,20.302999,21.650000,21.650000,249600
2016-08-24,21.620001,22.520000,21.290001,21.540001,21.540001,137000
2016-08-25,21.510000,21.889999,20.840000,21.580000,21.580000,227900
2016-08-26,21.639999,21.900000,20.980000,21.350000,21.350000,104100
2016-08-29,21.330000,22.400000,21.059999,22.010000,22.010000,147000
2016-08-30,22.000000,22.280001,21.540001,22.209999,22.209999,79100
2016-08-31,22.129999,22.389999,21.020000,21.230000,21.230000,86200
2016-09-01,21.209999,21.252001,20.510000,20.760000,20.760000,117000
2016-09-02,20.650000,21.459999,20.600000,21.070000,21.070000,61400
2016-09-06,21.160000,21.510000,20.790001,21.309999,21.309999,92000
2016-09-07,21.270000,21.280001,20.610001,21.070000,21.070000,107100
2016-09-08,21.070000,21.070000,20.520000,20.680000,20.680000,103700
2016-09-09,20.500000,20.750000,19.920000,19.950001,19.950001,88600
2016-09-12,19.780001,20.260000,19.010000,20.190001,20.190001,102300
2016-09-13,20.110001,20.110001,19.010000,19.690001,19.690001,184500
2016-09-14,19.709999,19.709999,19.209999,19.440001,19.440001,114800
2016-09-15,19.420000,19.950001,19.290001,19.610001,19.610001,131400
2016-09-16,19.600000,19.650000,19.100000,19.270000,19.270000,263200
2016-09-19,19.309999,19.325001,18.440001,18.790001,18.790001,104000
2016-09-20,18.950001,18.950001,18.450001,18.549999,18.549999,76500
2016-09-21,18.510000,18.980000,18.500000,18.670000,18.670000,88500
2016-09-22,18.740000,19.280001,18.570000,19.219999,19.219999,169700
2016-09-23,19.150000,19.420000,19.090000,19.110001,19.110001,96700
2016-09-26,19.230000,19.230000,18.740000,18.780001,18.780001,36000
2016-09-27,18.740000,18.780001,18.510000,18.700001,18.700001,60000
2016-09-28,18.799999,18.799999,18.520000,18.660000,18.660000,107300
2016-09-29,18.700001,18.730000,18.000000,18.030001,18.030001,138700
2016-09-30,18.190001,18.440001,17.650000,18.270000,18.270000,184400
2016-10-03,18.240000,18.510000,17.660000,17.730000,17.730000,107400
2016-10-04,17.670000,17.959999,17.639999,17.740000,17.740000,128600
2016-10-05,17.830000,18.000000,17.660000,17.879999,17.879999,69000
2016-10-06,17.879999,18.290001,17.540001,17.700001,17.700001,165400
2016-10-07,17.780001,17.799999,17.540001,17.600000,17.600000,129100
2016-10-10,17.680000,18.010000,17.551001,17.910000,17.910000,93300
2016-10-11,17.820000,17.889999,17.430000,17.580000,17.580000,621000
2016-10-12,18.090000,18.309999,17.670000,18.100000,18.100000,78000
2016-10-13,17.850000,17.990000,17.629999,17.850000,17.850000,298000
2016-10-14,18.010000,18.480000,17.920000,18.020000,18.020000,167300
2016-10-17,18.150000,18.230000,17.680000,17.760000,17.760000,147200
2016-10-18,17.820000,18.032000,17.469999,17.660000,17.660000,160200
2016-10-19,17.770000,18.650000,17.520000,18.309999,18.309999,137500
2016-10-20,18.209999,18.770000,17.969999,18.240000,18.240000,133200
2016-10-21,18.180000,18.480000,17.969999,18.150000,18.150000,96400
2016-10-24,18.330000,18.660000,18.160000,18.590000,18.590000,174800
2016-10-25,18.440001,18.980000,18.440001,18.910000,18.910000,112700
2016-10-26,18.709999,19.040001,18.555000,18.799999,18.799999,163300
2016-10-27,18.870001,18.870001,17.840000,17.870001,17.870001,149000
2016-10-28,17.850000,17.850000,16.889999,17.070000,17.070000,72800
2016-10-31,17.129999,17.900000,17.020000,17.660000,17.660000,143800
2016-11-01,17.700001,17.809999,17.559999,17.790001,17.790001,37000
2016-11-02,17.750000,18.459999,17.620001,18.049999,18.049999,87700
2016-11-03,18.010000,18.100000,16.860001,17.129999,17.129999,52800
2016-11-04,17.209999,17.910000,17.000000,17.420000,17.420000,60300
2016-11-07,17.709999,18.700001,17.610001,18.549999,18.549999,63900
2016-11-08,18.450001,18.520000,18.000000,18.270000,18.270000,65500
2016-11-09,17.700001,18.684999,17.469999,18.580000,18.580000,93500
2016-11-10,18.719999,18.730000,17.870001,18.010000,18.010000,133100
2016-11-11,18.940001,19.820000,17.930000,19.570000,19.570000,488400
2016-11-14,19.090000,20.520000,18.430000,20.170000,20.170000,179300
2016-11-15,20.180000,23.000000,20.180000,22.250000,22.250000,225500
2016-11-16,22.610001,22.969999,21.190001,22.940001,22.940001,140500
2016-11-17,22.980000,25.420000,22.780001,24.930000,24.930000,397500
2016-11-18,24.889999,24.889999,23.990000,24.100000,24.100000,128400
2016-11-21,23.020000,23.020000,21.600000,22.010000,22.010000,238400
2016-11-22,22.000000,22.709999,21.930000,22.469999,22.469999,65200
2016-11-23,22.070000,23.240000,22.070000,22.969999,22.969999,73900
2016-11-25,22.860001,23.190001,22.049999,22.090000,22.090000,54600
2016-11-28,22.139999,22.420000,21.850000,21.920000,21.920000,70000
2016-11-29,21.799999,24.920000,21.700001,24.209999,24.209999,285700
2016-11-30,23.980000,24.940001,23.120001,24.420000,24.420000,311900
2016-12-01,24.240000,24.799999,23.459999,23.990000,23.990000,160200
2016-12-02,24.200001,24.410000,23.860001,24.280001,24.280001,136600
2016-12-05,24.430000,24.495001,23.440001,24.299999,24.299999,179300
2016-12-06,24.250000,24.820000,23.650000,24.250000,24.250000,197100
2016-12-07,24.120001,24.416000,23.520000,23.799999,23.799999,260000
2016-12-08,23.830000,24.350000,23.440001,23.840000,23.840000,325900
2016-12-09,23.900000,24.155001,22.520000,22.570000,22.570000,219200
2016-12-12,22.920000,23.600000,22.680000,23.000000,23.000000,82600
2016-12-13,23.379999,23.379999,22.549999,22.680000,22.680000,58200
2016-12-14,22.580000,22.650000,21.459999,21.750000,21.750000,68600
2016-12-15,21.760000,22.530001,21.730000,21.950001,21.950001,184300
2016-12-16,22.070000,23.000000,22.000000,22.860001,22.860001,233100
2016-12-19,22.900000,23.125000,22.190001,22.260000,22.260000,96100
2016-12-20,22.150000,23.000000,22.150000,22.500000,22.500000,89400
2016-12-21,22.570000,22.700001,21.900000,22.340000,22.340000,87800
2016-12-22,22.299999,22.730000,21.969999,22.240000,22.240000,49600
2016-12-23,22.080000,22.250000,21.920000,22.110001,22.110001,67500
2016-12-27,21.990000,22.799999,21.959999,22.129999,22.129999,52900
2016-12-28,22.000000,22.490000,21.820000,22.059999,22.059999,61700
2016-12-29,21.910000,22.295000,21.100000,21.219999,21.219999,61800
2016-12-30,21.330000,21.469999,21.100000,21.280001,21.280001,61800
2017-01-03,21.299999,22.129999,21.150000,21.920000,21.920000,115000
2017-01-04,22.049999,22.540001,21.110001,21.969999,21.969999,97000
2017-01-05,21.750000,22.020000,21.535999,21.740000,21.740000,27800
2017-01-06,21.820000,23.299999,21.389999,23.049999,23.049999,160400
2017-01-09,23.049999,23.049999,21.100000,21.799999,21.799999,165600
2017-01-10,21.740000,21.990000,20.889999,20.930000,20.930000,58400
2017-01-11,20.930000,21.250000,20.760000,21.010000,21.010000,60100
2017-01-12,21.000000,21.200001,20.160000,20.440001,20.440001,81800
2017-01-13,20.500000,20.760000,20.290001,20.450001,20.450001,80200
2017-01-17,20.320000,21.320000,20.000000,20.440001,20.440001,63100
2017-01-18,20.760000,20.760000,19.440001,19.830000,19.830000,77400
2017-01-19,19.990000,20.350000,19.504999,19.840000,19.840000,83400
2017-01-20,19.799999,19.959999,19.020000,19.600000,19.600000,93300
2017-01-23,19.730000,20.000000,19.389999,19.530001,19.530001,69600
2017-01-24,19.500000,19.660000,19.049999,19.190001,19.190001,77200
2017-01-25,19.500000,19.655001,19.190001,19.309999,19.309999,68000
2017-01-26,19.549999,21.160000,19.549999,19.860001,19.860001,203800
2017-01-27,19.840000,19.840000,18.900000,19.170000,19.170000,299000
2017-01-30,19.170000,19.260000,18.670000,18.889999,18.889999,154900
2017-01-31,18.860001,19.309999,18.860001,19.219999,19.219999,58100
2017-02-01,19.240000,19.680000,19.100000,19.469999,19.469999,72800
2017-02-02,19.379999,20.350000,19.125000,20.139999,20.139999,105400
2017-02-03,20.280001,20.579000,19.879999,20.230000,20.230000,25000
2017-02-06,20.270000,20.389999,19.129999,19.270000,19.270000,54300
2017-02-07,19.400000,19.704000,19.389999,19.549999,19.549999,48500
2017-02-08,19.530001,19.959999,19.129999,19.900000,19.900000,37100
2017-02-09,19.780001,20.620001,19.760000,20.360001,20.360001,121200
2017-02-10,20.309999,20.559999,20.040001,20.540001,20.540001,51600
2017-02-13,20.719999,21.520000,20.549999,21.400000,21.400000,77700
2017-02-14,21.290001,21.980000,21.290001,21.920000,21.920000,84500
2017-02-15,21.870001,22.940001,21.839001,22.650000,22.650000,66600
2017-02-16,23.000000,23.230000,22.600000,22.790001,22.790001,105300
2017-02-17,22.910000,23.100000,22.410000,22.920000,22.920000,62400
2017-02-21,23.020000,23.020000,21.730000,22.670000,22.670000,74700
2017-02-22,22.559999,23.035000,22.490000,22.809999,22.809999,25700
2017-02-23,22.900000,23.164000,22.570000,23.010000,23.010000,64600
2017-02-24,23.049999,23.200001,22.850000,22.930000,22.930000,29100
2017-02-27,23.080000,23.150000,22.879999,23.110001,23.110001,54900
2017-02-28,23.059999,23.299999,22.270000,22.600000,22.600000,53800
2017-03-01,22.580000,23.201000,22.469999,22.889999,22.889999,73400
2017-03-02,22.719999,22.750000,21.860001,22.129999,22.129999,88400
2017-03-03,22.030001,22.129999,21.600000,22.010000,22.010000,55500
2017-03-06,21.639999,21.820000,21.070000,21.530001,21.530001,39100
2017-03-07,21.370001,21.635000,20.299999,20.360001,20.360001,45900
2017-03-08,19.160000,20.440001,18.010000,18.410000,18.410000,297200
2017-03-09,18.000000,18.100000,16.590000,17.660000,17.660000,228000
2017-03-10,17.200001,17.650000,17.040001,17.389999,17.389999,101700
2017-03-13,17.370001,18.280001,17.280001,17.809999,17.809999,117800
2017-03-14,17.709999,17.750000,16.950001,17.670000,17.670000,133300
2017-03-15,17.680000,17.844999,17.000000,17.379999,17.379999,190600
2017-03-16,17.420000,17.930000,17.150000,17.350000,17.350000,73300
2017-03-17,17.440001,18.090000,17.219999,18.030001,18.030001,168200
2017-03-20,17.990000,18.410000,17.709999,18.180000,18.180000,171600
2017-03-21,18.190001,18.190001,17.219999,17.500000,17.500000,85200
2017-03-22,17.459999,17.719999,17.280001,17.639999,17.639999,67800
2017-03-23,17.450001,17.570000,16.969999,17.040001,17.040001,150300
2017-03-24,17.160000,17.520000,16.760000,16.860001,16.860001,248500
2017-03-27,16.840000,16.930000,16.100000,16.170000,16.170000,114500
2017-03-28,16.000000,16.305000,15.470000,16.020000,16.020000,260900
2017-03-29,16.059999,17.040001,15.780000,16.709999,16.709999,92600
2017-03-30,16.660000,16.920000,16.500000,16.850000,16.850000,39700
2017-03-31,16.850000,16.955000,16.600000,16.879999,16.879999,73000
2017-04-03,16.889999,17.020000,16.400000,16.559999,16.559999,106600
2017-04-04,16.549999,16.879999,16.150000,16.840000,16.840000,113200
2017-04-05,16.910000,17.400000,16.820000,17.340000,17.340000,86000
2017-04-06,17.030001,17.809999,16.959999,17.709999,17.709999,71300
2017-04-07,17.680000,17.695000,16.780001,17.330000,17.330000,89700
2017-04-10,17.270000,17.980000,17.080000,17.320000,17.320000,57600
2017-04-11,17.290001,17.719999,16.975000,17.430000,17.430000,114000
2017-04-12,17.270000,17.680000,16.809999,17.219999,17.219999,135900
2017-04-13,17.490000,17.600000,16.990000,17.320000,17.320000,125500
2017-04-17,17.420000,18.650000,17.389999,17.670000,17.670000,96700
2017-04-18,17.600000,17.780001,16.879999,17.170000,17.170000,50600
2017-04-19,17.170000,17.250000,16.799999,16.860001,16.860001,128100
2017-04-20,16.910000,17.870001,16.889999,17.480000,17.480000,72400
2017-04-21,17.420000,17.540001,17.094999,17.309999,17.309999,62400
2017-04-24,17.600000,17.809999,17.370001,17.670000,17.670000,80200
2017-04-25,17.830000,18.240000,17.830000,17.980000,17.980000,54900
2017-04-26,17.920000,18.280001,17.750000,17.750000,17.750000,55800
2017-04-27,17.790001,18.190001,17.549999,18.000000,18.000000,87000
2017-04-28,17.930000,18.190001,17.120001,17.209999,17.209999,46600
2017-05-01,17.309999,17.379999,16.850000,17.260000,17.260000,74100
2017-05-02,17.280001,17.549999,17.110001,17.290001,17.290001,34900
2017-05-03,17.139999,17.629999,16.500000,16.670000,16.670000,95500
2017-05-04,16.639999,16.730000,15.870000,16.080000,16.080000,54700
2017-05-05,16.200001,16.670000,16.160000,16.450001,16.450001,53900
2017-05-08,16.420000,16.639999,16.280001,16.480000,16.480000,25000
2017-05-09,16.540001,16.959999,16.469999,16.639999,16.639999,46500
2017-05-10,15.890000,17.870001,15.836000,17.280001,17.280001,134900
2017-05-11,18.040001,20.120001,17.670000,18.680000,18.680000,239700
2017-05-12,18.680000,18.930000,17.820000,18.100000,18.100000,124800
2017-05-15,18.219999,18.219999,17.410000,17.650000,17.650000,81800
2017-05-16,17.610001,17.670000,16.790001,16.840000,16.840000,110900
2017-05-17,16.700001,17.240000,16.575001,16.889999,16.889999,54400
2017-05-18,16.809999,17.580000,16.705000,17.299999,17.299999,71600
2017-05-19,17.330000,17.684999,17.070000,17.299999,17.299999,48900
2017-05-22,17.230000,17.690001,17.080000,17.290001,17.290001,56500
2017-05-23,17.350000,17.379999,16.819000,17.110001,17.110001,43200
2017-05-24,17.170000,17.170000,16.700001,16.879999,16.879999,40100
2017-05-25,16.910000,16.997999,16.030001,16.809999,16.809999,106600
2017-05-26,16.799999,16.799999,16.100000,16.410000,16.410000,38100
2017-05-30,16.190001,16.299000,15.830000,15.990000,15.990000,93500
2017-05-31,15.880000,16.434999,15.760000,16.200001,16.200001,55500
2017-06-01,16.190001,17.200001,16.190001,17.170000,17.170000,49000
2017-06-02,17.150000,17.549999,16.990000,17.250000,17.250000,92400
2017-06-05,17.180000,17.400000,16.200001,16.410000,16.410000,45200
2017-06-06,16.370001,16.520000,16.000000,16.280001,16.280001,40700
2017-06-07,16.299999,16.510000,15.730000,15.850000,15.850000,45600
2017-06-08,15.800000,16.200001,15.760000,16.020000,16.020000,35800
2017-06-09,16.090000,17.000000,15.940000,16.980000,16.980000,54800
2017-06-12,16.860001,17.330000,16.860001,17.309999,17.309999,76900
2017-06-13,17.270000,18.000000,17.270000,17.830000,17.830000,82900
2017-06-14,17.799999,18.295000,17.610001,18.020000,18.020000,112700
2017-06-15,17.910000,18.389999,17.520000,18.000000,18.000000,65900
2017-06-16,17.830000,18.299999,17.605000,18.280001,18.280001,96100
2017-06-19,18.290001,18.450001,18.059999,18.350000,18.350000,63900
2017-06-20,18.360001,18.580000,18.360001,18.559999,18.559999,82000
2017-06-21,18.520000,18.660000,18.142000,18.490000,18.490000,125800
2017-06-22,18.570000,19.385000,18.350000,19.290001,19.290001,445800
2017-06-23,19.450001,19.450001,18.420000,18.540001,18.540001,233800
2017-06-26,18.600000,18.700001,18.410999,18.490000,18.490000,70300
2017-06-27,18.500000,18.700001,18.080000,18.350000,18.350000,91700
2017-06-28,18.490000,18.870001,18.490000,18.610001,18.610001,30700
2017-06-29,18.600000,19.020000,18.405001,18.629999,18.629999,80500
2017-06-30,18.670000,18.740000,18.469999,18.549999,18.549999,145500
2017-07-03,18.680000,19.020000,18.600000,18.620001,18.620001,95000
2017-07-05,18.600000,18.719999,18.370001,18.490000,18.490000,292900
2017-07-06,18.440001,18.690001,17.860001,17.950001,17.950001,254600
2017-07-07,18.049999,18.049999,17.080000,17.389999,17.389999,382900
2017-07-10,17.000000,17.760000,15.110000,17.670000,17.670000,1146200
2017-07-11,17.660000,18.350000,17.280001,18.330000,18.330000,261400
2017-07-12,18.440001,18.590000,17.950001,18.020000,18.020000,133900
2017-07-13,17.940001,18.520000,17.670000,18.440001,18.440001,155100
2017-07-14,18.430000,18.975000,18.260000,18.760000,18.760000,69900
2017-07-17,18.860001,19.129999,18.545000,18.809999,18.809999,143400
2017-07-18,18.120001,18.440001,17.160000,17.639999,17.639999,348900
2017-07-19,17.660000,18.190001,17.424999,18.010000,18.010000,221900
2017-07-20,18.020000,18.180000,17.770000,17.850000,17.850000,185000
2017-07-21,17.930000,18.225000,17.650000,18.010000,18.010000,252300
2017-07-24,17.950001,18.209999,17.471001,17.750000,17.750000,231500
2017-07-25,17.840000,18.070000,17.410000,17.990000,17.990000,226000
2017-07-26,17.980000,17.980000,17.440001,17.480000,17.480000,94900
2017-07-27,17.469999,17.590000,17.020000,17.290001,17.290001,143300
2017-07-28,17.240000,17.520000,16.961000,17.400000,17.400000,173500
2017-07-31,17.480000,17.480000,16.780001,17.100000,17.100000,134400
2017-08-01,17.209999,17.320000,16.790001,17.020000,17.020000,145800
2017-08-02,16.980000,16.980000,16.150999,16.340000,16.340000,285400
2017-08-03,16.330000,16.330000,15.450000,15.550000,15.550000,265700
2017-08-04,15.580000,15.610000,14.920000,15.100000,15.100000,244000
2017-08-07,15.440000,15.470000,14.770000,15.000000,15.000000,226600
2017-08-08,15.010000,15.080000,14.500000,14.560000,14.560000,319400
2017-08-09,15.000000,16.400000,14.940000,15.400000,15.400000,914800
2017-08-10,15.240000,15.430000,13.950000,14.060000,14.060000,405500
2017-08-11,14.040000,14.550000,13.745000,14.440000,14.440000,305100
2017-08-14,14.470000,15.000000,14.285000,14.760000,14.760000,237300
2017-08-15,14.760000,14.760000,14.114000,14.680000,14.680000,212400
2017-08-16,14.700000,15.090000,14.610000,15.050000,15.050000,85800
2017-08-17,14.940000,15.200000,14.100000,14.100000,14.100000,324400
2017-08-18,14.000000,14.290000,13.760000,14.100000,14.100000,350900
2017-08-21,14.070000,14.510000,14.040000,14.330000,14.330000,224500
2017-08-22,14.370000,14.560000,14.210000,14.440000,14.440000,154800
2017-08-23,14.330000,14.330000,14.010000,14.110000,14.110000,94200
2017-08-24,14.160000,14.590000,14.150000,14.250000,14.250000,85100
2017-08-25,14.310000,14.310000,13.970000,13.980000,13.980000,90700
2017-08-28,14.050000,14.200000,13.860000,13.930000,13.930000,87200
2017-08-29,13.860000,14.200000,13.480000,14.140000,14.140000,218700
2017-08-30,14.160000,14.220000,13.610000,13.670000,13.670000,171600
2017-08-31,13.770000,14.350000,13.690000,14.330000,14.330000,105600
2017-09-01,14.390000,14.390000,14.070000,14.330000,14.330000,55600
2017-09-05,14.270000,14.340000,13.700000,14.270000,14.270000,210000
2017-09-06,14.320000,14.690000,14.020000,14.610000,14.610000,135500
2017-09-07,14.460000,14.770000,14.200000,14.540000,14.540000,156400
2017-09-08,14.590000,14.750000,14.010000,14.300000,14.300000,135500
2017-09-11,14.430000,14.750000,14.230000,14.610000,14.610000,80600
2017-09-12,14.800000,14.850000,14.520000,14.700000,14.700000,143600
2017-09-13,14.670000,15.200000,14.670000,14.840000,14.840000,122200
2017-09-14,14.860000,15.000000,14.596000,14.840000,14.840000,107100
2017-09-15,14.880000,15.180000,14.780000,15.160000,15.160000,179400
2017-09-18,15.140000,15.240000,14.890000,14.970000,14.970000,107800
2017-09-19,14.920000,14.970000,14.360000,14.570000,14.570000,111400
2017-09-20,14.580000,15.220000,14.480000,15.190000,15.190000,75500
2017-09-21,15.150000,15.450000,14.910000,15.210000,15.210000,64800
2017-09-22,15.130000,15.300000,14.120000,14.250000,14.250000,177500
2017-09-25,14.250000,14.300000,14.000000,14.130000,14.130000,73000
2017-09-26,14.110000,14.690000,14.110000,14.390000,14.390000,98800
2017-09-27,14.470000,14.830000,14.430000,14.580000,14.580000,68600
2017-09-28,14.590000,14.990000,14.470000,14.910000,14.910000,93900
2017-09-29,14.920000,15.000000,14.690000,14.970000,14.970000,130500
2017-10-02,15.010000,15.340000,14.750000,15.030000,15.030000,106900
2017-10-03,15.100000,15.820000,15.050000,15.620000,15.620000,218100
2017-10-04,15.550000,15.660000,15.270000,15.310000,15.310000,60700
2017-10-05,15.350000,15.530000,15.210000,15.480000,15.480000,77000
2017-10-06,15.520000,15.570000,15.310000,15.420000,15.420000,167500
2017-10-09,15.310000,15.310000,13.380000,13.460000,13.460000,176200
2017-10-10,13.550000,14.560000,13.460000,13.850000,13.850000,201800
2017-10-11,13.870000,13.940000,13.580000,13.650000,13.650000,123700
2017-10-12,13.650000,13.650000,12.680000,12.870000,12.870000,129400
2017-10-13,12.870000,12.870000,12.190000,12.490000,12.490000,308100
2017-10-16,12.580000,12.920000,12.520000,12.710000,12.710000,224600
2017-10-17,12.730000,12.930000,12.540000,12.700000,12.700000,216100
2017-10-18,12.900000,13.035000,12.700000,12.720000,12.720000,174200
2017-10-19,12.850000,13.562000,12.710000,13.320000,13.320000,286400
2017-10-20,13.410000,13.550000,13.020000,13.100000,13.100000,100400
2017-10-23,13.100000,13.100000,12.760000,12.820000,12.820000,161100
2017-10-24,12.830000,13.070000,12.670000,12.790000,12.790000,264500
2017-10-25,12.740000,12.870000,12.660000,12.830000,12.830000,153800
2017-10-26,12.930000,13.030000,12.610000,12.670000,12.670000,194900
2017-10-27,12.630000,12.860000,12.380000,12.630000,12.630000,366600
2017-10-30,12.560000,12.760000,12.330000,12.370000,12.370000,123400
2017-10-31,12.350000,12.630000,12.080000,12.130000,12.130000,212700
2017-11-01,12.250000,12.380000,11.390000,11.430000,11.430000,199100
2017-11-02,11.400000,11.550000,11.080000,11.290000,11.290000,111500
2017-11-03,11.290000,11.620000,11.180000,11.460000,11.460000,188000
2017-11-06,11.460000,11.790000,11.460000,11.560000,11.560000,101500
2017-11-07,11.520000,11.640000,11.200000,11.220000,11.220000,129900
2017-11-08,11.130000,11.130000,10.320000,10.590000,10.590000,256900
2017-11-09,10.540000,10.930000,10.470000,10.710000,10.710000,466800
2017-11-10,10.750000,10.950000,10.640000,10.850000,10.850000,668000
2017-11-13,10.780000,11.080000,10.580000,10.600000,10.600000,167700
2017-11-14,10.600000,10.690000,9.910000,9.970000,9.970000,301400
2017-11-15,11.600000,12.340000,10.910000,11.530000,11.530000,811400
2017-11-16,11.640000,12.680000,11.620000,12.620000,12.620000,498100
2017-11-17,12.610000,13.180000,12.540000,13.030000,13.030000,334000
2017-11-20,12.960000,13.150000,12.700000,12.760000,12.760000,229500
2017-11-21,12.670000,13.280000,12.320000,13.120000,13.120000,214900
2017-11-22,13.130000,13.600000,12.890000,13.100000,13.100000,223700
2017-11-24,13.190000,13.420000,13.060000,13.380000,13.380000,130100
2017-11-27,13.380000,13.590000,13.000000,13.210000,13.210000,124800
2017-11-28,13.300000,13.599000,12.960000,13.580000,13.580000,204300
2017-11-29,13.580000,14.940000,13.580000,14.720000,14.720000,228200
2017-11-30,14.760000,15.000000,14.080000,14.480000,14.480000,273400
2017-12-01,14.530000,14.570000,13.820000,14.480000,14.480000,174300
2017-12-04,14.630000,15.150000,14.030000,14.080000,14.080000,336700
2017-12-05,14.050000,14.290000,13.760000,14.180000,14.180000,150600
2017-12-06,14.170000,14.530000,14.080000,14.340000,14.340000,100800
2017-12-07,14.010000,14.580000,14.010000,14.480000,14.480000,153600
2017-12-08,14.490000,14.980000,14.330000,14.920000,14.920000,123700
2017-12-11,14.820000,15.690000,14.780000,15.560000,15.560000,269700
2017-12-12,15.710000,16.299999,15.710000,15.910000,15.910000,208600
2017-12-13,15.970000,16.320000,15.875000,16.049999,16.049999,137800
2017-12-14,16.070000,16.070000,15.500000,15.510000,15.510000,167200
2017-12-15,15.600000,16.080000,15.600000,15.980000,15.980000,173300
2017-12-18,16.160000,16.340000,15.980000,16.049999,16.049999,128800
2017-12-19,16.110001,16.534000,16.020000,16.330000,16.330000,144500
2017-12-20,16.530001,16.709999,16.260000,16.510000,16.510000,139300
2017-12-21,16.520000,17.000000,16.250000,16.799999,16.799999,129200
2017-12-22,16.700001,17.139999,16.555000,17.049999,17.049999,152200
2017-12-26,16.920000,17.690001,16.920000,17.389999,17.389999,136500
2017-12-27,17.430000,17.709999,17.299999,17.650000,17.650000,121100
2017-12-28,17.750000,17.930000,17.320000,17.690001,17.690001,110600
2017-12-29,17.760000,17.760000,17.385000,17.400000,17.400000,71000
2018-01-02,17.580000,17.820000,17.360001,17.639999,17.639999,135100
2018-01-03,17.600000,17.770000,17.150000,17.650000,17.650000,177600
2018-01-04,17.799999,18.170000,17.580000,18.040001,18.040001,125300
2018-01-05,18.150000,18.510000,17.820000,18.370001,18.370001,96400
2018-01-08,18.350000,18.530001,17.830000,18.320000,18.320000,184800
2018-01-09,18.290001,18.670000,18.190001,18.469999,18.469999,115800
2018-01-10,18.280001,18.799999,18.209999,18.629999,18.629999,97000
2018-01-11,18.709999,19.180000,18.645000,18.690001,18.690001,99200
2018-01-12,18.760000,18.910000,18.400000,18.580000,18.580000,59100
2018-01-16,18.740000,19.020000,18.540001,18.660000,18.660000,114700
2018-01-17,18.750000,18.750000,18.370001,18.600000,18.600000,56300
2018-01-18,18.590000,18.809999,18.340000,18.590000,18.590000,62400
2018-01-19,18.490000,18.969999,18.400000,18.690001,18.690001,121600
2018-01-22,18.750000,19.010000,18.740000,18.900000,18.900000,89500
2018-01-23,18.930000,19.080000,18.700001,18.840000,18.840000,46200
2018-01-24,18.990000,19.320000,18.530001,18.889999,18.889999,95400
2018-01-25,18.969999,19.010000,18.400000,18.830000,18.830000,59100
2018-01-26,18.870001,19.020000,18.660000,18.930000,18.930000,59700
2018-01-29,18.850000,19.570000,18.120001,18.889999,18.889999,163700
2018-01-30,18.650000,19.180000,18.540001,19.010000,19.010000,101800
2018-01-31,19.070000,19.170000,18.400000,18.910000,18.910000,133800
2018-02-01,18.780001,18.780001,18.309999,18.719999,18.719999,156000
2018-02-02,18.510000,18.799999,18.320000,18.459999,18.459999,198000
2018-02-05,18.330000,18.650000,17.910000,17.930000,17.930000,182700
2018-02-06,17.500000,18.290001,17.270000,17.930000,17.930000,114900
2018-02-07,17.940001,18.480000,17.940001,18.200001,18.200001,66900
2018-02-08,18.230000,18.520000,17.965000,18.240000,18.240000,106400
2018-02-09,18.459999,18.520000,17.629999,17.780001,17.780001,136400
2018-02-12,17.850000,18.190001,17.549999,17.959999,17.959999,106000
2018-02-13,17.870001,18.959999,17.870001,18.790001,18.790001,158000
2018-02-14,18.639999,18.940001,18.520000,18.790001,18.790001,80000
2018-02-15,18.809999,19.400000,18.770000,19.010000,19.010000,109600
2018-02-16,18.990000,19.680000,18.990000,19.580000,19.580000,112700
2018-02-20,19.620001,19.969999,19.555000,19.639999,19.639999,128500
2018-02-21,19.639999,20.200001,19.610001,19.650000,19.650000,92800
2018-02-22,19.760000,19.980000,19.280001,19.389999,19.389999,118100
2018-02-23,19.469999,19.840000,19.205000,19.700001,19.700001,59500
2018-02-26,19.719999,19.950001,19.200001,19.820000,19.820000,101700
2018-02-27,19.820000,20.150000,19.719999,19.780001,19.780001,56600
2018-02-28,19.850000,20.430000,19.680000,19.820000,19.820000,114700
2018-03-01,19.780001,20.100000,19.280001,19.809999,19.809999,147700
2018-03-02,19.650000,21.610001,19.500000,21.020000,21.020000,213800
2018-03-05,21.000000,21.709999,20.719999,21.440001,21.440001,168400
2018-03-06,21.420000,21.930000,20.870001,21.000000,21.000000,222300
2018-03-07,21.700001,24.070000,20.570000,23.520000,23.520000,406400
2018-03-08,22.490000,23.000000,21.340000,22.360001,22.360001,338600
2018-03-09,22.490000,22.490000,21.690001,22.330000,22.330000,224300
2018-03-12,22.219999,23.500000,22.219999,23.260000,23.260000,215200
2018-03-13,23.459999,23.670000,22.690001,22.910000,22.910000,123300
2018-03-14,23.000000,23.340000,22.690001,23.040001,23.040001,135300
2018-03-15,23.030001,23.309999,22.730000,23.139999,23.139999,149800
2018-03-16,23.180000,23.492001,23.120001,23.190001,23.190001,128000
2018-03-19,23.070000,23.209999,22.320000,22.709999,22.709999,143200
2018-03-20,22.790001,22.860001,22.049999,22.299999,22.299999,102300
2018-03-21,22.360001,22.590000,22.030001,22.160000,22.160000,123500
2018-03-22,22.200001,22.230000,21.760000,21.850000,21.850000,143300
2018-03-23,21.870001,22.070000,21.530001,21.570000,21.570000,118400
2018-03-26,21.799999,22.209999,21.090000,21.320000,21.320000,167900
2018-03-27,19.490000,19.570000,18.040001,18.370001,18.370001,810800
2018-03-28,17.870001,18.165001,16.610001,17.830000,17.830000,717900
2018-03-29,19.700001,19.700001,18.790001,18.850000,18.850000,766900
2018-04-02,18.469999,18.629999,17.843000,18.110001,18.110001,242300
2018-04-03,18.559999,18.750000,17.670000,17.780001,17.780001,283100
2018-04-04,17.459999,17.790001,17.049999,17.230000,17.230000,245200
2018-04-05,17.340000,17.840000,17.336000,17.549999,17.549999,139800
2018-04-06,17.500000,17.660000,16.940001,17.049999,17.049999,171000
2018-04-09,17.190001,17.549999,16.900000,16.930000,16.930000,122900
2018-04-10,17.129999,17.139999,16.270000,16.540001,16.540001,282700
2018-04-11,16.530001,16.910000,16.430000,16.650000,16.650000,440200
2018-04-12,16.719999,17.450001,16.719999,17.129999,17.129999,174600
2018-04-13,17.209999,17.410000,16.830000,16.930000,16.930000,111800
2018-04-16,17.049999,17.330000,16.940001,17.110001,17.110001,163500
2018-04-17,17.129999,17.299999,16.320000,16.570000,16.570000,213700
2018-04-18,16.520000,17.110001,16.350000,16.730000,16.730000,262600
2018-04-19,16.719999,16.719999,16.090000,16.420000,16.420000,188800
2018-04-20,16.389999,16.670000,16.174999,16.410000,16.410000,85100
2018-04-23,16.360001,16.360001,15.510000,15.550000,15.550000,189600
2018-04-24,15.570000,15.780000,15.325000,15.770000,15.770000,234600
2018-04-25,15.640000,16.040001,15.520000,15.830000,15.830000,254400
2018-04-26,15.900000,16.040001,15.480000,15.610000,15.610000,128200
2018-04-27,15.640000,15.950000,15.410000,15.630000,15.630000,155700
2018-04-30,15.620000,15.749000,14.640000,14.650000,14.650000,218800
2018-05-01,14.600000,14.760000,14.130000,14.300000,14.300000,190500
2018-05-02,14.250000,15.090000,14.250000,14.650000,14.650000,197500
2018-05-03,14.660000,14.660000,14.140000,14.400000,14.400000,132100
2018-05-04,14.350000,14.840000,14.280000,14.600000,14.600000,216900
2018-05-07,14.630000,15.330000,14.630000,15.320000,15.320000,182300
2018-05-08,15.320000,15.840000,15.310000,15.480000,15.480000,292200
2018-05-09,16.139999,16.330000,13.915000,14.590000,14.590000,423200
2018-05-10,14.600000,15.180000,14.600000,14.980000,14.980000,209600
2018-05-11,14.950000,15.280000,14.900000,15.030000,15.030000,113800
2018-05-14,15.000000,15.670000,14.800000,14.870000,14.870000,135300
2018-05-15,14.840000,15.260000,14.720000,15.100000,15.100000,100200
2018-05-16,15.130000,15.880000,15.130000,15.830000,15.830000,228900
2018-05-17,15.820000,15.820000,15.180000,15.210000,15.210000,110000
2018-05-18,15.300000,15.360000,15.170000,15.280000,15.280000,100200
2018-05-21,15.310000,15.475000,14.670000,15.090000,15.090000,89800
2018-05-22,15.120000,15.350000,14.920000,14.940000,14.940000,75800
2018-05-23,14.880000,14.950000,14.490000,14.670000,14.670000,76000
2018-05-24,14.660000,14.770000,14.400000,14.590000,14.590000,78800
2018-05-25,14.580000,14.960000,14.580000,14.800000,14.800000,96900
2018-05-29,14.750000,14.750000,14.468000,14.630000,14.630000,71200
2018-05-30,14.750000,14.940000,14.680000,14.770000,14.770000,76300
2018-05-31,14.760000,14.810000,14.300000,14.440000,14.440000,100200
2018-06-01,14.530000,14.540000,14.130000,14.260000,14.260000,118300
2018-06-04,14.250000,14.345000,13.960000,14.180000,14.180000,106000
2018-06-05,14.100000,14.730000,14.050000,14.620000,14.620000,128800
2018-06-06,14.580000,15.080000,14.450000,15.010000,15.010000,71200
2018-06-07,15.010000,15.170000,14.920000,15.090000,15.090000,108800
2018-06-08,15.100000,15.440000,15.100000,15.430000,15.430000,135600
2018-06-11,15.540000,15.980000,15.490000,15.700000,15.700000,112800
2018-06-12,15.700000,15.820000,15.410000,15.700000,15.700000,104200
2018-06-13,15.760000,15.830000,15.580000,15.770000,15.770000,87000
2018-06-14,15.850000,16.740000,15.840000,16.350000,16.350000,183400
2018-06-15,16.290001,16.370001,15.860000,16.070000,16.070000,128400
2018-06-18,16.000000,16.400000,15.860000,16.240000,16.240000,127900
2018-06-19,16.160000,16.440001,16.160000,16.290001,16.290001,106700
2018-06-20,16.370001,16.530001,16.254999,16.480000,16.480000,86700
2018-06-21,16.430000,16.850000,16.389999,16.440001,16.440001,143100
2018-06-22,16.610001,16.840000,16.400000,16.580000,16.580000,463000
2018-06-25,16.530001,16.530001,15.830000,15.870000,15.870000,157500
2018-06-26,15.950000,16.600000,15.800000,16.350000,16.350000,126600
2018-06-27,16.360001,16.360001,15.820000,15.990000,15.990000,91100
2018-06-28,15.940000,16.330000,15.720000,16.090000,16.090000,131000
2018-06-29,16.170000,16.170000,15.730000,15.770000,15.770000,162100
2018-07-02,15.720000,15.810000,15.460000,15.760000,15.760000,77900
2018-07-03,15.880000,15.880000,15.670000,15.740000,15.740000,45200
2018-07-05,15.820000,15.890000,15.690000,15.890000,15.890000,64300
2018-07-06,15.840000,16.209999,15.840000,16.110001,16.110001,46200
2018-07-09,16.180000,16.570000,16.059999,16.530001,16.530001,91200
2018-07-10,16.500000,16.500000,14.870000,15.340000,15.340000,523800
2018-07-11,15.110000,15.910000,15.110000,15.830000,15.830000,306100
2018-07-12,15.850000,15.850000,15.250000,15.460000,15.460000,150500
2018-07-13,15.460000,15.605000,15.340000,15.410000,15.410000,84300
2018-07-16,15.340000,15.415000,15.080000,15.320000,15.320000,114700
2018-07-17,15.250000,15.580000,15.180000,15.510000,15.510000,96400
2018-07-18,15.480000,16.170000,15.394000,16.129999,16.129999,174700
2018-07-19,16.000000,16.139999,15.540000,15.710000,15.710000,207600
2018-07-20,15.640000,15.985000,15.640000,15.880000,15.880000,120400
2018-07-23,15.860000,16.260000,15.860000,16.100000,16.100000,88800
2018-07-24,16.150000,16.680000,16.100000,16.629999,16.629999,136100
2018-07-25,16.570000,17.000000,16.570000,16.900000,16.900000,116300
2018-07-26,16.930000,17.440001,16.930000,17.080000,17.080000,99800
2018-07-27,17.110001,17.110001,16.080000,16.530001,16.530001,173900
2018-07-30,16.530001,16.830000,16.100000,16.120001,16.120001,64000
2018-07-31,16.320000,16.420000,15.930000,16.090000,16.090000,186900
2018-08-01,16.160000,16.350000,15.720000,15.760000,15.760000,127900
2018-08-02,15.720000,16.080000,15.500000,16.059999,16.059999,118800
2018-08-03,15.720000,16.760000,15.500000,16.740000,16.740000,65600
2018-08-06,16.750000,16.860001,16.410000,16.510000,16.510000,61500
2018-08-07,16.540001,16.889999,16.540001,16.770000,16.770000,127400
2018-08-08,16.190001,20.910000,16.000000,20.030001,20.030001,626700
2018-08-09,19.910000,21.180000,19.650000,20.840000,20.840000,360200
2018-08-10,20.740000,21.080000,20.520000,21.030001,21.030001,167800
2018-08-13,21.010000,21.295000,20.809999,21.170000,21.170000,172700
2018-08-14,21.170000,21.370001,20.379999,20.549999,20.549999,142500
2018-08-15,20.340000,20.400000,19.879999,20.040001,20.040001,123000
2018-08-16,20.180000,21.110001,20.101999,20.790001,20.790001,170600
2018-08-17,20.830000,20.930000,20.209999,20.760000,20.760000,94000
2018-08-20,20.770000,21.120001,20.080000,20.230000,20.230000,118400
2018-08-21,20.350000,21.200001,20.340000,21.070000,21.070000,136800
2018-08-22,20.980000,21.820000,20.980000,21.420000,21.420000,150500
2018-08-23,22.059999,23.990000,21.780001,22.190001,22.190001,417900
2018-08-24,22.209999,22.680000,21.850000,22.059999,22.059999,254700
2018-08-27,22.240000,22.240000,21.450001,22.059999,22.059999,97900
2018-08-28,22.100000,22.570000,22.010000,22.309999,22.309999,93000
2018-08-29,22.309999,22.549999,21.620001,22.180000,22.180000,134400
2018-08-30,20.700001,21.950001,20.299999,21.950001,21.950001,281100
2018-08-31,21.959999,22.330000,21.325001,21.950001,21.950001,209500
2018-09-04,21.910000,22.250000,21.290001,21.340000,21.340000,140200
2018-09-05,21.299999,21.299999,20.440001,20.610001,20.610001,146500
2018-09-06,20.650000,20.740000,20.459999,20.680000,20.680000,123500
2018-09-07,20.559999,20.690001,19.980000,20.059999,20.059999,152800
2018-09-10,20.150000,20.240000,19.424999,20.020000,20.020000,247800
2018-09-11,19.950001,20.629999,19.950001,20.309999,20.309999,54200
2018-09-12,20.250000,20.629999,19.889999,20.580000,20.580000,66400
2018-09-13,20.690001,21.350000,19.830000,19.990000,19.990000,130900
2018-09-14,20.150000,20.575001,20.040001,20.219999,20.219999,122600
2018-09-17,20.280001,20.750000,19.900000,19.940001,19.940001,82000
2018-09-18,20.190001,20.530001,20.100000,20.240000,20.240000,144700
2018-09-19,20.190001,20.590000,20.049999,20.459999,20.459999,180600
2018-09-20,20.410000,20.850000,20.219999,20.790001,20.790001,94800
2018-09-21,20.780001,20.780001,19.990000,20.110001,20.110001,270200
2018-09-24,20.090000,20.650000,19.959999,20.629999,20.629999,70800
2018-09-25,20.610001,21.120001,20.520000,20.980000,20.980000,147100
2018-09-26,21.000000,21.885000,20.700001,21.650000,21.650000,107500
2018-09-27,21.610001,21.870001,21.139999,21.350000,21.350000,248400
2018-09-28,21.360001,21.690001,21.299999,21.650000,21.650000,57300
2018-10-01,21.900000,23.489000,21.900000,22.840000,22.840000,376600
2018-10-02,22.770000,22.830000,21.660000,21.660000,21.660000,104500
2018-10-03,21.820000,21.820000,21.059999,21.120001,21.120001,88100
2018-10-04,21.129999,21.760000,20.639999,21.000000,21.000000,165700
2018-10-05,20.959999,21.100000,20.219999,20.469999,20.469999,81100
2018-10-08,20.480000,20.629999,19.250000,19.700001,19.700001,173500
2018-10-09,19.540001,20.900000,19.540001,20.309999,20.309999,244700
2018-10-10,20.400000,20.540001,20.010000,20.010000,20.010000,100500
2018-10-11,19.950001,20.350000,19.139999,19.209999,19.209999,135200
2018-10-12,19.590000,19.700001,18.719999,18.959999,18.959999,129100
2018-10-15,18.889999,19.650000,18.840000,19.400000,19.400000,125800
2018-10-16,19.610001,19.625000,19.240000,19.480000,19.480000,139800
2018-10-17,19.299999,19.379999,17.450001,17.860001,17.860001,325500
2018-10-18,17.840000,18.590000,17.639999,18.270000,18.270000,180700
2018-10-19,18.230000,18.490000,17.620001,17.730000,17.730000,136300
2018-10-22,17.830000,18.400000,17.809999,17.990000,17.990000,87700
2018-10-23,17.660000,18.440001,17.590000,18.260000,18.260000,119800
2018-10-24,18.280001,18.440001,17.469999,17.900000,17.900000,189200
2018-10-25,18.040001,18.389999,17.889999,18.209999,18.209999,100600
2018-10-26,17.990000,18.750000,17.530001,18.400000,18.400000,153400
2018-10-29,18.559999,19.360001,18.370001,19.020000,19.020000,192300
2018-10-30,19.010000,20.340000,19.010000,19.469999,19.469999,167000
2018-10-31,19.680000,19.700001,19.155001,19.290001,19.290001,104600
2018-11-01,19.370001,19.980000,19.240000,19.850000,19.850000,89600
2018-11-02,20.040001,20.208000,19.520000,20.010000,20.010000,121600
2018-11-05,20.100000,20.100000,19.465000,19.799999,19.799999,68800
2018-11-06,19.770000,19.850000,19.170000,19.420000,19.420000,86800
2018-11-07,19.730000,20.965000,19.660000,20.559999,20.559999,160200
2018-11-08,20.410000,20.469999,19.889999,20.270000,20.270000,168400
2018-11-09,19.969999,19.969999,15.620000,17.500000,17.500000,657200
2018-11-12,17.290001,17.290001,15.755000,16.760000,16.760000,472300
2018-11-13,16.600000,16.760000,14.980000,16.010000,16.010000,507100
2018-11-14,16.090000,16.549999,15.550000,15.560000,15.560000,128200
2018-11-15,15.470000,15.665000,14.910000,15.590000,15.590000,214500
2018-11-16,15.590000,15.750000,15.340000,15.740000,15.740000,133200
2018-11-19,15.710000,16.170000,15.620000,16.020000,16.020000,146300
2018-11-20,15.770000,16.250000,15.505000,16.030001,16.030001,95300
2018-11-21,16.100000,16.370001,15.810000,16.350000,16.350000,96200
2018-11-23,16.180000,16.700001,16.023001,16.379999,16.379999,53900
2018-11-26,16.540001,16.655001,15.990000,16.150000,16.150000,144100
2018-11-27,16.040001,16.555000,15.860000,16.370001,16.370001,100100
2018-11-28,16.490000,17.309999,16.430000,17.219999,17.219999,121400
2018-11-29,17.200001,17.200001,16.600000,17.080000,17.080000,110600
2018-11-30,17.020000,17.110001,16.480000,16.590000,16.590000,84600
2018-12-03,16.860001,16.860001,16.240000,16.700001,16.700001,48400
2018-12-04,16.760000,16.840000,16.160000,16.430000,16.430000,102100
2018-12-06,16.049999,16.104000,15.410000,16.030001,16.030001,139300
2018-12-07,16.000000,16.070000,15.420000,15.720000,15.720000,270400
2018-12-10,15.650000,16.180000,15.210000,16.100000,16.100000,109600
2018-12-11,16.330000,16.615999,15.950000,16.040001,16.040001,85200
2018-12-12,16.299999,16.540001,16.010000,16.049999,16.049999,100100
2018-12-13,16.150000,16.150000,15.615000,15.700000,15.700000,117500
2018-12-14,15.280000,15.382000,13.295000,13.510000,13.510000,256500
2018-12-17,13.330000,13.760000,13.180000,13.410000,13.410000,238200
2018-12-18,13.570000,13.570000,12.640000,12.840000,12.840000,220600
2018-12-19,12.730000,12.940000,12.140000,12.290000,12.290000,223400
2018-12-20,12.210000,13.010000,11.840000,12.470000,12.470000,395700
2018-12-21,12.400000,12.400000,11.250000,11.780000,11.780000,298400
2018-12-24,11.660000,11.780000,11.500000,11.500000,11.500000,59900
2018-12-26,11.510000,11.695000,11.410000,11.590000,11.590000,169900
2018-12-27,11.440000,11.620000,11.190000,11.610000,11.610000,154300
2018-12-28,11.700000,11.780000,11.330000,11.710000,11.710000,166600
2018-12-31,11.550000,11.900000,11.460000,11.520000,11.520000,124700
2019-01-02,11.350000,12.170000,11.091000,11.930000,11.930000,208500
2019-01-03,11.660000,11.870000,11.130000,11.620000,11.620000,237500
2019-01-04,11.440000,11.710000,11.250000,11.440000,11.440000,166700
2019-01-07,11.440000,11.480000,11.280000,11.380000,11.380000,113700
2019-01-08,11.380000,11.860000,11.380000,11.670000,11.670000,115500
2019-01-09,11.670000,12.180000,11.532000,12.050000,12.050000,132300
2019-01-10,11.940000,12.140000,11.820000,11.940000,11.940000,84300
2019-01-11,11.870000,12.120000,11.870000,12.020000,12.020000,97600
2019-01-14,11.970000,12.030000,11.630000,11.650000,11.650000,78500
2019-01-15,11.630000,11.860000,11.520000,11.710000,11.710000,70300
2019-01-16,11.760000,12.300000,11.760000,12.290000,12.290000,65900
2019-01-17,12.270000,12.530000,12.180000,12.460000,12.460000,80000
2019-01-18,12.580000,12.740000,12.475000,12.710000,12.710000,59200
2019-01-22,12.670000,12.670000,12.130000,12.410000,12.410000,140200
2019-01-23,12.450000,12.560000,12.010000,12.250000,12.250000,202600
2019-01-24,12.170000,12.655000,12.060000,12.160000,12.160000,104100
2019-01-25,12.240000,12.360000,12.070000,12.130000,12.130000,52100
2019-01-28,12.050000,12.160000,11.890000,12.120000,12.120000,53400
2019-01-29,12.120000,12.170000,11.930000,12.000000,12.000000,31600
2019-01-30,12.090000,12.240000,11.900000,12.120000,12.120000,91500
2019-01-31,12.140000,12.340000,12.000000,12.120000,12.120000,50200
2019-02-01,12.050000,12.120000,11.950000,12.080000,12.080000,50700
2019-02-04,12.040000,12.470000,12.040000,12.230000,12.230000,42100
2019-02-05,12.330000,12.840000,12.330000,12.640000,12.640000,63500
2019-02-06,12.640000,12.640000,12.240000,12.330000,12.330000,50500
2019-02-07,12.250000,12.450000,12.100000,12.290000,12.290000,56300
2019-02-08,12.220000,12.240000,11.745000,11.780000,11.780000,119900
2019-02-11,11.800000,11.860000,11.640000,11.790000,11.790000,72800
2019-02-12,11.750000,11.910000,11.735000,11.780000,11.780000,50600
2019-02-13,11.800000,12.060000,11.770000,11.910000,11.910000,52100
2019-02-14,11.870000,12.350000,11.710000,12.210000,12.210000,74300
2019-02-15,12.310000,12.950000,12.248000,12.900000,12.900000,106200
2019-02-19,12.900000,13.085000,12.600000,12.900000,12.900000,70800
2019-02-20,12.780000,13.360000,12.730000,13.170000,13.170000,74100
2019-02-21,13.200000,13.364000,12.970000,13.070000,13.070000,51400
2019-02-22,13.110000,13.210000,12.850000,13.060000,13.060000,82300
2019-02-25,13.050000,13.268000,13.010000,13.130000,13.130000,47400
2019-02-26,13.150000,13.220000,12.820000,13.000000,13.000000,66800
2019-02-27,13.000000,13.100000,12.750000,12.810000,12.810000,132000
2019-02-28,12.900000,12.900000,12.260000,12.490000,12.490000,148000
2019-03-01,12.850000,14.105000,12.850000,13.880000,13.880000,166100
2019-03-04,13.810000,14.030000,13.160000,13.650000,13.650000,210600
2019-03-05,13.640000,13.800000,12.620000,13.240000,13.240000,271800
2019-03-06,13.310000,13.400000,12.680000,12.850000,12.850000,163900
2019-03-07,12.850000,12.860000,12.500000,12.510000,12.510000,45700
2019-03-08,10.920000,11.710000,9.560000,10.460000,10.460000,1018800
2019-03-11,10.020000,10.148000,9.200000,9.790000,9.790000,604800
2019-03-12,9.710000,10.220000,9.660000,9.670000,9.670000,156400
2019-03-13,9.790000,10.450000,9.650000,10.340000,10.340000,211100
2019-03-14,10.490000,10.900000,10.195000,10.230000,10.230000,192300
2019-03-15,10.230000,10.240000,9.700000,10.020000,10.020000,305600
2019-03-18,10.010000,10.310000,9.743000,9.830000,9.830000,82700
2019-03-19,9.930000,10.160000,9.820000,9.990000,9.990000,164600
2019-03-20,9.960000,10.010000,9.580000,9.890000,9.890000,84500
2019-03-21,9.810000,9.920000,9.717000,9.730000,9.730000,68500
2019-03-22,9.690000,9.745000,9.450000,9.500000,9.500000,122100
2019-03-25,9.500000,9.840000,9.430000,9.750000,9.750000,105200
2019-03-26,9.810000,9.980000,9.650000,9.840000,9.840000,144600
2019-03-27,9.850000,9.890000,9.470000,9.700000,9.700000,218800
2019-03-28,7.520000,7.520000,5.805000,6.010000,6.010000,3076300
2019-03-29,6.080000,6.450000,6.000000,6.140000,6.140000,1067400
2019-04-01,6.130000,6.430000,5.760000,6.110000,6.110000,693500
2019-04-02,6.030000,6.180000,5.630000,5.960000,5.960000,448800
2019-04-03,6.000000,6.440000,5.849000,6.130000,6.130000,388400
2019-04-04,6.130000,6.360000,6.040000,6.060000,6.060000,483300
2019-04-05,6.060000,6.130000,5.910000,6.060000,6.060000,484300
2019-04-08,6.040000,6.080000,5.840000,6.000000,6.000000,215400
2019-04-09,5.990000,6.170000,5.811000,5.960000,5.960000,260500
2019-04-10,5.990000,6.980000,5.970000,6.690000,6.690000,313900
2019-04-11,6.770000,7.960000,6.530000,6.580000,6.580000,551700
2019-04-12,6.570000,6.800000,6.380000,6.450000,6.450000,157100
2019-04-15,6.450000,6.690000,6.281000,6.350000,6.350000,106800
2019-04-16,6.360000,6.430000,5.800000,5.840000,5.840000,320700
2019-04-17,5.900000,6.030000,5.480000,6.000000,6.000000,456600
2019-04-18,6.000000,6.520000,5.820000,6.400000,6.400000,256000
2019-04-22,6.370000,6.480000,5.980000,6.010000,6.010000,206200
2019-04-23,6.140000,6.770000,6.080000,6.550000,6.550000,365600
2019-04-24,6.560000,6.700000,6.450000,6.620000,6.620000,160900
2019-04-25,6.610000,6.710000,6.420000,6.650000,6.650000,127200
2019-04-26,6.590000,7.150000,6.443000,6.730000,6.730000,266700
2019-04-29,6.730000,7.190000,6.730000,7.040000,7.040000,223300
2019-04-30,7.050000,7.275000,6.730000,6.880000,6.880000,95200
2019-05-01,6.870000,7.200000,6.780000,7.110000,7.110000,91900
2019-05-02,7.070000,7.210000,6.890000,7.200000,7.200000,106200
2019-05-03,7.230000,7.746000,7.150000,7.610000,7.610000,156500
2019-05-06,7.380000,8.010000,7.380000,7.730000,7.730000,139700
2019-05-07,7.630000,7.750000,7.310000,7.430000,7.430000,110000
2019-05-08,7.450000,7.460000,7.050000,7.090000,7.090000,80700
2019-05-09,7.040000,7.160000,6.849000,7.130000,7.130000,164600
2019-05-10,7.130000,7.210000,6.670000,7.160000,7.160000,171500
2019-05-13,7.140000,7.140000,6.558000,6.900000,6.900000,221900
2019-05-14,6.890000,6.890000,6.310000,6.360000,6.360000,181000
2019-05-15,6.320000,6.600000,6.180000,6.540000,6.540000,188800
2019-05-16,6.480000,6.700000,6.380000,6.410000,6.410000,113300
2019-05-17,6.340000,6.670000,6.340000,6.510000,6.510000,122100
2019-05-20,6.450000,6.780000,6.360000,6.700000,6.700000,116400
2019-05-21,6.750000,6.900000,6.580000,6.720000,6.720000,162900
2019-05-22,6.700000,6.910000,6.515000,6.740000,6.740000,132300
2019-05-23,6.650000,6.650000,6.170000,6.280000,6.280000,100900
2019-05-24,6.350000,6.350000,6.070000,6.230000,6.230000,97700
2019-05-28,6.220000,6.285000,6.150000,6.220000,6.220000,214000
2019-05-29,6.150000,6.170000,5.870000,6.020000,6.020000,144800
2019-05-30,6.040000,6.310000,5.973000,6.250000,6.250000,127600
2019-05-31,6.210000,6.560000,6.130000,6.490000,6.490000,104900
2019-06-03,6.500000,6.590000,6.370000,6.580000,6.580000,94000
2019-06-04,6.670000,6.930000,6.550000,6.810000,6.810000,185200
2019-06-05,6.850000,6.850000,6.340000,6.460000,6.460000,208000
2019-06-06,6.460000,6.650000,6.300000,6.470000,6.470000,233800
2019-06-07,6.500000,6.620000,6.370000,6.530000,6.530000,164900
2019-06-10,6.560000,6.910000,6.540000,6.640000,6.640000,205400
2019-06-11,6.680000,6.850000,6.430000,6.450000,6.450000,170100
2019-06-12,6.390000,6.390000,6.090000,6.140000,6.140000,281500
2019-06-13,6.150000,6.370000,5.942000,6.230000,6.230000,331100
2019-06-14,6.270000,6.440000,6.180000,6.240000,6.240000,214900
2019-06-17,6.240000,6.410000,6.120000,6.340000,6.340000,149000
2019-06-18,6.390000,6.860000,6.390000,6.560000,6.560000,234800
2019-06-19,6.550000,7.060000,6.470000,6.900000,6.900000,527400
2019-06-20,7.020000,7.230000,6.815000,7.010000,7.010000,355800
2019-06-21,6.960000,7.110000,6.720000,7.050000,7.050000,297800
2019-06-24,7.040000,7.200000,6.900000,6.990000,6.990000,268900
2019-06-25,7.000000,7.320000,6.965000,6.980000,6.980000,168300
2019-06-26,6.980000,7.110000,6.720000,6.830000,6.830000,127800
2019-06-27,6.840000,7.073000,6.790000,6.970000,6.970000,119900
2019-06-28,6.980000,7.630000,6.980000,7.440000,7.440000,901900
2019-07-01,7.560000,7.633000,7.260000,7.420000,7.420000,171200
2019-07-02,7.440000,7.560000,7.000000,7.100000,7.100000,242800
2019-07-03,7.130000,7.260000,6.950000,7.200000,7.200000,179900
2019-07-05,7.150000,7.350000,7.040000,7.280000,7.280000,92300
2019-07-08,7.320000,7.500000,7.250000,7.470000,7.470000,153500
2019-07-09,7.310000,7.345000,6.720000,6.750000,6.750000,313600
2019-07-10,6.560000,6.870000,6.560000,6.750000,6.750000,312800
2019-07-11,6.760000,7.000000,6.755000,6.920000,6.920000,144600
2019-07-12,6.920000,7.200000,6.700000,7.080000,7.080000,155000
2019-07-15,7.030000,7.230000,6.890000,7.020000,7.020000,83500
2019-07-16,6.920000,7.160000,6.920000,7.030000,7.030000,93800
2019-07-17,6.970000,7.241000,6.970000,7.110000,7.110000,199500
2019-07-18,7.020000,7.250000,7.000000,7.220000,7.220000,80500
2019-07-19,7.210000,7.320000,7.060000,7.080000,7.080000,93700
2019-07-22,7.090000,7.290000,6.800000,6.800000,6.800000,111400
2019-07-23,6.800000,6.930000,6.730000,6.850000,6.850000,99800
2019-07-24,6.830000,7.280000,6.830000,7.220000,7.220000,137800
2019-07-25,7.250000,7.390000,7.140000,7.260000,7.260000,106000
2019-07-26,7.310000,8.190000,7.310000,8.070000,8.070000,354500
2019-07-29,7.980000,8.140000,7.700000,7.790000,7.790000,146900
2019-07-30,7.730000,8.140000,7.690000,7.970000,7.970000,148400
2019-07-31,7.980000,8.240000,7.680000,7.700000,7.700000,121400
2019-08-01,7.740000,7.760000,7.330000,7.390000,7.390000,108700
2019-08-02,7.340000,7.450000,7.130000,7.260000,7.260000,98500
2019-08-05,7.200000,7.200000,6.910000,6.990000,6.990000,103900
2019-08-06,7.010000,7.245000,6.790000,7.050000,7.050000,105300
2019-08-07,6.920000,7.080000,6.790000,7.040000,7.040000,68900
2019-08-08,7.080000,7.200000,7.030000,7.150000,7.150000,84000
2019-08-09,7.160000,7.300000,6.850000,6.910000,6.910000,129900
2019-08-12,6.910000,7.100000,6.820000,6.850000,6.850000,80200
2019-08-13,6.810000,7.290000,6.810000,7.220000,7.220000,77900
2019-08-14,7.170000,7.190000,6.850000,6.900000,6.900000,71300
2019-08-15,6.870000,7.010000,6.770000,6.920000,6.920000,75100
2019-08-16,6.990000,7.190000,6.970000,7.140000,7.140000,92600
2019-08-19,7.260000,7.350000,6.950000,6.960000,6.960000,254800
2019-08-20,6.950000,6.960000,6.760000,6.950000,6.950000,52600
2019-08-21,7.060000,7.190000,6.930000,7.080000,7.080000,118500
2019-08-22,7.110000,7.140000,6.560000,6.640000,6.640000,96400
2019-08-23,6.530000,6.590000,6.100000,6.210000,6.210000,159400
2019-08-26,6.290000,6.290000,6.020000,6.200000,6.200000,166300
2019-08-27,6.260000,6.380000,5.890000,5.970000,5.970000,80000
2019-08-28,5.960000,6.280000,5.896000,6.260000,6.260000,82100
2019-08-29,6.330000,6.500000,6.220000,6.500000,6.500000,152300
2019-08-30,6.510000,6.570000,6.150000,6.200000,6.200000,105500
2019-09-03,6.080000,6.210000,5.940000,6.130000,6.130000,135700
2019-09-04,6.240000,6.290000,5.980000,6.080000,6.080000,79000
2019-09-05,6.210000,7.610000,6.210000,7.540000,7.540000,338000
2019-09-06,7.470000,8.299000,7.470000,7.800000,7.800000,310600
2019-09-09,7.860000,11.270000,7.821000,10.260000,10.260000,837100
2019-09-10,10.370000,11.230000,10.353000,10.940000,10.940000,472700
2019-09-11,11.000000,13.800000,10.840000,13.490000,13.490000,937000
2019-09-12,13.190000,13.190000,10.540000,10.610000,10.610000,644900
2019-09-13,10.620000,11.110000,9.770000,9.810000,9.810000,360200
2019-09-16,10.010000,10.020000,9.040000,9.170000,9.170000,395900
2019-09-17,9.250000,9.339000,8.380000,8.950000,8.950000,547400
2019-09-18,8.750000,8.890000,8.020000,8.500000,8.500000,364500
2019-09-19,8.290000,8.820000,8.180000,8.390000,8.390000,263500
2019-09-20,8.370000,8.500000,8.150000,8.370000,8.370000,369000
2019-09-23,8.320000,8.640000,8.060000,8.180000,8.180000,200900
2019-09-24,8.010000,8.140000,7.245000,7.300000,7.300000,407800
2019-09-25,7.180000,7.308000,6.880000,7.050000,7.050000,370600
2019-09-26,6.960000,7.160000,6.670000,6.750000,6.750000,256800
2019-09-27,6.820000,6.960000,6.450000,6.520000,6.520000,187700
2019-09-30,6.400000,6.600000,6.320000,6.320000,6.320000,177500
2019-10-01,6.280000,6.672000,5.860000,6.020000,6.020000,365500
2019-10-02,6.030000,6.290000,5.800000,6.080000,6.080000,303000
2019-10-03,6.070000,6.130000,5.700000,6.020000,6.020000,336600
2019-10-04,6.050000,6.350000,5.830000,6.250000,6.250000,135600
2019-10-07,6.260000,6.610000,6.180000,6.340000,6.340000,297600
2019-10-08,6.260000,6.305000,5.940000,6.000000,6.000000,210000
2019-10-09,6.070000,6.155000,5.892000,6.070000,6.070000,139000
2019-10-10,6.000000,6.170000,5.870000,5.960000,5.960000,160200
2019-10-11,6.120000,6.250000,6.010000,6.170000,6.170000,195700
2019-10-14,6.210000,6.380000,5.930000,6.260000,6.260000,149400
2019-10-15,6.210000,6.500000,6.190000,6.470000,6.470000,146200
2019-10-16,6.470000,6.691000,6.450000,6.630000,6.630000,118200
2019-10-17,6.690000,6.900000,6.610000,6.790000,6.790000,123400
2019-10-18,6.720000,6.850000,6.390000,6.730000,6.730000,132300
2019-10-21,6.870000,7.380000,6.785000,7.200000,7.200000,235500
2019-10-22,7.160000,7.387000,7.100000,7.360000,7.360000,123000
2019-10-23,7.370000,7.550000,7.130000,7.180000,7.180000,124100
2019-10-24,7.190000,7.425000,6.980000,7.400000,7.400000,134600
2019-10-25,7.370000,8.130000,7.250000,7.850000,7.850000,190900
2019-10-28,7.900000,8.480000,7.880000,8.170000,8.170000,153500
2019-10-29,8.090000,8.580000,7.980000,8.550000,8.550000,135700
2019-10-30,8.520000,9.080000,8.170000,8.890000,8.890000,253900
2019-10-31,8.840000,8.890000,8.270000,8.320000,8.320000,141000
2019-11-01,8.410000,9.050000,8.280000,8.350000,8.350000,144400
2019-11-04,8.500000,9.330000,8.410000,9.070000,9.070000,282500
2019-11-05,9.180000,9.440000,8.600000,8.730000,8.730000,233800
2019-11-06,9.750000,10.210000,8.531000,8.850000,8.850000,479500
2019-11-07,9.000000,9.000000,8.280000,8.420000,8.420000,244200
2019-11-08,8.600000,9.590000,8.550000,9.420000,9.420000,283700
2019-11-11,9.310000,9.950000,9.310000,9.660000,9.660000,130700
2019-11-12,9.650000,10.550000,9.630000,9.740000,9.740000,302100
2019-11-13,9.590000,9.840000,9.090000,9.490000,9.490000,227100
2019-11-14,9.450000,9.878000,9.200000,9.240000,9.240000,131800
2019-11-15,9.340000,9.550000,8.840000,9.110000,9.110000,132200
2019-11-18,9.030000,9.120000,8.620000,8.920000,8.920000,196200
2019-11-19,9.190000,9.270000,8.760000,8.890000,8.890000,170600
2019-11-20,8.680000,9.080000,8.500000,8.930000,8.930000,127100
2019-11-21,9.030000,9.040000,8.770000,8.920000,8.920000,97700
2019-11-22,9.000000,9.380000,8.960000,9.160000,9.160000,131400
2019-11-25,9.290000,9.680000,9.145000,9.530000,9.530000,231100
2019-11-26,9.480000,9.480000,9.130000,9.300000,9.300000,115200
2019-11-27,9.320000,9.430000,9.050000,9.280000,9.280000,145200
2019-11-29,9.190000,9.760000,9.190000,9.460000,9.460000,77300
2019-12-02,9.550000,9.670000,9.240000,9.330000,9.330000,101500
2019-12-03,9.130000,9.300000,8.730000,8.800000,8.800000,165200
2019-12-04,8.850000,9.220000,8.830000,9.200000,9.200000,127300
2019-12-05,9.330000,9.480000,9.120000,9.430000,9.430000,122100
2019-12-06,9.530000,10.080000,9.450000,9.650000,9.650000,267600
2019-12-09,9.650000,10.280000,9.619000,9.960000,9.960000,171900
2019-12-10,9.820000,10.020000,9.620000,9.910000,9.910000,86900
2019-12-11,9.830000,10.190000,9.750000,10.170000,10.170000,123500
2019-12-12,10.040000,10.600000,10.010000,10.280000,10.280000,87600
2019-12-13,10.150000,10.380000,10.000000,10.190000,10.190000,82500
2019-12-16,10.200000,10.400000,9.900000,9.990000,9.990000,79700
2019-12-17,9.970000,10.210000,9.800000,9.810000,9.810000,84700
2019-12-18,10.150000,10.150000,9.810000,9.910000,9.910000,117700
2019-12-19,9.990000,9.990000,9.610000,9.660000,9.660000,99600
2019-12-20,9.740000,9.740000,9.300000,9.640000,9.640000,140600
2019-12-23,9.700000,9.700000,9.270000,9.660000,9.660000,106200
2019-12-24,9.760000,10.180000,9.640000,9.980000,9.980000,56800
2019-12-26,10.110000,10.170000,9.890000,10.140000,10.140000,52900
2019-12-27,10.200000,10.260000,10.010000,10.020000,10.020000,65200
2019-12-30,10.130000,10.162000,9.910000,10.010000,10.010000,100900
2019-12-31,9.930000,10.470000,9.900000,10.370000,10.370000,102100
2020-01-02,10.350000,10.350000,9.670000,9.770000,9.770000,106800
2020-01-03,9.550000,9.840000,9.280000,9.390000,9.390000,99200
2020-01-06,9.310000,9.420000,8.960000,9.170000,9.170000,136200
2020-01-07,9.090000,9.250000,9.020000,9.140000,9.140000,66500
2020-01-08,9.160000,9.450000,9.085000,9.290000,9.290000,78900
2020-01-09,9.370000,9.530000,9.210000,9.260000,9.260000,47100
2020-01-10,9.260000,9.310000,9.040000,9.250000,9.250000,57000
2020-01-13,9.380000,9.740000,9.180000,9.600000,9.600000,83600
2020-01-14,9.570000,10.090000,9.570000,9.750000,9.750000,72800
2020-01-15,9.730000,10.030000,9.670000,9.740000,9.740000,63900
2020-01-16,9.840000,10.100000,9.740000,9.840000,9.840000,79300
2020-01-17,9.980000,10.040000,9.650000,9.660000,9.660000,62700
2020-01-21,9.580000,9.910000,9.510000,9.850000,9.850000,82800
2020-01-22,9.870000,9.930000,9.680000,9.690000,9.690000,32000
2020-01-23,9.570000,9.570000,9.142000,9.330000,9.330000,103500
2020-01-24,9.530000,9.960000,9.430000,9.820000,9.820000,119600
2020-01-27,9.550000,9.780000,9.330000,9.710000,9.710000,61700
2020-01-28,9.780000,9.960000,9.730000,9.870000,9.870000,38500
2020-01-29,9.830000,9.890000,9.570000,9.630000,9.630000,32500
2020-01-30,9.440000,9.610000,9.200000,9.410000,9.410000,89500
2020-01-31,9.310000,9.350000,8.830000,9.080000,9.080000,65000
2020-02-03,9.150000,9.380000,9.050000,9.080000,9.080000,66100
2020-02-04,9.270000,9.270000,8.700000,8.880000,8.880000,71500
2020-02-05,9.020000,9.120000,8.890000,9.090000,9.090000,65400
2020-02-06,9.120000,9.275000,8.780000,8.830000,8.830000,77600
2020-02-07,8.790000,8.790000,8.390000,8.420000,8.420000,89600
2020-02-10,8.300000,8.710000,8.260000,8.690000,8.690000,54700
2020-02-11,8.750000,9.290000,8.750000,9.160000,9.160000,34700
2020-02-12,9.310000,9.580000,9.200000,9.270000,9.270000,47800
2020-02-13,9.190000,9.280000,9.060000,9.080000,9.080000,15600
2020-02-14,9.100000,9.100000,8.840000,9.020000,9.020000,31900
2020-02-18,8.870000,9.070000,8.710000,8.900000,8.900000,22400
2020-02-19,8.940000,8.940000,8.710000,8.820000,8.820000,20600
2020-02-20,8.770000,9.050000,8.680000,8.980000,8.980000,44900
2020-02-21,8.970000,8.970000,8.580000,8.750000,8.750000,28500
2020-02-24,8.290000,8.600000,8.200000,8.460000,8.460000,48100
2020-02-25,8.470000,8.750000,7.730000,7.950000,7.950000,117500
2020-02-26,8.030000,8.770000,7.800000,8.360000,8.360000,74900
2020-02-27,8.090000,8.590000,7.670000,8.340000,8.340000,99700
2020-02-28,8.220000,8.220000,7.600000,8.050000,8.050000,155700
2020-03-02,8.130000,8.690000,7.950000,8.650000,8.650000,50900
2020-03-03,8.590000,8.800000,8.250000,8.500000,8.500000,95200
2020-03-04,8.710000,9.040000,8.690000,8.800000,8.800000,120500
2020-03-05,8.560000,8.708000,8.000000,8.390000,8.390000,68300
2020-03-06,8.030000,8.470000,7.907000,8.270000,8.270000,91200
2020-03-09,7.470000,7.860000,7.430000,7.780000,7.780000,63400
2020-03-10,8.010000,8.210000,7.195000,8.050000,8.050000,98800
2020-03-11,7.780000,7.780000,7.050000,7.140000,7.140000,83100
2020-03-12,6.740000,6.750000,6.410000,6.510000,6.510000,109400
2020-03-13,6.860000,8.060000,6.550000,7.960000,7.960000,133700
2020-03-16,9.500000,9.500000,7.662000,8.740000,8.740000,455200
2020-03-17,8.830000,8.990000,7.420000,8.630000,8.630000,363000
2020-03-18,8.010000,8.740000,7.270000,7.580000,7.580000,200300
2020-03-19,7.550000,8.570000,7.455000,8.280000,8.280000,139100
2020-03-20,8.320000,8.320000,7.430000,7.680000,7.680000,258200
2020-03-23,7.720000,8.260000,7.410000,7.970000,7.970000,144300
2020-03-24,8.410000,8.540000,7.800000,8.050000,8.050000,141800
2020-03-25,7.980000,8.440000,7.720000,7.880000,7.880000,100600
2020-03-26,7.920000,8.510000,7.920000,8.190000,8.190000,109800
2020-03-27,7.840000,7.920000,7.340000,7.360000,7.360000,183200
2020-03-30,7.410000,7.410000,6.970000,7.010000,7.010000,107800
2020-03-31,6.970000,7.310000,6.510000,6.610000,6.610000,106000
2020-04-01,6.590000,6.590000,5.790000,6.240000,6.240000,124700
2020-04-02,6.110000,6.540000,5.790000,6.010000,6.010000,73900
2020-04-03,5.920000,6.210000,5.760000,5.910000,5.910000,149000
2020-04-06,6.170000,6.490000,6.010000,6.280000,6.280000,146000
2020-04-07,6.450000,6.655000,5.710000,5.780000,5.780000,135200
2020-04-08,5.640000,6.570000,5.640000,6.460000,6.460000,145800
2020-04-09,6.570000,7.280000,6.460000,7.140000,7.140000,175600
2020-04-13,6.910000,6.935000,6.510000,6.720000,6.720000,76300
2020-04-14,6.890000,6.904000,6.020000,6.160000,6.160000,179400
2020-04-15,5.930000,6.680000,5.800000,6.230000,6.230000,115200
2020-04-16,6.230000,6.250000,5.800000,6.170000,6.170000,97800
2020-04-17,6.310000,6.490000,6.110000,6.380000,6.380000,92500
2020-04-20,6.430000,6.470000,6.150000,6.220000,6.220000,62900
2020-04-21,6.100000,6.220000,5.950000,6.110000,6.110000,54000
2020-04-22,6.180000,6.301000,6.050000,6.090000,6.090000,49100
2020-04-23,6.050000,6.350000,6.050000,6.230000,6.230000,43800
2020-04-24,6.230000,7.250000,6.050000,7.120000,7.120000,193300
2020-04-27,7.350000,7.490000,7.090000,7.200000,7.200000,80100
2020-04-28,7.430000,7.440000,6.940000,7.150000,7.150000,53000
2020-04-29,7.440000,8.030000,7.090000,7.900000,7.900000,97100
2020-04-30,7.710000,7.735000,7.400000,7.480000,7.480000,51000
2020-05-01,7.250000,7.250000,6.650000,6.750000,6.750000,93500
2020-05-04,6.610000,6.860000,6.607000,6.810000,6.810000,36500
2020-05-05,6.960000,7.220000,6.680000,6.720000,6.720000,77300
2020-05-06,6.720000,7.150000,6.550000,7.040000,7.040000,80900
2020-05-07,7.140000,7.270000,6.780000,6.960000,6.960000,76600