Date,Open,High,Low,Close,Adj Close,Volume
2014-06-19,14.500000,14.880000,14.090000,14.110000,14.110000,1583100
2014-06-20,14.060000,14.540000,14.050000,14.310000,14.310000,74500
2014-06-23,14.360000,15.880000,14.360000,15.150000,15.150000,99600
2014-06-24,15.200000,16.000000,15.200000,15.810000,15.810000,50200
2014-06-25,15.670000,15.930000,15.350000,15.450000,15.450000,30900
2014-06-26,15.450000,15.950000,15.230000,15.540000,15.540000,36200
2014-06-27,15.630000,16.000000,15.590000,15.960000,15.960000,12000
2014-06-30,15.850000,16.000000,15.510000,15.970000,15.970000,20200
2014-07-01,16.000000,18.000000,15.984000,17.740000,17.740000,45500
2014-07-02,17.860001,19.490000,17.860001,19.440001,19.440001,48300
2014-07-03,19.490000,20.500000,19.462000,20.440001,20.440001,19500
2014-07-07,20.629999,21.600000,18.610001,19.000000,19.000000,67700
2014-07-08,19.100000,19.840000,17.400000,17.700001,17.700001,29000
2014-07-09,17.700001,18.969999,17.120001,17.920000,17.920000,29800
2014-07-10,16.709999,17.200001,16.000000,16.500000,16.500000,64600
2014-07-11,16.450001,18.010000,16.450001,17.750000,17.750000,24400
2014-07-14,18.240000,18.510000,15.880000,16.510000,16.510000,109200
2014-07-15,16.549999,16.709999,16.030001,16.500000,16.500000,31500
2014-07-16,16.469999,16.610001,16.090000,16.389999,16.389999,26300
2014-07-17,16.290001,16.650000,16.200001,16.240000,16.240000,31200
2014-07-18,16.379999,16.379999,15.850000,16.200001,16.200001,14800
2014-07-21,16.059999,16.110001,15.200000,15.200000,15.200000,22500
2014-07-22,15.200000,16.440001,15.161000,16.250000,16.250000,6700
2014-07-23,16.170000,16.170000,15.332000,15.910000,15.910000,33700
2014-07-24,15.940000,16.440001,15.510000,15.790000,15.790000,64200
2014-07-25,15.610000,15.780000,15.160000,15.690000,15.690000,55400
2014-07-28,15.580000,15.800000,15.200000,15.370000,15.370000,9500
2014-07-29,15.260000,15.900000,15.160000,15.650000,15.650000,5800
2014-07-30,15.530000,15.540000,15.150000,15.200000,15.200000,8100
2014-07-31,15.060000,15.060000,14.370000,14.460000,14.460000,31500
2014-08-01,14.530000,14.530000,12.970000,13.230000,13.230000,25500
2014-08-04,13.260000,13.750000,12.800000,13.390000,13.390000,28600
2014-08-05,13.350000,13.380000,12.460000,13.020000,13.020000,24000
2014-08-06,12.350000,13.000000,12.130000,12.360000,12.360000,16900
2014-08-07,12.600000,12.600000,11.370000,12.030000,12.030000,17200
2014-08-08,11.560000,12.300000,11.560000,11.700000,11.700000,12800
2014-08-11,11.750000,12.280000,11.630000,11.860000,11.860000,19600
2014-08-12,11.900000,12.180000,11.680000,11.970000,11.970000,7700
2014-08-13,12.210000,12.590000,11.820000,12.090000,12.090000,4900
2014-08-14,12.100000,12.100000,11.522000,11.990000,11.990000,38700
2014-08-15,11.790000,12.245000,11.370000,11.650000,11.650000,56600
2014-08-18,11.950000,12.470000,11.780000,12.240000,12.240000,17300
2014-08-19,12.380000,12.480000,12.020000,12.460000,12.460000,10300
2014-08-20,12.499000,12.900000,12.300000,12.885000,12.885000,24600
2014-08-21,11.876000,13.000000,11.830000,12.460000,12.460000,30700
2014-08-22,12.160000,12.750000,12.000000,12.600000,12.600000,15500
2014-08-25,12.750000,13.690000,12.750000,13.240000,13.240000,29700
2014-08-26,13.280000,13.450000,12.610000,13.440000,13.440000,12200
2014-08-27,13.500000,14.230000,13.400000,13.900000,13.900000,18400
2014-08-28,13.960000,14.990000,13.640000,14.930000,14.930000,19500
2014-08-29,14.930000,15.000000,14.772000,14.960000,14.960000,5800
2014-09-02,14.540000,14.620000,13.910000,14.620000,14.620000,13800
2014-09-03,14.120000,14.490000,13.980000,14.370000,14.370000,15300
2014-09-04,14.060000,14.750000,13.990000,14.175000,14.175000,14600
2014-09-05,13.980000,14.300000,13.980000,13.980000,13.980000,18700
2014-09-08,14.250000,14.580000,14.170000,14.320000,14.320000,28600
2014-09-09,14.540000,14.550000,13.495000,13.750000,13.750000,38700
2014-09-10,14.780000,14.780000,13.750000,13.760000,13.760000,23200
2014-09-11,13.740000,14.090000,12.310000,12.980000,12.980000,47900
2014-09-12,12.980000,13.720000,12.620000,12.700000,12.700000,36100
2014-09-15,12.820000,14.016000,12.760000,13.910000,13.910000,30900
2014-09-16,13.960000,14.450000,13.430000,13.690000,13.690000,55300
2014-09-17,13.350000,13.700000,12.960000,13.040000,13.040000,28900
2014-09-18,13.010000,14.160000,13.010000,13.240000,13.240000,12800
2014-09-19,13.920000,14.000000,12.710000,12.710000,12.710000,81600
2014-09-22,13.170000,13.710000,12.540000,12.890000,12.890000,28600
2014-09-23,12.890000,14.390000,12.650000,14.010000,14.010000,30600
2014-09-24,14.010000,14.350000,13.630000,14.080000,14.080000,28700
2014-09-25,13.920000,14.100000,13.660000,13.950000,13.950000,22200
2014-09-26,13.990000,14.200000,13.790000,14.140000,14.140000,35000
2014-09-29,14.050000,14.520000,13.920000,14.390000,14.390000,32200
2014-09-30,14.150000,14.400000,13.800000,14.210000,14.210000,516200
2014-10-01,15.400000,20.000000,15.100000,19.000000,19.000000,908500
2014-10-02,19.000000,19.930000,18.670000,19.379999,19.379999,153200
2014-10-03,19.379999,22.870001,18.910000,22.480000,22.480000,204800
2014-10-06,22.500000,25.230000,22.500000,24.129999,24.129999,190400
2014-10-07,24.000000,24.000000,22.021000,22.450001,22.450001,127000
2014-10-08,22.450001,22.450001,20.490000,21.000000,21.000000,70300
2014-10-09,20.809999,21.280001,18.669001,19.010000,19.010000,158800
2014-10-10,18.860001,20.350000,18.860001,19.610001,19.610001,58600
2014-10-13,19.389999,20.469999,19.200001,20.240000,20.240000,52800
2014-10-14,20.530001,20.840000,19.510000,20.000000,20.000000,70300
2014-10-15,20.020000,20.080000,18.570000,19.080000,19.080000,112600
2014-10-16,19.000000,21.200001,19.000000,20.770000,20.770000,40600
2014-10-17,21.010000,21.010000,20.110001,20.790001,20.790001,46700
2014-10-20,20.639999,22.610001,19.760000,19.980000,19.980000,79300
2014-10-21,20.030001,21.799999,20.030001,21.160000,21.160000,44700
2014-10-22,21.610001,24.219999,20.504999,23.500000,23.500000,82000
2014-10-23,23.959999,24.690001,22.500000,22.980000,22.980000,43900
2014-10-24,23.080000,24.490000,21.059999,21.350000,21.350000,35800
2014-10-27,21.190001,24.246000,19.430000,20.090000,20.090000,27100
2014-10-28,19.850000,20.315001,19.330000,20.299999,20.299999,30700
2014-10-29,20.304001,21.170000,19.820000,20.389999,20.389999,8500
2014-10-30,20.358999,21.910000,19.900000,19.910000,19.910000,69700
2014-10-31,20.250000,22.327999,20.250000,21.930000,21.930000,91900
2014-11-03,21.799999,23.000000,20.820000,22.580000,22.580000,21000
2014-11-04,24.000000,24.000000,21.440001,22.420000,22.420000,27300
2014-11-05,23.290001,23.299999,21.549999,23.139999,23.139999,15500
2014-11-06,22.549999,24.250000,22.309999,24.010000,24.010000,32000
2014-11-07,24.010000,24.760000,23.200001,23.490000,23.490000,31300
2014-11-10,23.240000,23.700001,21.750000,22.690001,22.690001,45800
2014-11-11,22.510000,22.510000,21.500000,21.910000,21.910000,25500
2014-11-12,21.620001,23.580000,21.430000,21.600000,21.600000,21500
2014-11-13,21.600000,21.934999,20.900999,21.650000,21.650000,19600
2014-11-14,21.930000,21.930000,21.190001,21.639999,21.639999,10100
2014-11-17,21.629999,21.730000,20.200001,20.260000,20.260000,19700
2014-11-18,20.280001,21.350000,20.170000,21.330000,21.330000,14600
2014-11-19,21.150000,21.299999,20.370001,20.969999,20.969999,15000
2014-11-20,20.860001,22.180000,20.680000,22.170000,22.170000,16800
2014-11-21,22.570000,23.604000,22.040001,22.809999,22.809999,15100
2014-11-24,23.530001,23.850000,23.000000,23.840000,23.840000,25500
2014-11-25,23.950001,23.950001,23.170000,23.920000,23.920000,10400
2014-11-26,23.980000,26.290001,23.980000,26.270000,26.270000,15100
2014-11-28,25.610001,27.240000,25.610001,26.770000,26.770000,19200
2014-12-01,27.059999,28.360001,26.719999,27.809999,27.809999,32500
2014-12-02,27.850000,29.990000,27.850000,29.200001,29.200001,43300
2014-12-03,29.420000,33.009998,29.000000,32.889999,32.889999,50000
2014-12-04,33.400002,35.480000,31.850000,32.740002,32.740002,70000
2014-12-05,32.650002,34.369999,32.354000,32.830002,32.830002,41900
2014-12-08,32.939999,33.490002,30.860001,30.870001,30.870001,33800
2014-12-09,30.129999,31.910999,28.379999,30.170000,30.170000,37000
2014-12-10,29.790001,29.790001,28.299999,28.750000,28.750000,24900
2014-12-11,28.770000,29.450001,28.459999,28.459999,28.459999,24400
2014-12-12,28.379999,31.520000,28.379999,30.350000,30.350000,29400
2014-12-15,26.000000,28.219999,21.128000,23.059999,23.059999,332600
2014-12-16,22.299999,23.964001,22.299999,23.320000,23.320000,152800
2014-12-17,22.680000,23.660000,22.680000,23.430000,23.430000,56900
2014-12-18,23.420000,24.670000,23.250000,24.049999,24.049999,57400
2014-12-19,23.110001,24.049999,23.110001,23.860001,23.860001,95200
2014-12-22,23.500000,24.049999,23.280001,23.900000,23.900000,64100
2014-12-23,23.639999,23.940001,22.000000,22.709999,22.709999,142200
2014-12-24,22.040001,22.535000,20.670000,20.969999,20.969999,91800
2014-12-26,21.600000,22.440001,20.910000,21.440001,21.440001,32100
2014-12-29,20.650000,21.200001,19.360001,20.230000,20.230000,115200
2014-12-30,19.639999,20.049999,18.750000,19.030001,19.030001,101000
2014-12-31,18.860001,19.270000,18.129999,18.889999,18.889999,176000
2015-01-02,19.469999,20.299999,18.950001,20.260000,20.260000,73100
2015-01-05,20.260000,21.962000,20.129999,21.959999,21.959999,66200
2015-01-06,22.190001,23.440001,22.100000,23.020000,23.020000,79000
2015-01-07,22.750000,23.480000,22.520000,23.330000,23.330000,47100
2015-01-08,23.000000,24.549999,23.000000,23.549999,23.549999,437500
2015-01-09,23.049999,24.420000,23.049999,23.500000,23.500000,76200
2015-01-12,24.070000,24.139999,23.000000,23.750000,23.750000,96700
2015-01-13,23.840000,24.320000,22.940001,23.790001,23.790001,164400
2015-01-14,23.690001,24.709999,23.020000,24.320000,24.320000,85800
2015-01-15,24.469999,24.469999,24.010000,24.270000,24.270000,93100
2015-01-16,24.049999,25.930000,24.049999,25.570000,25.570000,93000
2015-01-20,25.670000,26.000000,24.670000,25.379999,25.379999,111800
2015-01-21,25.510000,25.850000,24.311001,25.000000,25.000000,35900
2015-01-22,25.129999,26.750000,24.450001,26.309999,26.309999,287300
2015-01-23,26.129999,27.059999,26.129999,26.620001,26.620001,76600
2015-01-26,26.330000,26.969999,25.299999,26.160000,26.160000,47200
2015-01-27,26.110001,27.000000,25.379999,25.780001,25.780001,37300
2015-01-28,25.850000,27.990000,25.850000,27.440001,27.440001,113100
2015-01-29,27.420000,27.730000,26.270000,27.370001,27.370001,133000
2015-01-30,26.950001,27.740000,26.690001,27.010000,27.010000,227700
2015-02-02,25.639999,25.639999,18.301001,19.250000,19.250000,927000
2015-02-03,18.700001,19.280001,15.340000,15.540000,15.540000,450000
2015-02-04,16.000000,17.180000,15.600000,15.780000,15.780000,288800
2015-02-05,15.730000,16.469999,15.460000,15.950000,15.950000,167100
2015-02-06,15.940000,16.200001,15.730000,15.920000,15.920000,82800
2015-02-09,15.610000,16.040001,15.610000,15.890000,15.890000,82300
2015-02-10,15.810000,16.070000,15.610000,15.780000,15.780000,82100
2015-02-11,15.690000,16.230000,15.530000,15.830000,15.830000,78700
2015-02-12,16.000000,16.629999,15.680000,16.430000,16.430000,79700
2015-02-13,16.450001,17.190001,16.200001,17.139999,17.139999,73900
2015-02-17,17.250000,17.250000,16.100000,16.370001,16.370001,49800
2015-02-18,16.226999,17.670000,16.139999,17.629999,17.629999,65600
2015-02-19,17.820000,18.150000,17.010000,17.190001,17.190001,56500
2015-02-20,17.450001,17.490000,16.549999,17.180000,17.180000,62500
2015-02-23,17.049999,17.450001,16.450001,17.290001,17.290001,37500
2015-02-24,17.410000,17.410000,16.280001,16.879999,16.879999,70400
2015-02-25,16.889000,17.430000,16.299999,17.299999,17.299999,34000
2015-02-26,16.219999,16.629999,14.780000,16.010000,16.010000,116200
2015-02-27,16.000000,16.400000,15.740000,15.745000,15.745000,72500
2015-03-02,16.190001,16.784000,15.500000,16.459999,16.459999,97600
2015-03-03,16.430000,16.430000,15.340000,15.400000,15.400000,105200
2015-03-04,15.050000,15.960000,15.000000,15.600000,15.600000,81000
2015-03-05,15.570000,16.219999,15.210000,16.080000,16.080000,45600
2015-03-06,15.950000,15.980000,15.490000,15.660000,15.660000,53600
2015-03-09,15.310000,15.560000,14.900000,15.130000,15.130000,93700
2015-03-10,15.200000,15.600000,14.810000,15.330000,15.330000,54700
2015-03-11,15.430000,15.600000,15.050000,15.350000,15.350000,41900
2015-03-12,15.320000,15.595000,14.820000,15.530000,15.530000,58900
2015-03-13,15.620000,16.219999,15.330000,15.500000,15.500000,54500
2015-03-16,15.740000,15.810000,15.100000,15.710000,15.710000,47400
2015-03-17,15.750000,15.940000,15.220000,15.630000,15.630000,27200
2015-03-18,15.630000,15.695000,15.300000,15.570000,15.570000,43300
2015-03-19,15.550000,16.160000,15.510000,15.900000,15.900000,40500
2015-03-20,15.910000,16.180000,15.260000,15.280000,15.280000,106500
2015-03-23,15.210000,15.700000,14.910000,15.150000,15.150000,140500
2015-03-24,15.210000,15.640000,15.000000,15.130000,15.130000,73100
2015-03-25,15.010000,15.150000,14.120000,14.300000,14.300000,97400
2015-03-26,14.300000,14.540000,13.940000,14.030000,14.030000,74500
2015-03-27,14.090000,14.616000,14.000000,14.010000,14.010000,80700
2015-03-30,13.990000,14.050000,13.140000,13.210000,13.210000,94300
2015-03-31,13.080000,13.310000,13.000000,13.090000,13.090000,65400
2015-04-01,13.080000,13.830000,12.910000,13.240000,13.240000,69100
2015-04-02,13.200000,13.260000,12.960000,13.020000,13.020000,49800
2015-04-06,12.950000,13.090000,12.550000,12.690000,12.690000,85500
2015-04-07,12.740000,12.880000,12.080000,12.220000,12.220000,110200
2015-04-08,12.140000,12.550000,12.040000,12.330000,12.330000,95100
2015-04-09,12.330000,13.190000,12.250000,12.870000,12.870000,313200
2015-04-10,13.000000,13.760000,12.700000,12.820000,12.820000,122400
2015-04-13,12.800000,13.755000,12.800000,13.340000,13.340000,115400
2015-04-14,13.480000,13.480000,12.910000,13.050000,13.050000,103200
2015-04-15,13.080000,13.310000,12.880000,13.150000,13.150000,110100
2015-04-16,13.170000,13.250000,12.460000,12.530000,12.530000,89100
2015-04-17,12.310000,12.790000,12.300000,12.480000,12.480000,103600
2015-04-20,12.480000,12.960000,11.590000,12.750000,12.750000,144200
2015-04-21,12.880000,13.120000,12.450000,12.520000,12.520000,131800
2015-04-22,12.600000,12.750000,12.040000,12.510000,12.510000,114400
2015-04-23,12.440000,12.505000,12.140000,12.410000,12.410000,121700
2015-04-24,12.450000,12.500000,11.880000,11.920000,11.920000,101900
2015-04-27,12.000000,12.415000,11.520000,11.740000,11.740000,123700
2015-04-28,11.790000,11.940000,11.364000,11.550000,11.550000,73500
2015-04-29,11.470000,11.780000,11.300000,11.370000,11.370000,68300
2015-04-30,11.200000,11.250000,10.400000,10.500000,10.500000,153700
2015-05-01,10.470000,11.130000,10.470000,11.010000,11.010000,41600
2015-05-04,10.810000,10.990000,10.700000,10.960000,10.960000,52800
2015-05-05,10.990000,10.990000,10.800000,10.910000,10.910000,43100
2015-05-06,8.900000,8.920000,7.950000,8.320000,8.320000,588800
2015-05-07,8.520000,8.830000,8.010000,8.660000,8.660000,159800
2015-05-08,8.760000,8.900000,8.580000,8.860000,8.860000,82100
2015-05-11,8.860000,9.170000,8.860000,9.000000,9.000000,111400
2015-05-12,8.910000,9.180000,8.510000,9.060000,9.060000,81300
2015-05-13,9.030000,9.080000,8.282000,8.960000,8.960000,75000
2015-05-14,8.960000,9.390000,8.650000,8.920000,8.920000,123200
2015-05-15,8.980000,9.070000,8.700000,8.950000,8.950000,61200
2015-05-18,8.950000,9.260000,8.870000,9.220000,9.220000,61700
2015-05-19,9.630000,10.730000,8.060000,10.630000,10.630000,587000
2015-05-20,11.250000,12.400000,11.000000,11.690000,11.690000,435300
2015-05-21,11.550000,11.550000,10.830000,11.170000,11.170000,188300
2015-05-22,11.060000,11.344000,11.000000,11.030000,11.030000,552300
2015-05-26,11.180000,11.180000,10.617000,10.910000,10.910000,104600
2015-05-27,10.970000,11.150000,10.680000,11.120000,11.120000,60700
2015-05-28,11.130000,11.130000,10.675000,10.960000,10.960000,42400
2015-05-29,10.940000,11.150000,10.600000,10.950000,10.950000,78500
2015-06-01,10.970000,10.970000,9.990000,10.160000,10.160000,81200
2015-06-02,9.900000,10.720000,9.900000,10.700000,10.700000,52400
2015-06-03,12.500000,15.570000,12.400000,14.950000,14.950000,995200
2015-06-04,16.139999,16.139999,14.190000,14.510000,14.510000,433600
2015-06-05,14.620000,14.810000,14.250000,14.540000,14.540000,135900
2015-06-08,14.500000,14.770000,14.300000,14.640000,14.640000,162200
2015-06-09,14.690000,14.870000,14.420000,14.610000,14.610000,110100
2015-06-10,14.800000,15.430000,14.410000,15.040000,15.040000,155100
2015-06-11,15.020000,15.200000,14.170000,14.600000,14.600000,124500
2015-06-12,14.610000,14.660000,14.130000,14.640000,14.640000,68200
2015-06-15,14.930000,17.020000,14.870000,16.959999,16.959999,559000
2015-06-16,17.610001,17.660000,15.100000,15.690000,15.690000,254500
2015-06-17,15.650000,16.299999,15.380000,16.049999,16.049999,105800
2015-06-18,16.209999,17.010000,16.209999,16.360001,16.360001,122900
2015-06-19,16.480000,16.799999,15.970000,16.480000,16.480000,111100
2015-06-22,16.379999,16.639999,15.920000,16.430000,16.430000,99300
2015-06-23,16.520000,17.040001,16.340000,16.870001,16.870001,156000
2015-06-24,16.809999,17.000000,15.750000,15.930000,15.930000,110900
2015-06-25,16.000000,16.400000,15.590000,16.049999,16.049999,98100
2015-06-26,15.970000,16.320000,15.550000,15.890000,15.890000,975700
2015-06-29,15.750000,16.330000,14.770000,14.920000,14.920000,188100
2015-06-30,15.170000,16.190001,14.710000,15.970000,15.970000,191700
2015-07-01,16.090000,16.230000,15.490000,16.090000,16.090000,85900
2015-07-02,16.170000,16.270000,15.650000,15.890000,15.890000,77100
2015-07-06,15.650000,17.000000,15.000000,16.959999,16.959999,116300
2015-07-07,16.850000,16.850000,16.120001,16.660000,16.660000,51600
2015-07-08,16.948000,16.948000,15.717000,15.940000,15.940000,54700
2015-07-09,16.200001,16.750000,15.890000,16.459999,16.459999,92000
2015-07-10,16.700001,17.940001,16.624001,17.670000,17.670000,110300
2015-07-13,17.520000,17.770000,17.010000,17.290001,17.290001,114900
2015-07-14,17.200001,18.136999,17.010000,17.670000,17.670000,194300
2015-07-15,17.790001,17.790001,16.660000,16.889999,16.889999,178500
2015-07-16,17.049999,17.400000,16.740000,16.990000,16.990000,82100
2015-07-17,17.090000,17.170000,16.879999,16.990000,16.990000,169500
2015-07-20,17.000000,17.500000,16.950001,17.250000,17.250000,93100
2015-07-21,17.150000,17.730000,16.969999,17.629999,17.629999,314700
2015-07-22,17.459999,18.590000,17.070000,18.090000,18.090000,119400
2015-07-23,18.219999,18.858999,18.090000,18.100000,18.100000,62900
2015-07-24,18.100000,18.139999,17.510000,18.010000,18.010000,101000
2015-07-27,17.799999,19.170000,17.559999,19.139999,19.139999,143200
2015-07-28,19.230000,20.100000,18.959999,19.629999,19.629999,340300
2015-07-29,19.780001,19.860001,19.100000,19.270000,19.270000,156600
2015-07-30,19.309999,19.566000,18.410000,18.879999,18.879999,249000
2015-07-31,18.879999,19.760000,18.730000,19.719999,19.719999,584300
2015-08-03,19.600000,20.261000,17.670000,19.870001,19.870001,91500
2015-08-04,19.860001,19.900000,19.365000,19.790001,19.790001,57600
2015-08-05,19.860001,19.950001,19.010000,19.230000,19.230000,104000
2015-08-06,19.070000,19.299999,18.240000,18.410000,18.410000,96800
2015-08-07,18.250000,18.549999,18.250000,18.290001,18.290001,81500
2015-08-10,18.320000,18.760000,18.000000,18.110001,18.110001,143900
2015-08-11,18.000000,18.990000,17.830000,18.709999,18.709999,95700
2015-08-12,19.500000,19.500000,17.740000,18.250000,18.250000,148300
2015-08-13,18.209999,19.059999,17.820000,18.209999,18.209999,94600
2015-08-14,18.129999,18.959999,17.750000,18.910000,18.910000,75300
2015-08-17,18.950001,19.059999,18.580000,18.870001,18.870001,166100
2015-08-18,19.090000,20.000000,18.559999,19.360001,19.360001,302700
2015-08-19,18.990000,19.299999,17.680000,18.200001,18.200001,111600
2015-08-20,18.030001,18.379999,17.270000,17.290001,17.290001,97500
2015-08-21,16.799999,17.900000,16.600000,17.410000,17.410000,112100
2015-08-24,16.719999,17.660000,16.020000,16.719999,16.719999,131200
2015-08-25,17.370001,17.910000,17.100000,17.129999,17.129999,140900
2015-08-26,17.559999,18.920000,17.190001,17.700001,17.700001,158800
2015-08-27,17.850000,17.850000,17.200001,17.629999,17.629999,142600
2015-08-28,17.459999,18.889999,17.400000,18.750000,18.750000,106300
2015-08-31,18.740000,19.370001,18.070000,18.980000,18.980000,124600
2015-09-01,18.320000,19.370001,17.969999,18.770000,18.770000,108500
2015-09-02,18.860001,19.500000,18.000000,19.200001,19.200001,129800
2015-09-03,19.250000,19.730000,18.389999,18.580000,18.580000,131500
2015-09-04,18.299999,19.650000,18.299999,18.889999,18.889999,119700
2015-09-08,19.160000,20.992001,19.080000,20.459999,20.459999,291500
2015-09-09,20.820000,20.920000,19.670000,19.879999,19.879999,214300
2015-09-10,19.900000,20.980000,19.389999,20.650000,20.650000,202100
2015-09-11,20.639999,21.280001,18.650000,20.840000,20.840000,130500
2015-09-14,20.840000,21.770000,20.750000,21.299999,21.299999,150400
2015-09-15,21.540001,22.150000,20.879999,21.330000,21.330000,178200
2015-09-16,21.350000,21.924000,20.500000,20.930000,20.930000,170200
2015-09-17,20.940001,21.915001,20.469999,21.490000,21.490000,122500
2015-09-18,21.230000,22.000000,20.879999,21.990000,21.990000,207500
2015-09-21,22.080000,22.480000,20.660000,21.150000,21.150000,94000
2015-09-22,21.400000,22.000000,20.969999,21.400000,21.400000,150700
2015-09-23,21.510000,21.848000,20.889999,21.290001,21.290001,108200
2015-09-24,21.200001,21.660000,20.450001,21.629999,21.629999,122400
2015-09-25,21.889999,21.990000,19.969999,20.080000,20.080000,156300
2015-09-28,20.059999,20.059999,17.490000,17.680000,17.680000,207500
2015-09-29,17.530001,17.900000,16.150000,16.650000,16.650000,105600
2015-09-30,16.940001,17.360001,16.240000,17.280001,17.280001,194600
2015-10-01,17.230000,17.610001,16.219999,16.790001,16.790001,178600
2015-10-02,16.610001,18.660000,16.465000,18.650000,18.650000,148000
2015-10-05,18.900000,19.410000,18.120001,18.430000,18.430000,163200
2015-10-06,18.459999,18.820000,17.105000,18.520000,18.520000,176300
2015-10-07,18.670000,20.100000,18.170000,20.070000,20.070000,164200
2015-10-08,19.879999,20.440001,19.070000,20.040001,20.040001,96700
2015-10-09,20.110001,21.270000,20.110001,20.700001,20.700001,460600
2015-10-12,20.820000,21.010000,20.160000,20.520000,20.520000,111500
2015-10-13,20.450001,20.809999,19.969999,20.129999,20.129999,97100
2015-10-14,20.260000,20.438000,18.410000,18.629999,18.629999,115000
2015-10-15,18.559999,20.059999,18.333000,19.430000,19.430000,182900
2015-10-16,19.559999,19.670000,18.990000,19.400000,19.400000,72400
2015-10-19,19.270000,19.750000,18.450001,19.270000,19.270000,198200
2015-10-20,19.320000,19.570000,18.150000,18.530001,18.530001,208300
2015-10-21,18.650000,19.400000,16.889999,17.180000,17.180000,246000
2015-10-22,17.230000,18.010000,16.600000,17.000000,17.000000,114100
2015-10-23,17.209999,17.250000,15.770000,15.850000,15.850000,166000
2015-10-26,15.730000,18.200001,15.150000,17.180000,17.180000,279000
2015-10-27,17.150000,17.150000,15.950000,16.389999,16.389999,166100
2015-10-28,16.490000,17.620001,16.490000,17.490000,17.490000,158000
2015-10-29,17.490000,17.900000,16.820000,16.930000,16.930000,90700
2015-10-30,16.799999,17.049999,16.270000,16.379999,16.379999,48900
2015-11-02,16.360001,17.629999,16.360001,17.309999,17.309999,62700
2015-11-03,17.299999,17.930000,17.129999,17.570000,17.570000,133300
2015-11-04,17.580000,18.450001,17.370001,18.219999,18.219999,84100
2015-11-05,18.190001,18.250000,17.350000,18.010000,18.010000,58800
2015-11-06,17.959999,19.450001,17.250000,19.120001,19.120001,61100
2015-11-09,19.000000,19.400000,18.520000,19.120001,19.120001,81200
2015-11-10,19.080000,19.370001,18.540001,19.250000,19.250000,68500
2015-11-11,19.250000,19.450001,18.559999,19.270000,19.270000,70200
2015-11-12,16.900000,19.990000,15.125000,18.100000,18.100000,214600
2015-11-13,19.879999,19.879999,18.090000,18.420000,18.420000,74300
2015-11-16,18.469999,18.469999,17.440001,18.160000,18.160000,86200
2015-11-17,18.280001,18.590000,17.700001,17.809999,17.809999,86600
2015-11-18,17.920000,18.030001,17.150000,17.950001,17.950001,116200
2015-11-19,17.850000,17.870001,16.920000,17.010000,17.010000,103400
2015-11-20,17.120001,17.790001,16.760000,17.250000,17.250000,281200
2015-11-23,17.170000,18.330000,17.049999,18.230000,18.230000,59400
2015-11-24,18.020000,18.700001,18.020000,18.480000,18.480000,39200
2015-11-25,18.379999,19.549999,18.379999,19.540001,19.540001,59700
2015-11-27,19.500000,20.327999,17.990000,19.920000,19.920000,116700
2015-11-30,20.129999,20.150000,17.370001,19.559999,19.559999,143400
2015-12-01,19.680000,20.540001,18.010000,20.260000,20.260000,80800
2015-12-02,19.940001,20.980000,19.490000,20.360001,20.360001,107800
2015-12-03,20.320000,20.510000,18.680000,19.049999,19.049999,63300
2015-12-04,19.250000,19.250000,17.910000,19.000000,19.000000,94600
2015-12-07,19.020000,20.170000,17.790001,17.950001,17.950001,102600
2015-12-08,17.750000,18.709999,17.299999,18.500000,18.500000,60400
2015-12-09,18.440001,18.440001,17.270000,17.690001,17.690001,92300
2015-12-10,17.709999,18.190001,17.450001,18.040001,18.040001,70600
2015-12-11,17.860001,18.889999,17.860001,18.559999,18.559999,70800
2015-12-14,18.639999,19.420000,18.392000,19.180000,19.180000,116000
2015-12-15,19.299999,20.500000,19.299999,19.910000,19.910000,127000
2015-12-16,19.990000,20.080000,19.400000,20.000000,20.000000,165800
2015-12-17,20.000000,20.000000,19.150000,19.500000,19.500000,171400
2015-12-18,19.510000,20.299999,19.100000,19.610001,19.610001,970800
2015-12-21,19.889999,20.730000,19.520000,19.889999,19.889999,66800
2015-12-22,20.129999,20.170000,18.230000,18.730000,18.730000,115500
2015-12-23,18.850000,19.209999,18.070000,18.930000,18.930000,45000
2015-12-24,19.000000,19.190001,18.420000,19.020000,19.020000,35600
2015-12-28,18.910000,19.690001,18.350000,18.770000,18.770000,64900
2015-12-29,18.860001,19.850000,18.500000,19.809999,19.809999,129400
2015-12-30,19.860001,20.180000,19.170000,19.200001,19.200001,70700
2015-12-31,19.090000,19.690001,18.090000,18.120001,18.120001,82700
2016-01-04,17.580000,17.770000,16.750000,17.219999,17.219999,115300
2016-01-05,17.900000,17.900000,16.270000,16.459999,16.459999,135200
2016-01-06,16.299999,16.330000,14.800000,14.960000,14.960000,190800
2016-01-07,12.360000,12.360000,9.170000,10.090000,10.090000,1090000
2016-01-08,11.060000,11.290000,10.110000,10.720000,10.720000,3255500
2016-01-11,10.710000,10.830000,10.000000,10.310000,10.310000,495700
2016-01-12,10.400000,10.810000,10.010000,10.550000,10.550000,306700
2016-01-13,10.650000,10.720000,9.700000,9.850000,9.850000,349700
2016-01-14,9.920000,10.649000,9.430000,10.520000,10.520000,433500
2016-01-15,10.320000,11.025000,10.110000,10.550000,10.550000,692400
2016-01-19,10.750000,10.980000,10.150000,10.800000,10.800000,336800
2016-01-20,10.490000,10.960000,10.290000,10.770000,10.770000,384000
2016-01-21,10.820000,11.140000,10.486000,10.770000,10.770000,196400
2016-01-22,11.000000,11.870000,10.730000,11.750000,11.750000,259900
2016-01-25,11.690000,12.270000,11.260000,11.550000,11.550000,202900
2016-01-26,11.570000,11.680000,10.900000,11.410000,11.410000,156400
2016-01-27,11.340000,11.400000,10.364000,10.530000,10.530000,247100
2016-01-28,10.720000,10.920000,9.800000,10.090000,10.090000,551100
2016-01-29,10.160000,10.740000,9.910000,10.410000,10.410000,1249800
2016-02-01,10.400000,10.780000,10.190000,10.570000,10.570000,181700
2016-02-02,10.320000,10.460000,9.650000,9.870000,9.870000,145900
2016-02-03,9.840000,9.980000,9.130000,9.870000,9.870000,344100
2016-02-04,9.800000,10.560000,9.610000,10.100000,10.100000,135900
2016-02-05,9.940000,10.030000,9.650000,9.820000,9.820000,212400
2016-02-08,9.670000,9.680000,8.860000,9.100000,9.100000,289700
2016-02-09,8.960000,9.440000,8.870000,9.160000,9.160000,173800
2016-02-10,9.260000,10.000000,9.020000,9.400000,9.400000,150000
2016-02-11,9.120000,9.440000,9.030000,9.380000,9.380000,176500
2016-02-12,9.490000,10.260000,9.200000,10.220000,10.220000,141200
2016-02-16,10.360000,10.690000,10.120000,10.590000,10.590000,118000
2016-02-17,10.700000,11.550000,10.530000,11.260000,11.260000,194000
2016-02-18,11.290000,11.470000,10.370000,10.450000,10.450000,133900
2016-02-19,10.420000,11.020000,10.110000,10.850000,10.850000,159000
2016-02-22,11.000000,11.165000,10.810000,10.890000,10.890000,112000
2016-02-23,10.820000,11.080000,10.010000,10.040000,10.040000,227800
2016-02-24,9.800000,10.510000,9.760000,10.090000,10.090000,138500
2016-02-25,10.010000,10.200000,9.620000,9.840000,9.840000,122500
2016-02-26,9.910000,10.220000,9.680000,9.940000,9.940000,120500
2016-02-29,9.910000,9.910000,9.290000,9.660000,9.660000,273800
2016-03-01,9.740000,10.280000,9.480000,10.250000,10.250000,210500
2016-03-02,10.200000,10.970000,9.305000,10.540000,10.540000,206200
2016-03-03,10.880000,10.955000,9.950000,10.060000,10.060000,143400
2016-03-04,10.180000,10.847000,9.030000,9.140000,9.140000,207400
2016-03-07,9.010000,9.810000,9.010000,9.540000,9.540000,145600
2016-03-08,9.460000,9.600000,8.500000,8.510000,8.510000,224100
2016-03-09,8.830000,9.270000,8.130000,8.580000,8.580000,172500
2016-03-10,8.530000,8.740000,7.575000,7.960000,7.960000,214000
2016-03-11,8.050000,8.880000,7.810000,8.190000,8.190000,101000
2016-03-14,8.190000,8.525000,8.120000,8.240000,8.240000,83300
2016-03-15,8.110000,8.250000,7.840000,7.890000,7.890000,241600
2016-03-16,7.820000,7.930000,7.320000,7.450000,7.450000,90600
2016-03-17,7.450000,7.450000,6.840000,6.880000,6.880000,175300
2016-03-18,6.940000,7.467000,6.880000,7.170000,7.170000,299000
2016-03-21,7.140000,7.860000,7.080000,7.440000,7.440000,151800
2016-03-22,7.660000,8.260000,7.660000,7.850000,7.850000,160000
2016-03-23,7.850000,8.000000,7.101000,7.190000,7.190000,121700
2016-03-24,7.100000,7.480000,6.900000,7.350000,7.350000,160200
2016-03-28,7.400000,7.790000,6.880000,6.980000,6.980000,496400
2016-03-29,6.910000,7.790000,6.900000,7.500000,7.500000,298900
2016-03-30,7.600000,8.103000,7.320000,7.540000,7.540000,193400
2016-03-31,7.870000,8.020000,7.410000,7.770000,7.770000,312200
2016-04-01,7.670000,8.080000,7.570000,7.780000,7.780000,175500
2016-04-04,7.850000,8.270000,7.780000,7.830000,7.830000,187500
2016-04-05,7.730000,7.940000,7.390000,7.420000,7.420000,208700
2016-04-06,7.430000,8.090000,7.420000,8.080000,8.080000,143700
2016-04-07,7.990000,8.310000,7.590000,7.960000,7.960000,261700
2016-04-08,8.070000,8.200000,7.790000,7.950000,7.950000,146500
2016-04-11,8.020000,8.150000,7.700000,7.760000,7.760000,78800
2016-04-12,7.800000,8.000000,7.575000,7.740000,7.740000,81600
2016-04-13,7.820000,8.170000,7.660000,8.080000,8.080000,105400
2016-04-14,8.090000,8.590000,8.050000,8.260000,8.260000,84500
2016-04-15,8.190000,8.380000,8.010000,8.230000,8.230000,74200
2016-04-18,8.210000,8.630000,8.137000,8.230000,8.230000,71900
2016-04-19,8.290000,8.370000,7.800000,8.070000,8.070000,94900
2016-04-20,8.090000,8.240000,7.850000,8.050000,8.050000,44100
2016-04-21,8.120000,8.690000,8.050000,8.680000,8.680000,134000
2016-04-22,8.760000,8.859000,8.450000,8.850000,8.850000,93100
2016-04-25,8.900000,9.040000,8.500000,8.650000,8.650000,73400
2016-04-26,8.700000,8.754000,8.260000,8.370000,8.370000,86300
2016-04-27,8.410000,8.540000,8.110000,8.240000,8.240000,79500
2016-04-28,8.220000,8.310000,8.000000,8.050000,8.050000,124000
2016-04-29,8.000000,8.250000,7.920000,8.010000,8.010000,94600
2016-05-02,7.940000,8.270000,7.790000,8.180000,8.180000,84100
2016-05-03,8.080000,8.930000,8.080000,8.310000,8.310000,106900
2016-05-04,8.180000,8.220000,7.720000,7.750000,7.750000,107200
2016-05-05,7.860000,7.865000,7.545000,7.640000,7.640000,88500
2016-05-06,7.630000,7.710000,7.230000,7.270000,7.270000,82800
2016-05-09,7.240000,7.780000,7.123000,7.660000,7.660000,65200
2016-05-10,7.150000,7.400000,6.850000,7.250000,7.250000,159700
2016-05-11,7.230000,7.370000,6.930000,6.990000,6.990000,68700
2016-05-12,7.060000,7.060000,6.360000,6.480000,6.480000,171100
2016-05-13,6.460000,6.790000,6.390000,6.790000,6.790000,88400
2016-05-16,6.870000,7.320000,6.870000,7.300000,7.300000,84200
2016-05-17,7.280000,7.560000,7.090000,7.170000,7.170000,93600
2016-05-18,7.130000,7.730000,7.100000,7.670000,7.670000,65600
2016-05-19,7.630000,7.850000,7.350000,7.520000,7.520000,55900
2016-05-20,7.590000,7.900000,7.517000,7.860000,7.860000,67500
2016-05-23,7.850000,8.320000,7.780000,7.960000,7.960000,59800
2016-05-24,8.480000,8.480000,8.040000,8.380000,8.380000,73800
2016-05-25,8.450000,8.830000,8.330000,8.800000,8.800000,75900
2016-05-26,8.780000,8.875000,8.550000,8.700000,8.700000,60800
2016-05-27,8.780000,9.040000,8.700000,8.850000,8.850000,55300
2016-05-31,8.960000,9.230000,8.860000,9.150000,9.150000,128100
2016-06-01,9.070000,9.180000,8.970000,9.160000,9.160000,84300
2016-06-02,9.130000,9.370000,9.010000,9.270000,9.270000,62100
2016-06-03,9.260000,9.260000,8.720000,9.030000,9.030000,83200
2016-06-06,9.060000,9.600000,8.980000,9.590000,9.590000,185300
2016-06-07,9.660000,9.810000,8.980000,9.010000,9.010000,133100
2016-06-08,9.030000,9.320000,8.776000,9.190000,9.190000,74600
2016-06-09,9.100000,9.420000,8.610000,8.660000,8.660000,79500
2016-06-10,8.520000,8.710000,8.040000,8.230000,8.230000,113500
2016-06-13,8.230000,8.990000,8.080000,8.690000,8.690000,129200
2016-06-14,8.710000,9.040000,8.510000,8.760000,8.760000,74300
2016-06-15,8.770000,9.010000,8.350000,8.400000,8.400000,99000
2016-06-16,8.350000,8.660000,8.220000,8.640000,8.640000,126800
2016-06-17,8.660000,8.660000,7.980000,8.130000,8.130000,210000
2016-06-20,8.310000,8.530000,8.200000,8.460000,8.460000,90800
2016-06-21,8.470000,8.470000,7.960000,8.130000,8.130000,61200
2016-06-22,8.130000,8.250000,7.650000,7.880000,7.880000,128900
2016-06-23,8.040000,8.300000,7.890000,8.270000,8.270000,85100
2016-06-24,7.760000,8.220000,7.750000,8.040000,8.040000,754800
2016-06-27,7.890000,8.130000,7.710000,7.780000,7.780000,104100
2016-06-28,7.940000,8.420000,7.730000,8.270000,8.270000,95500
2016-06-29,8.430000,8.550000,8.250000,8.450000,8.450000,107000
2016-06-30,8.460000,8.750000,8.450000,8.730000,8.730000,66900
2016-07-01,8.680000,8.990000,8.660000,8.930000,8.930000,61300
2016-07-05,8.810000,8.820000,8.420000,8.590000,8.590000,55900
2016-07-06,8.460000,8.900000,8.440000,8.880000,8.880000,41300
2016-07-07,8.890000,9.080000,8.890000,9.050000,9.050000,45700
2016-07-08,9.060000,9.350000,8.970000,9.260000,9.260000,66800
2016-07-11,9.330000,9.500000,9.170000,9.350000,9.350000,35000
2016-07-12,9.470000,9.570000,9.322000,9.390000,9.390000,46200
2016-07-13,9.490000,9.520000,8.940000,8.960000,8.960000,36700
2016-07-14,9.120000,9.120000,8.670000,8.750000,8.750000,86000
2016-07-15,8.890000,10.890000,8.850000,9.990000,9.990000,722000
2016-07-18,10.000000,10.140000,9.620000,9.970000,9.970000,199500
2016-07-19,9.960000,10.260000,9.478000,9.730000,9.730000,212000
2016-07-20,9.760000,9.970000,9.500000,9.930000,9.930000,45700
2016-07-21,10.070000,11.070000,10.050000,10.550000,10.550000,248900
2016-07-22,10.710000,10.860000,10.460000,10.600000,10.600000,202900
2016-07-25,10.610000,10.710000,10.190000,10.380000,10.380000,191700
2016-07-26,10.350000,10.700000,10.177000,10.660000,10.660000,323400
2016-07-27,10.690000,10.890000,10.505000,10.800000,10.800000,129200
2016-07-28,10.800000,10.860000,10.540000,10.620000,10.620000,106000
2016-07-29,10.580000,10.750000,10.380000,10.680000,10.680000,109200
2016-08-01,10.800000,10.900000,10.460000,10.500000,10.500000,107400
2016-08-02,10.550000,10.690000,10.280000,10.440000,10.440000,58100
2016-08-03,10.440000,10.480000,10.250000,10.440000,10.440000,71000
2016-08-04,10.470000,10.587000,10.240000,10.290000,10.290000,62100
2016-08-05,10.340000,10.490000,10.230000,10.270000,10.270000,133400
2016-08-08,10.390000,10.618000,10.200000,10.290000,10.290000,77200
2016-08-09,10.180000,10.300000,9.950000,10.200000,10.200000,93400
2016-08-10,10.260000,10.340000,9.660000,9.900000,9.900000,110000
2016-08-11,9.940000,10.160000,9.774000,10.050000,10.050000,77400
2016-08-12,10.060000,10.150000,10.000000,10.080000,10.080000,69700
2016-08-15,10.150000,10.440000,10.150000,10.350000,10.350000,94300
2016-08-16,10.350000,10.570000,10.235000,10.350000,10.350000,275000
2016-08-17,10.360000,10.480000,9.995000,10.340000,10.340000,112200
2016-08-18,10.270000,10.540000,10.270000,10.420000,10.420000,57800
2016-08-19,10.400000,10.400000,9.850000,9.900000,9.900000,125000
2016-08-22,9.980000,10.280000,9.860000,10.060000,10.060000,112000
2016-08-23,10.180000,10.199000,9.810000,10.000000,10.000000,179000
2016-08-24,10.030000,10.460000,9.470000,9.610000,9.610000,270300
2016-08-25,9.640000,10.290000,9.640000,10.060000,10.060000,200600
2016-08-26,10.060000,10.420000,9.890000,10.350000,10.350000,216800
2016-08-29,10.350000,10.400000,10.070000,10.310000,10.310000,180600
2016-08-30,10.260000,10.600000,10.260000,10.500000,10.500000,103800
2016-08-31,10.520000,10.600000,9.570000,9.970000,9.970000,864400
2016-09-01,9.930000,10.410000,9.765000,10.320000,10.320000,250500
2016-09-02,10.320000,10.410000,9.971000,10.230000,10.230000,208700
2016-09-06,10.290000,10.730000,10.190000,10.650000,10.650000,109800
2016-09-07,10.640000,10.870000,10.550000,10.870000,10.870000,113300
2016-09-08,10.860000,11.320000,10.700000,11.300000,11.300000,139000
2016-09-09,11.130000,11.220000,10.500000,10.520000,10.520000,145900
2016-09-12,10.480000,10.810000,10.210000,10.770000,10.770000,124800
2016-09-13,10.670000,10.880000,10.210000,10.470000,10.470000,141800
2016-09-14,10.530000,10.960000,10.360000,10.850000,10.850000,122400
2016-09-15,10.860000,11.290000,10.710000,11.240000,11.240000,168000
2016-09-16,11.240000,11.300000,11.000000,11.200000,11.200000,417600
2016-09-19,11.230000,11.335000,11.040000,11.220000,11.220000,105400
2016-09-20,11.340000,11.640000,11.290000,11.420000,11.420000,165500
2016-09-21,11.430000,11.990000,11.350000,11.970000,11.970000,171900
2016-09-22,12.000000,12.000000,11.410000,11.830000,11.830000,117000
2016-09-23,11.840000,12.540000,11.690000,12.310000,12.310000,123800
2016-09-26,12.230000,12.420000,12.140000,12.270000,12.270000,152700
2016-09-27,12.230000,13.290000,12.218000,13.020000,13.020000,368000
2016-09-28,13.020000,13.140000,12.750000,12.900000,12.900000,282300
2016-09-29,12.900000,12.980000,12.398000,12.530000,12.530000,180600
2016-09-30,12.490000,13.000000,12.420000,12.940000,12.940000,494400
2016-10-03,12.790000,12.970000,12.180000,12.920000,12.920000,152200
2016-10-04,12.920000,13.190000,12.850000,13.020000,13.020000,128400
2016-10-05,13.100000,13.880000,12.980000,13.830000,13.830000,255000
2016-10-06,13.730000,14.130000,13.630000,13.770000,13.770000,195500
2016-10-07,13.740000,13.845000,13.220000,13.490000,13.490000,91500
2016-10-10,13.620000,14.900000,13.620000,14.750000,14.750000,282700
2016-10-11,14.570000,15.240000,14.131000,14.910000,14.910000,397000
2016-10-12,14.900000,14.980000,13.610000,13.740000,13.740000,172900
2016-10-13,13.570000,14.150000,13.130000,13.630000,13.630000,135100
2016-10-14,13.780000,14.160000,12.810000,12.830000,12.830000,139100
2016-10-17,12.850000,12.950000,12.500000,12.650000,12.650000,116800
2016-10-18,12.850000,13.400000,12.800000,13.250000,13.250000,196500
2016-10-19,13.200000,13.450000,13.000000,13.350000,13.350000,113500
2016-10-20,13.350000,13.650000,12.850000,13.600000,13.600000,81400
2016-10-21,13.450000,13.800000,13.100000,13.200000,13.200000,113200
2016-10-24,13.400000,14.150000,13.255000,13.900000,13.900000,146200
2016-10-25,13.800000,14.000000,13.700000,13.750000,13.750000,98300
2016-10-26,13.700000,14.000000,13.450000,13.450000,13.450000,96200
2016-10-27,13.600000,13.950000,12.950000,13.050000,13.050000,90800
2016-10-28,12.900000,13.200000,12.600000,12.650000,12.650000,66600
2016-10-31,12.650000,12.750000,12.300000,12.300000,12.300000,81900
2016-11-01,12.350000,13.000000,12.350000,12.700000,12.700000,88300
2016-11-02,12.550000,12.800000,11.850000,11.900000,11.900000,80500
2016-11-03,12.100000,12.750000,10.550000,12.350000,12.350000,135800
2016-11-04,12.250000,12.750000,12.150000,12.700000,12.700000,123400
2016-11-07,13.000000,13.175000,12.725000,12.950000,12.950000,111300
2016-11-08,12.800000,13.250000,12.800000,13.050000,13.050000,105300
2016-11-09,13.450000,14.595000,13.450000,14.050000,14.050000,393600
2016-11-10,14.450000,14.900000,13.950000,14.450000,14.450000,523300
2016-11-11,14.600000,16.200001,14.200000,15.950000,15.950000,467900
2016-11-14,16.100000,16.100000,14.850000,15.500000,15.500000,241400
2016-11-15,15.450000,15.550000,14.900000,15.250000,15.250000,333200
2016-11-16,15.150000,15.450000,14.650000,14.900000,14.900000,109600
2016-11-17,15.000000,15.450000,14.850000,15.400000,15.400000,83200
2016-11-18,15.450000,15.550000,14.700000,15.350000,15.350000,168400
2016-11-21,15.650000,15.650000,15.150000,15.400000,15.400000,141400
2016-11-22,15.500000,15.550000,14.900000,15.200000,15.200000,93100
2016-11-23,15.050000,15.550000,14.555000,15.550000,15.550000,162700
2016-11-25,15.500000,15.650000,15.275000,15.500000,15.500000,96700
2016-11-28,15.550000,15.600000,15.200000,15.250000,15.250000,110800
2016-11-29,15.400000,16.125000,14.870000,15.850000,15.850000,114300
2016-11-30,15.950000,16.049999,14.350000,14.800000,14.800000,261900
2016-12-01,14.800000,15.300000,13.650000,14.100000,14.100000,144100
2016-12-02,14.050000,15.050000,13.400000,14.800000,14.800000,95900
2016-12-05,15.000000,15.300000,14.550000,15.250000,15.250000,141400
2016-12-06,15.150000,16.250000,15.150000,16.049999,16.049999,126300
2016-12-07,15.850000,15.950000,15.200000,15.400000,15.400000,118100
2016-12-08,15.350000,15.900000,14.950000,15.900000,15.900000,132400
2016-12-09,15.950000,16.299999,14.700000,14.950000,14.950000,201400
2016-12-12,14.700000,15.150000,14.450000,15.000000,15.000000,116100
2016-12-13,15.200000,15.450000,14.875000,14.950000,14.950000,69600
2016-12-14,15.050000,15.050000,14.400000,14.650000,14.650000,90000
2016-12-15,14.650000,14.975000,14.350000,14.650000,14.650000,149600
2016-12-16,14.600000,14.950000,14.350000,14.450000,14.450000,341300
2016-12-19,14.500000,14.700000,14.200000,14.300000,14.300000,137000
2016-12-20,14.400000,14.525000,14.100000,14.450000,14.450000,138900
2016-12-21,14.400000,14.400000,13.550000,13.600000,13.600000,75000
2016-12-22,13.600000,13.750000,13.400000,13.400000,13.400000,94900
2016-12-23,13.400000,14.600000,13.400000,14.600000,14.600000,62500
2016-12-27,14.500000,15.000000,14.350000,14.600000,14.600000,68300
2016-12-28,14.600000,14.850000,14.150000,14.450000,14.450000,208100
2016-12-29,14.550000,14.850000,14.100000,14.500000,14.500000,293000
2016-12-30,14.550000,14.700000,14.100000,14.200000,14.200000,128600
2017-01-03,14.300000,14.600000,14.050000,14.550000,14.550000,89800
2017-01-04,14.600000,14.950000,14.275000,14.450000,14.450000,313400
2017-01-05,14.250000,14.250000,12.850000,12.950000,12.950000,841100
2017-01-06,12.950000,14.100000,12.950000,13.850000,13.850000,351700
2017-01-09,13.950000,13.950000,13.300000,13.700000,13.700000,297000
2017-01-10,13.700000,14.300000,13.350000,14.250000,14.250000,133500
2017-01-11,14.100000,14.500000,13.850000,14.100000,14.100000,204700
2017-01-12,14.050000,14.100000,13.400000,13.900000,13.900000,140700
2017-01-13,14.000000,14.750000,14.000000,14.700000,14.700000,103300
2017-01-17,14.550000,14.650000,13.750000,13.800000,13.800000,431200
2017-01-18,13.900000,14.250000,13.750000,14.100000,14.100000,298700
2017-01-19,14.150000,14.250000,13.800000,13.900000,13.900000,176800
2017-01-20,13.950000,13.950000,13.200000,13.400000,13.400000,150800
2017-01-23,13.300000,13.400000,12.750000,12.800000,12.800000,121300
2017-01-24,12.850000,12.850000,12.000000,12.750000,12.750000,186500
2017-01-25,12.800000,12.900000,12.500000,12.550000,12.550000,102100
2017-01-26,12.600000,12.683000,12.000000,12.000000,12.000000,154100
2017-01-27,12.100000,12.450000,12.000000,12.350000,12.350000,77600
2017-01-30,12.350000,12.350000,11.646000,11.700000,11.700000,148700
2017-01-31,11.650000,12.250000,11.350000,12.000000,12.000000,139200
2017-02-01,12.000000,12.150000,11.700000,12.050000,12.050000,100100
2017-02-02,12.000000,12.100000,11.000000,11.200000,11.200000,818300
2017-02-03,11.350000,11.800000,11.125000,11.150000,11.150000,328900
2017-02-06,11.150000,11.300000,11.000000,11.000000,11.000000,216900
2017-02-07,10.950000,11.400000,10.950000,11.050000,11.050000,210800
2017-02-08,10.950000,11.500000,10.950000,11.200000,11.200000,132700
2017-02-09,11.200000,11.700000,11.175000,11.500000,11.500000,263600
2017-02-10,11.600000,11.800000,11.150000,11.150000,11.150000,103600
2017-02-13,11.250000,11.300000,11.000000,11.100000,11.100000,71700
2017-02-14,11.100000,11.475000,11.000000,11.450000,11.450000,81700
2017-02-15,12.000000,13.550000,11.400000,13.000000,13.000000,811100
2017-02-16,13.050000,13.900000,12.550000,13.150000,13.150000,346500
2017-02-17,13.150000,13.400000,12.950000,13.050000,13.050000,269700
2017-02-21,12.900000,13.000000,12.300000,12.850000,12.850000,781200
2017-02-22,12.900000,13.325000,12.700000,13.000000,13.000000,524800
2017-02-23,13.000000,14.400000,12.875000,13.800000,13.800000,325500
2017-02-24,13.900000,14.000000,13.400000,13.500000,13.500000,136800
2017-02-27,13.450000,14.402000,13.400000,13.850000,13.850000,233800
2017-02-28,14.050000,14.050000,13.500000,13.600000,13.600000,177900
2017-03-01,13.700000,14.250000,13.650000,14.200000,14.200000,503000
2017-03-02,14.000000,14.950000,13.950000,14.100000,14.100000,541400
2017-03-03,14.000000,14.500000,14.000000,14.200000,14.200000,236300
2017-03-06,14.050000,14.050000,13.450000,13.800000,13.800000,113300
2017-03-07,13.650000,13.750000,13.300000,13.350000,13.350000,99000
2017-03-08,13.450000,13.750000,13.400000,13.650000,13.650000,146200
2017-03-09,13.600000,13.800000,13.400000,13.500000,13.500000,111900
2017-03-10,13.650000,13.750000,13.250000,13.500000,13.500000,90900
2017-03-13,13.600000,13.900000,13.500000,13.750000,13.750000,83200
2017-03-14,13.700000,14.300000,13.450000,13.950000,13.950000,118500
2017-03-15,14.050000,14.450000,13.850000,14.250000,14.250000,104700
2017-03-16,14.300000,14.850000,14.150000,14.700000,14.700000,142200
2017-03-17,14.600000,14.950000,14.150000,14.950000,14.950000,195700
2017-03-20,14.950000,15.400000,14.600000,14.750000,14.750000,92300
2017-03-21,14.550000,14.700000,13.150000,13.300000,13.300000,144800
2017-03-22,13.400000,14.150000,13.100000,14.100000,14.100000,164100
2017-03-23,14.050000,14.050000,13.200000,13.350000,13.350000,171000
2017-03-24,13.500000,13.545000,13.150000,13.250000,13.250000,82500
2017-03-27,13.150000,13.350000,12.700000,13.350000,13.350000,129100
2017-03-28,13.350000,13.450000,12.800000,13.000000,13.000000,85000
2017-03-29,13.000000,13.200000,12.750000,12.800000,12.800000,101100
2017-03-30,12.850000,13.025000,12.450000,13.000000,13.000000,134700
2017-03-31,13.100000,13.100000,12.550000,12.650000,12.650000,130100
2017-04-03,12.700000,12.950000,12.250000,12.500000,12.500000,255700
2017-04-04,12.400000,12.500000,11.800000,12.100000,12.100000,276900
2017-04-05,12.150000,12.400000,11.850000,12.050000,12.050000,476600
2017-04-06,12.000000,12.200000,11.500000,12.050000,12.050000,224100
2017-04-07,12.050000,12.200000,11.700000,12.100000,12.100000,96300
2017-04-10,12.050000,12.100000,11.650000,11.750000,11.750000,102600
2017-04-11,11.750000,11.950000,11.400000,11.800000,11.800000,105500
2017-04-12,11.800000,11.950000,11.583000,11.800000,11.800000,143000
2017-04-13,11.850000,12.150000,11.750000,12.000000,12.000000,137000
2017-04-17,12.050000,12.300000,11.800000,12.150000,12.150000,336500
2017-04-18,12.150000,12.150000,11.900000,12.050000,12.050000,237800
2017-04-19,12.050000,12.359000,11.950000,12.050000,12.050000,149100
2017-04-20,12.100000,12.700000,12.050000,12.600000,12.600000,90100
2017-04-21,12.600000,12.631000,12.250000,12.500000,12.500000,86500
2017-04-24,12.750000,12.750000,12.200000,12.550000,12.550000,78600
2017-04-25,12.650000,13.200000,12.600000,13.175000,13.175000,111300
2017-04-26,13.150000,13.875000,12.900000,13.750000,13.750000,154800
2017-04-27,13.750000,14.100000,13.550000,13.900000,13.900000,80300
2017-04-28,13.850000,13.950000,13.150000,13.400000,13.400000,88700
2017-05-01,13.400000,14.050000,13.150000,13.950000,13.950000,108000
2017-05-02,13.950000,13.950000,13.250000,13.450000,13.450000,101800
2017-05-03,13.250000,13.350000,12.900000,13.100000,13.100000,147100
2017-05-04,13.250000,13.250000,12.600000,12.700000,12.700000,93400
2017-05-05,12.800000,13.125000,12.400000,12.650000,12.650000,135500
2017-05-08,12.650000,12.750000,12.150000,12.450000,12.450000,106300
2017-05-09,12.450000,13.200000,12.200000,13.050000,13.050000,153400
2017-05-10,13.100000,13.100000,12.550000,12.600000,12.600000,88500
2017-05-11,12.600000,12.600000,12.100000,12.250000,12.250000,200900
2017-05-12,7.750000,8.800000,7.300000,7.450000,7.450000,4378500
2017-05-15,7.650000,7.945000,7.400000,7.500000,7.500000,913700
2017-05-16,7.500000,7.600000,7.200000,7.200000,7.200000,618300
2017-05-17,7.250000,7.250000,7.000000,7.000000,7.000000,712300
2017-05-18,7.000000,7.100000,6.300000,6.400000,6.400000,919900
2017-05-19,6.400000,6.400000,6.050000,6.075000,6.075000,544300
2017-05-22,6.100000,6.367000,5.900000,6.000000,6.000000,749500
2017-05-23,6.050000,6.050000,5.500000,5.650000,5.650000,629200
2017-05-24,5.700000,5.995000,5.200000,5.350000,5.350000,596900
2017-05-25,5.400000,5.476000,4.950000,4.950000,4.950000,602100
2017-05-26,5.000000,5.700000,4.550000,4.600000,4.600000,1235300
2017-05-30,4.600000,4.725000,4.450000,4.600000,4.600000,1234300
2017-05-31,4.650000,4.800000,4.550000,4.700000,4.700000,657900
2017-06-01,4.750000,4.800000,4.500000,4.700000,4.700000,572400
2017-06-02,4.750000,5.000000,4.550000,4.650000,4.650000,1079800
2017-06-05,4.650000,4.775000,4.500000,4.650000,4.650000,417000
2017-06-06,4.600000,4.730000,4.500000,4.550000,4.550000,363200
2017-06-07,4.600000,4.650000,4.050000,4.300000,4.300000,918400
2017-06-08,4.300000,4.350000,4.250000,4.275000,4.275000,236200
2017-06-09,4.250000,4.700000,4.250000,4.500000,4.500000,491300
2017-06-12,4.500000,4.925000,4.400000,4.700000,4.700000,961300
2017-06-13,4.750000,4.800000,4.550000,4.650000,4.650000,487000
2017-06-14,4.650000,4.700000,4.350000,4.650000,4.650000,386000
2017-06-15,4.600000,4.650000,4.350000,4.550000,4.550000,465700
2017-06-16,4.400000,4.451000,4.200000,4.350000,4.350000,667100
2017-06-19,4.350000,4.700000,4.300000,4.650000,4.650000,375800
2017-06-20,4.700000,4.850000,4.550000,4.650000,4.650000,423200
2017-06-21,4.700000,4.800000,4.550000,4.750000,4.750000,351700
2017-06-22,4.750000,5.150000,4.700000,5.000000,5.000000,727000
2017-06-23,5.050000,5.450000,5.000000,5.300000,5.300000,946200
2017-06-26,5.300000,5.350000,5.050000,5.250000,5.250000,247000
2017-06-27,5.300000,5.300000,4.950000,4.950000,4.950000,268300
2017-06-28,4.950000,5.250000,4.870000,5.250000,5.250000,194700
2017-06-29,5.250000,5.350000,5.000000,5.100000,5.100000,180000
2017-06-30,5.100000,5.100000,4.950000,5.100000,5.100000,123700
2017-07-03,5.150000,5.300000,5.000000,5.300000,5.300000,149000
2017-07-05,5.250000,5.400000,5.100000,5.200000,5.200000,259200
2017-07-06,5.200000,5.300000,5.000000,5.100000,5.100000,157000
2017-07-07,5.200000,5.450000,5.150000,5.450000,5.450000,256300
2017-07-10,5.600000,6.000000,5.500000,5.500000,5.500000,359700
2017-07-11,5.450000,5.650000,5.400000,5.500000,5.500000,287200
2017-07-12,5.500000,6.100000,5.500000,5.850000,5.850000,502400
2017-07-13,5.800000,5.950000,5.650000,5.950000,5.950000,262900
2017-07-14,5.950000,5.950000,5.750000,5.750000,5.750000,301600
2017-07-17,5.800000,5.900000,5.750000,5.800000,5.800000,224800
2017-07-18,5.800000,5.850000,5.400000,5.400000,5.400000,205800
2017-07-19,5.450000,5.700000,5.300000,5.300000,5.300000,259100
2017-07-20,5.400000,5.600000,5.250000,5.500000,5.500000,186300
2017-07-21,5.550000,5.800000,5.400000,5.600000,5.600000,175200
2017-07-24,5.650000,6.200000,5.600000,5.950000,5.950000,451200
2017-07-25,6.000000,6.100000,5.700000,5.750000,5.750000,305900
2017-07-26,5.750000,5.850000,5.600000,5.600000,5.600000,121100
2017-07-27,5.700000,5.850000,5.400000,5.450000,5.450000,224400
2017-07-28,5.400000,5.500000,5.200000,5.300000,5.300000,267000
2017-07-31,5.300000,5.400000,5.200000,5.200000,5.200000,173400
2017-08-01,5.250000,5.300000,4.975000,5.100000,5.100000,208800
2017-08-02,5.150000,5.150000,4.850000,5.000000,5.000000,188400
2017-08-03,5.000000,5.150000,4.400000,4.650000,4.650000,321800
2017-08-04,4.600000,4.950000,4.500000,4.800000,4.800000,404700
2017-08-07,4.800000,4.850000,4.525000,4.550000,4.550000,354200
2017-08-08,4.600000,4.850000,4.275000,4.350000,4.350000,267400
2017-08-09,4.450000,4.850000,4.300000,4.700000,4.700000,458200
2017-08-10,4.750000,5.250000,4.750000,4.850000,4.850000,425100
2017-08-11,4.950000,5.100000,4.850000,5.100000,5.100000,210800
2017-08-14,5.100000,5.350000,5.000000,5.100000,5.100000,229300
2017-08-15,5.150000,5.150000,4.650000,4.700000,4.700000,185600
2017-08-16,4.800000,4.950000,4.650000,4.750000,4.750000,226400
2017-08-17,4.700000,4.724000,4.400000,4.450000,4.450000,311400
2017-08-18,4.400000,4.750000,4.400000,4.700000,4.700000,179500
2017-08-21,4.650000,5.100000,4.575000,5.000000,5.000000,776400
2017-08-22,5.000000,5.350000,4.950000,5.300000,5.300000,236900
2017-08-23,5.200000,5.417000,5.050000,5.100000,5.100000,183800
2017-08-24,5.150000,5.300000,4.950000,5.300000,5.300000,160700
2017-08-25,5.350000,5.350000,5.000000,5.050000,5.050000,116600
2017-08-28,5.100000,5.200000,4.950000,5.050000,5.050000,134400
2017-08-29,5.050000,5.150000,4.850000,5.000000,5.000000,286800
2017-08-30,5.000000,5.100000,4.900000,4.950000,4.950000,141900
2017-08-31,5.000000,5.200000,4.950000,5.150000,5.150000,223100
2017-09-01,5.200000,5.200000,4.850000,5.150000,5.150000,169400
2017-09-05,5.100000,5.300000,5.050000,5.100000,5.100000,231600
2017-09-06,5.100000,5.650000,5.100000,5.350000,5.350000,565100
2017-09-07,5.350000,5.750000,5.200000,5.650000,5.650000,341200
2017-09-08,5.700000,5.700000,5.350000,5.650000,5.650000,183900
2017-09-11,5.700000,5.950000,5.555000,5.700000,5.700000,225200
2017-09-12,5.700000,5.775000,5.200000,5.350000,5.350000,326200
2017-09-13,5.350000,5.500000,5.250000,5.450000,5.450000,164300
2017-09-14,5.450000,5.550000,5.300000,5.350000,5.350000,133600
2017-09-15,5.400000,5.450000,5.250000,5.300000,5.300000,542800
2017-09-18,5.350000,5.750000,5.300000,5.550000,5.550000,381700
2017-09-19,5.600000,5.650000,5.450000,5.600000,5.600000,133200
2017-09-20,5.600000,5.750000,5.400000,5.450000,5.450000,204000
2017-09-21,5.500000,5.500000,5.305000,5.400000,5.400000,107100
2017-09-22,5.350000,5.404000,5.250000,5.300000,5.300000,133200
2017-09-25,5.300000,5.550000,5.295000,5.300000,5.300000,219200
2017-09-26,5.400000,5.400000,4.750000,5.300000,5.300000,384900
2017-09-27,5.300000,5.650000,5.050000,5.600000,5.600000,274200
2017-09-28,5.700000,5.700000,5.400000,5.550000,5.550000,132600
2017-09-29,5.600000,5.650000,5.450000,5.600000,5.600000,138000
2017-10-02,5.700000,6.400000,5.600000,6.400000,6.400000,483200
2017-10-03,6.350000,6.500000,5.750000,5.950000,5.950000,437700
2017-10-04,6.050000,6.100000,5.900000,6.050000,6.050000,168900
2017-10-05,6.050000,6.150000,5.800000,5.900000,5.900000,181600
2017-10-06,5.850000,5.975000,5.550000,5.650000,5.650000,188300
2017-10-09,5.650000,5.750000,5.450000,5.500000,5.500000,278100
2017-10-10,5.550000,5.650000,5.200000,5.400000,5.400000,321900
2017-10-11,5.400000,5.600000,5.250000,5.400000,5.400000,2779600
2017-10-12,7.950000,8.650000,7.300000,7.800000,7.800000,26232200
2017-10-13,7.600000,7.750000,7.200000,7.275000,7.275000,3026400
2017-10-16,7.350000,7.500000,6.250000,6.400000,6.400000,2414200
2017-10-17,6.700000,6.745000,5.450000,5.500000,5.500000,2727400
2017-10-18,5.650000,5.950000,5.350000,5.400000,5.400000,1859800
2017-10-19,5.450000,5.800000,5.300000,5.700000,5.700000,1039100
2017-10-20,5.800000,5.800000,5.450000,5.500000,5.500000,444800
2017-10-23,5.500000,5.600000,5.150000,5.250000,5.250000,885000
2017-10-24,5.200000,5.350000,5.000000,5.100000,5.100000,700600
2017-10-25,5.100000,5.250000,5.050000,5.150000,5.150000,389300
2017-10-26,5.100000,5.150000,4.750000,4.850000,4.850000,637200
2017-10-27,4.800000,5.050000,4.750000,5.050000,5.050000,543200
2017-10-30,5.000000,5.250000,5.000000,5.050000,5.050000,550100
2017-10-31,5.050000,5.450000,5.050000,5.350000,5.350000,455300
2017-11-01,5.400000,5.550000,5.100000,5.400000,5.400000,535300
2017-11-02,5.500000,5.850000,5.450000,5.750000,5.750000,591800
2017-11-03,5.850000,5.900000,5.600000,5.800000,5.800000,332800
2017-11-06,5.700000,5.850000,5.400000,5.500000,5.500000,516000
2017-11-07,5.650000,5.850000,5.450000,5.600000,5.600000,546100
2017-11-08,5.700000,5.700000,5.550000,5.650000,5.650000,273100
2017-11-09,5.600000,5.800000,5.450000,5.750000,5.750000,295800
2017-11-10,5.700000,5.750000,5.405000,5.750000,5.750000,440800
2017-11-13,5.800000,5.850000,5.575000,5.650000,5.650000,435300
2017-11-14,5.700000,5.700000,5.150000,5.250000,5.250000,586100
2017-11-15,5.200000,5.525000,5.150000,5.300000,5.300000,273800
2017-11-16,5.350000,5.750000,5.250000,5.600000,5.600000,386500
2017-11-17,5.600000,5.750000,5.550000,5.700000,5.700000,217200
2017-11-20,5.750000,5.800000,5.550000,5.600000,5.600000,255100
2017-11-21,5.900000,6.401000,5.650000,6.300000,6.300000,1617900
2017-11-22,6.300000,6.500000,6.200000,6.400000,6.400000,513500
2017-11-24,6.400000,6.500000,6.000000,6.100000,6.100000,229500
2017-11-27,6.200000,6.250000,5.950000,5.950000,5.950000,291000
2017-11-28,6.300000,6.677000,6.050000,6.450000,6.450000,607800
2017-11-29,6.450000,6.600000,6.350000,6.400000,6.400000,304200
2017-11-30,6.400000,6.700000,6.350000,6.650000,6.650000,580800
2017-12-01,6.800000,6.800000,6.250000,6.550000,6.550000,282700
2017-12-04,6.650000,6.700000,5.900000,6.050000,6.050000,349500
2017-12-05,6.000000,6.150000,5.750000,5.750000,5.750000,245900
2017-12-06,5.800000,5.950000,5.600000,5.850000,5.850000,257700
2017-12-07,5.850000,5.950000,5.700000,5.950000,5.950000,217500
2017-12-08,5.950000,6.250000,5.950000,6.100000,6.100000,216900
2017-12-11,6.400000,6.500000,5.950000,6.000000,6.000000,377000
2017-12-12,6.000000,6.095000,5.700000,5.800000,5.800000,209400
2017-12-13,5.800000,6.200000,5.755000,6.050000,6.050000,193300
2017-12-14,6.050000,6.150000,5.750000,5.850000,5.850000,223700
2017-12-15,5.850000,6.042000,5.800000,5.900000,5.900000,466000
2017-12-18,6.000000,6.100000,5.750000,5.900000,5.900000,671800
2017-12-19,5.900000,6.500000,5.900000,6.350000,6.350000,480200
2017-12-20,6.400000,6.500000,6.200000,6.500000,6.500000,292000
2017-12-21,6.500000,6.650000,6.500000,6.550000,6.550000,183300
2017-12-22,6.550000,6.900000,6.400000,6.850000,6.850000,294600
2017-12-26,6.900000,7.050000,6.650000,6.950000,6.950000,303900
2017-12-27,7.000000,7.000000,6.855000,6.950000,6.950000,238500
2017-12-28,7.000000,7.175000,6.550000,6.650000,6.650000,305600
2017-12-29,6.700000,6.975000,6.600000,6.600000,6.600000,230500
2018-01-02,6.650000,7.050000,6.550000,7.000000,7.000000,341600
2018-01-03,7.400000,7.400000,6.950000,7.150000,7.150000,425300
2018-01-04,7.150000,7.200000,6.600000,7.050000,7.050000,269500
2018-01-05,7.100000,7.150000,7.000000,7.100000,7.100000,297600
2018-01-08,7.050000,7.100000,6.700000,6.850000,6.850000,224700
2018-01-09,6.850000,7.100000,6.800000,7.050000,7.050000,178800
2018-01-10,7.050000,7.250000,6.950000,7.150000,7.150000,293000
2018-01-11,7.100000,7.600000,7.050000,7.400000,7.400000,302000
2018-01-12,7.500000,7.575000,7.250000,7.350000,7.350000,187700
2018-01-16,7.300000,7.550000,7.000000,7.100000,7.100000,303800
2018-01-17,7.250000,7.250000,6.900000,7.150000,7.150000,145900
2018-01-18,7.150000,7.225000,6.950000,7.100000,7.100000,236800
2018-01-19,7.100000,7.400000,7.050000,7.300000,7.300000,275600
2018-01-22,7.300000,7.850000,7.300000,7.600000,7.600000,355800
2018-01-23,7.650000,8.100000,7.600000,7.900000,7.900000,295200
2018-01-24,8.000000,8.050000,7.425000,7.700000,7.700000,264100
2018-01-25,7.800000,7.900000,7.450000,7.850000,7.850000,210200
2018-01-26,7.850000,8.050000,7.405000,7.650000,7.650000,247000
2018-01-29,7.550000,7.850000,7.550000,7.700000,7.700000,233200
2018-01-30,7.600000,7.700000,7.350000,7.450000,7.450000,163900
2018-01-31,7.450000,7.450000,7.000000,7.250000,7.250000,264400
2018-02-01,7.200000,7.400000,6.900000,7.000000,7.000000,277400
2018-02-02,7.000000,7.000000,6.300000,6.400000,6.400000,434500
2018-02-05,6.250000,6.750000,6.050000,6.250000,6.250000,511100
2018-02-06,6.250000,6.400000,6.000000,6.200000,6.200000,358700
2018-02-07,6.200000,6.725000,6.150000,6.600000,6.600000,252500
2018-02-08,6.500000,6.500000,6.050000,6.150000,6.150000,341400
2018-02-09,6.200000,6.200000,5.500000,5.675000,5.675000,481000
2018-02-12,5.800000,6.050000,5.605000,5.700000,5.700000,433900
2018-02-13,5.650000,5.850000,5.525000,5.800000,5.800000,420200
2018-02-14,5.750000,6.000000,5.600000,5.750000,5.750000,376000
2018-02-15,5.850000,6.100000,5.600000,6.000000,6.000000,365300
2018-02-16,6.000000,6.150000,5.700000,5.800000,5.800000,346300
2018-02-20,5.700000,6.000000,5.700000,5.850000,5.850000,310400
2018-02-21,5.900000,5.950000,5.600000,5.600000,5.600000,356600
2018-02-22,5.600000,5.750000,5.350000,5.500000,5.500000,360800
2018-02-23,5.500000,5.900000,5.500000,5.750000,5.750000,262100
2018-02-26,5.850000,5.900000,5.500000,5.800000,5.800000,200700
2018-02-27,5.750000,5.900000,5.400000,5.500000,5.500000,352600
2018-02-28,5.500000,5.800000,5.350000,5.375000,5.375000,344000
2018-03-01,5.350000,5.500000,5.150000,5.350000,5.350000,278900
2018-03-02,5.200000,5.500000,5.105000,5.500000,5.500000,361900
2018-03-05,5.050000,5.450000,5.015000,5.350000,5.350000,325400
2018-03-06,5.400000,5.500000,5.100000,5.350000,5.350000,166500
2018-03-07,5.250000,5.600000,5.250000,5.400000,5.400000,192400
2018-03-08,5.400000,5.650000,5.150000,5.550000,5.550000,234800
2018-03-09,5.550000,5.550000,5.400000,5.450000,5.450000,134200
2018-03-12,5.450000,5.750000,5.350000,5.600000,5.600000,173100
2018-03-13,5.650000,5.700000,5.500000,5.600000,5.600000,135200
2018-03-14,5.600000,5.700000,5.400000,5.550000,5.550000,144100
2018-03-15,5.750000,5.850000,5.200000,5.300000,5.300000,383100
2018-03-16,5.350000,5.550000,5.250000,5.450000,5.450000,562800
2018-03-19,5.550000,5.550000,5.250000,5.350000,5.350000,338800
2018-03-20,5.400000,5.650000,5.300000,5.550000,5.550000,391600
2018-03-21,5.500000,5.650000,5.400000,5.500000,5.500000,160300
2018-03-22,5.450000,5.650000,5.450000,5.600000,5.600000,293400
2018-03-23,5.650000,5.700000,5.450000,5.500000,5.500000,270100
2018-03-26,5.600000,5.600000,5.400000,5.500000,5.500000,189500
2018-03-27,5.550000,5.718000,5.250000,5.250000,5.250000,235500
2018-03-28,5.250000,5.450000,5.200000,5.250000,5.250000,190000
2018-03-29,5.200000,5.350000,5.050000,5.050000,5.050000,508500
2018-04-02,5.050000,5.100000,4.750000,4.950000,4.950000,324200
2018-04-03,4.950000,5.100000,4.875000,5.000000,5.000000,268500
2018-04-04,4.950000,5.150000,4.900000,5.100000,5.100000,266200
2018-04-05,5.200000,5.300000,5.050000,5.150000,5.150000,360500
2018-04-06,5.100000,5.300000,4.800000,4.950000,4.950000,212800
2018-04-09,4.950000,5.200000,4.925000,5.000000,5.000000,206700
2018-04-10,5.100000,5.250000,5.000000,5.150000,5.150000,458900
2018-04-11,5.150000,5.275000,5.050000,5.200000,5.200000,448700
2018-04-12,5.250000,5.450000,5.150000,5.250000,5.250000,422900
2018-04-13,5.250000,5.350000,5.100000,5.250000,5.250000,390700
2018-04-16,5.250000,5.250000,4.950000,5.100000,5.100000,356900
2018-04-17,5.150000,5.850000,5.050000,5.650000,5.650000,778100
2018-04-18,5.650000,5.650000,5.050000,5.075000,5.075000,424100
2018-04-19,5.100000,5.150000,4.850000,4.900000,4.900000,434800
2018-04-20,4.850000,5.100000,4.800000,4.850000,4.850000,420800
2018-04-23,4.850000,4.875000,4.650000,4.650000,4.650000,328000
2018-04-24,4.700000,4.825000,4.450000,4.700000,4.700000,413400
2018-04-25,4.750000,4.900000,4.650000,4.850000,4.850000,132500
2018-04-26,4.850000,5.000000,4.750000,4.950000,4.950000,363900
2018-04-27,4.950000,4.950000,4.800000,4.900000,4.900000,138900
2018-04-30,4.900000,4.950000,4.750000,4.800000,4.800000,142600
2018-05-01,4.800000,5.050000,4.750000,5.000000,5.000000,201500
2018-05-02,4.950000,5.150000,4.950000,5.050000,5.050000,260100
2018-05-03,5.050000,5.100000,4.950000,5.050000,5.050000,171900
2018-05-04,5.000000,5.150000,5.000000,5.050000,5.050000,229900
2018-05-07,5.050000,5.100000,5.000000,5.050000,5.050000,131300
2018-05-08,5.050000,5.100000,5.000000,5.050000,5.050000,106500
2018-05-09,5.000000,5.100000,4.900000,5.050000,5.050000,225000
2018-05-10,5.100000,5.350000,5.050000,5.200000,5.200000,354300
2018-05-11,5.150000,5.350000,5.100000,5.175000,5.175000,318600
2018-05-14,5.200000,5.500000,5.195000,5.450000,5.450000,401100
2018-05-15,5.450000,5.700000,5.400000,5.650000,5.650000,351600
2018-05-16,5.600000,5.850000,5.600000,5.700000,5.700000,181100
2018-05-17,5.700000,5.800000,5.650000,5.750000,5.750000,103700
2018-05-18,5.750000,5.900000,5.700000,5.800000,5.800000,151600
2018-05-21,5.800000,5.850000,5.450000,5.650000,5.650000,202900
2018-05-22,4.950000,4.950000,4.400000,4.550000,4.550000,2723100
2018-05-23,3.900000,4.000000,3.750000,3.900000,3.900000,8776800
2018-05-24,3.900000,3.950000,3.775000,3.800000,3.800000,1603300
2018-05-25,3.800000,4.300000,3.800000,4.150000,4.150000,2352100
2018-05-29,4.250000,4.250000,3.900000,4.000000,4.000000,1100800
2018-05-30,4.050000,4.150000,3.850000,4.025000,4.025000,1130300
2018-05-31,4.050000,4.100000,3.950000,3.975000,3.975000,391300
2018-06-01,4.000000,4.050000,3.900000,4.000000,4.000000,549400
2018-06-04,4.050000,4.050000,3.875000,4.000000,4.000000,469400
2018-06-05,4.000000,4.050000,3.900000,3.925000,3.925000,761700
2018-06-06,3.900000,3.950000,3.850000,3.850000,3.850000,766900
2018-06-07,3.900000,3.900000,3.800000,3.800000,3.800000,812200
2018-06-08,3.800000,4.050000,3.750000,4.050000,4.050000,660600
2018-06-11,4.100000,4.105000,3.968000,4.050000,4.050000,794000
2018-06-12,4.050000,4.100000,3.900000,3.950000,3.950000,503100
2018-06-13,4.000000,4.200000,3.900000,4.025000,4.025000,728300
2018-06-14,4.000000,4.125000,3.950000,4.050000,4.050000,490200
2018-06-15,4.000000,4.125000,3.950000,4.000000,4.000000,1767100
2018-06-18,4.000000,4.250000,3.922000,4.250000,4.250000,689600
2018-06-19,4.250000,4.450000,4.150000,4.250000,4.250000,1230400
2018-06-20,4.250000,4.300000,3.900000,3.950000,3.950000,1329200
2018-06-21,4.000000,4.100000,3.950000,4.100000,4.100000,554400
2018-06-22,4.050000,4.200000,3.900000,4.150000,4.150000,790700
2018-06-25,4.100000,4.200000,3.850000,3.850000,3.850000,740800
2018-06-26,3.900000,3.900000,3.850000,3.900000,3.900000,312500
2018-06-27,3.950000,3.975000,3.750000,3.800000,3.800000,664700
2018-06-28,3.800000,3.850000,3.600000,3.800000,3.800000,316700
2018-06-29,3.800000,3.800000,3.700000,3.700000,3.700000,250100
2018-07-02,3.700000,3.750000,3.579000,3.750000,3.750000,488100
2018-07-03,3.800000,4.200000,3.750000,4.200000,4.200000,846200
2018-07-05,4.150000,4.450000,4.050000,4.200000,4.200000,1292500
2018-07-06,4.200000,4.425000,4.150000,4.300000,4.300000,266100
2018-07-09,4.300000,4.400000,4.200000,4.350000,4.350000,401700
2018-07-10,4.350000,4.400000,4.300000,4.350000,4.350000,397600
2018-07-11,4.300000,4.450000,4.250000,4.350000,4.350000,305300
2018-07-12,4.350000,4.450000,4.300000,4.350000,4.350000,235600
2018-07-13,4.350000,4.600000,4.300000,4.550000,4.550000,613600
2018-07-16,4.500000,4.600000,4.400000,4.525000,4.525000,558700
2018-07-17,4.500000,4.650000,4.450000,4.650000,4.650000,380900
2018-07-18,4.700000,4.700000,4.300000,4.450000,4.450000,750500
2018-07-19,4.450000,4.500000,4.375000,4.400000,4.400000,441000
2018-07-20,4.400000,4.500000,4.350000,4.400000,4.400000,146800
2018-07-23,4.350000,4.450000,4.200000,4.300000,4.300000,196100
2018-07-24,4.350000,4.375000,4.050000,4.100000,4.100000,365300
2018-07-25,4.100000,4.175000,4.000000,4.125000,4.125000,186400
2018-07-26,4.100000,4.350000,4.055000,4.300000,4.300000,237100
2018-07-27,4.300000,4.300000,3.900000,3.900000,3.900000,374200
2018-07-30,3.950000,4.100000,3.850000,3.950000,3.950000,250200
2018-07-31,3.950000,4.100000,3.900000,4.050000,4.050000,142400
2018-08-01,4.000000,4.100000,3.950000,4.000000,4.000000,105500
2018-08-02,3.950000,4.000000,3.800000,3.950000,3.950000,129700
2018-08-03,3.950000,4.000000,3.800000,3.850000,3.850000,271700
2018-08-06,3.800000,4.250000,3.800000,4.200000,4.200000,652900
2018-08-07,4.200000,4.300000,4.150000,4.200000,4.200000,481700
2018-08-08,3.850000,4.000000,3.800000,3.900000,3.900000,444900
2018-08-09,3.900000,4.350000,3.850000,4.250000,4.250000,508000
2018-08-10,4.200000,4.300000,4.150000,4.200000,4.200000,310700
2018-08-13,4.150000,4.200000,4.000000,4.050000,4.050000,249000
2018-08-14,4.100000,4.100000,4.050000,4.100000,4.100000,91700
2018-08-15,4.100000,4.100000,3.850000,3.925000,3.925000,208300
2018-08-16,3.950000,4.100000,3.805000,4.100000,4.100000,334500
2018-08-17,4.050000,4.100000,3.850000,3.950000,3.950000,346900
2018-08-20,3.950000,4.200000,3.950000,4.100000,4.100000,333500
2018-08-21,4.100000,4.250000,4.080000,4.150000,4.150000,250600
2018-08-22,4.150000,4.350000,4.150000,4.200000,4.200000,354400
2018-08-23,4.200000,4.300000,4.050000,4.150000,4.150000,244600
2018-08-24,4.300000,4.500000,4.200000,4.400000,4.400000,455400
2018-08-27,4.600000,4.600000,4.300000,4.400000,4.400000,452000
2018-08-28,4.450000,4.500000,4.300000,4.400000,4.400000,189900
2018-08-29,4.350000,4.600000,4.350000,4.450000,4.450000,306500
2018-08-30,4.450000,4.500000,4.250000,4.300000,4.300000,536900
2018-08-31,4.300000,4.400000,4.250000,4.300000,4.300000,284800
2018-09-04,4.300000,4.325000,4.150000,4.250000,4.250000,234000
2018-09-05,4.200000,4.275000,4.150000,4.150000,4.150000,181900
2018-09-06,4.150000,4.175000,3.900000,3.900000,3.900000,328800
2018-09-07,3.900000,4.025000,3.850000,3.875000,3.875000,598700
2018-09-10,3.850000,3.950000,3.800000,3.800000,3.800000,521500
2018-09-11,3.800000,4.000000,3.800000,3.950000,3.950000,349900
2018-09-12,4.000000,4.000000,3.800000,3.800000,3.800000,367000
2018-09-13,3.950000,4.000000,3.750000,3.800000,3.800000,405200
2018-09-14,3.850000,3.950000,3.700000,3.800000,3.800000,481500
2018-09-17,3.800000,3.900000,3.750000,3.850000,3.850000,206800
2018-09-18,3.900000,3.950000,3.800000,3.900000,3.900000,404700
2018-09-19,3.950000,4.250000,3.900000,4.100000,4.100000,444600
2018-09-20,4.150000,4.200000,4.100000,4.200000,4.200000,146200
2018-09-21,4.150000,4.250000,4.100000,4.150000,4.150000,957800
2018-09-24,4.150000,4.400000,4.125000,4.300000,4.300000,455700
2018-09-25,4.350000,4.450000,4.272000,4.400000,4.400000,309500
2018-09-26,4.400000,4.500000,4.300000,4.450000,4.450000,350600
2018-09-27,4.500000,4.500000,4.250000,4.250000,4.250000,165500
2018-09-28,4.250000,4.350000,4.200000,4.350000,4.350000,185900
2018-10-01,4.420000,4.420000,4.130000,4.160000,4.160000,238800
2018-10-02,4.180000,4.200000,3.950000,4.020000,4.020000,305800
2018-10-03,4.030000,4.140000,3.900000,4.070000,4.070000,271800
2018-10-04,4.050000,4.120000,3.970000,4.050000,4.050000,200500
2018-10-05,4.030000,4.140000,3.850000,3.980000,3.980000,270300
2018-10-08,3.960000,4.060000,3.850000,3.950000,3.950000,154600
2018-10-09,3.960000,4.090000,3.850000,4.000000,4.000000,178900
2018-10-10,3.980000,4.080000,3.820000,3.820000,3.820000,285900
2018-10-11,3.800000,3.990000,3.720000,3.750000,3.750000,294900
2018-10-12,3.850000,3.910000,3.620000,3.700000,3.700000,327800
2018-10-15,3.740000,3.790000,3.550000,3.710000,3.710000,281300
2018-10-16,3.750000,3.990000,3.730000,3.980000,3.980000,238500
2018-10-17,3.970000,4.012000,3.800000,3.930000,3.930000,184200
2018-10-18,3.910000,3.970000,3.760000,3.920000,3.920000,154300
2018-10-19,3.930000,4.090000,3.840000,3.890000,3.890000,167600
2018-10-22,3.900000,3.900000,3.710000,3.750000,3.750000,184400
2018-10-23,3.680000,3.865000,3.650000,3.720000,3.720000,157100
2018-10-24,3.730000,3.870000,3.510000,3.520000,3.520000,386900
2018-10-25,3.500000,3.680000,3.250000,3.450000,3.450000,442500
2018-10-26,3.290000,3.304000,2.830000,2.870000,2.870000,903600
2018-10-29,2.890000,3.060000,2.890000,2.910000,2.910000,341700
2018-10-30,2.900000,2.970000,2.810000,2.910000,2.910000,288200
2018-10-31,2.940000,2.950000,2.660000,2.750000,2.750000,468500
2018-11-01,2.750000,3.060000,2.700000,3.030000,3.030000,519600
2018-11-02,3.050000,3.130000,2.980000,3.040000,3.040000,190500
2018-11-05,3.050000,3.160000,2.980000,3.100000,3.100000,143300
2018-11-06,3.080000,3.330000,3.080000,3.300000,3.300000,185500
2018-11-07,3.290000,3.470000,3.260000,3.430000,3.430000,275800
2018-11-08,3.330000,3.342000,2.790000,3.080000,3.080000,552600
2018-11-09,3.090000,3.160000,2.950000,3.040000,3.040000,172900
2018-11-12,3.020000,3.090000,2.930000,2.950000,2.950000,292700
2018-11-13,2.840000,3.110000,2.760000,2.790000,2.790000,591300
2018-11-14,2.800000,2.844000,2.530000,2.720000,2.720000,313600
2018-11-15,2.710000,2.980000,2.710000,2.930000,2.930000,182000
2018-11-16,2.880000,3.100000,2.800000,2.990000,2.990000,236600
2018-11-19,3.000000,3.020000,2.700000,2.810000,2.810000,169900
2018-11-20,2.780000,2.880000,2.710000,2.830000,2.830000,107800
2018-11-21,2.860000,2.980000,2.840000,2.850000,2.850000,189800
2018-11-23,2.820000,2.880000,2.790000,2.850000,2.850000,123500
2018-11-26,2.850000,2.890000,2.710000,2.790000,2.790000,146600
2018-11-27,2.750000,2.750000,2.600000,2.600000,2.600000,225600
2018-11-28,2.590000,2.760000,2.560000,2.750000,2.750000,154600
2018-11-29,2.750000,2.850000,2.660000,2.740000,2.740000,185700
2018-11-30,2.730000,2.780000,2.650000,2.720000,2.720000,119900
2018-12-03,2.790000,2.820000,2.690000,2.710000,2.710000,154000
2018-12-04,2.700000,2.700000,2.520000,2.560000,2.560000,258200
2018-12-06,2.500000,2.500000,2.300000,2.420000,2.420000,471300
2018-12-07,2.400000,2.620000,2.300000,2.330000,2.330000,303200
2018-12-10,2.340000,2.450000,2.260000,2.440000,2.440000,256200
2018-12-11,2.500000,2.580000,2.340000,2.430000,2.430000,144700
2018-12-12,2.450000,2.570000,2.400000,2.410000,2.410000,419200
2018-12-13,2.420000,2.450000,2.150000,2.190000,2.190000,363100
2018-12-14,2.120000,2.180000,2.030000,2.150000,2.150000,389000
2018-12-17,2.100000,2.130000,1.800000,1.910000,1.910000,847100
2018-12-18,1.930000,1.970000,1.820000,1.900000,1.900000,743700
2018-12-19,1.910000,1.950000,1.730000,1.840000,1.840000,564000
2018-12-20,1.840000,1.890000,1.670000,1.750000,1.750000,789200
2018-12-21,1.740000,1.900000,1.660000,1.680000,1.680000,1642600
2018-12-24,1.660000,1.750000,1.600000,1.660000,1.660000,404600
2018-12-26,1.660000,1.800000,1.650000,1.740000,1.740000,441300
2018-12-27,1.710000,1.760000,1.680000,1.680000,1.680000,544800
2018-12-28,1.690000,1.790000,1.650000,1.760000,1.760000,915100
2018-12-31,1.760000,1.920000,1.750000,1.790000,1.790000,416400
2019-01-02,1.700000,2.030000,1.700000,2.000000,2.000000,330000
2019-01-03,1.990000,2.015000,1.850000,1.880000,1.880000,234900
2019-01-04,1.920000,2.090000,1.905000,2.060000,2.060000,230900
2019-01-07,2.040000,2.510000,2.021000,2.240000,2.240000,340300
2019-01-08,2.250000,2.430000,2.176000,2.340000,2.340000,416100
2019-01-09,2.350000,2.435000,2.270000,2.400000,2.400000,371400
2019-01-10,2.370000,2.440000,2.290000,2.410000,2.410000,319900
2019-01-11,2.400000,2.450000,2.350000,2.410000,2.410000,195200
2019-01-14,2.370000,2.390000,2.250000,2.300000,2.300000,292300
2019-01-15,2.290000,2.350000,2.260000,2.330000,2.330000,243300
2019-01-16,2.320000,2.380000,2.200000,2.230000,2.230000,137300
2019-01-17,2.210000,2.340000,2.210000,2.320000,2.320000,209400
2019-01-18,2.340000,2.380000,2.190000,2.230000,2.230000,180000
2019-01-22,2.200000,2.250000,2.000000,2.025000,2.025000,312800
2019-01-23,2.010000,2.130000,1.910000,1.940000,1.940000,217100
2019-01-24,1.920000,2.010000,1.860000,2.010000,2.010000,227200
2019-01-25,2.030000,2.080000,2.000000,2.020000,2.020000,258300
2019-01-28,2.020000,2.090000,1.960000,1.990000,1.990000,165500
2019-01-29,1.990000,2.050000,1.960000,2.010000,2.010000,96700
2019-01-30,2.000000,2.140000,2.000000,2.100000,2.100000,144000
2019-01-31,2.110000,2.198000,2.070000,2.100000,2.100000,135500
2019-02-01,2.120000,2.140000,2.078000,2.130000,2.130000,118000
2019-02-04,2.100000,2.230000,2.100000,2.180000,2.180000,207000
2019-02-05,2.150000,2.300000,2.120000,2.120000,2.120000,144300
2019-02-06,2.140000,2.300000,2.140000,2.260000,2.260000,255800
2019-02-07,2.240000,2.330000,2.191000,2.330000,2.330000,223500
2019-02-08,2.350000,2.500000,2.290000,2.410000,2.410000,169400
2019-02-11,2.450000,2.530000,2.350000,2.530000,2.530000,174300
2019-02-12,2.530000,2.590000,2.450000,2.540000,2.540000,198200
2019-02-13,2.570000,2.740000,2.540000,2.600000,2.600000,95800
2019-02-14,2.600000,2.660000,2.510000,2.520000,2.520000,197600
2019-02-15,2.550000,2.660000,2.540000,2.610000,2.610000,154800
2019-02-19,2.630000,2.660000,2.560000,2.610000,2.610000,119500
2019-02-20,2.620000,2.650000,2.540000,2.630000,2.630000,112500
2019-02-21,2.610000,2.610000,2.490000,2.550000,2.550000,135400
2019-02-22,2.560000,2.710000,2.510000,2.710000,2.710000,129600
2019-02-25,2.720000,2.766000,2.600000,2.600000,2.600000,178400
2019-02-26,2.610000,2.610000,2.510000,2.570000,2.570000,143800
2019-02-27,2.580000,2.690000,2.580000,2.640000,2.640000,155200
2019-02-28,2.610000,2.860000,2.610000,2.810000,2.810000,264800
2019-03-01,2.870000,3.080000,2.760000,3.030000,3.030000,348800
2019-03-04,3.050000,3.100000,2.820000,2.930000,2.930000,286900
2019-03-05,2.940000,3.140000,2.888000,3.000000,3.000000,218500
2019-03-06,3.030000,3.030000,2.840000,2.850000,2.850000,146100
2019-03-07,2.880000,3.320000,2.880000,3.240000,3.240000,293700
2019-03-08,3.340000,3.450000,3.050000,3.280000,3.280000,369200
2019-03-11,3.320000,3.390000,3.205000,3.290000,3.290000,140800
2019-03-12,3.300000,3.360000,3.250000,3.260000,3.260000,185900
2019-03-13,3.290000,3.320000,3.250000,3.250000,3.250000,146700
2019-03-14,3.250000,3.380000,3.250000,3.340000,3.340000,259300
2019-03-15,3.340000,3.390000,3.260000,3.310000,3.310000,333400
2019-03-18,3.300000,3.370000,3.280000,3.280000,3.280000,145900
2019-03-19,3.270000,3.310000,3.260000,3.270000,3.270000,115000
2019-03-20,3.280000,3.430000,3.250000,3.310000,3.310000,175900
2019-03-21,3.290000,3.390000,3.255000,3.280000,3.280000,140500
2019-03-22,3.210000,3.450000,3.200000,3.350000,3.350000,267500
2019-03-25,3.310000,3.370000,3.250000,3.280000,3.280000,207500
2019-03-26,3.290000,3.340000,2.980000,3.030000,3.030000,174500
2019-03-27,3.020000,3.071000,2.860000,2.870000,2.870000,122300
2019-03-28,2.850000,2.903000,2.750000,2.750000,2.750000,95400
2019-03-29,2.780000,2.900000,2.780000,2.800000,2.800000,88900
2019-04-01,2.820000,2.960000,2.730000,2.910000,2.910000,108600
2019-04-02,2.960000,3.180000,2.900000,3.005000,3.005000,163500
2019-04-03,3.040000,3.250000,2.950000,2.980000,2.980000,154400
2019-04-04,2.990000,3.150000,2.977000,3.070000,3.070000,102300
2019-04-05,3.100000,3.300000,3.040000,3.270000,3.270000,208100
2019-04-08,3.580000,3.640000,3.350000,3.540000,3.540000,463300
2019-04-09,3.500000,3.580000,3.410000,3.450000,3.450000,191600
2019-04-10,3.450000,3.739000,3.420000,3.680000,3.680000,635600
2019-04-11,3.720000,3.900000,3.640000,3.650000,3.650000,477300
2019-04-12,3.700000,3.819000,3.610000,3.730000,3.730000,396200
2019-04-15,3.760000,3.810000,3.380000,3.540000,3.540000,208700
2019-04-16,3.580000,3.640000,3.430000,3.620000,3.620000,178300
2019-04-17,3.600000,3.650000,3.320000,3.460000,3.460000,289800
2019-04-18,3.430000,3.520000,3.290000,3.380000,3.380000,490400
2019-04-22,3.380000,3.400000,3.318000,3.390000,3.390000,100200
2019-04-23,3.400000,3.585000,3.330000,3.540000,3.540000,237600
2019-04-24,3.530000,3.540000,3.230000,3.300000,3.300000,331800
2019-04-25,3.310000,3.390000,3.250000,3.320000,3.320000,83400
2019-04-26,3.330000,3.470000,3.250000,3.450000,3.450000,82100
2019-04-29,3.410000,3.520000,3.400000,3.460000,3.460000,86800
2019-04-30,3.460000,3.480000,3.357000,3.400000,3.400000,140900
2019-05-01,3.390000,3.400000,3.270000,3.300000,3.300000,97100
2019-05-02,3.270000,3.380000,3.200000,3.280000,3.280000,95900
2019-05-03,3.310000,3.450000,3.310000,3.410000,3.410000,128800
2019-05-06,3.330000,3.500000,3.310000,3.410000,3.410000,99100
2019-05-07,3.350000,3.473000,3.350000,3.410000,3.410000,156600
2019-05-08,3.320000,3.430000,3.240000,3.250000,3.250000,97500
2019-05-09,3.210000,3.270000,3.150000,3.230000,3.230000,101700
2019-05-10,3.240000,3.280000,3.170000,3.270000,3.270000,66300
2019-05-13,3.240000,3.240000,2.950000,2.990000,2.990000,201200
2019-05-14,2.960000,3.190000,2.960000,3.150000,3.150000,136000
2019-05-15,3.100000,3.210000,3.065000,3.130000,3.130000,54900
2019-05-16,3.130000,3.210000,3.006000,3.080000,3.080000,81600
2019-05-17,3.050000,3.070000,2.955000,2.990000,2.990000,114100
2019-05-20,2.960000,3.160000,2.830000,2.880000,2.880000,96900
2019-05-21,2.900000,3.030000,2.870000,2.920000,2.920000,67300
2019-05-22,2.890000,2.970000,2.770000,2.810000,2.810000,54600
2019-05-23,2.780000,2.870000,2.670000,2.730000,2.730000,260100
2019-05-24,2.740000,2.860000,2.740000,2.810000,2.810000,72100
2019-05-28,2.810000,2.860000,2.680000,2.680000,2.680000,202300
2019-05-29,2.650000,2.710000,2.620000,2.650000,2.650000,89900
2019-05-30,2.660000,2.750000,2.540000,2.550000,2.550000,119500
2019-05-31,2.520000,2.760000,2.460000,2.730000,2.730000,215500
2019-06-03,2.750000,2.820000,2.570000,2.600000,2.600000,80900
2019-06-04,2.520000,2.720000,2.520000,2.700000,2.700000,141300
2019-06-05,2.660000,2.684000,2.570000,2.570000,2.570000,66000
2019-06-06,2.580000,2.680000,2.530000,2.650000,2.650000,80100
2019-06-07,2.650000,2.650000,2.530000,2.580000,2.580000,116100
2019-06-10,2.600000,2.790000,2.600000,2.615000,2.615000,74600
2019-06-11,2.640000,2.760000,2.560000,2.620000,2.620000,112600
2019-06-12,2.600000,2.790000,2.600000,2.650000,2.650000,103500
2019-06-13,2.670000,2.790000,2.670000,2.740000,2.740000,71100
2019-06-14,2.720000,2.790000,2.640000,2.660000,2.660000,49100
2019-06-17,2.670000,2.730000,2.440000,2.490000,2.490000,274000
2019-06-18,2.500000,2.570000,2.350000,2.510000,2.510000,694600
2019-06-19,2.530000,2.605000,2.520000,2.550000,2.550000,84500
2019-06-20,2.550000,2.630000,2.530000,2.600000,2.600000,167400
2019-06-21,2.550000,2.620000,2.520000,2.590000,2.590000,173000
2019-06-24,2.580000,2.620000,2.520000,2.540000,2.540000,66100
2019-06-25,2.560000,2.580000,2.440000,2.510000,2.510000,77700
2019-06-26,2.520000,2.540000,2.450000,2.500000,2.500000,120300
2019-06-27,2.500000,2.600000,2.500000,2.530000,2.530000,108600
2019-06-28,2.530000,2.700000,2.530000,2.690000,2.690000,656100
2019-07-01,2.750000,2.783000,2.640000,2.750000,2.750000,66800
2019-07-02,2.750000,2.760000,2.650000,2.670000,2.670000,74200
2019-07-03,2.750000,2.790000,2.660000,2.680000,2.680000,44600
2019-07-05,2.670000,2.750000,2.660000,2.700000,2.700000,50400
2019-07-08,2.690000,2.740000,2.560000,2.570000,2.570000,85300
2019-07-09,2.560000,2.650000,2.560000,2.610000,2.610000,168400
2019-07-10,2.610000,2.670000,2.570000,2.630000,2.630000,75200
2019-07-11,2.630000,2.670000,2.550000,2.580000,2.580000,75900
2019-07-12,2.560000,2.600000,2.510000,2.540000,2.540000,89800
2019-07-15,2.530000,2.600000,2.500000,2.540000,2.540000,36600
2019-07-16,2.550000,2.620000,2.540000,2.590000,2.590000,105900
2019-07-17,2.590000,2.640000,2.570000,2.600000,2.600000,37900
2019-07-18,2.600000,2.610000,2.500000,2.570000,2.570000,87600
2019-07-19,2.530000,2.560000,2.470000,2.500000,2.500000,60700
2019-07-22,2.500000,2.510000,2.330000,2.380000,2.380000,135100
2019-07-23,2.380000,2.400000,2.270000,2.280000,2.280000,116300
2019-07-24,2.260000,2.390000,2.250000,2.370000,2.370000,84300
2019-07-25,2.390000,2.480000,2.312000,2.370000,2.370000,115700
2019-07-26,2.390000,2.430000,2.360000,2.380000,2.380000,95000
2019-07-29,2.360000,2.450000,2.350000,2.410000,2.410000,72200
2019-07-30,2.400000,2.500000,2.400000,2.460000,2.460000,116400
2019-07-31,2.450000,2.500000,2.410000,2.410000,2.410000,122000
2019-08-01,2.410000,2.520000,2.380000,2.420000,2.420000,78100
2019-08-02,2.410000,2.434000,2.270000,2.340000,2.340000,81100
2019-08-05,2.280000,2.340000,2.190000,2.200000,2.200000,129800
2019-08-06,2.230000,2.300000,2.160000,2.260000,2.260000,55700
2019-08-07,2.250000,2.340000,2.210000,2.240000,2.240000,61700
2019-08-08,2.250000,2.440000,2.250000,2.340000,2.340000,94400
2019-08-09,2.280000,2.370000,2.280000,2.280000,2.280000,78000
2019-08-12,2.300000,2.350000,2.250000,2.250000,2.250000,73800
2019-08-13,2.260000,2.380000,2.260000,2.340000,2.340000,59800
2019-08-14,2.290000,2.310000,2.220000,2.220000,2.220000,99400
2019-08-15,2.230000,2.290000,2.100000,2.150000,2.150000,155800
2019-08-16,2.170000,2.500000,2.170000,2.470000,2.470000,196100
2019-08-19,2.590000,3.060000,2.550000,2.970000,2.970000,895800
2019-08-20,3.100000,3.330000,2.970000,3.140000,3.140000,1019600
2019-08-21,3.170000,3.500000,2.970000,3.430000,3.430000,871000
2019-08-22,3.490000,3.650000,3.400000,3.600000,3.600000,672600
2019-08-23,3.620000,3.650000,3.330000,3.520000,3.520000,642800
2019-08-26,3.520000,3.900000,3.450000,3.660000,3.660000,980800
2019-08-27,3.730000,3.900000,3.600000,3.690000,3.690000,674500
2019-08-28,3.670000,3.810000,3.600000,3.670000,3.670000,327200
2019-08-29,3.750000,3.760000,3.480000,3.510000,3.510000,617000
2019-08-30,3.460000,3.520000,3.220000,3.400000,3.400000,470100
2019-09-03,4.010000,5.950000,3.770000,5.820000,5.820000,19255400
2019-09-04,5.380000,5.590000,4.720000,4.960000,4.960000,4899300
2019-09-05,4.910000,5.329000,4.850000,5.010000,5.010000,1773300
2019-09-06,5.050000,5.200000,4.770000,4.870000,4.870000,1841000
2019-09-09,5.120000,5.790000,4.920000,5.620000,5.620000,3353400
2019-09-10,5.680000,6.150000,5.400000,6.040000,6.040000,2638100
2019-09-11,6.000000,6.100000,5.420000,5.800000,5.800000,2145000
2019-09-12,6.100000,6.780000,5.210000,6.280000,6.280000,5693700
2019-09-13,5.620000,5.800000,5.110000,5.310000,5.310000,3097300
2019-09-16,5.230000,5.490000,4.920000,5.040000,5.040000,1605200
2019-09-17,4.990000,5.040000,4.660000,4.680000,4.680000,1295400
2019-09-18,4.750000,5.080000,4.520000,4.880000,4.880000,1353600
2019-09-19,4.880000,4.920000,4.685000,4.880000,4.880000,662900
2019-09-20,4.860000,5.219000,4.800000,5.170000,5.170000,1006100
2019-09-23,5.200000,5.530000,5.110000,5.440000,5.440000,795900
2019-09-24,5.520000,5.550000,5.100000,5.190000,5.190000,1031300
2019-09-25,5.190000,5.460000,5.070000,5.205000,5.205000,956100
2019-09-26,5.200000,5.400000,4.820000,4.870000,4.870000,529000
2019-09-27,4.850000,4.990000,4.700000,4.840000,4.840000,424200
2019-09-30,4.840000,4.840000,4.560000,4.700000,4.700000,448400
2019-10-01,4.710000,4.807000,4.540000,4.560000,4.560000,924800
2019-10-02,4.510000,4.720000,4.440000,4.630000,4.630000,411900
2019-10-03,4.590000,4.670000,4.500000,4.630000,4.630000,354100
2019-10-04,4.660000,4.777000,4.500000,4.640000,4.640000,305500
2019-10-07,4.530000,4.650000,4.490000,4.550000,4.550000,306900
2019-10-08,4.480000,4.580000,4.420000,4.500000,4.500000,314300
2019-10-09,4.530000,4.530000,4.157000,4.230000,4.230000,552800
2019-10-10,4.230000,4.360000,4.160000,4.270000,4.270000,342100
2019-10-11,4.350000,4.770000,4.180000,4.650000,4.650000,544000
2019-10-14,4.580000,4.645000,4.380000,4.390000,4.390000,400000
2019-10-15,4.400000,4.550000,4.310000,4.410000,4.410000,287900
2019-10-16,4.390000,4.540000,4.330000,4.340000,4.340000,271400
2019-10-17,4.360000,4.790000,4.360000,4.630000,4.630000,756200
2019-10-18,4.600000,4.700000,4.360000,4.520000,4.520000,613700
2019-10-21,4.520000,5.010000,4.440000,4.910000,4.910000,518600
2019-10-22,4.910000,5.120000,4.870000,5.020000,5.020000,384900
2019-10-23,5.020000,5.160000,4.895000,4.960000,4.960000,289900
2019-10-24,4.970000,4.970000,4.770000,4.850000,4.850000,277100
2019-10-25,4.810000,5.090000,4.780000,5.040000,5.040000,194500
2019-10-28,5.040000,5.120000,4.950000,5.010000,5.010000,246000
2019-10-29,4.980000,5.120000,4.910000,5.080000,5.080000,288000
2019-10-30,5.080000,5.200000,4.950000,5.160000,5.160000,307000
2019-10-31,5.120000,5.120000,4.800000,5.000000,5.000000,454100
2019-11-01,5.000000,5.120000,4.900000,5.110000,5.110000,737100
2019-11-04,5.150000,5.500000,5.140000,5.340000,5.340000,470400
2019-11-05,5.440000,5.540000,5.220000,5.350000,5.350000,506100
2019-11-06,5.350000,5.460000,5.115000,5.150000,5.150000,384000
2019-11-07,5.010000,5.580000,5.001000,5.480000,5.480000,494700
2019-11-08,5.450000,5.980000,5.410000,5.810000,5.810000,480300
2019-11-11,5.750000,6.040000,5.680000,6.020000,6.020000,388900
2019-11-12,6.040000,6.200000,5.950000,6.050000,6.050000,534700
2019-11-13,6.050000,6.210000,5.950000,6.070000,6.070000,366800
2019-11-14,6.090000,6.200000,6.020000,6.150000,6.150000,214300
2019-11-15,6.220000,6.220000,6.020000,6.140000,6.140000,377600
2019-11-18,6.160000,6.430000,6.050000,6.420000,6.420000,512100
2019-11-19,6.490000,7.160000,6.440000,7.080000,7.080000,1461900
2019-11-20,7.000000,7.050000,6.440000,6.850000,6.850000,963900
2019-11-21,6.900000,6.930000,6.390000,6.410000,6.410000,563000
2019-11-22,6.450000,6.450000,6.190000,6.420000,6.420000,337000
2019-11-25,6.400000,6.610000,6.270000,6.380000,6.380000,582200
2019-11-26,6.610000,7.720000,6.510000,7.540000,7.540000,2592200
2019-11-27,7.600000,7.690000,6.960000,7.070000,7.070000,1126700
2019-11-29,7.050000,7.530000,7.020000,7.430000,7.430000,356500
2019-12-02,7.490000,7.590000,7.100000,7.240000,7.240000,821100
2019-12-03,7.300000,8.310000,6.749000,8.050000,8.050000,5003900
2019-12-04,8.050000,8.130000,6.530000,6.820000,6.820000,2286300
2019-12-05,6.900000,7.150000,6.250000,6.800000,6.800000,5053800
2019-12-06,6.900000,6.900000,6.350000,6.530000,6.530000,1030100
2019-12-09,6.520000,6.990000,6.481000,6.825000,6.825000,1151300
2019-12-10,6.850000,7.270000,6.800000,7.260000,7.260000,1463900
2019-12-11,7.250000,7.355000,7.030000,7.170000,7.170000,629300
2019-12-12,7.210000,7.300000,7.060000,7.150000,7.150000,586500
2019-12-13,7.150000,7.160000,6.840000,7.000000,7.000000,689500
2019-12-16,7.000000,7.698000,6.970000,7.600000,7.600000,1364400
2019-12-17,7.590000,8.200000,7.590000,7.930000,7.930000,1643100
2019-12-18,7.920000,7.990000,7.590000,7.820000,7.820000,973500
2019-12-19,7.800000,8.370000,7.710000,8.290000,8.290000,1777300
2019-12-20,8.330000,8.490000,8.100000,8.100000,8.100000,2787300
2019-12-23,8.130000,8.280000,7.915000,8.140000,8.140000,1237400
2019-12-24,8.190000,8.190000,7.870000,7.930000,7.930000,642100
2019-12-26,7.920000,7.920000,7.360000,7.580000,7.580000,886100
2019-12-27,7.580000,7.585000,7.320000,7.450000,7.450000,591700
2019-12-30,7.430000,7.620000,7.210000,7.430000,7.430000,636400
2019-12-31,7.440000,7.610000,7.420000,7.505000,7.505000,681000
2020-01-02,7.590000,7.590000,7.160000,7.350000,7.350000,549000
2020-01-03,7.340000,7.360000,7.120000,7.240000,7.240000,761500
2020-01-06,7.230000,7.530000,6.970000,7.510000,7.510000,692300
2020-01-07,7.510000,7.630000,7.350000,7.615000,7.615000,492300
2020-01-08,7.620000,7.670000,7.385000,7.630000,7.630000,589200
2020-01-09,7.640000,7.740000,7.490000,7.605000,7.605000,421100
2020-01-10,7.620000,7.620000,7.100000,7.130000,7.130000,608100
2020-01-13,7.130000,7.265000,6.790000,6.815000,6.815000,1145600
2020-01-14,6.850000,7.500000,6.820000,7.215000,7.215000,1380500
2020-01-15,7.220000,7.355000,7.100000,7.170000,7.170000,388800
2020-01-16,7.200000,7.355000,7.120000,7.170000,7.170000,231200
2020-01-17,7.230000,7.400000,7.115000,7.140000,7.140000,467000
2020-01-21,7.220000,7.280000,6.990000,7.170000,7.170000,508200
2020-01-22,7.160000,7.280000,7.070000,7.140000,7.140000,1059400
2020-01-23,7.060000,7.260000,6.970000,7.220000,7.220000,421200
2020-01-24,7.280000,7.320000,7.040000,7.090000,7.090000,529300
2020-01-27,7.030000,7.537000,6.970000,7.320000,7.320000,585900
2020-01-28,7.370000,7.490000,7.160000,7.300000,7.300000,383300
2020-01-29,7.320000,7.630000,7.215000,7.230000,7.230000,1100800
2020-01-30,7.210000,7.210000,6.820000,6.910000,6.910000,531400
2020-01-31,6.910000,7.200000,6.660000,7.080000,7.080000,863200
2020-02-03,7.090000,7.275000,7.040000,7.250000,7.250000,849700
2020-02-04,7.310000,7.490000,7.150000,7.340000,7.340000,359100
2020-02-05,7.330000,7.470000,7.160000,7.340000,7.340000,499700
2020-02-06,7.360000,7.370000,7.090000,7.290000,7.290000,695100
2020-02-07,7.300000,7.310000,6.990000,7.180000,7.180000,487000
2020-02-10,7.330000,7.580000,7.210000,7.330000,7.330000,1810700
2020-02-11,7.400000,7.650000,7.280000,7.430000,7.430000,465200
2020-02-12,7.800000,8.100000,7.590000,7.800000,7.800000,1631500
2020-02-13,7.850000,7.950000,7.410000,7.680000,7.680000,722700
2020-02-14,7.640000,7.730000,7.135000,7.200000,7.200000,809900
2020-02-18,7.340000,8.070000,7.280000,7.960000,7.960000,1441200
2020-02-19,8.000000,8.300000,7.870000,8.290000,8.290000,1088100
2020-02-20,8.270000,8.815000,8.250000,8.790000,8.790000,1010300
2020-02-21,8.770000,8.790000,7.925000,8.020000,8.020000,1490700
2020-02-24,7.810000,8.140000,7.450000,7.620000,7.620000,1031400
2020-02-25,7.650000,7.780000,6.970000,6.990000,6.990000,984500
2020-02-26,7.010000,7.350000,6.730000,6.840000,6.840000,978800
2020-02-27,6.600000,7.020000,6.280000,6.680000,6.680000,835400
2020-02-28,6.380000,6.950000,6.310000,6.920000,6.920000,890900
2020-03-02,6.970000,7.220000,6.800000,7.200000,7.200000,884300
2020-03-03,7.190000,7.410000,6.870000,6.950000,6.950000,750300
2020-03-04,7.040000,7.290000,6.870000,6.980000,6.980000,376800
2020-03-05,6.800000,6.920000,6.380000,6.580000,6.580000,1093800
2020-03-06,6.330000,6.470000,6.040000,6.260000,6.260000,909300
2020-03-09,6.040000,6.160000,5.590000,6.100000,6.100000,1236700
2020-03-10,6.310000,6.470000,5.990000,6.240000,6.240000,695500
2020-03-11,6.250000,6.270000,5.820000,5.980000,5.980000,1054900
2020-03-12,5.500000,5.780000,5.200000,5.230000,5.230000,1036100
2020-03-13,5.560000,5.810000,5.050000,5.290000,5.290000,1186000
2020-03-16,4.340000,5.000000,4.280000,4.350000,4.350000,1252200
2020-03-17,4.450000,4.980000,4.380000,4.920000,4.920000,831000
2020-03-18,4.720000,4.980000,4.220000,4.540000,4.540000,779800
2020-03-19,4.550000,5.290000,4.400000,5.010000,5.010000,701100
2020-03-20,4.890000,5.650000,4.810000,5.330000,5.330000,2382800
2020-03-23,5.420000,5.850000,5.110000,5.760000,5.760000,1177600
2020-03-24,6.100000,6.300000,5.580000,5.960000,5.960000,753700
2020-03-25,5.960000,6.320000,5.580000,5.660000,5.660000,857000
2020-03-26,5.710000,6.240000,5.650000,6.000000,6.000000,910000
2020-03-27,5.810000,6.050000,5.570000,5.590000,5.590000,737200
2020-03-30,5.700000,5.860000,5.510000,5.770000,5.770000,687000
2020-03-31,5.760000,5.830000,5.370000,5.685000,5.685000,741600
2020-04-01,5.440000,5.670000,5.310000,5.380000,5.380000,919100
2020-04-02,5.300000,5.780000,5.240000,5.760000,5.760000,614900
2020-04-03,5.720000,5.850000,5.360000,5.750000,5.750000,471900
2020-04-06,6.000000,6.000000,5.600000,5.710000,5.710000,528300
2020-04-07,5.790000,5.822000,5.360000,5.370000,5.370000,447300
2020-04-08,5.460000,5.770000,5.405000,5.710000,5.710000,357200
2020-04-09,5.850000,6.170000,5.720000,6.060000,6.060000,897800
2020-04-13,6.060000,6.330000,5.910000,6.250000,6.250000,422100
2020-04-14,6.500000,6.930000,6.434000,6.840000,6.840000,882300
2020-04-15,7.030000,7.030000,6.410000,6.690000,6.690000,785400
2020-04-16,7.030000,7.050000,6.720000,6.880000,6.880000,803200
2020-04-17,7.200000,7.200000,6.520000,7.040000,7.040000,910800
2020-04-20,6.840000,7.075000,6.620000,6.820000,6.820000,725500
2020-04-21,6.820000,6.990000,6.510000,6.770000,6.770000,1109200
2020-04-22,6.960000,7.000000,6.780000,6.820000,6.820000,453600
2020-04-23,6.840000,7.250000,6.840000,7.140000,7.140000,628900
2020-04-24,7.240000,7.550000,7.160000,7.530000,7.530000,603300
2020-04-27,7.550000,7.690000,7.305000,7.520000,7.520000,708200
2020-04-28,7.660000,7.660000,7.290000,7.450000,7.450000,559500
2020-04-29,7.610000,7.800000,7.500000,7.660000,7.660000,556700
2020-04-30,7.650000,7.685000,6.560000,6.580000,6.580000,929700
2020-05-01,6.690000,6.690000,5.800000,6.440000,6.440000,979100
2020-05-04,6.560000,7.050000,6.470000,6.970000,6.970000,484000
2020-05-05,7.070000,7.180000,6.830000,7.070000,7.070000,646000
2020-05-06,7.040000,7.360000,7.040000,7.220000,7.220000,429000
2020-05-07,7.280000,7.470000,7.140000,7.210000,7.210000,439000